4.396666666666666501e-01
4.361999999999999766e-01
4.401999999999999802e-01
4.400000000000000022e-01
4.398000000000000242e-01
4.385333333333333306e-01
4.400000000000000022e-01
4.408000000000000251e-01
4.430666666666666642e-01
4.385999999999999899e-01
4.395999999999999908e-01
4.435333333333333350e-01
4.421333333333333226e-01
4.410000000000000031e-01
4.410000000000000031e-01
4.398666666666666836e-01
4.426666666666666528e-01
4.444000000000000172e-01
4.430000000000000049e-01
4.428666666666666862e-01
4.453333333333333588e-01
4.408666666666666845e-01
4.449333333333333473e-01
4.447333333333333139e-01
4.434666666666666757e-01
4.455999999999999961e-01
4.441999999999999837e-01
4.443333333333333579e-01
4.460000000000000075e-01
4.464666666666666783e-01
4.477999999999999758e-01
4.457333333333333147e-01
4.473333333333333606e-01
4.441333333333333244e-01
4.515333333333333421e-01
4.490000000000000102e-01
4.524000000000000243e-01
4.494666666666666810e-01
4.462666666666666448e-01
4.483333333333333059e-01
4.482666666666666466e-01
4.447999999999999732e-01
4.510666666666666713e-01
4.501333333333333298e-01
4.508666666666666933e-01
4.531333333333333324e-01
4.532666666666666511e-01
4.523333333333333095e-01
4.521333333333333315e-01
4.518666666666666942e-01
4.538666666666666405e-01
4.521999999999999909e-01
4.526000000000000023e-01
4.527333333333333210e-01
4.530000000000000138e-01
4.526666666666666616e-01
4.495333333333333403e-01
4.557999999999999829e-01
4.551333333333333342e-01
4.553333333333333122e-01
4.550666666666666749e-01
4.569333333333333580e-01
4.554000000000000270e-01
4.552666666666666528e-01
4.567333333333333245e-01
4.556000000000000050e-01
4.601999999999999980e-01
4.551333333333333342e-01
4.560000000000000164e-01
4.563333333333333131e-01
4.583333333333333148e-01
4.581999999999999962e-01
4.545333333333333448e-01
4.580000000000000182e-01
4.561999999999999944e-01
4.520666666666666722e-01
4.586666666666666670e-01
4.578666666666666440e-01
4.530666666666666731e-01
4.570666666666666766e-01
4.610000000000000209e-01
4.582666666666666555e-01
4.583333333333333148e-01
4.582666666666666555e-01
4.624666666666666925e-01
4.589333333333333598e-01
4.600000000000000200e-01
4.599333333333333607e-01
4.645333333333333536e-01
4.626666666666666705e-01
4.557999999999999829e-01
4.627999999999999892e-01
4.606000000000000094e-01
4.616000000000000103e-01
4.654666666666666397e-01
4.616666666666666696e-01
4.610666666666666802e-01
4.649333333333333096e-01
4.609333333333333060e-01
4.654666666666666397e-01
4.632666666666666599e-01
4.642000000000000015e-01
4.662666666666666626e-01
4.600666666666666793e-01
4.665333333333333554e-01
4.633333333333333193e-01
4.656000000000000139e-01
4.688666666666666538e-01
4.643333333333333202e-01
4.656666666666666732e-01
4.657333333333333325e-01
4.667333333333333334e-01
4.668666666666666520e-01
4.687999999999999945e-01
4.655333333333333545e-01
4.705333333333333590e-01
4.660000000000000253e-01
4.692000000000000060e-01
4.690666666666666873e-01
4.676000000000000156e-01
4.699999999999999734e-01
4.699333333333333140e-01
4.702000000000000068e-01
4.670666666666666855e-01
4.708666666666666556e-01
4.692000000000000060e-01
4.689999999999999725e-01
4.687999999999999945e-01
4.730666666666666909e-01
4.705333333333333590e-01
4.677999999999999936e-01
4.713999999999999857e-01
4.709333333333333149e-01
4.718666666666666565e-01
4.713333333333333264e-01
4.708666666666666556e-01
4.707999999999999963e-01
4.696000000000000174e-01
4.752666666666666706e-01
4.702000000000000068e-01
4.732666666666666688e-01
4.686000000000000165e-01
4.696000000000000174e-01
4.758000000000000007e-01
4.765333333333333088e-01
4.728666666666666574e-01
4.740666666666666917e-01
4.712000000000000077e-01
4.697999999999999954e-01
4.757333333333333414e-01
4.689999999999999725e-01
4.732666666666666688e-01
4.769333333333333202e-01
4.778000000000000025e-01
4.758666666666666600e-01
4.773999999999999910e-01
4.778000000000000025e-01
4.779333333333333211e-01
4.749999999999999778e-01
4.750666666666666926e-01
4.779999999999999805e-01
4.733333333333333282e-01
4.746000000000000218e-01
4.778666666666666618e-01
4.746666666666666812e-01
4.768666666666666609e-01
4.722666666666666679e-01
4.774666666666666504e-01
4.753333333333333299e-01
4.793999999999999928e-01
4.810666666666666424e-01
4.783333333333333326e-01
4.791333333333333555e-01
4.799333333333333229e-01
4.793333333333333335e-01
4.798666666666666636e-01
4.808000000000000052e-01
4.786666666666666847e-01
4.784666666666666512e-01
4.777333333333333432e-01
4.796666666666666856e-01
4.786666666666666847e-01
4.785333333333333106e-01
4.803333333333333344e-01
4.773333333333333317e-01
4.788666666666666627e-01
4.823999999999999955e-01
4.807333333333333458e-01
4.789999999999999813e-01
4.842000000000000193e-01
4.836666666666666892e-01
4.830666666666666442e-01
4.807333333333333458e-01
4.784666666666666512e-01
4.818000000000000060e-01
4.845999999999999752e-01
4.823333333333333361e-01
4.849999999999999867e-01
4.849999999999999867e-01
4.829333333333333256e-01
4.818000000000000060e-01
4.827333333333333476e-01
4.830666666666666442e-01
4.812000000000000166e-01
4.857333333333333503e-01
4.819333333333333247e-01
4.849999999999999867e-01
4.873999999999999999e-01
4.815999999999999726e-01
4.826666666666666883e-01
4.848666666666666680e-01
4.888666666666666716e-01
4.863999999999999990e-01
4.842666666666666786e-01
4.838666666666666671e-01
4.855999999999999761e-01
4.864666666666666583e-01
4.845999999999999752e-01
4.854666666666666575e-01
4.876666666666666927e-01
4.861333333333333062e-01
4.846666666666666901e-01
4.899999999999999911e-01
4.850666666666666460e-01
4.868000000000000105e-01
4.845333333333333159e-01
4.871333333333333071e-01
4.876666666666666927e-01
4.894000000000000017e-01
4.895333333333333203e-01
4.843999999999999972e-01
4.866666666666666918e-01
4.876666666666666927e-01
4.867333333333333512e-01
4.864666666666666583e-01
4.882666666666666822e-01
4.932000000000000273e-01
4.914666666666666628e-01
4.898666666666666725e-01
4.904000000000000026e-01
4.914000000000000035e-01
4.912000000000000255e-01
4.894000000000000017e-01
4.892000000000000237e-01
4.901333333333333098e-01
4.899333333333333318e-01
4.913333333333333441e-01
4.915333333333333221e-01
4.894666666666666610e-01
4.882666666666666822e-01
4.875333333333333186e-01
4.915333333333333221e-01
4.888666666666666716e-01
4.923333333333333450e-01
4.900666666666666504e-01
4.922000000000000264e-01
4.951333333333333142e-01
4.919999999999999929e-01
4.918666666666666742e-01
4.919333333333333336e-01
4.927333333333333565e-01
4.945333333333333248e-01
4.915333333333333221e-01
4.933333333333333459e-01
4.948000000000000176e-01
4.945333333333333248e-01
4.951333333333333142e-01
4.965999999999999859e-01
4.963333333333333486e-01
4.958666666666666778e-01
4.962666666666666893e-01
4.908000000000000140e-01
4.961333333333333151e-01
4.914666666666666628e-01
4.944000000000000061e-01
4.916666666666666408e-01
4.955999999999999850e-01
4.929999999999999938e-01
4.938666666666666760e-01
4.978666666666666796e-01
4.933333333333333459e-01
4.955333333333333257e-01
4.963333333333333486e-01
4.968000000000000194e-01
4.927333333333333565e-01
4.995333333333333292e-01
4.972666666666666901e-01
4.959999999999999964e-01
4.990666666666666584e-01
4.964666666666666672e-01
4.968666666666666787e-01
4.955333333333333257e-01
4.972666666666666901e-01
4.993333333333333512e-01
4.978000000000000203e-01
4.971333333333333160e-01
4.924666666666666637e-01
4.991333333333333178e-01
4.959999999999999964e-01
4.957333333333333591e-01
5.019333333333333425e-01
4.980666666666666575e-01
4.955999999999999850e-01
4.973333333333333495e-01
5.000000000000000000e-01
4.961333333333333151e-01
4.984000000000000097e-01
5.039333333333333442e-01
4.998000000000000220e-01
4.991999999999999771e-01
5.025333333333333874e-01
5.006666666666667043e-01
5.014666666666666162e-01
4.986666666666666470e-01
4.990666666666666584e-01
5.000666666666666593e-01
4.991333333333333178e-01
4.995999999999999885e-01
5.031333333333333213e-01
4.981999999999999762e-01
5.018000000000000238e-01
5.006666666666667043e-01
4.996666666666666479e-01
4.989999999999999991e-01
5.008666666666666822e-01
5.058000000000000274e-01
4.998666666666666814e-01
5.011999999999999789e-01
5.030666666666666620e-01
4.988666666666666805e-01
5.031999999999999806e-01
5.037333333333333663e-01
4.998666666666666814e-01
5.006000000000000449e-01
5.021999999999999797e-01
4.986666666666666470e-01
5.046000000000000485e-01
5.043333333333333002e-01
4.998000000000000220e-01
4.992666666666666919e-01
5.006666666666667043e-01
5.063999999999999613e-01
5.049333333333333451e-01
5.040000000000000036e-01
5.056666666666667087e-01
5.031999999999999806e-01
5.035333333333333883e-01
5.010666666666666602e-01
5.038000000000000256e-01
4.980666666666666575e-01
5.038000000000000256e-01
5.066000000000000503e-01
5.020666666666666611e-01
5.013999999999999568e-01
5.043999999999999595e-01
5.073333333333333028e-01
5.042666666666666409e-01
5.041333333333333222e-01
5.035333333333333883e-01
5.068666666666666876e-01
5.069333333333333469e-01
5.058666666666666867e-01
5.045333333333332781e-01
5.044666666666666188e-01
5.089333333333333487e-01
5.000666666666666593e-01
5.059333333333333460e-01
5.031999999999999806e-01
5.018666666666666831e-01
5.076000000000000512e-01
5.058000000000000274e-01
5.031999999999999806e-01
5.051999999999999824e-01
5.049333333333333451e-01
5.101333333333333275e-01
5.048000000000000265e-01
5.080000000000000071e-01
5.088666666666666893e-01
5.111999999999999877e-01
5.095333333333332826e-01
5.086666666666667114e-01
5.058666666666666867e-01
5.087333333333333707e-01
5.088000000000000300e-01
5.071999999999999842e-01
5.101999999999999869e-01
5.085333333333332817e-01
5.060666666666666647e-01
5.070000000000000062e-01
5.103999999999999648e-01
5.062666666666666426e-01
5.053999999999999604e-01
5.079333333333333478e-01
5.067333333333333689e-01
5.090000000000000080e-01
5.133333333333333082e-01
5.067333333333333689e-01
5.072666666666666435e-01
5.111333333333333284e-01
5.069333333333333469e-01
5.083999999999999631e-01
5.062666666666666426e-01
5.083999999999999631e-01
5.089333333333333487e-01
5.106000000000000538e-01
5.111999999999999877e-01
5.079333333333333478e-01
5.112666666666666471e-01
5.099333333333333496e-01
5.083999999999999631e-01
5.113333333333333064e-01
5.098666666666666902e-01
5.120666666666666700e-01
5.100666666666666682e-01
5.117333333333333734e-01
5.101333333333333275e-01
5.143333333333333091e-01
5.093999999999999639e-01
5.108000000000000318e-01
5.111333333333333284e-01
5.101333333333333275e-01
5.120000000000000107e-01
5.143333333333333091e-01
5.116000000000000547e-01
5.092666666666666453e-01
5.103999999999999648e-01
5.123333333333333073e-01
5.151333333333333320e-01
5.122666666666666480e-01
5.109333333333333504e-01
5.141999999999999904e-01
5.138666666666666938e-01
5.103333333333333055e-01
5.120666666666666700e-01
5.130666666666666709e-01
5.148666666666666947e-01
5.145999999999999464e-01
5.176666666666667194e-01
5.130666666666666709e-01
5.140666666666666718e-01
5.157333333333333769e-01
5.122666666666666480e-01
5.132666666666666488e-01
5.155999999999999472e-01
5.131333333333333302e-01
5.143333333333333091e-01
5.138666666666666938e-01
5.125999999999999446e-01
5.144666666666666277e-01
5.146666666666667167e-01
5.146666666666667167e-01
5.133999999999999675e-01
5.171999999999999931e-01
5.200666666666666771e-01
5.133999999999999675e-01
5.130000000000000115e-01
5.119333333333333513e-01
5.153999999999999693e-01
5.150000000000000133e-01
5.150666666666666726e-01
5.153333333333333099e-01
5.163333333333333108e-01
5.151999999999999913e-01
5.150000000000000133e-01
5.188666666666666982e-01
5.151999999999999913e-01
5.153999999999999693e-01
5.148000000000000353e-01
5.148666666666666947e-01
5.148000000000000353e-01
5.138000000000000345e-01
5.150666666666666726e-01
5.124666666666666259e-01
5.162666666666666515e-01
5.097333333333333716e-01
5.178666666666666973e-01
5.169333333333333558e-01
5.132666666666666488e-01
5.175333333333332897e-01
5.172666666666666524e-01
5.164666666666666295e-01
5.220666666666666789e-01
5.205333333333332924e-01
5.183333333333333126e-01
5.164666666666666295e-01
5.178000000000000380e-01
5.155333333333332879e-01
5.177333333333333787e-01
5.179333333333333567e-01
5.148000000000000353e-01
5.185999999999999499e-01
5.191999999999999948e-01
5.193333333333333135e-01
5.164666666666666295e-01
5.176666666666667194e-01
5.191333333333333355e-01
5.211999999999999966e-01
5.191999999999999948e-01
5.204666666666666330e-01
5.183999999999999719e-01
5.180666666666666753e-01
5.203333333333333144e-01
5.169333333333333558e-01
5.186666666666667203e-01
5.190000000000000169e-01
5.197333333333333805e-01
5.195333333333332915e-01
5.181999999999999940e-01
5.171333333333333337e-01
5.187333333333333796e-01
5.207333333333333814e-01
5.211999999999999966e-01
5.189333333333333576e-01
5.161999999999999922e-01
5.170666666666666744e-01
5.201999999999999957e-01
5.195333333333332915e-01
5.218000000000000416e-01
5.235999999999999543e-01
5.191333333333333355e-01
5.211999999999999966e-01
5.201333333333333364e-01
5.220666666666666789e-01
5.220666666666666789e-01
5.198666666666666991e-01
5.250666666666666815e-01
5.225333333333332941e-01
5.208666666666667000e-01
5.215333333333332932e-01
5.226666666666666128e-01
5.204666666666666330e-01
5.215333333333332932e-01
5.211999999999999966e-01
5.220000000000000195e-01
5.203333333333333144e-01
5.195999999999999508e-01
5.220666666666666789e-01
5.220000000000000195e-01
5.237333333333333840e-01
5.246666666666666146e-01
5.259333333333333638e-01
5.264666666666666384e-01
5.224666666666666348e-01
5.232666666666666577e-01
5.236666666666666137e-01
5.206666666666667220e-01
5.223333333333333162e-01
5.205333333333332924e-01
5.184666666666666313e-01
5.221333333333333382e-01
5.241999999999999993e-01
5.215999999999999526e-01
5.263999999999999790e-01
5.265333333333332977e-01
5.235999999999999543e-01
5.251333333333333409e-01
5.257333333333333858e-01
5.241999999999999993e-01
5.227333333333333831e-01
5.196666666666667211e-01
5.246666666666666146e-01
5.258666666666667044e-01
5.258000000000000451e-01
5.243333333333333179e-01
5.243333333333333179e-01
5.211999999999999966e-01
5.235333333333332950e-01
5.260666666666666824e-01
5.245333333333332959e-01
5.228666666666667018e-01
5.243333333333333179e-01
5.280666666666666842e-01
5.272000000000000020e-01
5.230000000000000204e-01
5.242666666666666586e-01
5.257333333333333858e-01
5.262000000000000011e-01
5.275333333333332986e-01
5.179333333333333567e-01
5.313999999999999835e-01
5.271333333333333426e-01
5.269333333333333647e-01
5.270666666666666833e-01
5.245333333333332959e-01
5.276666666666666172e-01
5.290666666666666851e-01
5.280666666666666842e-01
5.241333333333333400e-01
5.264666666666666384e-01
5.298000000000000487e-01
5.256666666666666154e-01
5.248666666666667036e-01
5.299333333333333673e-01
5.244666666666666366e-01
5.245999999999999552e-01
5.289333333333333664e-01
5.287333333333333885e-01
5.243333333333333179e-01
5.273999999999999799e-01
5.328666666666667107e-01
5.282000000000000028e-01
5.282666666666666622e-01
5.225333333333332941e-01
5.296666666666666190e-01
5.280000000000000249e-01
5.264666666666666384e-01
5.302666666666666639e-01
5.273999999999999799e-01
5.278000000000000469e-01
5.278000000000000469e-01
5.280000000000000249e-01
5.269333333333333647e-01
5.279333333333333655e-01
5.292000000000000037e-01
5.308666666666667089e-01
5.315999999999999615e-01
5.282666666666666622e-01
5.292000000000000037e-01
5.279333333333333655e-01
5.282000000000000028e-01
5.274666666666666393e-01
5.273999999999999799e-01
5.275999999999999579e-01
5.296666666666666190e-01
5.304666666666666419e-01
5.304666666666666419e-01
5.310000000000000275e-01
5.270000000000000240e-01
5.289333333333333664e-01
5.294666666666666410e-01
5.305333333333333012e-01
5.307333333333332792e-01
5.237333333333333840e-01
5.291333333333333444e-01
5.304666666666666419e-01
5.280000000000000249e-01
5.308000000000000496e-01
5.313333333333333242e-01
5.292666666666666631e-01
5.307333333333332792e-01
5.283333333333333215e-01
5.334666666666666446e-01
5.297333333333332783e-01
5.305333333333333012e-01
5.328666666666667107e-01
5.301333333333333453e-01
5.306666666666666199e-01
5.280000000000000249e-01
5.278000000000000469e-01
5.288000000000000478e-01
5.287333333333333885e-01
5.311333333333333462e-01
5.308666666666667089e-01
5.370000000000000329e-01
5.316666666666666208e-01
5.309333333333333682e-01
5.282000000000000028e-01
5.286666666666666181e-01
5.332000000000000073e-01
5.306666666666666199e-01
5.322000000000000064e-01
5.338666666666667115e-01
5.328666666666667107e-01
5.320000000000000284e-01
5.292000000000000037e-01
5.328666666666667107e-01
5.322000000000000064e-01
5.290000000000000258e-01
5.303333333333333233e-01
5.334666666666666446e-01
5.338000000000000522e-01
5.311333333333333462e-01
5.332666666666666666e-01
5.345333333333333048e-01
5.302666666666666639e-01
5.314666666666666428e-01
5.333999999999999853e-01
5.357333333333332837e-01
5.325999999999999623e-01
5.330666666666666886e-01
5.320666666666666877e-01
5.333333333333333259e-01
5.338666666666667115e-01
5.338666666666667115e-01
5.352666666666666684e-01
5.343333333333333268e-01
5.317333333333332801e-01
5.377333333333332854e-01
5.332666666666666666e-01
5.306666666666666199e-01
5.356666666666666243e-01
5.362666666666666693e-01
5.340000000000000302e-01
5.334666666666666446e-01
5.342000000000000082e-01
5.377333333333332854e-01
5.315999999999999615e-01
5.331333333333333480e-01
5.343333333333333268e-01
5.327333333333332810e-01
5.376666666666666261e-01
5.305999999999999606e-01
5.340000000000000302e-01
5.379333333333333744e-01
5.350000000000000311e-01
5.341333333333333488e-01
5.353333333333333277e-01
5.357333333333332837e-01
5.345999999999999641e-01
5.325333333333333030e-01
5.381333333333333524e-01
5.355999999999999650e-01
5.355999999999999650e-01
5.383333333333333304e-01
5.391333333333333533e-01
5.334666666666666446e-01
5.315999999999999615e-01
5.338666666666667115e-01
5.374666666666666481e-01
5.358000000000000540e-01
5.387999999999999456e-01
5.397999999999999465e-01
5.388666666666667160e-01
5.370000000000000329e-01
5.330666666666666886e-01
5.360666666666666913e-01
5.334666666666666446e-01
5.355999999999999650e-01
5.361333333333333506e-01
5.349333333333333718e-01
