4.421333333333333226e-01
4.374666666666666703e-01
4.419333333333333447e-01
4.414666666666666739e-01
4.415999999999999925e-01
4.408666666666666845e-01
4.418000000000000260e-01
4.421999999999999820e-01
4.447999999999999732e-01
4.407333333333333103e-01
4.419333333333333447e-01
4.455999999999999961e-01
4.438666666666666871e-01
4.424000000000000155e-01
4.439333333333333464e-01
4.417333333333333112e-01
4.441999999999999837e-01
4.462666666666666448e-01
4.447333333333333139e-01
4.446666666666666545e-01
4.471333333333333271e-01
4.430666666666666642e-01
4.472666666666666457e-01
4.464666666666666783e-01
4.453333333333333588e-01
4.479333333333333500e-01
4.460000000000000075e-01
4.465333333333333377e-01
4.480000000000000093e-01
4.481999999999999873e-01
4.497999999999999776e-01
4.474000000000000199e-01
4.486666666666666581e-01
4.467999999999999750e-01
4.530666666666666731e-01
4.512666666666666493e-01
4.540000000000000147e-01
4.520000000000000129e-01
4.488666666666666916e-01
4.501333333333333298e-01
4.507333333333333192e-01
4.468666666666666898e-01
4.527333333333333210e-01
4.518666666666666942e-01
4.521333333333333315e-01
4.549333333333333562e-01
4.551999999999999935e-01
4.539333333333333553e-01
4.534000000000000252e-01
4.540000000000000147e-01
4.556666666666666643e-01
4.541333333333333333e-01
4.544000000000000261e-01
4.545333333333333448e-01
4.547333333333333227e-01
4.546000000000000041e-01
4.514666666666666828e-01
4.574666666666666881e-01
4.570666666666666766e-01
4.573999999999999733e-01
4.577333333333333254e-01
4.583333333333333148e-01
4.567333333333333245e-01
4.567999999999999838e-01
4.586666666666666670e-01
4.566000000000000059e-01
4.620000000000000218e-01
4.566666666666666652e-01
4.579333333333333589e-01
4.576666666666666661e-01
4.598666666666666458e-01
4.594666666666666899e-01
4.566666666666666652e-01
4.596000000000000085e-01
4.576666666666666661e-01
4.536000000000000032e-01
4.602666666666666573e-01
4.596666666666666679e-01
4.546000000000000041e-01
4.581333333333333369e-01
4.623333333333333184e-01
4.597999999999999865e-01
4.601999999999999980e-01
4.597333333333333272e-01
4.637333333333333307e-01
4.601999999999999980e-01
4.616666666666666696e-01
4.606000000000000094e-01
4.654666666666666397e-01
4.638666666666666494e-01
4.573333333333333139e-01
4.644666666666666943e-01
4.623999999999999777e-01
4.629333333333333078e-01
4.665333333333333554e-01
4.633999999999999786e-01
4.627333333333333298e-01
4.666000000000000147e-01
4.623333333333333184e-01
4.666000000000000147e-01
4.642666666666666608e-01
4.659333333333333105e-01
4.676666666666666750e-01
4.615333333333333510e-01
4.682666666666666644e-01
4.646666666666666723e-01
4.663999999999999813e-01
4.699999999999999734e-01
4.655333333333333545e-01
4.673999999999999821e-01
4.666666666666666741e-01
4.686000000000000165e-01
4.680666666666666864e-01
4.700666666666666882e-01
4.675333333333333563e-01
4.721333333333333493e-01
4.671333333333333449e-01
4.702666666666666662e-01
4.703999999999999848e-01
4.691333333333333466e-01
4.715333333333333599e-01
4.712000000000000077e-01
4.723333333333333273e-01
4.685333333333333572e-01
4.727333333333333387e-01
4.707999999999999963e-01
4.695333333333333581e-01
4.699999999999999734e-01
4.731333333333333502e-01
4.713333333333333264e-01
4.684666666666666424e-01
4.729999999999999760e-01
4.717999999999999972e-01
4.727333333333333387e-01
4.719999999999999751e-01
4.723999999999999866e-01
4.716666666666666785e-01
4.710666666666666891e-01
4.762000000000000122e-01
4.715333333333333599e-01
4.742000000000000104e-01
4.696666666666666767e-01
4.708666666666666556e-01
4.766666666666666829e-01
4.772000000000000131e-01
4.737999999999999989e-01
4.751333333333333520e-01
4.723999999999999866e-01
4.712666666666666671e-01
4.773999999999999910e-01
4.699999999999999734e-01
4.743999999999999884e-01
4.785333333333333106e-01
4.786000000000000254e-01
4.773333333333333317e-01
4.779999999999999805e-01
4.787333333333333441e-01
4.790666666666666407e-01
4.762666666666666715e-01
4.762666666666666715e-01
4.782666666666666733e-01
4.743999999999999884e-01
4.759333333333333194e-01
4.795333333333333115e-01
4.758000000000000007e-01
4.778000000000000025e-01
4.735333333333333061e-01
4.783333333333333326e-01
4.763333333333333308e-01
4.804666666666666530e-01
4.819333333333333247e-01
4.792000000000000148e-01
4.803999999999999937e-01
4.812000000000000166e-01
4.800666666666666416e-01
4.815333333333333132e-01
4.815333333333333132e-01
4.791333333333333555e-01
4.792000000000000148e-01
4.788666666666666627e-01
4.804666666666666530e-01
4.799999999999999822e-01
4.796666666666666856e-01
4.815333333333333132e-01
4.781333333333333546e-01
4.794666666666666521e-01
4.831333333333333591e-01
4.819333333333333247e-01
4.803999999999999937e-01
4.849999999999999867e-01
4.845333333333333159e-01
4.840666666666666451e-01
4.812000000000000166e-01
4.791333333333333555e-01
4.824666666666666548e-01
4.853999999999999981e-01
4.830666666666666442e-01
4.853999999999999981e-01
4.852000000000000202e-01
4.833333333333333370e-01
4.828666666666666663e-01
4.839333333333333265e-01
4.840666666666666451e-01
4.815333333333333132e-01
4.867333333333333512e-01
4.831333333333333591e-01
4.855999999999999761e-01
4.880666666666666487e-01
4.828666666666666663e-01
4.834666666666666557e-01
4.855999999999999761e-01
4.895333333333333203e-01
4.875999999999999779e-01
4.854666666666666575e-01
4.843999999999999972e-01
4.863333333333333397e-01
4.868666666666666698e-01
4.851333333333333608e-01
4.861333333333333062e-01
4.891333333333333089e-01
4.869333333333333291e-01
4.855333333333333168e-01
4.912000000000000255e-01
4.855999999999999761e-01
4.882000000000000228e-01
4.852000000000000202e-01
4.884000000000000008e-01
4.880666666666666487e-01
4.902000000000000246e-01
4.902666666666666839e-01
4.852666666666666795e-01
4.868666666666666698e-01
4.883333333333333415e-01
4.874666666666666592e-01
4.872000000000000219e-01
4.894000000000000017e-01
4.939333333333333353e-01
4.919999999999999929e-01
4.904000000000000026e-01
4.913333333333333441e-01
4.924000000000000044e-01
4.918666666666666742e-01
4.905333333333333212e-01
4.903333333333333433e-01
4.909999999999999920e-01
4.920666666666666522e-01
4.920666666666666522e-01
4.917333333333333556e-01
4.902666666666666839e-01
4.889999999999999902e-01
4.881333333333333080e-01
4.924000000000000044e-01
4.898000000000000131e-01
4.929333333333333345e-01
4.904000000000000026e-01
4.929999999999999938e-01
4.953333333333333477e-01
4.926666666666666416e-01
4.925333333333333230e-01
4.928000000000000158e-01
4.929333333333333345e-01
4.948666666666666769e-01
4.918666666666666742e-01
4.935999999999999832e-01
4.954666666666666663e-01
4.955999999999999850e-01
4.958000000000000185e-01
4.968000000000000194e-01
4.970666666666666567e-01
4.961999999999999744e-01
4.972666666666666901e-01
4.914000000000000035e-01
4.959999999999999964e-01
4.922000000000000264e-01
4.952666666666666884e-01
4.925999999999999823e-01
4.961999999999999744e-01
4.935999999999999832e-01
4.944666666666666655e-01
4.981999999999999762e-01
4.938666666666666760e-01
4.959333333333333371e-01
4.966666666666666452e-01
4.974000000000000088e-01
4.934666666666666646e-01
4.997333333333333072e-01
4.978666666666666796e-01
4.965333333333333266e-01
4.997333333333333072e-01
4.969333333333333380e-01
4.974000000000000088e-01
4.966666666666666452e-01
4.980666666666666575e-01
5.000666666666666593e-01
4.986666666666666470e-01
4.979999999999999982e-01
4.932000000000000273e-01
4.996666666666666479e-01
4.965333333333333266e-01
4.961333333333333151e-01
5.022666666666666391e-01
4.987333333333333063e-01
4.963333333333333486e-01
4.977333333333333609e-01
5.008666666666666822e-01
4.964666666666666672e-01
4.991333333333333178e-01
5.048666666666666858e-01
4.999333333333333407e-01
4.998666666666666814e-01
5.027333333333333654e-01
5.014666666666666162e-01
5.026000000000000467e-01
4.995333333333333292e-01
5.001999999999999780e-01
5.002666666666666373e-01
4.991999999999999771e-01
5.004666666666666153e-01
5.036666666666667069e-01
4.984666666666666690e-01
5.025333333333333874e-01
5.020666666666666611e-01
5.001333333333333186e-01
4.995333333333333292e-01
5.016666666666667052e-01
5.061333333333333240e-01
5.008666666666666822e-01
5.017333333333333645e-01
5.038666666666666849e-01
4.990666666666666584e-01
5.041999999999999815e-01
5.044666666666666188e-01
5.004666666666666153e-01
5.013333333333332975e-01
5.030000000000000027e-01
4.990666666666666584e-01
5.051333333333333231e-01
5.048000000000000265e-01
5.003999999999999559e-01
4.997333333333333072e-01
5.013999999999999568e-01
5.074666666666666215e-01
5.058000000000000274e-01
5.047333333333333671e-01
5.063999999999999613e-01
5.041999999999999815e-01
5.041333333333333222e-01
5.020000000000000018e-01
5.040000000000000036e-01
4.984666666666666690e-01
5.044666666666666188e-01
5.073999999999999622e-01
5.026666666666667060e-01
5.020666666666666611e-01
5.045333333333332781e-01
5.082666666666666444e-01
5.048000000000000265e-01
5.048666666666666858e-01
5.042666666666666409e-01
5.077333333333333698e-01
5.071333333333333249e-01
5.066666666666667096e-01
5.051999999999999824e-01
5.057333333333333680e-01
5.095333333333332826e-01
5.007333333333333636e-01
5.070666666666666655e-01
5.041333333333333222e-01
5.023999999999999577e-01
5.083999999999999631e-01
5.067333333333333689e-01
5.036666666666667069e-01
5.061333333333333240e-01
5.053333333333333011e-01
5.105333333333332835e-01
5.058000000000000274e-01
5.086666666666667114e-01
5.094666666666666233e-01
5.115333333333332844e-01
5.094666666666666233e-01
5.093333333333333046e-01
5.062666666666666426e-01
5.089333333333333487e-01
5.097333333333333716e-01
5.076666666666667105e-01
5.109333333333333504e-01
5.081999999999999851e-01
5.065333333333332799e-01
5.078000000000000291e-01
5.105333333333332835e-01
5.061999999999999833e-01
5.058000000000000274e-01
5.081999999999999851e-01
5.073333333333333028e-01
5.088666666666666893e-01
5.135333333333332861e-01
5.071333333333333249e-01
5.081333333333333258e-01
5.113333333333333064e-01
5.078666666666666885e-01
5.088666666666666893e-01
5.067333333333333689e-01
5.088000000000000300e-01
5.095333333333332826e-01
5.111999999999999877e-01
5.117333333333333734e-01
5.082666666666666444e-01
5.116000000000000547e-01
5.103333333333333055e-01
5.087333333333333707e-01
5.116000000000000547e-01
5.099333333333333496e-01
5.122666666666666480e-01
5.102666666666666462e-01
5.120666666666666700e-01
5.101999999999999869e-01
5.146666666666667167e-01
5.102666666666666462e-01
5.115333333333332844e-01
5.116666666666667140e-01
5.105333333333332835e-01
5.126666666666667149e-01
5.149333333333333540e-01
5.125333333333332853e-01
5.096666666666667123e-01
5.108000000000000318e-01
5.132666666666666488e-01
5.154666666666666286e-01
5.127333333333333742e-01
5.115333333333332844e-01
5.142666666666666497e-01
5.148000000000000353e-01
5.107333333333333725e-01
5.124666666666666259e-01
5.131999999999999895e-01
5.153333333333333099e-01
5.149333333333333540e-01
5.179333333333333567e-01
5.133999999999999675e-01
5.146666666666667167e-01
5.158666666666666956e-01
5.125999999999999446e-01
5.137333333333333751e-01
5.155999999999999472e-01
5.131333333333333302e-01
5.141999999999999904e-01
5.140666666666666718e-01
5.138666666666666938e-01
5.148000000000000353e-01
5.150000000000000133e-01
5.149333333333333540e-01
5.144666666666666277e-01
5.178000000000000380e-01
5.207333333333333814e-01
5.141999999999999904e-01
5.135333333333332861e-01
5.128000000000000336e-01
5.160000000000000142e-01
5.157333333333333769e-01
5.155333333333332879e-01
5.159333333333333549e-01
5.169333333333333558e-01
5.155333333333332879e-01
5.154666666666666286e-01
5.197333333333333805e-01
5.155333333333332879e-01
5.158000000000000362e-01
5.150000000000000133e-01
5.155333333333332879e-01
5.153999999999999693e-01
5.143999999999999684e-01
5.161333333333333329e-01
5.128000000000000336e-01
5.162666666666666515e-01
5.103333333333333055e-01
5.178666666666666973e-01
5.172666666666666524e-01
5.137333333333333751e-01
5.177333333333333787e-01
5.179333333333333567e-01
5.169333333333333558e-01
5.230666666666666798e-01
5.210666666666666780e-01
5.188000000000000389e-01
5.175333333333332897e-01
5.190666666666666762e-01
5.165333333333332888e-01
5.186666666666667203e-01
5.187333333333333796e-01
5.157333333333333769e-01
5.195333333333332915e-01
5.198666666666666991e-01
5.205333333333332924e-01
5.168666666666666965e-01
5.180000000000000160e-01
5.195333333333332915e-01
5.215333333333332932e-01
5.195999999999999508e-01
5.210000000000000187e-01
5.191333333333333355e-01
5.187333333333333796e-01
5.210000000000000187e-01
5.180000000000000160e-01
5.187333333333333796e-01
5.195999999999999508e-01
5.202666666666666551e-01
5.203333333333333144e-01
5.183333333333333126e-01
5.174666666666666304e-01
5.188666666666666982e-01
5.207333333333333814e-01
5.213333333333333153e-01
5.199333333333333584e-01
5.161999999999999922e-01
5.173999999999999710e-01
5.200000000000000178e-01
5.196666666666667211e-01
5.222666666666666568e-01
5.237333333333333840e-01
5.192666666666666542e-01
5.218666666666667009e-01
5.200666666666666771e-01
5.223999999999999755e-01
5.225333333333332941e-01
5.196666666666667211e-01
5.253999999999999782e-01
5.225999999999999535e-01
5.215333333333332932e-01
5.218666666666667009e-01
5.233333333333333171e-01
5.208000000000000407e-01
5.220666666666666789e-01
5.216666666666666119e-01
5.228000000000000425e-01
5.205333333333332924e-01
5.198666666666666991e-01
5.222666666666666568e-01
5.226666666666666128e-01
5.240000000000000213e-01
5.250000000000000222e-01
5.258000000000000451e-01
5.270000000000000240e-01
5.228666666666667018e-01
5.238000000000000433e-01
5.238666666666667027e-01
5.206666666666667220e-01
5.225999999999999535e-01
5.209333333333333593e-01
5.191333333333333355e-01
5.221999999999999975e-01
5.245333333333332959e-01
5.219333333333333602e-01
5.270666666666666833e-01
5.270666666666666833e-01
5.241999999999999993e-01
5.252000000000000002e-01
5.262000000000000011e-01
5.245333333333332959e-01
5.224666666666666348e-01
5.200000000000000178e-01
5.253999999999999782e-01
5.265333333333332977e-01
5.262000000000000011e-01
5.252666666666666595e-01
5.246666666666666146e-01
5.217333333333333822e-01
5.238000000000000433e-01
5.262000000000000011e-01
5.247333333333333849e-01
5.228666666666667018e-01
5.248666666666667036e-01
5.288666666666667071e-01
5.273333333333333206e-01
5.233333333333333171e-01
5.244666666666666366e-01
5.262666666666666604e-01
5.268666666666667053e-01
5.278666666666667062e-01
5.183999999999999719e-01
5.316666666666666208e-01
5.273333333333333206e-01
5.272000000000000020e-01
5.272666666666666613e-01
5.253999999999999782e-01
5.282000000000000028e-01
5.295333333333333004e-01
5.284666666666666401e-01
5.246666666666666146e-01
5.270000000000000240e-01
5.299333333333333673e-01
5.257333333333333858e-01
5.245999999999999552e-01
5.298000000000000487e-01
5.253999999999999782e-01
5.245333333333332959e-01
5.292000000000000037e-01
5.293999999999999817e-01
5.250666666666666815e-01
5.281333333333333435e-01
5.330666666666666886e-01
5.287333333333333885e-01
5.285333333333332995e-01
5.223999999999999755e-01
5.302000000000000046e-01
5.287333333333333885e-01
5.267333333333333867e-01
5.312666666666666648e-01
5.278666666666667062e-01
5.287333333333333885e-01
5.282666666666666622e-01
5.287333333333333885e-01
5.272666666666666613e-01
5.285999999999999588e-01
5.294666666666666410e-01
5.315333333333333021e-01
5.321333333333333471e-01
5.283999999999999808e-01
5.297333333333332783e-01
5.286666666666666181e-01
5.285333333333332995e-01
5.280000000000000249e-01
5.280000000000000249e-01
5.282000000000000028e-01
5.303999999999999826e-01
5.307333333333332792e-01
5.310000000000000275e-01
5.315999999999999615e-01
5.271333333333333426e-01
5.296666666666666190e-01
5.297333333333332783e-01
5.305999999999999606e-01
5.311333333333333462e-01
5.242666666666666586e-01
5.295999999999999597e-01
5.313333333333333242e-01
5.290000000000000258e-01
5.310000000000000275e-01
5.314666666666666428e-01
5.293999999999999817e-01
5.315999999999999615e-01
5.288000000000000478e-01
5.337333333333332819e-01
5.299333333333333673e-01
5.308666666666667089e-01
5.325999999999999623e-01
5.302000000000000046e-01
5.306666666666666199e-01
5.286666666666666181e-01
5.275999999999999579e-01
5.292666666666666631e-01
5.287333333333333885e-01
5.315999999999999615e-01
5.311333333333333462e-01
5.370000000000000329e-01
5.317333333333332801e-01
5.310000000000000275e-01
5.285333333333332995e-01
5.290000000000000258e-01
5.331333333333333480e-01
5.311333333333333462e-01
5.323999999999999844e-01
5.340000000000000302e-01
5.333999999999999853e-01
5.321333333333333471e-01
5.296666666666666190e-01
5.329333333333333700e-01
5.323999999999999844e-01
5.292000000000000037e-01
5.308666666666667089e-01
5.335333333333333039e-01
5.342666666666666675e-01
5.312666666666666648e-01
5.334666666666666446e-01
5.349333333333333718e-01
5.303333333333333233e-01
5.321333333333333471e-01
5.340666666666666895e-01
5.364666666666666472e-01
5.327333333333332810e-01
5.332000000000000073e-01
5.322000000000000064e-01
5.338666666666667115e-01
5.339333333333333709e-01
5.338666666666667115e-01
5.355999999999999650e-01
5.345333333333333048e-01
5.320000000000000284e-01
5.377999999999999448e-01
5.334666666666666446e-01
5.309333333333333682e-01
5.356666666666666243e-01
5.363999999999999879e-01
5.340000000000000302e-01
5.335999999999999632e-01
5.344666666666666455e-01
5.376666666666666261e-01
5.320000000000000284e-01
5.334666666666666446e-01
5.342666666666666675e-01
5.332666666666666666e-01
5.379333333333333744e-01
5.308000000000000496e-01
5.345333333333333048e-01
5.380000000000000338e-01
5.354666666666666464e-01
5.347333333333332828e-01
5.356666666666666243e-01
5.362000000000000099e-01
5.350666666666666904e-01
5.323333333333333250e-01
5.385333333333333083e-01
5.360000000000000320e-01
5.362000000000000099e-01
5.387333333333332863e-01
5.395333333333333092e-01
5.341333333333333488e-01
5.315999999999999615e-01
5.342666666666666675e-01
5.378666666666667151e-01
5.360000000000000320e-01
5.393333333333333313e-01
5.402000000000000135e-01
5.392000000000000126e-01
5.372666666666666702e-01
5.339333333333333709e-01
5.362000000000000099e-01
5.340666666666666895e-01
5.365333333333333066e-01
5.367333333333332845e-01
5.359333333333333727e-01
