3.380000000000000226e-01
3.380666666666666820e-01
3.444666666666666432e-01
3.443333333333333246e-01
3.481333333333333502e-01
3.495333333333333070e-01
3.478666666666666574e-01
3.522666666666666724e-01
3.561333333333333573e-01
3.558666666666666645e-01
3.569999999999999840e-01
3.635333333333333194e-01
3.652000000000000246e-01
3.615999999999999770e-01
3.658000000000000140e-01
3.623333333333333406e-01
3.672666666666666857e-01
3.721333333333333160e-01
3.726666666666666461e-01
3.708000000000000185e-01
3.736666666666666470e-01
3.738666666666666805e-01
3.794666666666666743e-01
3.785333333333333328e-01
3.791999999999999815e-01
3.806666666666666532e-01
3.810000000000000053e-01
3.817999999999999727e-01
3.864000000000000212e-01
3.867999999999999772e-01
3.863333333333333064e-01
3.887333333333333196e-01
3.881333333333333302e-01
3.883333333333333082e-01
3.943333333333333135e-01
3.947999999999999843e-01
3.987999999999999878e-01
3.971999999999999975e-01
3.943333333333333135e-01
3.939333333333333576e-01
3.967999999999999861e-01
3.941999999999999948e-01
3.988666666666666472e-01
4.003333333333333188e-01
4.010666666666666824e-01
4.036000000000000143e-01
4.037333333333333329e-01
4.038666666666666516e-01
4.061333333333333462e-01
4.065333333333333576e-01
4.053333333333333233e-01
4.063333333333333242e-01
4.050000000000000266e-01
4.088666666666666560e-01
4.080666666666666886e-01
4.094666666666666455e-01
4.069333333333333136e-01
4.138000000000000012e-01
4.122000000000000108e-01
4.109999999999999765e-01
4.149333333333333207e-01
4.162666666666666737e-01
4.149999999999999800e-01
4.142000000000000126e-01
4.168000000000000038e-01
4.176000000000000267e-01
4.207333333333333480e-01
4.159999999999999809e-01
4.178666666666666640e-01
4.179999999999999827e-01
4.197333333333333472e-01
4.214666666666666561e-01
4.182000000000000162e-01
4.202000000000000179e-01
4.191333333333333577e-01
4.172000000000000153e-01
4.223999999999999977e-01
4.212666666666666782e-01
4.179333333333333234e-01
4.194666666666666544e-01
4.219333333333333269e-01
4.222666666666666790e-01
4.220666666666666456e-01
4.242000000000000215e-01
4.283333333333333437e-01
4.252000000000000224e-01
4.268666666666666720e-01
4.258000000000000118e-01
4.298000000000000154e-01
4.269333333333333313e-01
4.199333333333333251e-01
4.292666666666666853e-01
4.296666666666666412e-01
4.285999999999999810e-01
4.338666666666666782e-01
4.275333333333333208e-01
4.301333333333333120e-01
4.342666666666666897e-01
4.315999999999999837e-01
4.342666666666666897e-01
4.333333333333333481e-01
4.331333333333333147e-01
4.360666666666666580e-01
4.324666666666666659e-01
4.364666666666666694e-01
4.333333333333333481e-01
4.371999999999999775e-01
4.386666666666666492e-01
4.337333333333333596e-01
4.357333333333333059e-01
4.367333333333333067e-01
4.401999999999999802e-01
4.380000000000000004e-01
4.403333333333333544e-01
4.369999999999999996e-01
4.432666666666666422e-01
4.380666666666666598e-01
4.401333333333333209e-01
4.426666666666666528e-01
4.404666666666666730e-01
4.420666666666666633e-01
4.410000000000000031e-01
4.423333333333333561e-01
4.405999999999999917e-01
4.434000000000000163e-01
4.395333333333333314e-01
4.419333333333333447e-01
4.435333333333333350e-01
4.449333333333333473e-01
4.444666666666666766e-01
4.401999999999999802e-01
4.447333333333333139e-01
4.428000000000000269e-01
4.446666666666666545e-01
4.445999999999999952e-01
4.451333333333333253e-01
4.472666666666666457e-01
4.434666666666666757e-01
4.484000000000000208e-01
4.467999999999999750e-01
4.491999999999999882e-01
4.445999999999999952e-01
4.451999999999999846e-01
4.505333333333333412e-01
4.514666666666666828e-01
4.472666666666666457e-01
4.519333333333333536e-01
4.482666666666666466e-01
4.477999999999999758e-01
4.529333333333333544e-01
4.449333333333333473e-01
4.470666666666666678e-01
4.540666666666666740e-01
4.524666666666666837e-01
4.511999999999999900e-01
4.554666666666666863e-01
4.531333333333333324e-01
4.560000000000000164e-01
4.531999999999999917e-01
4.520000000000000129e-01
4.546000000000000041e-01
4.502666666666666484e-01
4.491999999999999882e-01
4.565333333333333465e-01
4.529333333333333544e-01
4.523333333333333095e-01
4.497333333333333183e-01
4.535333333333333439e-01
4.532666666666666511e-01
4.572666666666666546e-01
4.586666666666666670e-01
4.570000000000000173e-01
4.591333333333333377e-01
4.576666666666666661e-01
4.586666666666666670e-01
4.577999999999999847e-01
4.595333333333333492e-01
4.583999999999999742e-01
4.558666666666666423e-01
4.586000000000000076e-01
4.580000000000000182e-01
4.580666666666666775e-01
4.562666666666666537e-01
4.616000000000000103e-01
4.575333333333333474e-01
4.595333333333333492e-01
4.625333333333333519e-01
4.581999999999999962e-01
4.611333333333333395e-01
4.634666666666666934e-01
4.626000000000000112e-01
4.644666666666666943e-01
4.606000000000000094e-01
4.589333333333333598e-01
4.620000000000000218e-01
4.651333333333333431e-01
4.631333333333333413e-01
4.672666666666666635e-01
4.655333333333333545e-01
4.611333333333333395e-01
4.619333333333333069e-01
4.643333333333333202e-01
4.643333333333333202e-01
4.600000000000000200e-01
4.673333333333333228e-01
4.636000000000000121e-01
4.665333333333333554e-01
4.660666666666666846e-01
4.644666666666666943e-01
4.630000000000000226e-01
4.661333333333333440e-01
4.680666666666666864e-01
4.657999999999999918e-01
4.657333333333333325e-01
4.671333333333333449e-01
4.666000000000000147e-01
4.683999999999999830e-01
4.657999999999999918e-01
4.667999999999999927e-01
4.699999999999999734e-01
4.683333333333333237e-01
4.658666666666666512e-01
4.719333333333333158e-01
4.676666666666666750e-01
4.692666666666666653e-01
4.682666666666666644e-01
4.679333333333333123e-01
4.705333333333333590e-01
4.696666666666666767e-01
4.726666666666666794e-01
4.681333333333333457e-01
4.680000000000000271e-01
4.692000000000000060e-01
4.700666666666666882e-01
4.692666666666666653e-01
4.714666666666666450e-01
4.759333333333333194e-01
4.740666666666666917e-01
4.723333333333333273e-01
4.746666666666666812e-01
4.742000000000000104e-01
4.742000000000000104e-01
4.727999999999999980e-01
4.743333333333333290e-01
4.757333333333333414e-01
4.730666666666666909e-01
4.729333333333333167e-01
4.760666666666666935e-01
4.738666666666666583e-01
4.711333333333333484e-01
4.707333333333333369e-01
4.759333333333333194e-01
4.746000000000000218e-01
4.743333333333333290e-01
4.753333333333333299e-01
4.761333333333333528e-01
4.780666666666666398e-01
4.748666666666666591e-01
4.758666666666666600e-01
4.769333333333333202e-01
4.752000000000000113e-01
4.773999999999999910e-01
4.774666666666666504e-01
4.779333333333333211e-01
4.793333333333333335e-01
4.776666666666666838e-01
4.782666666666666733e-01
4.788000000000000034e-01
4.806666666666666865e-01
4.785333333333333106e-01
4.792000000000000148e-01
4.736666666666666803e-01
4.806666666666666865e-01
4.752000000000000113e-01
4.778666666666666618e-01
4.769999999999999796e-01
4.796666666666666856e-01
4.773999999999999910e-01
4.778000000000000025e-01
4.833999999999999964e-01
4.779999999999999805e-01
4.793999999999999928e-01
4.802000000000000157e-01
4.812666666666666759e-01
4.775333333333333097e-01
4.841333333333333599e-01
4.804666666666666530e-01
4.812000000000000166e-01
4.839999999999999858e-01
4.813333333333333353e-01
4.802666666666666750e-01
4.788666666666666627e-01
4.819333333333333247e-01
4.834666666666666557e-01
4.819999999999999840e-01
4.819333333333333247e-01
4.779333333333333211e-01
4.841333333333333599e-01
4.818666666666666654e-01
4.783333333333333326e-01
4.875333333333333186e-01
4.823333333333333361e-01
4.815999999999999726e-01
4.830666666666666442e-01
4.852000000000000202e-01
4.803999999999999937e-01
4.833999999999999964e-01
4.882666666666666822e-01
4.859333333333333282e-01
4.833999999999999964e-01
4.890666666666666496e-01
4.858000000000000096e-01
4.863333333333333397e-01
4.857333333333333503e-01
4.847333333333333494e-01
4.857333333333333503e-01
4.853999999999999981e-01
4.848000000000000087e-01
4.876666666666666927e-01
4.828000000000000069e-01
4.871333333333333071e-01
4.856666666666666909e-01
4.846666666666666901e-01
4.856666666666666909e-01
4.851333333333333608e-01
4.899999999999999911e-01
4.866666666666666918e-01
4.873999999999999999e-01
4.875999999999999779e-01
4.848666666666666680e-01
4.899999999999999911e-01
4.907333333333333547e-01
4.853333333333333388e-01
4.876666666666666927e-01
4.887333333333333529e-01
4.853999999999999981e-01
4.908000000000000140e-01
4.915999999999999814e-01
4.869333333333333291e-01
4.861333333333333062e-01
4.868666666666666698e-01
4.917333333333333556e-01
4.911333333333333107e-01
4.919999999999999929e-01
4.923333333333333450e-01
4.904000000000000026e-01
4.893333333333333424e-01
4.889999999999999902e-01
4.904666666666666619e-01
4.854666666666666575e-01
4.898666666666666725e-01
4.931333333333333124e-01
4.902000000000000246e-01
4.895999999999999797e-01
4.910666666666666513e-01
4.934000000000000052e-01
4.913333333333333441e-01
4.918666666666666742e-01
4.912000000000000255e-01
4.945333333333333248e-01
4.932000000000000273e-01
4.935999999999999832e-01
4.919333333333333336e-01
4.929333333333333345e-01
4.977333333333333609e-01
4.877333333333333520e-01
4.938000000000000167e-01
4.888000000000000123e-01
4.880666666666666487e-01
4.963333333333333486e-01
4.934000000000000052e-01
4.902000000000000246e-01
4.936666666666666425e-01
4.929333333333333345e-01
4.993333333333333512e-01
4.937333333333333574e-01
4.953333333333333477e-01
4.965999999999999859e-01
5.005333333333333856e-01
4.974000000000000088e-01
4.969999999999999973e-01
4.934666666666666646e-01
4.965333333333333266e-01
4.979333333333333389e-01
4.962666666666666893e-01
4.964666666666666672e-01
4.950666666666666549e-01
4.951333333333333142e-01
4.932666666666666866e-01
4.982666666666666910e-01
4.943333333333333468e-01
4.934666666666666646e-01
4.945333333333333248e-01
4.943333333333333468e-01
4.975999999999999868e-01
5.004666666666666153e-01
4.959999999999999964e-01
4.948000000000000176e-01
4.970666666666666567e-01
4.949333333333333362e-01
4.955333333333333257e-01
4.940666666666666540e-01
4.973333333333333495e-01
4.969999999999999973e-01
4.991333333333333178e-01
4.986666666666666470e-01
4.978000000000000203e-01
4.989333333333333398e-01
4.981333333333333169e-01
4.977333333333333609e-01
4.987333333333333063e-01
5.006000000000000449e-01
5.016000000000000458e-01
4.987333333333333063e-01
5.006000000000000449e-01
4.995333333333333292e-01
5.018666666666666831e-01
4.992666666666666919e-01
5.008000000000000229e-01
4.999333333333333407e-01
4.992666666666666919e-01
4.998666666666666814e-01
5.042666666666666409e-01
5.000666666666666593e-01
4.992666666666666919e-01
5.003333333333332966e-01
5.014666666666666162e-01
5.036000000000000476e-01
5.029333333333333433e-01
5.002666666666666373e-01
5.040000000000000036e-01
5.039333333333333442e-01
4.988666666666666805e-01
4.994000000000000106e-01
5.008666666666666822e-01
5.029333333333333433e-01
5.034666666666666179e-01
5.050666666666666638e-01
5.028666666666666840e-01
5.027333333333333654e-01
5.043999999999999595e-01
5.016000000000000458e-01
5.036666666666667069e-01
5.046000000000000485e-01
5.023333333333332984e-01
5.034666666666666179e-01
5.026666666666667060e-01
5.017333333333333645e-01
5.044666666666666188e-01
5.037333333333333663e-01
5.048666666666666858e-01
5.030000000000000027e-01
5.054666666666666197e-01
5.110000000000000098e-01
5.033333333333332993e-01
5.039333333333333442e-01
5.028000000000000247e-01
5.022666666666666391e-01
5.045333333333332781e-01
5.053999999999999604e-01
5.033333333333332993e-01
5.051999999999999824e-01
5.047333333333333671e-01
5.041999999999999815e-01
5.081333333333333258e-01
5.029333333333333433e-01
5.046666666666667078e-01
5.042666666666666409e-01
5.038000000000000256e-01
5.044666666666666188e-01
5.030000000000000027e-01
5.040000000000000036e-01
5.025333333333333874e-01
5.051333333333333231e-01
5.001999999999999780e-01
5.087333333333333707e-01
5.068666666666666876e-01
5.033333333333332993e-01
5.074666666666666215e-01
5.076000000000000512e-01
5.065333333333332799e-01
5.125333333333332853e-01
5.105333333333332835e-01
5.069333333333333469e-01
5.061999999999999833e-01
5.108000000000000318e-01
5.045333333333332781e-01
5.080666666666666664e-01
5.080000000000000071e-01
5.056000000000000494e-01
5.091999999999999860e-01
5.075333333333332808e-01
5.085333333333332817e-01
5.078000000000000291e-01
5.081333333333333258e-01
5.091999999999999860e-01
5.110666666666666691e-01
5.093999999999999639e-01
5.110000000000000098e-01
5.080000000000000071e-01
5.064666666666666206e-01
5.105333333333332835e-01
5.067333333333333689e-01
5.080000000000000071e-01
5.079333333333333478e-01
5.087333333333333707e-01
5.084666666666666224e-01
5.082666666666666444e-01
5.086666666666667114e-01
5.078000000000000291e-01
5.095333333333332826e-01
5.100666666666666682e-01
5.104666666666666242e-01
5.056666666666667087e-01
5.090000000000000080e-01
5.090666666666666673e-01
5.097333333333333716e-01
5.120000000000000107e-01
5.116000000000000547e-01
5.093999999999999639e-01
5.120666666666666700e-01
5.085333333333332817e-01
5.117333333333333734e-01
5.101999999999999869e-01
5.097333333333333716e-01
5.137333333333333751e-01
5.121333333333333293e-01
5.100000000000000089e-01
5.107333333333333725e-01
5.124666666666666259e-01
5.098000000000000309e-01
5.128000000000000336e-01
5.121999999999999886e-01
5.120666666666666700e-01
5.107333333333333725e-01
5.098000000000000309e-01
5.115333333333332844e-01
5.121333333333333293e-01
5.143333333333333091e-01
5.151999999999999913e-01
5.163999999999999702e-01
5.168666666666666965e-01
5.125999999999999446e-01
5.125999999999999446e-01
5.132666666666666488e-01
5.101999999999999869e-01
5.132666666666666488e-01
5.092666666666666453e-01
5.091999999999999860e-01
5.120000000000000107e-01
5.140000000000000124e-01
5.116000000000000547e-01
5.160666666666666735e-01
5.161333333333333329e-01
5.143999999999999684e-01
5.153333333333333099e-01
5.151999999999999913e-01
5.147333333333333760e-01
5.128666666666666929e-01
5.097333333333333716e-01
5.145999999999999464e-01
5.162666666666666515e-01
5.161999999999999922e-01
5.143999999999999684e-01
5.139333333333333531e-01
5.111333333333333284e-01
5.141333333333333311e-01
5.165333333333332888e-01
5.153333333333333099e-01
5.121333333333333293e-01
5.145333333333332870e-01
5.190000000000000169e-01
5.162666666666666515e-01
5.133333333333333082e-01
5.152666666666666506e-01
5.160000000000000142e-01
5.173999999999999710e-01
5.169333333333333558e-01
5.093333333333333046e-01
5.219333333333333602e-01
5.177333333333333787e-01
5.167333333333333778e-01
5.173999999999999710e-01
5.132666666666666488e-01
5.185333333333332906e-01
5.192666666666666542e-01
5.182666666666666533e-01
5.150000000000000133e-01
5.172666666666666524e-01
5.200000000000000178e-01
5.156666666666667176e-01
5.155333333333332879e-01
5.199333333333333584e-01
5.147333333333333760e-01
5.148666666666666947e-01
5.206666666666667220e-01
5.182666666666666533e-01
5.144666666666666277e-01
5.178000000000000380e-01
5.223333333333333162e-01
5.183333333333333126e-01
5.190000000000000169e-01
5.124666666666666259e-01
5.184666666666666313e-01
5.187333333333333796e-01
5.164666666666666295e-01
5.210000000000000187e-01
5.188666666666666982e-01
5.196666666666667211e-01
5.171333333333333337e-01
5.185333333333332906e-01
5.155999999999999472e-01
5.184666666666666313e-01
5.188000000000000389e-01
5.203999999999999737e-01
5.222666666666666568e-01
5.196666666666667211e-01
5.192666666666666542e-01
5.185999999999999499e-01
5.173999999999999710e-01
5.166666666666667185e-01
5.173999999999999710e-01
5.155999999999999472e-01
5.199333333333333584e-01
5.217333333333333822e-01
5.211999999999999966e-01
5.208000000000000407e-01
5.164666666666666295e-01
5.191333333333333355e-01
5.201999999999999957e-01
5.190000000000000169e-01
5.215333333333332932e-01
5.148666666666666947e-01
5.193333333333333135e-01
5.205999999999999517e-01
5.195333333333332915e-01
5.200000000000000178e-01
5.211333333333333373e-01
5.195999999999999508e-01
5.206666666666667220e-01
5.165333333333332888e-01
5.235333333333332950e-01
5.202666666666666551e-01
5.195333333333332915e-01
5.208000000000000407e-01
5.188666666666666982e-01
5.188666666666666982e-01
5.176666666666667194e-01
5.185333333333332906e-01
5.178666666666666973e-01
5.185999999999999499e-01
5.203999999999999737e-01
5.225333333333332941e-01
5.270000000000000240e-01
5.208000000000000407e-01
5.193999999999999728e-01
5.190000000000000169e-01
5.186666666666667203e-01
5.236666666666666137e-01
5.203333333333333144e-01
5.213999999999999746e-01
5.244666666666666366e-01
5.225999999999999535e-01
5.213333333333333153e-01
5.200666666666666771e-01
5.232666666666666577e-01
5.218666666666667009e-01
5.192666666666666542e-01
5.218000000000000416e-01
5.230000000000000204e-01
5.223999999999999755e-01
5.218666666666667009e-01
5.228000000000000425e-01
5.244666666666666366e-01
5.205999999999999517e-01
5.220000000000000195e-01
5.239333333333333620e-01
5.248666666666667036e-01
5.233999999999999764e-01
5.221999999999999975e-01
5.213333333333333153e-01
5.233999999999999764e-01
5.256666666666666154e-01
5.230000000000000204e-01
5.255333333333332968e-01
5.239333333333333620e-01
5.220000000000000195e-01
5.269333333333333647e-01
5.240000000000000213e-01
5.206666666666667220e-01
5.263999999999999790e-01
5.268666666666667053e-01
5.241999999999999993e-01
5.227333333333333831e-01
5.245333333333332959e-01
5.281333333333333435e-01
5.225333333333332941e-01
5.247333333333333849e-01
5.258666666666667044e-01
5.243999999999999773e-01
5.279333333333333655e-01
5.219333333333333602e-01
5.253999999999999782e-01
5.287333333333333885e-01
5.264666666666666384e-01
5.246666666666666146e-01
5.262000000000000011e-01
5.268000000000000460e-01
5.253333333333333188e-01
5.235333333333332950e-01
5.277333333333333876e-01
5.258000000000000451e-01
5.260666666666666824e-01
5.289333333333333664e-01
5.288000000000000478e-01
5.229333333333333611e-01
5.225333333333332941e-01
5.246666666666666146e-01
5.269333333333333647e-01
5.269333333333333647e-01
5.287333333333333885e-01
5.313999999999999835e-01
5.295333333333333004e-01
5.279333333333333655e-01
5.230000000000000204e-01
5.281333333333333435e-01
5.248666666666667036e-01
5.279333333333333655e-01
5.267333333333333867e-01
5.269333333333333647e-01
