4.344000000000000083e-01
4.308666666666666756e-01
4.348666666666666791e-01
4.345333333333333270e-01
4.348666666666666791e-01
4.330666666666666553e-01
4.350666666666666571e-01
4.343333333333333490e-01
4.392666666666666941e-01
4.346666666666666456e-01
4.352666666666666906e-01
4.377333333333333076e-01
4.378000000000000225e-01
4.358666666666666800e-01
4.368666666666666809e-01
4.355999999999999872e-01
4.369333333333333402e-01
4.398000000000000242e-01
4.384666666666666712e-01
4.374666666666666703e-01
4.395999999999999908e-01
4.369999999999999996e-01
4.401333333333333209e-01
4.398666666666666836e-01
4.380000000000000004e-01
4.400666666666666615e-01
4.390666666666666607e-01
4.402666666666666395e-01
4.411333333333333218e-01
4.418666666666666853e-01
4.423333333333333561e-01
4.407333333333333103e-01
4.424000000000000155e-01
4.407333333333333103e-01
4.457333333333333147e-01
4.444666666666666766e-01
4.474666666666666792e-01
4.452666666666666440e-01
4.415333333333333332e-01
4.436666666666666536e-01
4.445999999999999952e-01
4.410000000000000031e-01
4.473333333333333606e-01
4.466666666666666563e-01
4.469333333333333491e-01
4.476666666666666572e-01
4.490000000000000102e-01
4.483333333333333059e-01
4.474666666666666792e-01
4.467999999999999750e-01
4.487999999999999767e-01
4.474666666666666792e-01
4.474000000000000199e-01
4.484000000000000208e-01
4.490666666666666695e-01
4.479333333333333500e-01
4.453333333333333588e-01
4.517333333333333201e-01
4.516000000000000014e-01
4.508666666666666933e-01
4.509333333333333527e-01
4.537333333333333218e-01
4.516666666666666607e-01
4.504666666666666819e-01
4.536000000000000032e-01
4.520000000000000129e-01
4.563333333333333131e-01
4.505333333333333412e-01
4.527999999999999803e-01
4.516000000000000014e-01
4.537333333333333218e-01
4.543333333333333113e-01
4.503333333333333077e-01
4.544666666666666854e-01
4.533333333333333104e-01
4.471999999999999864e-01
4.552666666666666528e-01
4.547333333333333227e-01
4.496666666666666590e-01
4.530666666666666731e-01
4.569333333333333580e-01
4.542666666666666520e-01
4.550666666666666749e-01
4.552666666666666528e-01
4.587999999999999856e-01
4.554000000000000270e-01
4.566000000000000059e-01
4.556666666666666643e-01
4.602666666666666573e-01
4.596000000000000085e-01
4.517333333333333201e-01
4.596666666666666679e-01
4.570666666666666766e-01
4.580666666666666775e-01
4.619333333333333069e-01
4.586666666666666670e-01
4.575333333333333474e-01
4.615333333333333510e-01
4.577999999999999847e-01
4.620000000000000218e-01
4.596000000000000085e-01
4.596000000000000085e-01
4.626000000000000112e-01
4.570666666666666766e-01
4.621333333333333404e-01
4.600666666666666793e-01
4.618666666666666476e-01
4.645333333333333536e-01
4.597333333333333272e-01
4.623999999999999777e-01
4.616000000000000103e-01
4.633333333333333193e-01
4.631333333333333413e-01
4.651333333333333431e-01
4.626000000000000112e-01
4.670666666666666855e-01
4.628666666666666485e-01
4.652000000000000024e-01
4.657333333333333325e-01
4.654666666666666397e-01
4.672000000000000042e-01
4.676666666666666750e-01
4.687333333333333352e-01
4.644666666666666943e-01
4.679333333333333123e-01
4.656666666666666732e-01
4.660666666666666846e-01
4.663999999999999813e-01
4.697999999999999954e-01
4.673333333333333228e-01
4.653333333333333210e-01
4.679333333333333123e-01
4.683999999999999830e-01
4.684666666666666424e-01
4.688666666666666538e-01
4.680666666666666864e-01
4.678666666666666529e-01
4.666000000000000147e-01
4.726666666666666794e-01
4.674666666666666415e-01
4.701333333333333475e-01
4.656000000000000139e-01
4.665333333333333554e-01
4.730666666666666909e-01
4.732000000000000095e-01
4.703999999999999848e-01
4.723999999999999866e-01
4.690666666666666873e-01
4.676000000000000156e-01
4.732000000000000095e-01
4.673333333333333228e-01
4.698666666666666547e-01
4.745333333333333070e-01
4.751333333333333520e-01
4.737999999999999989e-01
4.745333333333333070e-01
4.757333333333333414e-01
4.753333333333333299e-01
4.719333333333333158e-01
4.726666666666666794e-01
4.749999999999999778e-01
4.706000000000000183e-01
4.714666666666666450e-01
4.759333333333333194e-01
4.726666666666666794e-01
4.734666666666666468e-01
4.695333333333333581e-01
4.751333333333333520e-01
4.735333333333333061e-01
4.763333333333333308e-01
4.782666666666666733e-01
4.763333333333333308e-01
4.769999999999999796e-01
4.770666666666666944e-01
4.769999999999999796e-01
4.778000000000000025e-01
4.782000000000000139e-01
4.762666666666666715e-01
4.763999999999999901e-01
4.758000000000000007e-01
4.773333333333333317e-01
4.768666666666666609e-01
4.764666666666666495e-01
4.779333333333333211e-01
4.746666666666666812e-01
4.765333333333333088e-01
4.801333333333333564e-01
4.775333333333333097e-01
4.769999999999999796e-01
4.822666666666666768e-01
4.813333333333333353e-01
4.809999999999999831e-01
4.780666666666666398e-01
4.756000000000000227e-01
4.794666666666666521e-01
4.824666666666666548e-01
4.804666666666666530e-01
4.832666666666666777e-01
4.829333333333333256e-01
4.801333333333333564e-01
4.798666666666666636e-01
4.806000000000000272e-01
4.809999999999999831e-01
4.783333333333333326e-01
4.838000000000000078e-01
4.803999999999999937e-01
4.829333333333333256e-01
4.842666666666666786e-01
4.789999999999999813e-01
4.809999999999999831e-01
4.819333333333333247e-01
4.872000000000000219e-01
4.839333333333333265e-01
4.823999999999999955e-01
4.818666666666666654e-01
4.830666666666666442e-01
4.835333333333333150e-01
4.813333333333333353e-01
4.830666666666666442e-01
4.855999999999999761e-01
4.845999999999999752e-01
4.820666666666666433e-01
4.881333333333333080e-01
4.835999999999999743e-01
4.847333333333333494e-01
4.824666666666666548e-01
4.851333333333333608e-01
4.863999999999999990e-01
4.882000000000000228e-01
4.875333333333333186e-01
4.830666666666666442e-01
4.835999999999999743e-01
4.861333333333333062e-01
4.844666666666666566e-01
4.848666666666666680e-01
4.869999999999999885e-01
4.914000000000000035e-01
4.895333333333333203e-01
4.876666666666666927e-01
4.885333333333333194e-01
4.895333333333333203e-01
4.903333333333333433e-01
4.878666666666666707e-01
4.873999999999999999e-01
4.880666666666666487e-01
4.885999999999999788e-01
4.898000000000000131e-01
4.895333333333333203e-01
4.885999999999999788e-01
4.865999999999999770e-01
4.855999999999999761e-01
4.903333333333333433e-01
4.877333333333333520e-01
4.901333333333333098e-01
4.875999999999999779e-01
4.904666666666666619e-01
4.932000000000000273e-01
4.908000000000000140e-01
4.903333333333333433e-01
4.904000000000000026e-01
4.911333333333333107e-01
4.922666666666666857e-01
4.908666666666666734e-01
4.916666666666666408e-01
4.932666666666666866e-01
4.929999999999999938e-01
4.932666666666666866e-01
4.951333333333333142e-01
4.948000000000000176e-01
4.936666666666666425e-01
4.941333333333333133e-01
4.886666666666666936e-01
4.945333333333333248e-01
4.902666666666666839e-01
4.926666666666666416e-01
4.898666666666666725e-01
4.946666666666666434e-01
4.912666666666666848e-01
4.927333333333333565e-01
4.962666666666666893e-01
4.912666666666666848e-01
4.941333333333333133e-01
4.948000000000000176e-01
4.948666666666666769e-01
4.911333333333333107e-01
4.974000000000000088e-01
4.958000000000000185e-01
4.947333333333333583e-01
4.977333333333333609e-01
4.948000000000000176e-01
4.947333333333333583e-01
4.934000000000000052e-01
4.960666666666666558e-01
4.975999999999999868e-01
4.958666666666666778e-01
4.955333333333333257e-01
4.905999999999999805e-01
4.974000000000000088e-01
4.939999999999999947e-01
4.930666666666666531e-01
5.006000000000000449e-01
4.959333333333333371e-01
4.949999999999999956e-01
4.964666666666666672e-01
4.991999999999999771e-01
4.941333333333333133e-01
4.974000000000000088e-01
5.019333333333333425e-01
4.981333333333333169e-01
4.975333333333333274e-01
5.003999999999999559e-01
4.987333333333333063e-01
4.995333333333333292e-01
4.974666666666666681e-01
4.972666666666666901e-01
4.979333333333333389e-01
4.975999999999999868e-01
4.981333333333333169e-01
5.015333333333333865e-01
4.965999999999999859e-01
5.003333333333332966e-01
4.985333333333333283e-01
4.984000000000000097e-01
4.985999999999999877e-01
4.987333333333333063e-01
5.038666666666666849e-01
4.982666666666666910e-01
4.989999999999999991e-01
5.010666666666666602e-01
4.978000000000000203e-01
5.018000000000000238e-01
5.022666666666666391e-01
4.981333333333333169e-01
4.996666666666666479e-01
5.015333333333333865e-01
4.971333333333333160e-01
5.028666666666666840e-01
5.023333333333332984e-01
4.985333333333333283e-01
4.984666666666666690e-01
4.994666666666666699e-01
5.055333333333332790e-01
5.030666666666666620e-01
5.028666666666666840e-01
5.040666666666666629e-01
5.014666666666666162e-01
5.011333333333333195e-01
4.994666666666666699e-01
5.031333333333333213e-01
4.968000000000000194e-01
5.022666666666666391e-01
5.054666666666666197e-01
5.009333333333333416e-01
5.003999999999999559e-01
5.030666666666666620e-01
5.058666666666666867e-01
5.031999999999999806e-01
5.023999999999999577e-01
5.026000000000000467e-01
5.050000000000000044e-01
5.049333333333333451e-01
5.046000000000000485e-01
5.037333333333333663e-01
5.030000000000000027e-01
5.078000000000000291e-01
4.987333333333333063e-01
5.051333333333333231e-01
5.018666666666666831e-01
5.001999999999999780e-01
5.065333333333332799e-01
5.046000000000000485e-01
5.018000000000000238e-01
5.039333333333333442e-01
5.037333333333333663e-01
5.087333333333333707e-01
5.036666666666667069e-01
5.062666666666666426e-01
5.070000000000000062e-01
5.098666666666666902e-01
5.078666666666666885e-01
5.072666666666666435e-01
5.038666666666666849e-01
5.074666666666666215e-01
5.076000000000000512e-01
5.054666666666666197e-01
5.087333333333333707e-01
5.066666666666667096e-01
5.051999999999999824e-01
5.060000000000000053e-01
5.090000000000000080e-01
5.050666666666666638e-01
5.040000000000000036e-01
5.064666666666666206e-01
5.061999999999999833e-01
5.081333333333333258e-01
5.118000000000000327e-01
5.058666666666666867e-01
5.059333333333333460e-01
5.100000000000000089e-01
5.056666666666667087e-01
5.068666666666666876e-01
5.048000000000000265e-01
5.070000000000000062e-01
5.084666666666666224e-01
5.096666666666667123e-01
5.094666666666666233e-01
5.074666666666666215e-01
5.102666666666666462e-01
5.081999999999999851e-01
5.076666666666667105e-01
5.105333333333332835e-01
5.091999999999999860e-01
5.110000000000000098e-01
5.081333333333333258e-01
5.103999999999999648e-01
5.082666666666666444e-01
5.126666666666667149e-01
5.086000000000000520e-01
5.106000000000000538e-01
5.099333333333333496e-01
5.095333333333332826e-01
5.107333333333333725e-01
5.133999999999999675e-01
5.108000000000000318e-01
5.084666666666666224e-01
5.096000000000000529e-01
5.111333333333333284e-01
5.137333333333333751e-01
5.114666666666666250e-01
5.098666666666666902e-01
5.130000000000000115e-01
5.133999999999999675e-01
5.086000000000000520e-01
5.105333333333332835e-01
5.115333333333332844e-01
5.136666666666667158e-01
5.131333333333333302e-01
5.161333333333333329e-01
5.120666666666666700e-01
5.128000000000000336e-01
5.149333333333333540e-01
5.110666666666666691e-01
5.120666666666666700e-01
5.147333333333333760e-01
5.117333333333333734e-01
5.133333333333333082e-01
5.122666666666666480e-01
5.120666666666666700e-01
5.134666666666666268e-01
5.135333333333332861e-01
5.138000000000000345e-01
5.121333333333333293e-01
5.160666666666666735e-01
5.187333333333333796e-01
5.128000000000000336e-01
5.125999999999999446e-01
5.112666666666666471e-01
5.148666666666666947e-01
5.138000000000000345e-01
5.141333333333333311e-01
5.145999999999999464e-01
5.154666666666666286e-01
5.138666666666666938e-01
5.143999999999999684e-01
5.181333333333333346e-01
5.140000000000000124e-01
5.138666666666666938e-01
5.140000000000000124e-01
5.138666666666666938e-01
5.133999999999999675e-01
5.119333333333333513e-01
5.138000000000000345e-01
5.113999999999999657e-01
5.150000000000000133e-01
5.088666666666666893e-01
5.168000000000000371e-01
5.157333333333333769e-01
5.119333333333333513e-01
5.163999999999999702e-01
5.159333333333333549e-01
5.152666666666666506e-01
5.211999999999999966e-01
5.195999999999999508e-01
5.175999999999999490e-01
5.155333333333332879e-01
5.171333333333333337e-01
5.145333333333332870e-01
5.168666666666666965e-01
5.166666666666667185e-01
5.131999999999999895e-01
5.178000000000000380e-01
5.177333333333333787e-01
5.185333333333332906e-01
5.150000000000000133e-01
5.166666666666667185e-01
5.178000000000000380e-01
5.200000000000000178e-01
5.180666666666666753e-01
5.187333333333333796e-01
5.168000000000000371e-01
5.170000000000000151e-01
5.191333333333333355e-01
5.151999999999999913e-01
5.173333333333333117e-01
5.182666666666666533e-01
5.181333333333333346e-01
5.188000000000000389e-01
5.171999999999999931e-01
5.161999999999999922e-01
5.180000000000000160e-01
5.189333333333333576e-01
5.204666666666666330e-01
5.175999999999999490e-01
5.157333333333333769e-01
5.165333333333332888e-01
5.191333333333333355e-01
5.181999999999999940e-01
5.207333333333333814e-01
5.221333333333333382e-01
5.178666666666666973e-01
5.202666666666666551e-01
5.193333333333333135e-01
5.208666666666667000e-01
5.206666666666667220e-01
5.190666666666666762e-01
5.243333333333333179e-01
5.212666666666666559e-01
5.193333333333333135e-01
5.201333333333333364e-01
5.217333333333333822e-01
5.188000000000000389e-01
5.210666666666666780e-01
5.201333333333333364e-01
5.210000000000000187e-01
5.190666666666666762e-01
5.180666666666666753e-01
5.205999999999999517e-01
5.203333333333333144e-01
5.218000000000000416e-01
5.233333333333333171e-01
5.245333333333332959e-01
5.253333333333333188e-01
5.211333333333333373e-01
5.220000000000000195e-01
5.219333333333333602e-01
5.188666666666666982e-01
5.212666666666666559e-01
5.191999999999999948e-01
5.174666666666666304e-01
5.210000000000000187e-01
5.229333333333333611e-01
5.206666666666667220e-01
5.258666666666667044e-01
5.257333333333333858e-01
5.227333333333333831e-01
5.243333333333333179e-01
5.248000000000000442e-01
5.231333333333333391e-01
5.213333333333333153e-01
5.188000000000000389e-01
5.242666666666666586e-01
5.250000000000000222e-01
5.247333333333333849e-01
5.233333333333333171e-01
5.234666666666666357e-01
5.202666666666666551e-01
5.226666666666666128e-01
5.251333333333333409e-01
5.237333333333333840e-01
5.218666666666667009e-01
5.231333333333333391e-01
5.271333333333333426e-01
5.260000000000000231e-01
5.221333333333333382e-01
5.234666666666666357e-01
5.247333333333333849e-01
5.252000000000000002e-01
5.256666666666666154e-01
5.174666666666666304e-01
5.299333333333333673e-01
5.261333333333333417e-01
5.258666666666667044e-01
5.267333333333333867e-01
5.232666666666666577e-01
5.260000000000000231e-01
5.283999999999999808e-01
5.265999999999999570e-01
5.229333333333333611e-01
5.250666666666666815e-01
5.278666666666667062e-01
5.241333333333333400e-01
5.238000000000000433e-01
5.287333333333333885e-01
5.232666666666666577e-01
5.240666666666666806e-01
5.278666666666667062e-01
5.282000000000000028e-01
5.231999999999999984e-01
5.267333333333333867e-01
5.314666666666666428e-01
5.272666666666666613e-01
5.276666666666666172e-01
5.214666666666666339e-01
5.282666666666666622e-01
5.265999999999999570e-01
5.256666666666666154e-01
5.297333333333332783e-01
5.268666666666667053e-01
5.274666666666666393e-01
5.271333333333333426e-01
5.272666666666666613e-01
5.265333333333332977e-01
5.270666666666666833e-01
5.275999999999999579e-01
5.305333333333333012e-01
5.308666666666667089e-01
5.277333333333333876e-01
5.280666666666666842e-01
5.265999999999999570e-01
5.267333333333333867e-01
5.258666666666667044e-01
5.264666666666666384e-01
5.261333333333333417e-01
5.284666666666666401e-01
5.298000000000000487e-01
5.292666666666666631e-01
5.296666666666666190e-01
5.260666666666666824e-01
5.283999999999999808e-01
5.290000000000000258e-01
5.297333333333332783e-01
5.292000000000000037e-01
5.225999999999999535e-01
5.280000000000000249e-01
5.291333333333333444e-01
5.281333333333333435e-01
5.293333333333333224e-01
5.303999999999999826e-01
5.282000000000000028e-01
5.300666666666666860e-01
5.267333333333333867e-01
5.328666666666667107e-01
5.290666666666666851e-01
5.294666666666666410e-01
5.322666666666666657e-01
5.290000000000000258e-01
5.290666666666666851e-01
5.267333333333333867e-01
5.267333333333333867e-01
5.281333333333333435e-01
5.273999999999999799e-01
5.300666666666666860e-01
5.298666666666667080e-01
5.360000000000000320e-01
5.302666666666666639e-01
5.287333333333333885e-01
5.272000000000000020e-01
5.277333333333333876e-01
5.330666666666666886e-01
5.301333333333333453e-01
5.310000000000000275e-01
5.328000000000000513e-01
5.320000000000000284e-01
5.311333333333333462e-01
5.282000000000000028e-01
5.315999999999999615e-01
5.309333333333333682e-01
5.280666666666666842e-01
5.296666666666666190e-01
5.325999999999999623e-01
5.323333333333333250e-01
5.305333333333333012e-01
5.324666666666666437e-01
5.333333333333333259e-01
5.294666666666666410e-01
5.305999999999999606e-01
5.326666666666666217e-01
5.348000000000000531e-01
5.316666666666666208e-01
5.315999999999999615e-01
5.308666666666667089e-01
5.320000000000000284e-01
5.330000000000000293e-01
5.330666666666666886e-01
5.349333333333333718e-01
5.338000000000000522e-01
5.306666666666666199e-01
5.365333333333333066e-01
5.328000000000000513e-01
5.300666666666666860e-01
5.353333333333333277e-01
5.352666666666666684e-01
5.336666666666666226e-01
5.330666666666666886e-01
5.339333333333333709e-01
5.368666666666667142e-01
5.310000000000000275e-01
5.326666666666666217e-01
5.339333333333333709e-01
5.320000000000000284e-01
5.363333333333333286e-01
5.296666666666666190e-01
5.328666666666667107e-01
5.372000000000000108e-01
5.344666666666666455e-01
5.331333333333333480e-01
5.352666666666666684e-01
5.347333333333332828e-01
5.336666666666666226e-01
5.319333333333333691e-01
5.373999999999999888e-01
5.350000000000000311e-01
5.352000000000000091e-01
5.373999999999999888e-01
5.380000000000000338e-01
5.321333333333333471e-01
5.312000000000000055e-01
5.330666666666666886e-01
5.364666666666666472e-01
5.351333333333333497e-01
5.378666666666667151e-01
5.392000000000000126e-01
5.380666666666666931e-01
5.357333333333332837e-01
5.323999999999999844e-01
5.353333333333333277e-01
5.328000000000000513e-01
5.350666666666666904e-01
5.350666666666666904e-01
5.343999999999999861e-01
