4.432666666666666422e-01
4.390000000000000013e-01
4.428000000000000269e-01
4.421999999999999820e-01
4.425333333333333341e-01
4.419333333333333447e-01
4.431999999999999829e-01
4.439333333333333464e-01
4.457999999999999741e-01
4.423333333333333561e-01
4.431333333333333235e-01
4.468666666666666898e-01
4.446666666666666545e-01
4.435333333333333350e-01
4.452666666666666440e-01
4.437333333333333130e-01
4.453333333333333588e-01
4.479333333333333500e-01
4.461999999999999855e-01
4.456666666666666554e-01
4.485999999999999988e-01
4.447333333333333139e-01
4.484000000000000208e-01
4.483333333333333059e-01
4.464666666666666783e-01
4.493333333333333068e-01
4.474666666666666792e-01
4.474666666666666792e-01
4.497333333333333183e-01
4.489333333333333509e-01
4.501999999999999891e-01
4.484666666666666801e-01
4.500000000000000111e-01
4.477333333333333165e-01
4.547999999999999821e-01
4.524000000000000243e-01
4.548666666666666414e-01
4.529333333333333544e-01
4.499333333333333518e-01
4.513333333333333086e-01
4.519333333333333536e-01
4.481999999999999873e-01
4.541999999999999926e-01
4.528666666666666396e-01
4.534000000000000252e-01
4.562666666666666537e-01
4.561999999999999944e-01
4.551999999999999935e-01
4.540000000000000147e-01
4.551999999999999935e-01
4.571333333333333360e-01
4.551999999999999935e-01
4.551999999999999935e-01
4.560000000000000164e-01
4.559333333333333571e-01
4.553333333333333122e-01
4.527333333333333210e-01
4.583999999999999742e-01
4.580666666666666775e-01
4.582666666666666555e-01
4.583999999999999742e-01
4.591999999999999971e-01
4.577999999999999847e-01
4.578666666666666440e-01
4.596000000000000085e-01
4.580666666666666775e-01
4.629333333333333078e-01
4.582666666666666555e-01
4.596000000000000085e-01
4.583333333333333148e-01
4.606000000000000094e-01
4.606666666666666687e-01
4.580000000000000182e-01
4.603333333333333166e-01
4.579333333333333589e-01
4.544000000000000261e-01
4.611999999999999988e-01
4.605333333333333501e-01
4.558666666666666423e-01
4.592666666666666564e-01
4.632000000000000006e-01
4.607333333333333281e-01
4.611999999999999988e-01
4.606666666666666687e-01
4.645333333333333536e-01
4.611333333333333395e-01
4.626666666666666705e-01
4.621333333333333404e-01
4.669333333333333114e-01
4.647999999999999909e-01
4.581999999999999962e-01
4.650666666666666837e-01
4.634666666666666934e-01
4.638666666666666494e-01
4.674666666666666415e-01
4.639333333333333087e-01
4.638666666666666494e-01
4.673333333333333228e-01
4.632666666666666599e-01
4.674666666666666415e-01
4.651333333333333431e-01
4.666000000000000147e-01
4.682666666666666644e-01
4.623999999999999777e-01
4.691333333333333466e-01
4.657999999999999918e-01
4.668666666666666520e-01
4.704666666666666441e-01
4.661333333333333440e-01
4.681333333333333457e-01
4.671333333333333449e-01
4.699999999999999734e-01
4.693333333333333246e-01
4.711333333333333484e-01
4.681333333333333457e-01
4.727333333333333387e-01
4.678666666666666529e-01
4.712000000000000077e-01
4.709333333333333149e-01
4.698666666666666547e-01
4.725333333333333607e-01
4.717333333333333378e-01
4.730666666666666909e-01
4.694666666666666432e-01
4.736666666666666803e-01
4.712666666666666671e-01
4.700666666666666882e-01
4.706000000000000183e-01
4.748666666666666591e-01
4.721333333333333493e-01
4.688666666666666538e-01
4.734666666666666468e-01
4.714666666666666450e-01
4.730666666666666909e-01
4.726000000000000201e-01
4.727333333333333387e-01
4.726000000000000201e-01
4.717333333333333378e-01
4.766000000000000236e-01
4.719333333333333158e-01
4.744666666666666477e-01
4.697999999999999954e-01
4.711333333333333484e-01
4.770666666666666944e-01
4.780666666666666398e-01
4.747999999999999998e-01
4.756666666666666821e-01
4.734666666666666468e-01
4.717999999999999972e-01
4.783999999999999919e-01
4.709333333333333149e-01
4.755333333333333079e-01
4.799999999999999822e-01
4.789999999999999813e-01
4.779999999999999805e-01
4.786000000000000254e-01
4.792000000000000148e-01
4.797333333333333449e-01
4.766666666666666829e-01
4.769999999999999796e-01
4.789999999999999813e-01
4.749999999999999778e-01
4.763333333333333308e-01
4.806666666666666865e-01
4.758666666666666600e-01
4.782000000000000139e-01
4.738666666666666583e-01
4.786000000000000254e-01
4.774666666666666504e-01
4.806666666666666865e-01
4.828000000000000069e-01
4.797333333333333449e-01
4.813333333333333353e-01
4.818000000000000060e-01
4.807333333333333458e-01
4.822000000000000175e-01
4.820666666666666433e-01
4.796666666666666856e-01
4.798666666666666636e-01
4.799333333333333229e-01
4.808666666666666645e-01
4.804666666666666530e-01
4.800666666666666416e-01
4.817333333333333467e-01
4.784666666666666512e-01
4.799333333333333229e-01
4.841333333333333599e-01
4.825999999999999734e-01
4.809999999999999831e-01
4.854666666666666575e-01
4.855999999999999761e-01
4.848000000000000087e-01
4.817333333333333467e-01
4.796000000000000263e-01
4.825999999999999734e-01
4.860666666666666469e-01
4.836666666666666892e-01
4.862666666666666804e-01
4.858000000000000096e-01
4.841333333333333599e-01
4.835333333333333150e-01
4.841333333333333599e-01
4.841333333333333599e-01
4.820666666666666433e-01
4.876666666666666927e-01
4.839999999999999858e-01
4.861333333333333062e-01
4.883333333333333415e-01
4.835333333333333150e-01
4.838000000000000078e-01
4.858000000000000096e-01
4.899999999999999911e-01
4.883333333333333415e-01
4.859999999999999876e-01
4.848000000000000087e-01
4.870666666666666478e-01
4.873333333333333406e-01
4.858000000000000096e-01
4.868666666666666698e-01
4.898000000000000131e-01
4.875333333333333186e-01
4.855999999999999761e-01
4.915333333333333221e-01
4.862666666666666804e-01
4.883333333333333415e-01
4.858000000000000096e-01
4.893333333333333424e-01
4.889999999999999902e-01
4.906666666666666399e-01
4.903333333333333433e-01
4.863999999999999990e-01
4.871333333333333071e-01
4.885999999999999788e-01
4.884666666666666601e-01
4.872666666666666813e-01
4.897333333333333538e-01
4.946666666666666434e-01
4.921333333333333115e-01
4.909333333333333327e-01
4.918000000000000149e-01
4.931333333333333124e-01
4.925999999999999823e-01
4.912000000000000255e-01
4.907333333333333547e-01
4.914000000000000035e-01
4.927333333333333565e-01
4.924666666666666637e-01
4.924666666666666637e-01
4.907333333333333547e-01
4.895333333333333203e-01
4.884666666666666601e-01
4.928666666666666751e-01
4.904000000000000026e-01
4.935999999999999832e-01
4.907333333333333547e-01
4.934000000000000052e-01
4.958666666666666778e-01
4.942666666666666875e-01
4.929999999999999938e-01
4.931333333333333124e-01
4.929999999999999938e-01
4.951999999999999735e-01
4.925333333333333230e-01
4.942666666666666875e-01
4.959333333333333371e-01
4.958000000000000185e-01
4.961333333333333151e-01
4.972666666666666901e-01
4.975333333333333274e-01
4.964666666666666672e-01
4.974666666666666681e-01
4.912666666666666848e-01
4.962666666666666893e-01
4.932666666666666866e-01
4.955333333333333257e-01
4.925999999999999823e-01
4.964666666666666672e-01
4.938000000000000167e-01
4.944000000000000061e-01
4.984666666666666690e-01
4.943333333333333468e-01
4.966666666666666452e-01
4.971333333333333160e-01
4.977333333333333609e-01
4.938000000000000167e-01
5.005333333333333856e-01
4.983333333333333504e-01
4.965333333333333266e-01
5.001999999999999780e-01
4.975333333333333274e-01
4.981333333333333169e-01
4.967333333333333600e-01
4.986666666666666470e-01
5.006666666666667043e-01
4.989999999999999991e-01
4.984000000000000097e-01
4.933333333333333459e-01
4.996666666666666479e-01
4.968000000000000194e-01
4.961999999999999744e-01
5.030000000000000027e-01
4.992666666666666919e-01
4.968666666666666787e-01
4.982666666666666910e-01
5.016666666666667052e-01
4.971333333333333160e-01
4.995999999999999885e-01
5.049333333333333451e-01
5.000000000000000000e-01
5.000666666666666593e-01
5.030666666666666620e-01
5.011999999999999789e-01
5.026666666666667060e-01
4.995999999999999885e-01
5.008000000000000229e-01
5.008666666666666822e-01
4.998666666666666814e-01
5.012666666666666382e-01
5.042666666666666409e-01
4.989333333333333398e-01
5.031999999999999806e-01
5.020666666666666611e-01
5.008666666666666822e-01
4.999333333333333407e-01
5.021333333333333204e-01
5.066666666666667096e-01
5.011999999999999789e-01
5.023333333333332984e-01
5.040000000000000036e-01
4.995333333333333292e-01
5.043999999999999595e-01
5.043999999999999595e-01
5.007333333333333636e-01
5.016666666666667052e-01
5.030000000000000027e-01
4.994666666666666699e-01
5.053999999999999604e-01
5.051999999999999824e-01
5.006000000000000449e-01
5.000666666666666593e-01
5.016666666666667052e-01
5.076000000000000512e-01
5.056000000000000494e-01
5.053333333333333011e-01
5.063999999999999613e-01
5.046000000000000485e-01
5.043999999999999595e-01
5.021333333333333204e-01
5.041999999999999815e-01
4.987333333333333063e-01
5.043999999999999595e-01
5.079333333333333478e-01
5.030000000000000027e-01
5.020666666666666611e-01
5.050000000000000044e-01
5.083333333333333037e-01
5.046666666666667078e-01
5.056000000000000494e-01
5.051333333333333231e-01
5.079333333333333478e-01
5.076666666666667105e-01
5.069333333333333469e-01
5.060000000000000053e-01
5.063333333333333020e-01
5.097333333333333716e-01
5.010666666666666602e-01
5.073999999999999622e-01
5.047333333333333671e-01
5.023999999999999577e-01
5.091333333333333266e-01
5.069333333333333469e-01
5.041999999999999815e-01
5.063999999999999613e-01
5.057333333333333680e-01
5.108000000000000318e-01
5.062666666666666426e-01
5.090666666666666673e-01
5.097333333333333716e-01
5.116666666666667140e-01
5.101999999999999869e-01
5.096000000000000529e-01
5.071333333333333249e-01
5.092666666666666453e-01
5.103999999999999648e-01
5.079333333333333478e-01
5.116666666666667140e-01
5.093333333333333046e-01
5.067333333333333689e-01
5.081333333333333258e-01
5.108666666666666911e-01
5.066000000000000503e-01
5.063999999999999613e-01
5.083999999999999631e-01
5.075333333333332808e-01
5.094666666666666233e-01
5.135333333333332861e-01
5.073999999999999622e-01
5.080666666666666664e-01
5.111333333333333284e-01
5.079333333333333478e-01
5.090666666666666673e-01
5.072666666666666435e-01
5.092666666666666453e-01
5.100666666666666682e-01
5.116000000000000547e-01
5.115333333333332844e-01
5.084666666666666224e-01
5.113333333333333064e-01
5.105333333333332835e-01
5.090000000000000080e-01
5.118000000000000327e-01
5.101999999999999869e-01
5.124666666666666259e-01
5.111999999999999877e-01
5.124666666666666259e-01
5.107333333333333725e-01
5.157333333333333769e-01
5.103999999999999648e-01
5.122666666666666480e-01
5.118666666666666920e-01
5.114666666666666250e-01
5.127333333333333742e-01
5.151333333333333320e-01
5.127333333333333742e-01
5.103333333333333055e-01
5.108666666666666911e-01
5.140000000000000124e-01
5.156666666666667176e-01
5.130000000000000115e-01
5.113999999999999657e-01
5.142666666666666497e-01
5.145999999999999464e-01
5.110000000000000098e-01
5.131333333333333302e-01
5.135333333333332861e-01
5.158666666666666956e-01
5.155333333333332879e-01
5.183999999999999719e-01
5.137333333333333751e-01
5.148666666666666947e-01
5.160000000000000142e-01
5.125333333333332853e-01
5.140666666666666718e-01
5.161333333333333329e-01
5.133999999999999675e-01
5.144666666666666277e-01
5.142666666666666497e-01
5.141999999999999904e-01
5.151333333333333320e-01
5.158000000000000362e-01
5.153333333333333099e-01
5.150666666666666726e-01
5.180000000000000160e-01
5.210666666666666780e-01
5.140000000000000124e-01
5.140666666666666718e-01
5.129333333333333522e-01
5.163999999999999702e-01
5.161999999999999922e-01
5.157333333333333769e-01
5.162666666666666515e-01
5.171999999999999931e-01
5.161999999999999922e-01
5.158000000000000362e-01
5.198000000000000398e-01
5.157333333333333769e-01
5.159333333333333549e-01
5.151999999999999913e-01
5.153333333333333099e-01
5.153999999999999693e-01
5.144666666666666277e-01
5.164666666666666295e-01
5.131999999999999895e-01
5.165333333333332888e-01
5.106000000000000538e-01
5.180000000000000160e-01
5.173999999999999710e-01
5.138666666666666938e-01
5.180666666666666753e-01
5.181999999999999940e-01
5.170000000000000151e-01
5.235999999999999543e-01
5.214666666666666339e-01
5.191333333333333355e-01
5.178000000000000380e-01
5.194666666666666321e-01
5.167333333333333778e-01
5.189333333333333576e-01
5.193333333333333135e-01
5.155333333333332879e-01
5.199333333333333584e-01
5.200000000000000178e-01
5.208666666666667000e-01
5.172666666666666524e-01
5.181999999999999940e-01
5.198000000000000398e-01
5.221333333333333382e-01
5.200000000000000178e-01
5.210666666666666780e-01
5.192666666666666542e-01
5.191333333333333355e-01
5.213333333333333153e-01
5.175333333333332897e-01
5.187333333333333796e-01
5.198000000000000398e-01
5.211333333333333373e-01
5.208666666666667000e-01
5.188000000000000389e-01
5.178000000000000380e-01
5.195333333333332915e-01
5.207333333333333814e-01
5.215333333333332932e-01
5.202666666666666551e-01
5.163999999999999702e-01
5.181333333333333346e-01
5.210000000000000187e-01
5.201333333333333364e-01
5.225999999999999535e-01
5.238000000000000433e-01
5.195333333333332915e-01
5.221999999999999975e-01
5.203333333333333144e-01
5.225999999999999535e-01
5.230666666666666798e-01
5.198000000000000398e-01
5.253999999999999782e-01
5.233333333333333171e-01
5.219333333333333602e-01
5.220666666666666789e-01
5.231333333333333391e-01
5.210000000000000187e-01
5.222666666666666568e-01
5.223333333333333162e-01
5.228000000000000425e-01
5.205333333333332924e-01
5.201333333333333364e-01
5.223333333333333162e-01
5.227333333333333831e-01
5.241999999999999993e-01
5.251333333333333409e-01
5.258666666666667044e-01
5.270666666666666833e-01
5.227333333333333831e-01
5.237333333333333840e-01
5.239333333333333620e-01
5.210000000000000187e-01
5.225999999999999535e-01
5.210000000000000187e-01
5.191333333333333355e-01
5.225333333333332941e-01
5.247333333333333849e-01
5.221999999999999975e-01
5.272000000000000020e-01
5.275999999999999579e-01
5.245999999999999552e-01
5.260000000000000231e-01
5.263999999999999790e-01
5.250000000000000222e-01
5.228000000000000425e-01
5.205333333333332924e-01
5.259333333333333638e-01
5.266666666666666163e-01
5.264666666666666384e-01
5.251333333333333409e-01
5.250666666666666815e-01
5.217333333333333822e-01
5.241333333333333400e-01
5.265333333333332977e-01
5.248666666666667036e-01
5.232666666666666577e-01
5.250000000000000222e-01
5.289333333333333664e-01
5.278000000000000469e-01
5.238000000000000433e-01
5.248000000000000442e-01
5.268666666666667053e-01
5.266666666666666163e-01
5.281333333333333435e-01
5.186666666666667203e-01
5.318000000000000504e-01
5.278000000000000469e-01
5.274666666666666393e-01
5.273333333333333206e-01
5.254666666666666375e-01
5.285333333333332995e-01
5.297333333333332783e-01
5.287333333333333885e-01
5.245999999999999552e-01
5.270666666666666833e-01
5.303333333333333233e-01
5.261333333333333417e-01
5.251333333333333409e-01
5.302666666666666639e-01
5.253333333333333188e-01
5.253999999999999782e-01
5.295333333333333004e-01
5.299333333333333673e-01
5.248666666666667036e-01
5.280000000000000249e-01
5.329333333333333700e-01
5.288000000000000478e-01
5.287333333333333885e-01
5.226666666666666128e-01
5.302666666666666639e-01
5.289333333333333664e-01
5.270000000000000240e-01
5.312000000000000055e-01
5.282000000000000028e-01
5.288666666666667071e-01
5.287333333333333885e-01
5.285999999999999588e-01
5.274666666666666393e-01
5.291333333333333444e-01
5.293999999999999817e-01
5.318666666666667098e-01
5.322000000000000064e-01
5.291333333333333444e-01
5.299333333333333673e-01
5.292000000000000037e-01
5.287333333333333885e-01
5.283999999999999808e-01
5.285999999999999588e-01
5.285333333333332995e-01
5.309333333333333682e-01
5.310666666666666869e-01
5.310666666666666869e-01
5.317333333333332801e-01
5.272000000000000020e-01
5.294666666666666410e-01
5.302666666666666639e-01
5.311333333333333462e-01
5.316666666666666208e-01
5.247333333333333849e-01
5.299333333333333673e-01
5.313999999999999835e-01
5.292666666666666631e-01
5.315999999999999615e-01
5.318666666666667098e-01
5.298666666666667080e-01
5.316666666666666208e-01
5.290666666666666851e-01
5.342000000000000082e-01
5.301333333333333453e-01
5.310666666666666869e-01
5.330666666666666886e-01
5.305999999999999606e-01
5.306666666666666199e-01
5.290666666666666851e-01
5.278000000000000469e-01
5.293333333333333224e-01
5.288666666666667071e-01
5.314666666666666428e-01
5.314666666666666428e-01
5.371333333333333515e-01
5.317333333333332801e-01
5.313333333333333242e-01
5.290666666666666851e-01
5.292666666666666631e-01
5.335999999999999632e-01
5.310666666666666869e-01
5.325333333333333030e-01
5.340666666666666895e-01
5.334666666666666446e-01
5.319333333333333691e-01
5.293999999999999817e-01
5.329333333333333700e-01
5.325999999999999623e-01
5.291333333333333444e-01
5.309333333333333682e-01
5.336666666666666226e-01
5.342666666666666675e-01
5.315999999999999615e-01
5.335333333333333039e-01
5.348000000000000531e-01
5.305999999999999606e-01
5.324666666666666437e-01
5.341333333333333488e-01
5.365999999999999659e-01
5.329333333333333700e-01
5.335999999999999632e-01
5.323333333333333250e-01
5.339333333333333709e-01
5.338666666666667115e-01
5.341333333333333488e-01
5.355999999999999650e-01
5.346666666666666234e-01
5.323333333333333250e-01
5.380666666666666931e-01
5.338666666666667115e-01
5.312000000000000055e-01
5.361333333333333506e-01
5.362000000000000099e-01
5.345999999999999641e-01
5.342666666666666675e-01
5.347333333333332828e-01
5.380666666666666931e-01
5.323333333333333250e-01
5.339333333333333709e-01
5.349333333333333718e-01
5.336666666666666226e-01
5.381333333333333524e-01
5.310000000000000275e-01
5.343333333333333268e-01
5.382000000000000117e-01
5.359333333333333727e-01
5.346666666666666234e-01
5.360000000000000320e-01
5.362000000000000099e-01
5.356666666666666243e-01
5.327333333333332810e-01
5.385333333333333083e-01
5.364666666666666472e-01
5.362000000000000099e-01
5.390666666666666940e-01
5.399333333333333762e-01
5.340666666666666895e-01
5.318000000000000504e-01
5.348000000000000531e-01
5.378666666666667151e-01
5.362000000000000099e-01
5.395333333333333092e-01
5.401333333333333542e-01
5.388666666666667160e-01
5.377333333333332854e-01
5.342666666666666675e-01
5.363999999999999879e-01
5.342000000000000082e-01
5.363999999999999879e-01
5.368000000000000549e-01
5.363333333333333286e-01
