4.302666666666666861e-01
4.267333333333333534e-01
4.315333333333333243e-01
4.302000000000000268e-01
4.309333333333333349e-01
4.296666666666666412e-01
4.315999999999999837e-01
4.310666666666666536e-01
4.354666666666666686e-01
4.309333333333333349e-01
4.325333333333333252e-01
4.341999999999999749e-01
4.335999999999999854e-01
4.326666666666666439e-01
4.334666666666666668e-01
4.319999999999999951e-01
4.344000000000000083e-01
4.363333333333333508e-01
4.351999999999999758e-01
4.344666666666666677e-01
4.368666666666666809e-01
4.338666666666666782e-01
4.364666666666666694e-01
4.364000000000000101e-01
4.349999999999999978e-01
4.379333333333333411e-01
4.359999999999999987e-01
4.371999999999999775e-01
4.384666666666666712e-01
4.391999999999999793e-01
4.401999999999999802e-01
4.374666666666666703e-01
4.396666666666666501e-01
4.378000000000000225e-01
4.432666666666666422e-01
4.425333333333333341e-01
4.450000000000000067e-01
4.425999999999999934e-01
4.395333333333333314e-01
4.401999999999999802e-01
4.416666666666666519e-01
4.387333333333333085e-01
4.445333333333333359e-01
4.437999999999999723e-01
4.449333333333333473e-01
4.445999999999999952e-01
4.464666666666666783e-01
4.454666666666666774e-01
4.448666666666666880e-01
4.443333333333333579e-01
4.461999999999999855e-01
4.451999999999999846e-01
4.449333333333333473e-01
4.466666666666666563e-01
4.470666666666666678e-01
4.455999999999999961e-01
4.424000000000000155e-01
4.490000000000000102e-01
4.497999999999999776e-01
4.479333333333333500e-01
4.477999999999999758e-01
4.507333333333333192e-01
4.494666666666666810e-01
4.487333333333333174e-01
4.509333333333333527e-01
4.497333333333333183e-01
4.534666666666666845e-01
4.480666666666666687e-01
4.504000000000000226e-01
4.499333333333333518e-01
4.509333333333333527e-01
4.517999999999999794e-01
4.474666666666666792e-01
4.519333333333333536e-01
4.511333333333333306e-01
4.451333333333333253e-01
4.529333333333333544e-01
4.514000000000000234e-01
4.471999999999999864e-01
4.508666666666666933e-01
4.537333333333333218e-01
4.515333333333333421e-01
4.530666666666666731e-01
4.532666666666666511e-01
4.570666666666666766e-01
4.536666666666666625e-01
4.548666666666666414e-01
4.535333333333333439e-01
4.575333333333333474e-01
4.575333333333333474e-01
4.500666666666666704e-01
4.575333333333333474e-01
4.543333333333333113e-01
4.557333333333333236e-01
4.591999999999999971e-01
4.560666666666666758e-01
4.551999999999999935e-01
4.587999999999999856e-01
4.554000000000000270e-01
4.593999999999999750e-01
4.570666666666666766e-01
4.583333333333333148e-01
4.611999999999999988e-01
4.553333333333333122e-01
4.600000000000000200e-01
4.579333333333333589e-01
4.602666666666666573e-01
4.623999999999999777e-01
4.578666666666666440e-01
4.608666666666666467e-01
4.609333333333333060e-01
4.613999999999999768e-01
4.611333333333333395e-01
4.632000000000000006e-01
4.600666666666666793e-01
4.653333333333333210e-01
4.611333333333333395e-01
4.632666666666666599e-01
4.643333333333333202e-01
4.636000000000000121e-01
4.653333333333333210e-01
4.658666666666666512e-01
4.678666666666666529e-01
4.622666666666666591e-01
4.663333333333333219e-01
4.637333333333333307e-01
4.642666666666666608e-01
4.646666666666666723e-01
4.677999999999999936e-01
4.662000000000000033e-01
4.639333333333333087e-01
4.662000000000000033e-01
4.663999999999999813e-01
4.672666666666666635e-01
4.669333333333333114e-01
4.658666666666666512e-01
4.659333333333333105e-01
4.652000000000000024e-01
4.698666666666666547e-01
4.660666666666666846e-01
4.687999999999999945e-01
4.634666666666666934e-01
4.646666666666666723e-01
4.718666666666666565e-01
4.720666666666666900e-01
4.680000000000000271e-01
4.710666666666666891e-01
4.675333333333333563e-01
4.662000000000000033e-01
4.719999999999999751e-01
4.660666666666666846e-01
4.681333333333333457e-01
4.730666666666666909e-01
4.736000000000000210e-01
4.718666666666666565e-01
4.729333333333333167e-01
4.744666666666666477e-01
4.742666666666666697e-01
4.707999999999999963e-01
4.713999999999999857e-01
4.733333333333333282e-01
4.692666666666666653e-01
4.697333333333333361e-01
4.746000000000000218e-01
4.712000000000000077e-01
4.722000000000000086e-01
4.684666666666666424e-01
4.738666666666666583e-01
4.717999999999999972e-01
4.747333333333333405e-01
4.763333333333333308e-01
4.749333333333333185e-01
4.755333333333333079e-01
4.759999999999999787e-01
4.747999999999999998e-01
4.758000000000000007e-01
4.770666666666666944e-01
4.751333333333333520e-01
4.748666666666666591e-01
4.737333333333333396e-01
4.760666666666666935e-01
4.756666666666666821e-01
4.747999999999999998e-01
4.767333333333333423e-01
4.732000000000000095e-01
4.751333333333333520e-01
4.779333333333333211e-01
4.762000000000000122e-01
4.756000000000000227e-01
4.807333333333333458e-01
4.793333333333333335e-01
4.795333333333333115e-01
4.767333333333333423e-01
4.746666666666666812e-01
4.781333333333333546e-01
4.806000000000000272e-01
4.789333333333333220e-01
4.816666666666666874e-01
4.808666666666666645e-01
4.779999999999999805e-01
4.781333333333333546e-01
4.792666666666666742e-01
4.793999999999999928e-01
4.765333333333333088e-01
4.830666666666666442e-01
4.789333333333333220e-01
4.814666666666666539e-01
4.823333333333333361e-01
4.781333333333333546e-01
4.793999999999999928e-01
4.805333333333333123e-01
4.862000000000000210e-01
4.826666666666666883e-01
4.812000000000000166e-01
4.811333333333333573e-01
4.821333333333333582e-01
4.826666666666666883e-01
4.801333333333333564e-01
4.824666666666666548e-01
4.846666666666666901e-01
4.829999999999999849e-01
4.805333333333333123e-01
4.870666666666666478e-01
4.828666666666666663e-01
4.837333333333333485e-01
4.814666666666666539e-01
4.837333333333333485e-01
4.850666666666666460e-01
4.870666666666666478e-01
4.871333333333333071e-01
4.821333333333333582e-01
4.823999999999999955e-01
4.848000000000000087e-01
4.830666666666666442e-01
4.835999999999999743e-01
4.857333333333333503e-01
4.902666666666666839e-01
4.882000000000000228e-01
4.869999999999999885e-01
4.877333333333333520e-01
4.891333333333333089e-01
4.889333333333333309e-01
4.863999999999999990e-01
4.862666666666666804e-01
4.869999999999999885e-01
4.875999999999999779e-01
4.885333333333333194e-01
4.882000000000000228e-01
4.875999999999999779e-01
4.847333333333333494e-01
4.844666666666666566e-01
4.889999999999999902e-01
4.868000000000000105e-01
4.888000000000000123e-01
4.865999999999999770e-01
4.892000000000000237e-01
4.925999999999999823e-01
4.902000000000000246e-01
4.892000000000000237e-01
4.892000000000000237e-01
4.903333333333333433e-01
4.910666666666666513e-01
4.898666666666666725e-01
4.909333333333333327e-01
4.925333333333333230e-01
4.918666666666666742e-01
4.919999999999999929e-01
4.942666666666666875e-01
4.939999999999999947e-01
4.924000000000000044e-01
4.925999999999999823e-01
4.877333333333333520e-01
4.934666666666666646e-01
4.885999999999999788e-01
4.914000000000000035e-01
4.884000000000000008e-01
4.934666666666666646e-01
4.901333333333333098e-01
4.914000000000000035e-01
4.953333333333333477e-01
4.905333333333333212e-01
4.926666666666666416e-01
4.934666666666666646e-01
4.936666666666666425e-01
4.902666666666666839e-01
4.958666666666666778e-01
4.945999999999999841e-01
4.938000000000000167e-01
4.965999999999999859e-01
4.939999999999999947e-01
4.933333333333333459e-01
4.921333333333333115e-01
4.949333333333333362e-01
4.964666666666666672e-01
4.948000000000000176e-01
4.941999999999999726e-01
4.892000000000000237e-01
4.969333333333333380e-01
4.929333333333333345e-01
4.920666666666666522e-01
4.995999999999999885e-01
4.946666666666666434e-01
4.938666666666666760e-01
4.951999999999999735e-01
4.978000000000000203e-01
4.927333333333333565e-01
4.965333333333333266e-01
5.014666666666666162e-01
4.974666666666666681e-01
4.967333333333333600e-01
4.997333333333333072e-01
4.980666666666666575e-01
4.982666666666666910e-01
4.966666666666666452e-01
4.963333333333333486e-01
4.969333333333333380e-01
4.965333333333333266e-01
4.965333333333333266e-01
5.003333333333332966e-01
4.955333333333333257e-01
4.991333333333333178e-01
4.978000000000000203e-01
4.973333333333333495e-01
4.975333333333333274e-01
4.980666666666666575e-01
5.028000000000000247e-01
4.976666666666666461e-01
4.981999999999999762e-01
5.003999999999999559e-01
4.964666666666666672e-01
5.007333333333333636e-01
5.016666666666667052e-01
4.973333333333333495e-01
4.984666666666666690e-01
5.005333333333333856e-01
4.959333333333333371e-01
5.014666666666666162e-01
5.013333333333332975e-01
4.974666666666666681e-01
4.979999999999999982e-01
4.981333333333333169e-01
5.045333333333332781e-01
5.022666666666666391e-01
5.021999999999999797e-01
5.031333333333333213e-01
5.003999999999999559e-01
5.004666666666666153e-01
4.985333333333333283e-01
5.026000000000000467e-01
4.954666666666666663e-01
5.013333333333332975e-01
5.049333333333333451e-01
5.002666666666666373e-01
5.001333333333333186e-01
5.026000000000000467e-01
5.051999999999999824e-01
5.023333333333332984e-01
5.020000000000000018e-01
5.016666666666667052e-01
5.046666666666667078e-01
5.040000000000000036e-01
5.037333333333333663e-01
5.028666666666666840e-01
5.027333333333333654e-01
5.071333333333333249e-01
4.979333333333333389e-01
5.040000000000000036e-01
5.012666666666666382e-01
4.992666666666666919e-01
5.061333333333333240e-01
5.034666666666666179e-01
5.011999999999999789e-01
5.031999999999999806e-01
5.026666666666667060e-01
5.074666666666666215e-01
5.029333333333333433e-01
5.059333333333333460e-01
5.060666666666666647e-01
5.094666666666666233e-01
5.076666666666667105e-01
5.065333333333332799e-01
5.040000000000000036e-01
5.066000000000000503e-01
5.067333333333333689e-01
5.043999999999999595e-01
5.076666666666667105e-01
5.061333333333333240e-01
5.044666666666666188e-01
5.046000000000000485e-01
5.076000000000000512e-01
5.046000000000000485e-01
5.038000000000000256e-01
5.053333333333333011e-01
5.049333333333333451e-01
5.073333333333333028e-01
5.108000000000000318e-01
5.049333333333333451e-01
5.049333333333333451e-01
5.088000000000000300e-01
5.049333333333333451e-01
5.060666666666666647e-01
5.041333333333333222e-01
5.059333333333333460e-01
5.073333333333333028e-01
5.090666666666666673e-01
5.088666666666666893e-01
5.071999999999999842e-01
5.095333333333332826e-01
5.077333333333333698e-01
5.066000000000000503e-01
5.100000000000000089e-01
5.088666666666666893e-01
5.108666666666666911e-01
5.071999999999999842e-01
5.098666666666666902e-01
5.075333333333332808e-01
5.118000000000000327e-01
5.076000000000000512e-01
5.101333333333333275e-01
5.095333333333332826e-01
5.083333333333333037e-01
5.098000000000000309e-01
5.127333333333333742e-01
5.101999999999999869e-01
5.079333333333333478e-01
5.093333333333333046e-01
5.103999999999999648e-01
5.130666666666666709e-01
5.106666666666667131e-01
5.090000000000000080e-01
5.122666666666666480e-01
5.128000000000000336e-01
5.080666666666666664e-01
5.097333333333333716e-01
5.113333333333333064e-01
5.130666666666666709e-01
5.121999999999999886e-01
5.153999999999999693e-01
5.117333333333333734e-01
5.117333333333333734e-01
5.141999999999999904e-01
5.102666666666666462e-01
5.114666666666666250e-01
5.142666666666666497e-01
5.116000000000000547e-01
5.122666666666666480e-01
5.118000000000000327e-01
5.110666666666666691e-01
5.124666666666666259e-01
5.131999999999999895e-01
5.131999999999999895e-01
5.115333333333332844e-01
5.156666666666667176e-01
5.181999999999999940e-01
5.124666666666666259e-01
5.116000000000000547e-01
5.108000000000000318e-01
5.139333333333333531e-01
5.131999999999999895e-01
5.135333333333332861e-01
5.141333333333333311e-01
5.140000000000000124e-01
5.136666666666667158e-01
5.139333333333333531e-01
5.173333333333333117e-01
5.133333333333333082e-01
5.135999999999999455e-01
5.133999999999999675e-01
5.128666666666666929e-01
5.125999999999999446e-01
5.119333333333333513e-01
5.129333333333333522e-01
5.106666666666667131e-01
5.145333333333332870e-01
5.083999999999999631e-01
5.157333333333333769e-01
5.151999999999999913e-01
5.108000000000000318e-01
5.156666666666667176e-01
5.154666666666666286e-01
5.147333333333333760e-01
5.201999999999999957e-01
5.185999999999999499e-01
5.164666666666666295e-01
5.149333333333333540e-01
5.165999999999999481e-01
5.134666666666666268e-01
5.164666666666666295e-01
5.160666666666666735e-01
5.124666666666666259e-01
5.167333333333333778e-01
5.167333333333333778e-01
5.175333333333332897e-01
5.138000000000000345e-01
5.160666666666666735e-01
5.162666666666666515e-01
5.190000000000000169e-01
5.170000000000000151e-01
5.175333333333332897e-01
5.160666666666666735e-01
5.159333333333333549e-01
5.188000000000000389e-01
5.142666666666666497e-01
5.167333333333333778e-01
5.175333333333332897e-01
5.173333333333333117e-01
5.181333333333333346e-01
5.161333333333333329e-01
5.153999999999999693e-01
5.166666666666667185e-01
5.177333333333333787e-01
5.193999999999999728e-01
5.168666666666666965e-01
5.149333333333333540e-01
5.159333333333333549e-01
5.185333333333332906e-01
5.175999999999999490e-01
5.204666666666666330e-01
5.220000000000000195e-01
5.173333333333333117e-01
5.194666666666666321e-01
5.191333333333333355e-01
5.201333333333333364e-01
5.199333333333333584e-01
5.183999999999999719e-01
5.235333333333332950e-01
5.208000000000000407e-01
5.185333333333332906e-01
5.192666666666666542e-01
5.211333333333333373e-01
5.182666666666666533e-01
5.202666666666666551e-01
5.196666666666667211e-01
5.203333333333333144e-01
5.184666666666666313e-01
5.173999999999999710e-01
5.200666666666666771e-01
5.198000000000000398e-01
5.213999999999999746e-01
5.227333333333333831e-01
5.238000000000000433e-01
5.248666666666667036e-01
5.206666666666667220e-01
5.213333333333333153e-01
5.219333333333333602e-01
5.180666666666666753e-01
5.206666666666667220e-01
5.186666666666667203e-01
5.170000000000000151e-01
5.205999999999999517e-01
5.222666666666666568e-01
5.191333333333333355e-01
5.252000000000000002e-01
5.251333333333333409e-01
5.225333333333332941e-01
5.238666666666667027e-01
5.243333333333333179e-01
5.225999999999999535e-01
5.210000000000000187e-01
5.181333333333333346e-01
5.229333333333333611e-01
5.246666666666666146e-01
5.239333333333333620e-01
5.229333333333333611e-01
5.228000000000000425e-01
5.200000000000000178e-01
5.223999999999999755e-01
5.240666666666666806e-01
5.233333333333333171e-01
5.215333333333332932e-01
5.228666666666667018e-01
5.271333333333333426e-01
5.260000000000000231e-01
5.212666666666666559e-01
5.231999999999999984e-01
5.247333333333333849e-01
5.248666666666667036e-01
5.251333333333333409e-01
5.166666666666667185e-01
5.295999999999999597e-01
5.253333333333333188e-01
5.248000000000000442e-01
5.253333333333333188e-01
5.222666666666666568e-01
5.250666666666666815e-01
5.273333333333333206e-01
5.258666666666667044e-01
5.221333333333333382e-01
5.242666666666666586e-01
5.270000000000000240e-01
5.230000000000000204e-01
5.230000000000000204e-01
5.278666666666667062e-01
5.225999999999999535e-01
5.231333333333333391e-01
5.273333333333333206e-01
5.271333333333333426e-01
5.220666666666666789e-01
5.256666666666666154e-01
5.301333333333333453e-01
5.263999999999999790e-01
5.270000000000000240e-01
5.208666666666667000e-01
5.278000000000000469e-01
5.259333333333333638e-01
5.250000000000000222e-01
5.289333333333333664e-01
5.262000000000000011e-01
5.263999999999999790e-01
5.260666666666666824e-01
5.264666666666666384e-01
5.255333333333332968e-01
5.255999999999999561e-01
5.267333333333333867e-01
5.299333333333333673e-01
5.299333333333333673e-01
5.270000000000000240e-01
5.273999999999999799e-01
5.259333333333333638e-01
5.261333333333333417e-01
5.255333333333332968e-01
5.260666666666666824e-01
5.252666666666666595e-01
5.277333333333333876e-01
5.292666666666666631e-01
5.285999999999999588e-01
5.290000000000000258e-01
5.253333333333333188e-01
5.275999999999999579e-01
5.279333333333333655e-01
5.291333333333333444e-01
5.290000000000000258e-01
5.216666666666666119e-01
5.272666666666666613e-01
5.288666666666667071e-01
5.272000000000000020e-01
5.288000000000000478e-01
5.301333333333333453e-01
5.277333333333333876e-01
5.294666666666666410e-01
5.262000000000000011e-01
5.323999999999999844e-01
5.284666666666666401e-01
5.283333333333333215e-01
5.313333333333333242e-01
5.281333333333333435e-01
5.286666666666666181e-01
5.258666666666667044e-01
5.262000000000000011e-01
5.276666666666666172e-01
5.268666666666667053e-01
5.291333333333333444e-01
5.298666666666667080e-01
5.352000000000000091e-01
5.295999999999999597e-01
5.283999999999999808e-01
5.270666666666666833e-01
5.272666666666666613e-01
5.325333333333333030e-01
5.294666666666666410e-01
5.301333333333333453e-01
5.324666666666666437e-01
5.313999999999999835e-01
5.305999999999999606e-01
5.278000000000000469e-01
5.313333333333333242e-01
5.305333333333333012e-01
5.279333333333333655e-01
5.291333333333333444e-01
5.319333333333333691e-01
5.323999999999999844e-01
5.298000000000000487e-01
5.319333333333333691e-01
5.331333333333333480e-01
5.295999999999999597e-01
5.301333333333333453e-01
5.322666666666666657e-01
5.340666666666666895e-01
5.310666666666666869e-01
5.313333333333333242e-01
5.305999999999999606e-01
5.315999999999999615e-01
5.324666666666666437e-01
5.323999999999999844e-01
5.343333333333333268e-01
5.333333333333333259e-01
5.299333333333333673e-01
5.362666666666666693e-01
5.321333333333333471e-01
5.296666666666666190e-01
5.346666666666666234e-01
5.349333333333333718e-01
5.330000000000000293e-01
5.325999999999999623e-01
5.333333333333333259e-01
5.358666666666667133e-01
5.301333333333333453e-01
5.318666666666667098e-01
5.330666666666666886e-01
5.310000000000000275e-01
5.352666666666666684e-01
5.294666666666666410e-01
5.320666666666666877e-01
5.365999999999999659e-01
5.342666666666666675e-01
5.333999999999999853e-01
5.347333333333332828e-01
5.343999999999999861e-01
5.331333333333333480e-01
5.312666666666666648e-01
5.370000000000000329e-01
5.343333333333333268e-01
5.346666666666666234e-01
5.363999999999999879e-01
5.371333333333333515e-01
5.313999999999999835e-01
5.306666666666666199e-01
5.328666666666667107e-01
5.361333333333333506e-01
5.347333333333332828e-01
5.372666666666666702e-01
5.386666666666666270e-01
5.379333333333333744e-01
5.353999999999999870e-01
5.318000000000000504e-01
5.355333333333333057e-01
5.320000000000000284e-01
5.344666666666666455e-01
5.342000000000000082e-01
5.342666666666666675e-01
