4.427333333333333121e-01
4.387333333333333085e-01
4.422666666666666413e-01
4.425999999999999934e-01
4.421999999999999820e-01
4.415999999999999925e-01
4.427333333333333121e-01
4.440000000000000058e-01
4.455999999999999961e-01
4.417333333333333112e-01
4.428000000000000269e-01
4.463333333333333597e-01
4.445333333333333359e-01
4.430000000000000049e-01
4.447333333333333139e-01
4.430666666666666642e-01
4.451333333333333253e-01
4.475999999999999979e-01
4.459333333333333482e-01
4.455333333333333368e-01
4.482666666666666466e-01
4.441999999999999837e-01
4.484000000000000208e-01
4.480000000000000093e-01
4.463333333333333597e-01
4.486666666666666581e-01
4.471999999999999864e-01
4.473333333333333606e-01
4.494000000000000217e-01
4.487999999999999767e-01
4.501999999999999891e-01
4.483333333333333059e-01
4.495333333333333403e-01
4.474000000000000199e-01
4.544000000000000261e-01
4.522666666666666502e-01
4.546000000000000041e-01
4.527999999999999803e-01
4.495999999999999996e-01
4.509333333333333527e-01
4.516666666666666607e-01
4.481333333333333280e-01
4.541999999999999926e-01
4.526666666666666616e-01
4.531999999999999917e-01
4.560666666666666758e-01
4.558666666666666423e-01
4.550000000000000155e-01
4.537999999999999812e-01
4.547999999999999821e-01
4.566666666666666652e-01
4.548666666666666414e-01
4.549333333333333562e-01
4.556666666666666643e-01
4.557999999999999829e-01
4.552666666666666528e-01
4.523333333333333095e-01
4.585333333333333483e-01
4.577333333333333254e-01
4.578666666666666440e-01
4.581333333333333369e-01
4.591333333333333377e-01
4.575333333333333474e-01
4.576666666666666661e-01
4.593999999999999750e-01
4.575333333333333474e-01
4.626666666666666705e-01
4.580666666666666775e-01
4.595333333333333492e-01
4.581999999999999962e-01
4.606000000000000094e-01
4.606000000000000094e-01
4.574666666666666881e-01
4.602666666666666573e-01
4.580000000000000182e-01
4.541999999999999926e-01
4.610666666666666802e-01
4.600666666666666793e-01
4.557333333333333236e-01
4.590000000000000191e-01
4.630000000000000226e-01
4.606000000000000094e-01
4.611999999999999988e-01
4.607333333333333281e-01
4.643999999999999795e-01
4.610666666666666802e-01
4.624666666666666925e-01
4.616666666666666696e-01
4.669333333333333114e-01
4.646000000000000130e-01
4.580666666666666775e-01
4.650000000000000244e-01
4.633333333333333193e-01
4.635333333333333528e-01
4.672000000000000042e-01
4.638666666666666494e-01
4.634666666666666934e-01
4.672666666666666635e-01
4.629333333333333078e-01
4.672666666666666635e-01
4.649333333333333096e-01
4.666666666666666741e-01
4.677999999999999936e-01
4.622666666666666591e-01
4.689333333333333131e-01
4.655333333333333545e-01
4.667999999999999927e-01
4.703333333333333255e-01
4.661333333333333440e-01
4.680000000000000271e-01
4.672000000000000042e-01
4.697333333333333361e-01
4.689999999999999725e-01
4.707999999999999963e-01
4.681333333333333457e-01
4.726000000000000201e-01
4.676666666666666750e-01
4.709999999999999742e-01
4.711333333333333484e-01
4.695333333333333581e-01
4.722000000000000086e-01
4.716000000000000192e-01
4.731333333333333502e-01
4.691333333333333466e-01
4.733333333333333282e-01
4.713333333333333264e-01
4.702000000000000068e-01
4.706000000000000183e-01
4.746000000000000218e-01
4.719999999999999751e-01
4.687999999999999945e-01
4.734666666666666468e-01
4.720666666666666900e-01
4.730666666666666909e-01
4.724666666666666459e-01
4.728666666666666574e-01
4.723333333333333273e-01
4.715333333333333599e-01
4.762666666666666715e-01
4.717333333333333378e-01
4.747333333333333405e-01
4.698666666666666547e-01
4.709999999999999742e-01
4.766000000000000236e-01
4.779333333333333211e-01
4.747333333333333405e-01
4.754666666666666486e-01
4.732000000000000095e-01
4.716000000000000192e-01
4.781333333333333546e-01
4.705333333333333590e-01
4.752000000000000113e-01
4.796666666666666856e-01
4.789999999999999813e-01
4.779333333333333211e-01
4.786000000000000254e-01
4.789333333333333220e-01
4.795333333333333115e-01
4.767333333333333423e-01
4.769999999999999796e-01
4.788000000000000034e-01
4.749333333333333185e-01
4.764666666666666495e-01
4.806666666666666865e-01
4.759999999999999787e-01
4.778666666666666618e-01
4.736000000000000210e-01
4.787333333333333441e-01
4.771333333333333537e-01
4.804666666666666530e-01
4.823999999999999955e-01
4.796666666666666856e-01
4.811333333333333573e-01
4.818000000000000060e-01
4.806000000000000272e-01
4.821333333333333582e-01
4.820666666666666433e-01
4.798666666666666636e-01
4.796666666666666856e-01
4.797333333333333449e-01
4.809333333333333238e-01
4.805333333333333123e-01
4.798666666666666636e-01
4.815333333333333132e-01
4.786666666666666847e-01
4.796666666666666856e-01
4.838000000000000078e-01
4.825333333333333141e-01
4.808000000000000052e-01
4.854666666666666575e-01
4.852666666666666795e-01
4.843999999999999972e-01
4.817333333333333467e-01
4.795333333333333115e-01
4.825999999999999734e-01
4.858000000000000096e-01
4.835333333333333150e-01
4.859999999999999876e-01
4.858666666666666689e-01
4.841333333333333599e-01
4.832000000000000184e-01
4.843333333333333379e-01
4.842666666666666786e-01
4.821333333333333582e-01
4.873999999999999999e-01
4.838000000000000078e-01
4.860666666666666469e-01
4.884666666666666601e-01
4.835333333333333150e-01
4.835333333333333150e-01
4.855999999999999761e-01
4.900666666666666504e-01
4.880666666666666487e-01
4.858666666666666689e-01
4.849999999999999867e-01
4.868000000000000105e-01
4.873999999999999999e-01
4.856666666666666909e-01
4.866666666666666918e-01
4.895999999999999797e-01
4.874666666666666592e-01
4.857333333333333503e-01
4.913333333333333441e-01
4.862000000000000210e-01
4.883333333333333415e-01
4.857333333333333503e-01
4.892666666666666830e-01
4.887333333333333529e-01
4.909999999999999920e-01
4.905999999999999805e-01
4.861333333333333062e-01
4.872000000000000219e-01
4.885333333333333194e-01
4.881333333333333080e-01
4.873999999999999999e-01
4.895333333333333203e-01
4.945999999999999841e-01
4.922666666666666857e-01
4.908666666666666734e-01
4.916666666666666408e-01
4.928000000000000158e-01
4.924000000000000044e-01
4.911333333333333107e-01
4.908666666666666734e-01
4.914000000000000035e-01
4.927333333333333565e-01
4.924000000000000044e-01
4.923333333333333450e-01
4.908000000000000140e-01
4.894666666666666610e-01
4.882666666666666822e-01
4.928000000000000158e-01
4.904000000000000026e-01
4.935333333333333239e-01
4.909333333333333327e-01
4.932666666666666866e-01
4.956666666666666443e-01
4.941999999999999726e-01
4.929999999999999938e-01
4.932000000000000273e-01
4.928000000000000158e-01
4.948666666666666769e-01
4.922666666666666857e-01
4.940666666666666540e-01
4.959333333333333371e-01
4.959333333333333371e-01
4.961333333333333151e-01
4.971999999999999753e-01
4.974000000000000088e-01
4.964666666666666672e-01
4.974000000000000088e-01
4.912000000000000255e-01
4.962666666666666893e-01
4.932666666666666866e-01
4.954000000000000070e-01
4.925999999999999823e-01
4.962666666666666893e-01
4.938666666666666760e-01
4.945333333333333248e-01
4.984000000000000097e-01
4.943333333333333468e-01
4.964666666666666672e-01
4.969999999999999973e-01
4.977333333333333609e-01
4.935999999999999832e-01
5.004666666666666153e-01
4.984000000000000097e-01
4.964666666666666672e-01
4.999333333333333407e-01
4.974000000000000088e-01
4.979999999999999982e-01
4.966666666666666452e-01
4.984666666666666690e-01
5.004666666666666153e-01
4.988666666666666805e-01
4.981999999999999762e-01
4.934000000000000052e-01
4.995999999999999885e-01
4.967333333333333600e-01
4.961333333333333151e-01
5.029333333333333433e-01
4.991333333333333178e-01
4.965999999999999859e-01
4.981999999999999762e-01
5.015333333333333865e-01
4.971999999999999753e-01
4.995333333333333292e-01
5.050000000000000044e-01
5.000666666666666593e-01
5.002666666666666373e-01
5.029333333333333433e-01
5.013333333333332975e-01
5.026666666666667060e-01
4.995333333333333292e-01
5.006000000000000449e-01
5.005333333333333856e-01
4.994666666666666699e-01
5.012666666666666382e-01
5.041999999999999815e-01
4.988000000000000211e-01
5.031333333333333213e-01
5.022666666666666391e-01
5.002666666666666373e-01
4.998000000000000220e-01
5.020000000000000018e-01
5.063999999999999613e-01
5.011333333333333195e-01
5.021333333333333204e-01
5.038000000000000256e-01
4.994666666666666699e-01
5.043999999999999595e-01
5.043333333333333002e-01
5.007333333333333636e-01
5.016000000000000458e-01
5.030000000000000027e-01
4.995333333333333292e-01
5.053999999999999604e-01
5.050666666666666638e-01
5.006666666666667043e-01
5.000000000000000000e-01
5.015333333333333865e-01
5.073999999999999622e-01
5.057333333333333680e-01
5.052666666666666417e-01
5.063999999999999613e-01
5.043999999999999595e-01
5.043999999999999595e-01
5.022666666666666391e-01
5.043999999999999595e-01
4.985999999999999877e-01
5.043999999999999595e-01
5.077333333333333698e-01
5.030666666666666620e-01
5.021333333333333204e-01
5.051333333333333231e-01
5.083333333333333037e-01
5.047333333333333671e-01
5.053999999999999604e-01
5.048666666666666858e-01
5.078666666666666885e-01
5.075333333333332808e-01
5.068666666666666876e-01
5.058000000000000274e-01
5.061333333333333240e-01
5.095333333333332826e-01
5.011333333333333195e-01
5.074666666666666215e-01
5.044666666666666188e-01
5.023999999999999577e-01
5.089333333333333487e-01
5.070666666666666655e-01
5.038666666666666849e-01
5.064666666666666206e-01
5.056000000000000494e-01
5.104666666666666242e-01
5.061999999999999833e-01
5.088666666666666893e-01
5.096666666666667123e-01
5.117333333333333734e-01
5.100666666666666682e-01
5.094666666666666233e-01
5.068666666666666876e-01
5.091999999999999860e-01
5.101333333333333275e-01
5.078666666666666885e-01
5.114666666666666250e-01
5.092666666666666453e-01
5.067333333333333689e-01
5.080666666666666664e-01
5.108000000000000318e-01
5.062666666666666426e-01
5.063333333333333020e-01
5.082666666666666444e-01
5.072666666666666435e-01
5.093333333333333046e-01
5.133333333333333082e-01
5.075333333333332808e-01
5.081999999999999851e-01
5.111999999999999877e-01
5.078666666666666885e-01
5.090666666666666673e-01
5.071333333333333249e-01
5.092666666666666453e-01
5.100666666666666682e-01
5.115333333333332844e-01
5.115333333333332844e-01
5.086000000000000520e-01
5.113333333333333064e-01
5.105333333333332835e-01
5.088000000000000300e-01
5.118000000000000327e-01
5.100666666666666682e-01
5.124666666666666259e-01
5.108000000000000318e-01
5.121999999999999886e-01
5.106666666666667131e-01
5.158666666666666956e-01
5.104666666666666242e-01
5.121999999999999886e-01
5.117333333333333734e-01
5.113333333333333064e-01
5.127333333333333742e-01
5.151999999999999913e-01
5.126666666666667149e-01
5.101999999999999869e-01
5.108000000000000318e-01
5.138666666666666938e-01
5.156666666666667176e-01
5.128666666666666929e-01
5.116000000000000547e-01
5.140666666666666718e-01
5.144666666666666277e-01
5.108666666666666911e-01
5.130000000000000115e-01
5.133999999999999675e-01
5.158000000000000362e-01
5.154666666666666286e-01
5.183333333333333126e-01
5.136666666666667158e-01
5.148666666666666947e-01
5.160666666666666735e-01
5.125999999999999446e-01
5.140000000000000124e-01
5.161999999999999922e-01
5.133333333333333082e-01
5.144666666666666277e-01
5.140000000000000124e-01
5.141999999999999904e-01
5.149333333333333540e-01
5.155333333333332879e-01
5.154666666666666286e-01
5.147333333333333760e-01
5.179333333333333567e-01
5.208000000000000407e-01
5.140666666666666718e-01
5.140000000000000124e-01
5.129333333333333522e-01
5.163333333333333108e-01
5.159333333333333549e-01
5.153999999999999693e-01
5.161999999999999922e-01
5.170666666666666744e-01
5.162666666666666515e-01
5.159333333333333549e-01
5.200000000000000178e-01
5.158000000000000362e-01
5.160000000000000142e-01
5.151999999999999913e-01
5.158000000000000362e-01
5.154666666666666286e-01
5.145999999999999464e-01
5.163333333333333108e-01
5.130666666666666709e-01
5.163999999999999702e-01
5.103333333333333055e-01
5.179333333333333567e-01
5.175333333333332897e-01
5.140666666666666718e-01
5.179333333333333567e-01
5.181999999999999940e-01
5.168666666666666965e-01
5.236666666666666137e-01
5.213999999999999746e-01
5.189333333333333576e-01
5.177333333333333787e-01
5.193333333333333135e-01
5.165999999999999481e-01
5.190000000000000169e-01
5.191999999999999948e-01
5.155333333333332879e-01
5.198000000000000398e-01
5.201333333333333364e-01
5.208666666666667000e-01
5.171333333333333337e-01
5.183999999999999719e-01
5.198666666666666991e-01
5.218666666666667009e-01
5.199333333333333584e-01
5.211999999999999966e-01
5.191999999999999948e-01
5.190666666666666762e-01
5.212666666666666559e-01
5.180000000000000160e-01
5.188666666666666982e-01
5.197333333333333805e-01
5.208000000000000407e-01
5.208000000000000407e-01
5.188000000000000389e-01
5.178666666666666973e-01
5.193333333333333135e-01
5.208000000000000407e-01
5.215999999999999526e-01
5.200666666666666771e-01
5.165333333333332888e-01
5.178000000000000380e-01
5.208666666666667000e-01
5.199333333333333584e-01
5.228000000000000425e-01
5.238000000000000433e-01
5.193999999999999728e-01
5.220000000000000195e-01
5.205333333333332924e-01
5.227333333333333831e-01
5.227333333333333831e-01
5.199333333333333584e-01
5.252000000000000002e-01
5.229333333333333611e-01
5.216666666666666119e-01
5.220000000000000195e-01
5.234666666666666357e-01
5.210000000000000187e-01
5.224666666666666348e-01
5.223333333333333162e-01
5.228000000000000425e-01
5.206666666666667220e-01
5.201999999999999957e-01
5.221999999999999975e-01
5.226666666666666128e-01
5.243333333333333179e-01
5.252000000000000002e-01
5.258000000000000451e-01
5.273333333333333206e-01
5.227333333333333831e-01
5.238000000000000433e-01
5.241333333333333400e-01
5.209333333333333593e-01
5.227333333333333831e-01
5.209333333333333593e-01
5.189333333333333576e-01
5.223999999999999755e-01
5.246666666666666146e-01
5.220666666666666789e-01
5.270000000000000240e-01
5.274666666666666393e-01
5.243999999999999773e-01
5.259333333333333638e-01
5.265333333333332977e-01
5.248666666666667036e-01
5.228000000000000425e-01
5.204666666666666330e-01
5.258000000000000451e-01
5.267333333333333867e-01
5.265999999999999570e-01
5.252000000000000002e-01
5.246666666666666146e-01
5.216666666666666119e-01
5.240666666666666806e-01
5.264666666666666384e-01
5.248000000000000442e-01
5.231999999999999984e-01
5.250666666666666815e-01
5.290000000000000258e-01
5.277333333333333876e-01
5.236666666666666137e-01
5.247333333333333849e-01
5.265999999999999570e-01
5.268666666666667053e-01
5.281333333333333435e-01
5.187333333333333796e-01
5.320000000000000284e-01
5.278000000000000469e-01
5.274666666666666393e-01
5.273333333333333206e-01
5.255999999999999561e-01
5.283999999999999808e-01
5.296666666666666190e-01
5.287333333333333885e-01
5.245333333333332959e-01
5.272000000000000020e-01
5.302666666666666639e-01
5.260666666666666824e-01
5.250000000000000222e-01
5.300666666666666860e-01
5.255333333333332968e-01
5.251333333333333409e-01
5.293999999999999817e-01
5.298666666666667080e-01
5.250666666666666815e-01
5.281333333333333435e-01
5.330000000000000293e-01
5.287333333333333885e-01
5.289333333333333664e-01
5.224666666666666348e-01
5.303333333333333233e-01
5.290666666666666851e-01
5.266666666666666163e-01
5.312666666666666648e-01
5.280666666666666842e-01
5.288000000000000478e-01
5.286666666666666181e-01
5.284666666666666401e-01
5.274666666666666393e-01
5.291333333333333444e-01
5.295333333333333004e-01
5.318666666666667098e-01
5.320666666666666877e-01
5.288666666666667071e-01
5.298666666666667080e-01
5.292000000000000037e-01
5.288000000000000478e-01
5.282000000000000028e-01
5.283333333333333215e-01
5.284666666666666401e-01
5.307333333333332792e-01
5.310000000000000275e-01
5.311333333333333462e-01
5.315999999999999615e-01
5.273333333333333206e-01
5.295999999999999597e-01
5.303333333333333233e-01
5.308000000000000496e-01
5.315999999999999615e-01
5.246666666666666146e-01
5.296666666666666190e-01
5.314666666666666428e-01
5.291333333333333444e-01
5.313999999999999835e-01
5.318000000000000504e-01
5.298000000000000487e-01
5.317333333333332801e-01
5.291333333333333444e-01
5.340666666666666895e-01
5.302000000000000046e-01
5.310000000000000275e-01
5.330666666666666886e-01
5.305999999999999606e-01
5.307333333333332792e-01
5.290000000000000258e-01
5.278666666666667062e-01
5.293333333333333224e-01
5.287333333333333885e-01
5.313999999999999835e-01
5.313999999999999835e-01
5.370666666666666922e-01
5.318000000000000504e-01
5.311333333333333462e-01
5.290000000000000258e-01
5.290666666666666851e-01
5.332000000000000073e-01
5.311333333333333462e-01
5.324666666666666437e-01
5.338666666666667115e-01
5.335999999999999632e-01
5.323333333333333250e-01
5.295999999999999597e-01
5.329333333333333700e-01
5.325333333333333030e-01
5.293999999999999817e-01
5.309333333333333682e-01
5.337333333333332819e-01
5.343999999999999861e-01
5.313999999999999835e-01
5.335999999999999632e-01
5.346666666666666234e-01
5.305333333333333012e-01
5.323333333333333250e-01
5.342000000000000082e-01
5.367333333333332845e-01
5.328000000000000513e-01
5.334666666666666446e-01
5.323999999999999844e-01
5.338000000000000522e-01
5.338666666666667115e-01
5.340000000000000302e-01
5.354666666666666464e-01
5.345999999999999641e-01
5.323333333333333250e-01
5.380666666666666931e-01
5.336666666666666226e-01
5.313333333333333242e-01
5.360666666666666913e-01
5.362666666666666693e-01
5.345333333333333048e-01
5.342000000000000082e-01
5.345333333333333048e-01
5.379333333333333744e-01
5.323999999999999844e-01
5.340000000000000302e-01
5.349333333333333718e-01
5.333333333333333259e-01
5.381333333333333524e-01
5.312000000000000055e-01
5.344666666666666455e-01
5.380666666666666931e-01
5.358000000000000540e-01
5.347333333333332828e-01
5.358666666666667133e-01
5.362666666666666693e-01
5.355333333333333057e-01
5.329333333333333700e-01
5.386666666666666270e-01
5.362666666666666693e-01
5.362666666666666693e-01
5.390000000000000346e-01
5.401333333333333542e-01
5.340666666666666895e-01
5.319333333333333691e-01
5.345333333333333048e-01
5.379333333333333744e-01
5.359333333333333727e-01
5.392666666666666719e-01
5.402000000000000135e-01
5.389333333333333753e-01
5.377333333333332854e-01
5.342000000000000082e-01
5.362000000000000099e-01
5.342000000000000082e-01
5.364666666666666472e-01
5.368666666666667142e-01
5.363999999999999879e-01
