3.467999999999999972e-01
3.477333333333333387e-01
3.521333333333333537e-01
3.530666666666666398e-01
3.557333333333333458e-01
3.563333333333333353e-01
3.552000000000000157e-01
3.579999999999999849e-01
3.625333333333333186e-01
3.613999999999999990e-01
3.623333333333333406e-01
3.689999999999999947e-01
3.698666666666666769e-01
3.673333333333333450e-01
3.704000000000000070e-01
3.672000000000000264e-01
3.723333333333333495e-01
3.760666666666666602e-01
3.762666666666666937e-01
3.744666666666666699e-01
3.775333333333333319e-01
3.781333333333333213e-01
3.830000000000000071e-01
3.808000000000000274e-01
3.827999999999999736e-01
3.832666666666666444e-01
3.837333333333333152e-01
3.846666666666666567e-01
3.888666666666666938e-01
3.898666666666666392e-01
3.886000000000000010e-01
3.916000000000000036e-01
3.917333333333333223e-01
3.901999999999999913e-01
3.966000000000000081e-01
3.973333333333333162e-01
4.016666666666666718e-01
3.991333333333333400e-01
3.962666666666666559e-01
3.957333333333333258e-01
3.995333333333333514e-01
3.953999999999999737e-01
4.015333333333333532e-01
4.020000000000000240e-01
4.033333333333333215e-01
4.058666666666666534e-01
4.050666666666666860e-01
4.056000000000000161e-01
4.074666666666666437e-01
4.082666666666666666e-01
4.071333333333333471e-01
4.081333333333333480e-01
4.070666666666666877e-01
4.107333333333333392e-01
4.100666666666666904e-01
4.104666666666666464e-01
4.084666666666666446e-01
4.156000000000000250e-01
4.139999999999999791e-01
4.126666666666666816e-01
4.171333333333333560e-01
4.179999999999999827e-01
4.160666666666666402e-01
4.158666666666666623e-01
4.183999999999999941e-01
4.179999999999999827e-01
4.219999999999999862e-01
4.171333333333333560e-01
4.196666666666666878e-01
4.192666666666666764e-01
4.204666666666666552e-01
4.227333333333333498e-01
4.195999999999999730e-01
4.215333333333333155e-01
4.202666666666666773e-01
4.182000000000000162e-01
4.232666666666666799e-01
4.223999999999999977e-01
4.189333333333333242e-01
4.208000000000000074e-01
4.229999999999999871e-01
4.234666666666666579e-01
4.236666666666666914e-01
4.252000000000000224e-01
4.293333333333333446e-01
4.259999999999999898e-01
4.279333333333333322e-01
4.272000000000000242e-01
4.309999999999999942e-01
4.285333333333333217e-01
4.209333333333333260e-01
4.302000000000000268e-01
4.305333333333333234e-01
4.299333333333333340e-01
4.350666666666666571e-01
4.286666666666666403e-01
4.313333333333333464e-01
4.348666666666666791e-01
4.323333333333333472e-01
4.351999999999999758e-01
4.339333333333333376e-01
4.337333333333333596e-01
4.372666666666666924e-01
4.330666666666666553e-01
4.367333333333333067e-01
4.344000000000000083e-01
4.382666666666666933e-01
4.393333333333333535e-01
4.340666666666666562e-01
4.364666666666666694e-01
4.371333333333333182e-01
4.408666666666666845e-01
4.385999999999999899e-01
4.404666666666666730e-01
4.374000000000000110e-01
4.432666666666666422e-01
4.388000000000000234e-01
4.406666666666666510e-01
4.429333333333333456e-01
4.415333333333333332e-01
4.424000000000000155e-01
4.421999999999999820e-01
4.436666666666666536e-01
4.412666666666666404e-01
4.445333333333333359e-01
4.408000000000000251e-01
4.425333333333333341e-01
4.437999999999999723e-01
4.452666666666666440e-01
4.452666666666666440e-01
4.415333333333333332e-01
4.455999999999999961e-01
4.437999999999999723e-01
4.454666666666666774e-01
4.446666666666666545e-01
4.457999999999999741e-01
4.474666666666666792e-01
4.440000000000000058e-01
4.490000000000000102e-01
4.467999999999999750e-01
4.496666666666666590e-01
4.454666666666666774e-01
4.458666666666666889e-01
4.507999999999999785e-01
4.521333333333333315e-01
4.478666666666666907e-01
4.521333333333333315e-01
4.487333333333333174e-01
4.478666666666666907e-01
4.537333333333333218e-01
4.455333333333333368e-01
4.481333333333333280e-01
4.548666666666666414e-01
4.529333333333333544e-01
4.521333333333333315e-01
4.562666666666666537e-01
4.547333333333333227e-01
4.571999999999999953e-01
4.538666666666666405e-01
4.527333333333333210e-01
4.555333333333333456e-01
4.511999999999999900e-01
4.494666666666666810e-01
4.570000000000000173e-01
4.532666666666666511e-01
4.532666666666666511e-01
4.504000000000000226e-01
4.547999999999999821e-01
4.541999999999999926e-01
4.581333333333333369e-01
4.593999999999999750e-01
4.576666666666666661e-01
4.597333333333333272e-01
4.587999999999999856e-01
4.583333333333333148e-01
4.592666666666666564e-01
4.601333333333333386e-01
4.593999999999999750e-01
4.566666666666666652e-01
4.588666666666666449e-01
4.587999999999999856e-01
4.588666666666666449e-01
4.574666666666666881e-01
4.622666666666666591e-01
4.581999999999999962e-01
4.603333333333333166e-01
4.630666666666666820e-01
4.596000000000000085e-01
4.616666666666666696e-01
4.639333333333333087e-01
4.636000000000000121e-01
4.649333333333333096e-01
4.610000000000000209e-01
4.592666666666666564e-01
4.627999999999999892e-01
4.656666666666666732e-01
4.640666666666666829e-01
4.680666666666666864e-01
4.663999999999999813e-01
4.618666666666666476e-01
4.628666666666666485e-01
4.649333333333333096e-01
4.653999999999999804e-01
4.606666666666666687e-01
4.680666666666666864e-01
4.642666666666666608e-01
4.667999999999999927e-01
4.663999999999999813e-01
4.650000000000000244e-01
4.636000000000000121e-01
4.672000000000000042e-01
4.685333333333333572e-01
4.662666666666666626e-01
4.668666666666666520e-01
4.676000000000000156e-01
4.673999999999999821e-01
4.692666666666666653e-01
4.660000000000000253e-01
4.672666666666666635e-01
4.703333333333333255e-01
4.689333333333333131e-01
4.666000000000000147e-01
4.731333333333333502e-01
4.682666666666666644e-01
4.696000000000000174e-01
4.682666666666666644e-01
4.689333333333333131e-01
4.712000000000000077e-01
4.702666666666666662e-01
4.733333333333333282e-01
4.695333333333333581e-01
4.686000000000000165e-01
4.699333333333333140e-01
4.706000000000000183e-01
4.696666666666666767e-01
4.721333333333333493e-01
4.767333333333333423e-01
4.743999999999999884e-01
4.727333333333333387e-01
4.753999999999999893e-01
4.746666666666666812e-01
4.749333333333333185e-01
4.733333333333333282e-01
4.747333333333333405e-01
4.754666666666666486e-01
4.733333333333333282e-01
4.731333333333333502e-01
4.762666666666666715e-01
4.741333333333333511e-01
4.719333333333333158e-01
4.709999999999999742e-01
4.767333333333333423e-01
4.750666666666666926e-01
4.754666666666666486e-01
4.752666666666666706e-01
4.768000000000000016e-01
4.782000000000000139e-01
4.759333333333333194e-01
4.763333333333333308e-01
4.768666666666666609e-01
4.762000000000000122e-01
4.776666666666666838e-01
4.781333333333333546e-01
4.786000000000000254e-01
4.802666666666666750e-01
4.788666666666666627e-01
4.788000000000000034e-01
4.795333333333333115e-01
4.809999999999999831e-01
4.790666666666666407e-01
4.795333333333333115e-01
4.743999999999999884e-01
4.812000000000000166e-01
4.754666666666666486e-01
4.782000000000000139e-01
4.776666666666666838e-01
4.806666666666666865e-01
4.783333333333333326e-01
4.782000000000000139e-01
4.838666666666666671e-01
4.784666666666666512e-01
4.797333333333333449e-01
4.811333333333333573e-01
4.818000000000000060e-01
4.781333333333333546e-01
4.843333333333333379e-01
4.812666666666666759e-01
4.818666666666666654e-01
4.844666666666666566e-01
4.822000000000000175e-01
4.807333333333333458e-01
4.795333333333333115e-01
4.824666666666666548e-01
4.844666666666666566e-01
4.828666666666666663e-01
4.829999999999999849e-01
4.785333333333333106e-01
4.849333333333333274e-01
4.822666666666666768e-01
4.793999999999999928e-01
4.884000000000000008e-01
4.831333333333333591e-01
4.820666666666666433e-01
4.832666666666666777e-01
4.862000000000000210e-01
4.812000000000000166e-01
4.843333333333333379e-01
4.892000000000000237e-01
4.868666666666666698e-01
4.844666666666666566e-01
4.897333333333333538e-01
4.863999999999999990e-01
4.870666666666666478e-01
4.863999999999999990e-01
4.851333333333333608e-01
4.867333333333333512e-01
4.859333333333333282e-01
4.857333333333333503e-01
4.880666666666666487e-01
4.832000000000000184e-01
4.882000000000000228e-01
4.866666666666666918e-01
4.859333333333333282e-01
4.862000000000000210e-01
4.863999999999999990e-01
4.904666666666666619e-01
4.869999999999999885e-01
4.880666666666666487e-01
4.882666666666666822e-01
4.859999999999999876e-01
4.909999999999999920e-01
4.919999999999999929e-01
4.863333333333333397e-01
4.885333333333333194e-01
4.892666666666666830e-01
4.855333333333333168e-01
4.917333333333333556e-01
4.922000000000000264e-01
4.874666666666666592e-01
4.870666666666666478e-01
4.874666666666666592e-01
4.922666666666666857e-01
4.915999999999999814e-01
4.931333333333333124e-01
4.931333333333333124e-01
4.909333333333333327e-01
4.899333333333333318e-01
4.899333333333333318e-01
4.908000000000000140e-01
4.861333333333333062e-01
4.908000000000000140e-01
4.939333333333333353e-01
4.911333333333333107e-01
4.902000000000000246e-01
4.921333333333333115e-01
4.939999999999999947e-01
4.918000000000000149e-01
4.925333333333333230e-01
4.914666666666666628e-01
4.953333333333333477e-01
4.934666666666666646e-01
4.944000000000000061e-01
4.922666666666666857e-01
4.937333333333333574e-01
4.985333333333333283e-01
4.879999999999999893e-01
4.942666666666666875e-01
4.887333333333333529e-01
4.887333333333333529e-01
4.971333333333333160e-01
4.932666666666666866e-01
4.907333333333333547e-01
4.942666666666666875e-01
4.935333333333333239e-01
5.001999999999999780e-01
4.941333333333333133e-01
4.953333333333333477e-01
4.971333333333333160e-01
5.011333333333333195e-01
4.978666666666666796e-01
4.973333333333333495e-01
4.941333333333333133e-01
4.971999999999999753e-01
4.981999999999999762e-01
4.965333333333333266e-01
4.973333333333333495e-01
4.957333333333333591e-01
4.953333333333333477e-01
4.939333333333333353e-01
4.985333333333333283e-01
4.948666666666666769e-01
4.938666666666666760e-01
4.955333333333333257e-01
4.947333333333333583e-01
4.981333333333333169e-01
5.011999999999999789e-01
4.966666666666666452e-01
4.951999999999999735e-01
4.974000000000000088e-01
4.958666666666666778e-01
4.967333333333333600e-01
4.949333333333333362e-01
4.974666666666666681e-01
4.971333333333333160e-01
4.997333333333333072e-01
4.990666666666666584e-01
4.978666666666666796e-01
5.002666666666666373e-01
4.986666666666666470e-01
4.984000000000000097e-01
5.000666666666666593e-01
5.011999999999999789e-01
5.026000000000000467e-01
4.989999999999999991e-01
5.010666666666666602e-01
5.001333333333333186e-01
5.027333333333333654e-01
4.995999999999999885e-01
5.010666666666666602e-01
5.006666666666667043e-01
5.003999999999999559e-01
5.006000000000000449e-01
5.045333333333332781e-01
5.008000000000000229e-01
5.001999999999999780e-01
5.011333333333333195e-01
5.021999999999999797e-01
5.037333333333333663e-01
5.030000000000000027e-01
5.010000000000000009e-01
5.042666666666666409e-01
5.045333333333332781e-01
4.989999999999999991e-01
5.002666666666666373e-01
5.011333333333333195e-01
5.036666666666667069e-01
5.038666666666666849e-01
5.052666666666666417e-01
5.033333333333332993e-01
5.033333333333332993e-01
5.056000000000000494e-01
5.018666666666666831e-01
5.040666666666666629e-01
5.051333333333333231e-01
5.032666666666666400e-01
5.038666666666666849e-01
5.033333333333332993e-01
5.018666666666666831e-01
5.044666666666666188e-01
5.043999999999999595e-01
5.049333333333333451e-01
5.033333333333332993e-01
5.056666666666667087e-01
5.112666666666666471e-01
5.035333333333333883e-01
5.039333333333333442e-01
5.038000000000000256e-01
5.027333333333333654e-01
5.049333333333333451e-01
5.053999999999999604e-01
5.033333333333332993e-01
5.054666666666666197e-01
5.050666666666666638e-01
5.048666666666666858e-01
5.088000000000000300e-01
5.036000000000000476e-01
5.052666666666666417e-01
5.047333333333333671e-01
5.041333333333333222e-01
5.050666666666666638e-01
5.034666666666666179e-01
5.046000000000000485e-01
5.028666666666666840e-01
5.054666666666666197e-01
5.010666666666666602e-01
5.086666666666667114e-01
5.076000000000000512e-01
5.036666666666667069e-01
5.073333333333333028e-01
5.075333333333332808e-01
5.068000000000000282e-01
5.126666666666667149e-01
5.103333333333333055e-01
5.068666666666666876e-01
5.063999999999999613e-01
5.111333333333333284e-01
5.048666666666666858e-01
5.090666666666666673e-01
5.080666666666666664e-01
5.059333333333333460e-01
5.096000000000000529e-01
5.083333333333333037e-01
5.092666666666666453e-01
5.091999999999999860e-01
5.082666666666666444e-01
5.100000000000000089e-01
5.115333333333332844e-01
5.098666666666666902e-01
5.113333333333333064e-01
5.083999999999999631e-01
5.070666666666666655e-01
5.108000000000000318e-01
5.073333333333333028e-01
5.087333333333333707e-01
5.091999999999999860e-01
5.087333333333333707e-01
5.091999999999999860e-01
5.085333333333332817e-01
5.092666666666666453e-01
5.083333333333333037e-01
5.097333333333333716e-01
5.104666666666666242e-01
5.103999999999999648e-01
5.061333333333333240e-01
5.096666666666667123e-01
5.098000000000000309e-01
5.101999999999999869e-01
5.126666666666667149e-01
5.120666666666666700e-01
5.100000000000000089e-01
5.129333333333333522e-01
5.091999999999999860e-01
5.121999999999999886e-01
5.108000000000000318e-01
5.096666666666667123e-01
5.149333333333333540e-01
5.128000000000000336e-01
5.109333333333333504e-01
5.112666666666666471e-01
5.129333333333333522e-01
5.102666666666666462e-01
5.134666666666666268e-01
5.129333333333333522e-01
5.124666666666666259e-01
5.111999999999999877e-01
5.103999999999999648e-01
5.118666666666666920e-01
5.130000000000000115e-01
5.148000000000000353e-01
5.160666666666666735e-01
5.169333333333333558e-01
5.174666666666666304e-01
5.131333333333333302e-01
5.127333333333333742e-01
5.132666666666666488e-01
5.106666666666667131e-01
5.138000000000000345e-01
5.097333333333333716e-01
5.093333333333333046e-01
5.121999999999999886e-01
5.144666666666666277e-01
5.121999999999999886e-01
5.164666666666666295e-01
5.168666666666666965e-01
5.153999999999999693e-01
5.157333333333333769e-01
5.158666666666666956e-01
5.151333333333333320e-01
5.140000000000000124e-01
5.101333333333333275e-01
5.151333333333333320e-01
5.164666666666666295e-01
5.170666666666666744e-01
5.147333333333333760e-01
5.148000000000000353e-01
5.114666666666666250e-01
5.150000000000000133e-01
5.173333333333333117e-01
5.160000000000000142e-01
5.125333333333332853e-01
5.150666666666666726e-01
5.195999999999999508e-01
5.168000000000000371e-01
5.140000000000000124e-01
5.158666666666666956e-01
5.166666666666667185e-01
5.182666666666666533e-01
5.173999999999999710e-01
5.097333333333333716e-01
5.226666666666666128e-01
5.181999999999999940e-01
5.174666666666666304e-01
5.180666666666666753e-01
5.139333333333333531e-01
5.190000000000000169e-01
5.193999999999999728e-01
5.188666666666666982e-01
5.152666666666666506e-01
5.175999999999999490e-01
5.202666666666666551e-01
5.161999999999999922e-01
5.158000000000000362e-01
5.200666666666666771e-01
5.147333333333333760e-01
5.158666666666666956e-01
5.210000000000000187e-01
5.183333333333333126e-01
5.145333333333332870e-01
5.177333333333333787e-01
5.226666666666666128e-01
5.190666666666666762e-01
5.198000000000000398e-01
5.128666666666666929e-01
5.188666666666666982e-01
5.190666666666666762e-01
5.173999999999999710e-01
5.217333333333333822e-01
5.184666666666666313e-01
5.199333333333333584e-01
5.178666666666666973e-01
5.188666666666666982e-01
5.171999999999999931e-01
5.190666666666666762e-01
5.190000000000000169e-01
5.208666666666667000e-01
5.229333333333333611e-01
5.201333333333333364e-01
5.198666666666666991e-01
5.191999999999999948e-01
5.183999999999999719e-01
5.171999999999999931e-01
5.181333333333333346e-01
5.162666666666666515e-01
5.201333333333333364e-01
5.225999999999999535e-01
5.213333333333333153e-01
5.205999999999999517e-01
5.176666666666667194e-01
5.189333333333333576e-01
5.205333333333332924e-01
5.194666666666666321e-01
5.213999999999999746e-01
5.152666666666666506e-01
5.191333333333333355e-01
5.210666666666666780e-01
5.202666666666666551e-01
5.201333333333333364e-01
5.215999999999999526e-01
5.198666666666666991e-01
5.212666666666666559e-01
5.169333333333333558e-01
5.242666666666666586e-01
5.207333333333333814e-01
5.200666666666666771e-01
5.213333333333333153e-01
5.193333333333333135e-01
5.191999999999999948e-01
5.182666666666666533e-01
5.190666666666666762e-01
5.185333333333332906e-01
5.190666666666666762e-01
5.205999999999999517e-01
5.230666666666666798e-01
5.275999999999999579e-01
5.218666666666667009e-01
5.205333333333332924e-01
5.193999999999999728e-01
5.192666666666666542e-01
5.242666666666666586e-01
5.209333333333333593e-01
5.217333333333333822e-01
5.245333333333332959e-01
5.229333333333333611e-01
5.218000000000000416e-01
5.201333333333333364e-01
5.240000000000000213e-01
5.221999999999999975e-01
5.198666666666666991e-01
5.225333333333332941e-01
5.233999999999999764e-01
5.231999999999999984e-01
5.223333333333333162e-01
5.231999999999999984e-01
5.245333333333332959e-01
5.219333333333333602e-01
5.224666666666666348e-01
5.247333333333333849e-01
5.255999999999999561e-01
5.236666666666666137e-01
5.228666666666667018e-01
5.224666666666666348e-01
5.234666666666666357e-01
5.256666666666666154e-01
5.234666666666666357e-01
5.262666666666666604e-01
5.247333333333333849e-01
5.225333333333332941e-01
5.278666666666667062e-01
5.245333333333332959e-01
5.212666666666666559e-01
5.263333333333333197e-01
5.275999999999999579e-01
5.244666666666666366e-01
5.231999999999999984e-01
5.252000000000000002e-01
5.286666666666666181e-01
5.232666666666666577e-01
5.250666666666666815e-01
5.266666666666666163e-01
5.251333333333333409e-01
5.283333333333333215e-01
5.224666666666666348e-01
5.263999999999999790e-01
5.295999999999999597e-01
5.270000000000000240e-01
5.252000000000000002e-01
5.267333333333333867e-01
5.268000000000000460e-01
5.257333333333333858e-01
5.238000000000000433e-01
5.284666666666666401e-01
5.262666666666666604e-01
5.264666666666666384e-01
5.299333333333333673e-01
5.289333333333333664e-01
5.231999999999999984e-01
5.225333333333332941e-01
5.249333333333333629e-01
5.276666666666666172e-01
5.273333333333333206e-01
5.296666666666666190e-01
5.315999999999999615e-01
5.304666666666666419e-01
5.285333333333332995e-01
5.240000000000000213e-01
5.292000000000000037e-01
5.254666666666666375e-01
5.283999999999999808e-01
5.273999999999999799e-01
5.275999999999999579e-01
