4.339333333333333376e-01
4.301333333333333120e-01
4.339333333333333376e-01
4.335333333333333261e-01
4.334666666666666668e-01
4.319333333333333358e-01
4.342666666666666897e-01
4.341333333333333155e-01
4.384666666666666712e-01
4.339999999999999969e-01
4.348666666666666791e-01
4.368000000000000216e-01
4.364666666666666694e-01
4.349999999999999978e-01
4.362666666666666915e-01
4.344666666666666677e-01
4.365999999999999881e-01
4.388666666666666827e-01
4.376666666666666483e-01
4.368000000000000216e-01
4.391333333333333200e-01
4.359999999999999987e-01
4.393333333333333535e-01
4.391333333333333200e-01
4.375333333333333297e-01
4.395999999999999908e-01
4.383333333333333526e-01
4.395333333333333314e-01
4.404000000000000137e-01
4.411333333333333218e-01
4.415999999999999925e-01
4.399333333333333429e-01
4.416666666666666519e-01
4.400666666666666615e-01
4.452666666666666440e-01
4.440666666666666651e-01
4.471333333333333271e-01
4.445333333333333359e-01
4.411999999999999811e-01
4.423333333333333561e-01
4.437999999999999723e-01
4.406666666666666510e-01
4.467333333333333156e-01
4.459333333333333482e-01
4.463333333333333597e-01
4.467333333333333156e-01
4.484000000000000208e-01
4.474666666666666792e-01
4.469333333333333491e-01
4.463333333333333597e-01
4.481333333333333280e-01
4.474000000000000199e-01
4.472666666666666457e-01
4.482666666666666466e-01
4.487999999999999767e-01
4.474000000000000199e-01
4.445999999999999952e-01
4.511333333333333306e-01
4.512666666666666493e-01
4.502666666666666484e-01
4.499333333333333518e-01
4.530000000000000138e-01
4.514666666666666828e-01
4.504000000000000226e-01
4.528666666666666396e-01
4.516666666666666607e-01
4.557333333333333236e-01
4.501999999999999891e-01
4.522666666666666502e-01
4.511333333333333306e-01
4.530666666666666731e-01
4.538666666666666405e-01
4.495333333333333403e-01
4.540000000000000147e-01
4.526666666666666616e-01
4.470000000000000084e-01
4.546666666666666634e-01
4.540666666666666740e-01
4.489333333333333509e-01
4.524666666666666837e-01
4.553333333333333122e-01
4.538666666666666405e-01
4.544000000000000261e-01
4.548666666666666414e-01
4.586000000000000076e-01
4.551999999999999935e-01
4.562666666666666537e-01
4.551999999999999935e-01
4.600666666666666793e-01
4.589333333333333598e-01
4.517999999999999794e-01
4.595333333333333492e-01
4.563999999999999724e-01
4.576000000000000068e-01
4.615333333333333510e-01
4.577333333333333254e-01
4.570666666666666766e-01
4.610000000000000209e-01
4.574666666666666881e-01
4.613999999999999768e-01
4.592666666666666564e-01
4.594666666666666899e-01
4.620000000000000218e-01
4.566000000000000059e-01
4.618666666666666476e-01
4.597333333333333272e-01
4.610666666666666802e-01
4.640666666666666829e-01
4.593999999999999750e-01
4.619333333333333069e-01
4.617333333333333290e-01
4.623999999999999777e-01
4.628666666666666485e-01
4.646000000000000130e-01
4.624666666666666925e-01
4.666000000000000147e-01
4.626000000000000112e-01
4.647333333333333316e-01
4.652666666666666617e-01
4.652000000000000024e-01
4.667999999999999927e-01
4.670000000000000262e-01
4.683333333333333237e-01
4.637999999999999901e-01
4.673333333333333228e-01
4.652000000000000024e-01
4.656666666666666732e-01
4.660666666666666846e-01
4.693333333333333246e-01
4.670666666666666855e-01
4.648666666666666503e-01
4.676666666666666750e-01
4.679333333333333123e-01
4.682000000000000051e-01
4.683333333333333237e-01
4.673999999999999821e-01
4.676000000000000156e-01
4.660666666666666846e-01
4.719333333333333158e-01
4.672000000000000042e-01
4.697333333333333361e-01
4.649333333333333096e-01
4.662666666666666626e-01
4.728666666666666574e-01
4.733333333333333282e-01
4.698666666666666547e-01
4.717333333333333378e-01
4.686000000000000165e-01
4.671333333333333449e-01
4.732666666666666688e-01
4.672666666666666635e-01
4.692666666666666653e-01
4.740666666666666917e-01
4.747333333333333405e-01
4.733333333333333282e-01
4.743333333333333290e-01
4.752000000000000113e-01
4.752666666666666706e-01
4.716666666666666785e-01
4.726666666666666794e-01
4.747333333333333405e-01
4.702666666666666662e-01
4.708666666666666556e-01
4.753333333333333299e-01
4.724666666666666459e-01
4.732000000000000095e-01
4.693333333333333246e-01
4.749333333333333185e-01
4.729999999999999760e-01
4.759333333333333194e-01
4.778000000000000025e-01
4.762000000000000122e-01
4.768666666666666609e-01
4.766000000000000236e-01
4.765333333333333088e-01
4.773999999999999910e-01
4.780666666666666398e-01
4.758000000000000007e-01
4.762000000000000122e-01
4.753999999999999893e-01
4.770666666666666944e-01
4.766666666666666829e-01
4.759999999999999787e-01
4.774666666666666504e-01
4.746000000000000218e-01
4.764666666666666495e-01
4.797333333333333449e-01
4.772666666666666724e-01
4.768000000000000016e-01
4.817333333333333467e-01
4.809999999999999831e-01
4.808666666666666645e-01
4.773999999999999910e-01
4.756666666666666821e-01
4.790666666666666407e-01
4.818000000000000060e-01
4.799333333333333229e-01
4.831333333333333591e-01
4.827333333333333476e-01
4.796000000000000263e-01
4.796000000000000263e-01
4.805333333333333123e-01
4.808000000000000052e-01
4.783333333333333326e-01
4.835999999999999743e-01
4.800666666666666416e-01
4.824666666666666548e-01
4.833999999999999964e-01
4.786666666666666847e-01
4.803999999999999937e-01
4.817333333333333467e-01
4.867333333333333512e-01
4.835333333333333150e-01
4.815999999999999726e-01
4.813333333333333353e-01
4.829333333333333256e-01
4.835333333333333150e-01
4.811333333333333573e-01
4.828000000000000069e-01
4.853333333333333388e-01
4.838000000000000078e-01
4.819333333333333247e-01
4.879333333333333300e-01
4.835999999999999743e-01
4.842666666666666786e-01
4.822666666666666768e-01
4.848000000000000087e-01
4.859999999999999876e-01
4.877333333333333520e-01
4.874666666666666592e-01
4.828666666666666663e-01
4.832666666666666777e-01
4.855333333333333168e-01
4.842666666666666786e-01
4.847333333333333494e-01
4.868000000000000105e-01
4.911333333333333107e-01
4.889999999999999902e-01
4.874666666666666592e-01
4.882000000000000228e-01
4.894000000000000017e-01
4.897333333333333538e-01
4.875999999999999779e-01
4.869999999999999885e-01
4.878666666666666707e-01
4.884000000000000008e-01
4.892666666666666830e-01
4.891333333333333089e-01
4.888666666666666716e-01
4.861333333333333062e-01
4.849333333333333274e-01
4.899333333333333318e-01
4.877333333333333520e-01
4.898666666666666725e-01
4.871333333333333071e-01
4.903333333333333433e-01
4.928666666666666751e-01
4.907333333333333547e-01
4.899999999999999911e-01
4.903333333333333433e-01
4.909333333333333327e-01
4.921333333333333115e-01
4.905333333333333212e-01
4.915999999999999814e-01
4.932666666666666866e-01
4.927333333333333565e-01
4.931333333333333124e-01
4.949999999999999956e-01
4.948000000000000176e-01
4.934000000000000052e-01
4.935333333333333239e-01
4.883333333333333415e-01
4.941999999999999726e-01
4.895999999999999797e-01
4.924666666666666637e-01
4.892000000000000237e-01
4.944000000000000061e-01
4.908666666666666734e-01
4.923333333333333450e-01
4.963333333333333486e-01
4.909999999999999920e-01
4.937333333333333574e-01
4.943333333333333468e-01
4.945999999999999841e-01
4.912000000000000255e-01
4.974000000000000088e-01
4.955333333333333257e-01
4.946666666666666434e-01
4.976666666666666461e-01
4.946666666666666434e-01
4.945999999999999841e-01
4.929333333333333345e-01
4.955999999999999850e-01
4.974000000000000088e-01
4.955333333333333257e-01
4.951333333333333142e-01
4.900666666666666504e-01
4.973333333333333495e-01
4.941333333333333133e-01
4.931333333333333124e-01
5.004666666666666153e-01
4.957333333333333591e-01
4.947333333333333583e-01
4.959999999999999964e-01
4.988000000000000211e-01
4.935999999999999832e-01
4.971999999999999753e-01
5.020000000000000018e-01
4.979999999999999982e-01
4.974666666666666681e-01
5.003333333333332966e-01
4.987333333333333063e-01
4.993333333333333512e-01
4.972666666666666901e-01
4.968000000000000194e-01
4.974666666666666681e-01
4.974666666666666681e-01
4.977333333333333609e-01
5.015333333333333865e-01
4.964000000000000079e-01
5.000000000000000000e-01
4.981999999999999762e-01
4.981333333333333169e-01
4.983333333333333504e-01
4.988666666666666805e-01
5.036666666666667069e-01
4.981999999999999762e-01
4.989333333333333398e-01
5.008000000000000229e-01
4.976666666666666461e-01
5.016666666666667052e-01
5.021333333333333204e-01
4.981333333333333169e-01
4.993333333333333512e-01
5.015333333333333865e-01
4.969333333333333380e-01
5.026666666666667060e-01
5.023333333333332984e-01
4.984666666666666690e-01
4.984000000000000097e-01
4.991333333333333178e-01
5.051999999999999824e-01
5.029333333333333433e-01
5.027333333333333654e-01
5.040666666666666629e-01
5.013333333333332975e-01
5.011999999999999789e-01
4.994000000000000106e-01
5.025333333333333874e-01
4.967333333333333600e-01
5.022666666666666391e-01
5.053999999999999604e-01
5.009333333333333416e-01
5.003999999999999559e-01
5.030000000000000027e-01
5.056666666666667087e-01
5.026666666666667060e-01
5.023999999999999577e-01
5.023333333333332984e-01
5.050666666666666638e-01
5.046666666666667078e-01
5.043333333333333002e-01
5.032666666666666400e-01
5.030000000000000027e-01
5.078666666666666885e-01
4.987333333333333063e-01
5.047333333333333671e-01
5.014666666666666162e-01
4.997333333333333072e-01
5.063333333333333020e-01
5.043333333333333002e-01
5.015333333333333865e-01
5.037333333333333663e-01
5.031999999999999806e-01
5.086666666666667114e-01
5.033333333333332993e-01
5.063333333333333020e-01
5.070000000000000062e-01
5.096000000000000529e-01
5.078666666666666885e-01
5.070666666666666655e-01
5.041999999999999815e-01
5.070666666666666655e-01
5.072666666666666435e-01
5.051999999999999824e-01
5.085333333333332817e-01
5.066000000000000503e-01
5.049333333333333451e-01
5.053999999999999604e-01
5.088000000000000300e-01
5.050666666666666638e-01
5.041999999999999815e-01
5.060666666666666647e-01
5.059333333333333460e-01
5.082666666666666444e-01
5.113999999999999657e-01
5.056666666666667087e-01
5.056000000000000494e-01
5.094666666666666233e-01
5.054666666666666197e-01
5.068666666666666876e-01
5.047333333333333671e-01
5.068666666666666876e-01
5.081999999999999851e-01
5.095333333333332826e-01
5.091999999999999860e-01
5.074666666666666215e-01
5.101999999999999869e-01
5.083333333333333037e-01
5.074666666666666215e-01
5.103999999999999648e-01
5.092666666666666453e-01
5.109333333333333504e-01
5.081999999999999851e-01
5.104666666666666242e-01
5.080000000000000071e-01
5.126666666666667149e-01
5.083333333333333037e-01
5.106000000000000538e-01
5.098666666666666902e-01
5.090000000000000080e-01
5.103333333333333055e-01
5.132666666666666488e-01
5.105333333333332835e-01
5.082666666666666444e-01
5.093999999999999639e-01
5.110666666666666691e-01
5.131333333333333302e-01
5.113333333333333064e-01
5.098000000000000309e-01
5.127333333333333742e-01
5.131999999999999895e-01
5.085333333333332817e-01
5.105333333333332835e-01
5.113999999999999657e-01
5.133999999999999675e-01
5.132666666666666488e-01
5.158666666666666956e-01
5.120000000000000107e-01
5.124666666666666259e-01
5.146666666666667167e-01
5.108000000000000318e-01
5.121333333333333293e-01
5.146666666666667167e-01
5.117333333333333734e-01
5.131999999999999895e-01
5.123333333333333073e-01
5.119333333333333513e-01
5.134666666666666268e-01
5.132666666666666488e-01
5.134666666666666268e-01
5.118666666666666920e-01
5.158666666666666956e-01
5.187333333333333796e-01
5.128666666666666929e-01
5.122666666666666480e-01
5.111999999999999877e-01
5.145333333333332870e-01
5.135999999999999455e-01
5.139333333333333531e-01
5.145999999999999464e-01
5.151999999999999913e-01
5.139333333333333531e-01
5.141333333333333311e-01
5.180000000000000160e-01
5.140666666666666718e-01
5.139333333333333531e-01
5.139333333333333531e-01
5.135333333333332861e-01
5.133333333333333082e-01
5.121999999999999886e-01
5.138666666666666938e-01
5.111999999999999877e-01
5.148000000000000353e-01
5.087333333333333707e-01
5.163999999999999702e-01
5.154666666666666286e-01
5.118000000000000327e-01
5.164666666666666295e-01
5.158666666666666956e-01
5.150000000000000133e-01
5.209333333333333593e-01
5.195999999999999508e-01
5.171999999999999931e-01
5.153333333333333099e-01
5.168666666666666965e-01
5.141333333333333311e-01
5.167333333333333778e-01
5.165333333333332888e-01
5.129333333333333522e-01
5.177333333333333787e-01
5.175333333333332897e-01
5.184666666666666313e-01
5.149333333333333540e-01
5.166666666666667185e-01
5.175999999999999490e-01
5.198000000000000398e-01
5.180666666666666753e-01
5.188000000000000389e-01
5.164666666666666295e-01
5.169333333333333558e-01
5.193333333333333135e-01
5.148000000000000353e-01
5.171333333333333337e-01
5.181999999999999940e-01
5.179333333333333567e-01
5.186666666666667203e-01
5.169333333333333558e-01
5.160666666666666735e-01
5.178000000000000380e-01
5.185999999999999499e-01
5.200666666666666771e-01
5.173999999999999710e-01
5.155333333333332879e-01
5.164666666666666295e-01
5.191999999999999948e-01
5.180000000000000160e-01
5.206666666666667220e-01
5.224666666666666348e-01
5.177333333333333787e-01
5.198000000000000398e-01
5.191333333333333355e-01
5.205999999999999517e-01
5.206666666666667220e-01
5.191333333333333355e-01
5.238666666666667027e-01
5.213999999999999746e-01
5.193999999999999728e-01
5.202666666666666551e-01
5.217333333333333822e-01
5.187333333333333796e-01
5.209333333333333593e-01
5.200666666666666771e-01
5.210666666666666780e-01
5.189333333333333576e-01
5.176666666666667194e-01
5.203999999999999737e-01
5.199333333333333584e-01
5.218000000000000416e-01
5.228666666666667018e-01
5.244666666666666366e-01
5.251333333333333409e-01
5.211333333333333373e-01
5.218666666666667009e-01
5.217333333333333822e-01
5.186666666666667203e-01
5.207333333333333814e-01
5.190000000000000169e-01
5.173999999999999710e-01
5.210666666666666780e-01
5.225999999999999535e-01
5.205333333333332924e-01
5.256666666666666154e-01
5.256666666666666154e-01
5.229333333333333611e-01
5.242666666666666586e-01
5.248666666666667036e-01
5.230000000000000204e-01
5.213999999999999746e-01
5.185999999999999499e-01
5.237333333333333840e-01
5.248666666666667036e-01
5.245999999999999552e-01
5.233999999999999764e-01
5.231333333333333391e-01
5.205333333333332924e-01
5.225333333333332941e-01
5.248000000000000442e-01
5.238000000000000433e-01
5.218666666666667009e-01
5.230666666666666798e-01
5.272000000000000020e-01
5.262666666666666604e-01
5.218000000000000416e-01
5.231333333333333391e-01
5.245333333333332959e-01
5.253333333333333188e-01
5.254666666666666375e-01
5.169333333333333558e-01
5.298666666666667080e-01
5.260666666666666824e-01
5.256666666666666154e-01
5.263333333333333197e-01
5.229333333333333611e-01
5.260000000000000231e-01
5.281333333333333435e-01
5.263333333333333197e-01
5.228666666666667018e-01
5.250666666666666815e-01
5.278000000000000469e-01
5.238666666666667027e-01
5.238666666666667027e-01
5.285999999999999588e-01
5.230666666666666798e-01
5.238000000000000433e-01
5.278666666666667062e-01
5.280000000000000249e-01
5.228666666666667018e-01
5.263999999999999790e-01
5.312000000000000055e-01
5.272000000000000020e-01
5.276666666666666172e-01
5.215333333333332932e-01
5.284666666666666401e-01
5.265999999999999570e-01
5.256666666666666154e-01
5.293333333333333224e-01
5.263999999999999790e-01
5.273333333333333206e-01
5.268000000000000460e-01
5.271333333333333426e-01
5.263333333333333197e-01
5.269333333333333647e-01
5.274666666666666393e-01
5.302666666666666639e-01
5.307333333333332792e-01
5.275999999999999579e-01
5.276666666666666172e-01
5.263333333333333197e-01
5.267333333333333867e-01
5.258000000000000451e-01
5.267333333333333867e-01
5.261333333333333417e-01
5.285333333333332995e-01
5.296666666666666190e-01
5.292666666666666631e-01
5.295333333333333004e-01
5.258000000000000451e-01
5.280000000000000249e-01
5.284666666666666401e-01
5.295333333333333004e-01
5.290000000000000258e-01
5.223333333333333162e-01
5.275999999999999579e-01
5.290000000000000258e-01
5.279333333333333655e-01
5.293999999999999817e-01
5.300000000000000266e-01
5.279333333333333655e-01
5.299333333333333673e-01
5.265333333333332977e-01
5.327333333333332810e-01
5.290000000000000258e-01
5.291333333333333444e-01
5.318000000000000504e-01
5.289333333333333664e-01
5.292000000000000037e-01
5.263999999999999790e-01
5.265999999999999570e-01
5.278000000000000469e-01
5.273333333333333206e-01
5.297333333333332783e-01
5.299333333333333673e-01
5.358666666666667133e-01
5.302666666666666639e-01
5.285999999999999588e-01
5.273333333333333206e-01
5.276666666666666172e-01
5.329333333333333700e-01
5.297333333333332783e-01
5.308666666666667089e-01
5.325999999999999623e-01
5.319333333333333691e-01
5.312666666666666648e-01
5.283333333333333215e-01
5.315999999999999615e-01
5.309333333333333682e-01
5.282000000000000028e-01
5.296666666666666190e-01
5.323333333333333250e-01
5.322666666666666657e-01
5.303999999999999826e-01
5.322000000000000064e-01
5.335999999999999632e-01
5.293999999999999817e-01
5.303999999999999826e-01
5.323333333333333250e-01
5.343999999999999861e-01
5.315333333333333021e-01
5.317333333333332801e-01
5.308000000000000496e-01
5.319333333333333691e-01
5.329333333333333700e-01
5.328000000000000513e-01
5.346666666666666234e-01
5.338666666666667115e-01
5.306666666666666199e-01
5.364666666666666472e-01
5.327333333333332810e-01
5.302000000000000046e-01
5.352000000000000091e-01
5.352000000000000091e-01
5.337333333333332819e-01
5.332000000000000073e-01
5.337333333333332819e-01
5.365999999999999659e-01
5.308000000000000496e-01
5.328000000000000513e-01
5.338666666666667115e-01
5.320000000000000284e-01
5.362666666666666693e-01
5.296666666666666190e-01
5.328000000000000513e-01
5.370666666666666922e-01
5.348000000000000531e-01
5.335333333333333039e-01
5.351333333333333497e-01
5.348666666666667124e-01
5.338666666666667115e-01
5.314666666666666428e-01
5.372000000000000108e-01
5.351333333333333497e-01
5.351333333333333497e-01
5.372666666666666702e-01
5.377333333333332854e-01
5.320666666666666877e-01
5.310666666666666869e-01
5.330666666666666886e-01
5.363999999999999879e-01
5.351333333333333497e-01
5.379333333333333744e-01
5.390000000000000346e-01
5.381333333333333524e-01
5.357333333333332837e-01
5.321333333333333471e-01
5.354666666666666464e-01
5.323999999999999844e-01
5.348000000000000531e-01
5.347333333333332828e-01
5.345333333333333048e-01
