4.324666666666666659e-01
4.282666666666666844e-01
4.326666666666666439e-01
4.320666666666666544e-01
4.324000000000000066e-01
4.307333333333333569e-01
4.330666666666666553e-01
4.324666666666666659e-01
4.369999999999999996e-01
4.326666666666666439e-01
4.336666666666666448e-01
4.355999999999999872e-01
4.353333333333333499e-01
4.342666666666666897e-01
4.348666666666666791e-01
4.332666666666666888e-01
4.358666666666666800e-01
4.378000000000000225e-01
4.365333333333333288e-01
4.358666666666666800e-01
4.379333333333333411e-01
4.349999999999999978e-01
4.381333333333333191e-01
4.379333333333333411e-01
4.361333333333333173e-01
4.388666666666666827e-01
4.373333333333333517e-01
4.383333333333333526e-01
4.395999999999999908e-01
4.405333333333333323e-01
4.410666666666666624e-01
4.388666666666666827e-01
4.411999999999999811e-01
4.388000000000000234e-01
4.440666666666666651e-01
4.435999999999999943e-01
4.461333333333333262e-01
4.435999999999999943e-01
4.403333333333333544e-01
4.409333333333333438e-01
4.428666666666666862e-01
4.395999999999999908e-01
4.459333333333333482e-01
4.448666666666666880e-01
4.455999999999999961e-01
4.458666666666666889e-01
4.475333333333333385e-01
4.461333333333333262e-01
4.456666666666666554e-01
4.456666666666666554e-01
4.469333333333333491e-01
4.460000000000000075e-01
4.463333333333333597e-01
4.473333333333333606e-01
4.481333333333333280e-01
4.464000000000000190e-01
4.434666666666666757e-01
4.501999999999999891e-01
4.502666666666666484e-01
4.493333333333333068e-01
4.490666666666666695e-01
4.517999999999999794e-01
4.505333333333333412e-01
4.494666666666666810e-01
4.522666666666666502e-01
4.505333333333333412e-01
4.548666666666666414e-01
4.495333333333333403e-01
4.514666666666666828e-01
4.506000000000000005e-01
4.521999999999999909e-01
4.528666666666666396e-01
4.483333333333333059e-01
4.529333333333333544e-01
4.523333333333333095e-01
4.464000000000000190e-01
4.539333333333333553e-01
4.531333333333333324e-01
4.481333333333333280e-01
4.518666666666666942e-01
4.546666666666666634e-01
4.528666666666666396e-01
4.538666666666666405e-01
4.540000000000000147e-01
4.580000000000000182e-01
4.544000000000000261e-01
4.556000000000000050e-01
4.543333333333333113e-01
4.583333333333333148e-01
4.583333333333333148e-01
4.511333333333333306e-01
4.583333333333333148e-01
4.552666666666666528e-01
4.566666666666666652e-01
4.606666666666666687e-01
4.574666666666666881e-01
4.563333333333333131e-01
4.600666666666666793e-01
4.568666666666666432e-01
4.606000000000000094e-01
4.582666666666666555e-01
4.587999999999999856e-01
4.616666666666666696e-01
4.554000000000000270e-01
4.607333333333333281e-01
4.583999999999999742e-01
4.607999999999999874e-01
4.632666666666666599e-01
4.588666666666666449e-01
4.610000000000000209e-01
4.613999999999999768e-01
4.620666666666666811e-01
4.620000000000000218e-01
4.633999999999999786e-01
4.613999999999999768e-01
4.660666666666666846e-01
4.621333333333333404e-01
4.639333333333333087e-01
4.650666666666666837e-01
4.641333333333333422e-01
4.661333333333333440e-01
4.665333333333333554e-01
4.683333333333333237e-01
4.632000000000000006e-01
4.670000000000000262e-01
4.644666666666666943e-01
4.648666666666666503e-01
4.652666666666666617e-01
4.686000000000000165e-01
4.663999999999999813e-01
4.643333333333333202e-01
4.668666666666666520e-01
4.676666666666666750e-01
4.677999999999999936e-01
4.676000000000000156e-01
4.666000000000000147e-01
4.670000000000000262e-01
4.660000000000000253e-01
4.707999999999999963e-01
4.662666666666666626e-01
4.693999999999999839e-01
4.642000000000000015e-01
4.651333333333333431e-01
4.726000000000000201e-01
4.729333333333333167e-01
4.690666666666666873e-01
4.716666666666666785e-01
4.679333333333333123e-01
4.667333333333333334e-01
4.726666666666666794e-01
4.664666666666666406e-01
4.686666666666666758e-01
4.734666666666666468e-01
4.743333333333333290e-01
4.726666666666666794e-01
4.737333333333333396e-01
4.749333333333333185e-01
4.746666666666666812e-01
4.713999999999999857e-01
4.719333333333333158e-01
4.741333333333333511e-01
4.698666666666666547e-01
4.702666666666666662e-01
4.754666666666666486e-01
4.721333333333333493e-01
4.726666666666666794e-01
4.688666666666666538e-01
4.748666666666666591e-01
4.726000000000000201e-01
4.751333333333333520e-01
4.770666666666666944e-01
4.756000000000000227e-01
4.765333333333333088e-01
4.762666666666666715e-01
4.756000000000000227e-01
4.767333333333333423e-01
4.776000000000000245e-01
4.752000000000000113e-01
4.756000000000000227e-01
4.743333333333333290e-01
4.766666666666666829e-01
4.760666666666666935e-01
4.752666666666666706e-01
4.772000000000000131e-01
4.741333333333333511e-01
4.759333333333333194e-01
4.791333333333333555e-01
4.763999999999999901e-01
4.761333333333333528e-01
4.812666666666666759e-01
4.804666666666666530e-01
4.801333333333333564e-01
4.772666666666666724e-01
4.752666666666666706e-01
4.785333333333333106e-01
4.812666666666666759e-01
4.798000000000000043e-01
4.825333333333333141e-01
4.818666666666666654e-01
4.789333333333333220e-01
4.793999999999999928e-01
4.802666666666666750e-01
4.802666666666666750e-01
4.772666666666666724e-01
4.833333333333333370e-01
4.796000000000000263e-01
4.820666666666666433e-01
4.824666666666666548e-01
4.782000000000000139e-01
4.796000000000000263e-01
4.808666666666666645e-01
4.869333333333333291e-01
4.829333333333333256e-01
4.816666666666666874e-01
4.814666666666666539e-01
4.828666666666666663e-01
4.833999999999999964e-01
4.806000000000000272e-01
4.828666666666666663e-01
4.852000000000000202e-01
4.832000000000000184e-01
4.813333333333333353e-01
4.877333333333333520e-01
4.832000000000000184e-01
4.841333333333333599e-01
4.818666666666666654e-01
4.843333333333333379e-01
4.858000000000000096e-01
4.870666666666666478e-01
4.875333333333333186e-01
4.825333333333333141e-01
4.829999999999999849e-01
4.852666666666666795e-01
4.838000000000000078e-01
4.842000000000000193e-01
4.861333333333333062e-01
4.905999999999999805e-01
4.888666666666666716e-01
4.873999999999999999e-01
4.879999999999999893e-01
4.893333333333333424e-01
4.894666666666666610e-01
4.871333333333333071e-01
4.868000000000000105e-01
4.876666666666666927e-01
4.879999999999999893e-01
4.889333333333333309e-01
4.884666666666666601e-01
4.884000000000000008e-01
4.859333333333333282e-01
4.847333333333333494e-01
4.895999999999999797e-01
4.870666666666666478e-01
4.894666666666666610e-01
4.866666666666666918e-01
4.900666666666666504e-01
4.926666666666666416e-01
4.904000000000000026e-01
4.892666666666666830e-01
4.894666666666666610e-01
4.905999999999999805e-01
4.918000000000000149e-01
4.904000000000000026e-01
4.913333333333333441e-01
4.931333333333333124e-01
4.924666666666666637e-01
4.922666666666666857e-01
4.945999999999999841e-01
4.946666666666666434e-01
4.928000000000000158e-01
4.932000000000000273e-01
4.881333333333333080e-01
4.940666666666666540e-01
4.893333333333333424e-01
4.916666666666666408e-01
4.889333333333333309e-01
4.940666666666666540e-01
4.904000000000000026e-01
4.918000000000000149e-01
4.958666666666666778e-01
4.909333333333333327e-01
4.934666666666666646e-01
4.938000000000000167e-01
4.941333333333333133e-01
4.910666666666666513e-01
4.966666666666666452e-01
4.949333333333333362e-01
4.943333333333333468e-01
4.972666666666666901e-01
4.941333333333333133e-01
4.941999999999999726e-01
4.924000000000000044e-01
4.954000000000000070e-01
4.966666666666666452e-01
4.953333333333333477e-01
4.947333333333333583e-01
4.898000000000000131e-01
4.972666666666666901e-01
4.935333333333333239e-01
4.927333333333333565e-01
5.001999999999999780e-01
4.951999999999999735e-01
4.943333333333333468e-01
4.955333333333333257e-01
4.982666666666666910e-01
4.931333333333333124e-01
4.970666666666666567e-01
5.018666666666666831e-01
4.976666666666666461e-01
4.968666666666666787e-01
4.998666666666666814e-01
4.982666666666666910e-01
4.987333333333333063e-01
4.966666666666666452e-01
4.964666666666666672e-01
4.967333333333333600e-01
4.971999999999999753e-01
4.971333333333333160e-01
5.013333333333332975e-01
4.960666666666666558e-01
4.998000000000000220e-01
4.981999999999999762e-01
4.977333333333333609e-01
4.979999999999999982e-01
4.982666666666666910e-01
5.036000000000000476e-01
4.980666666666666575e-01
4.984666666666666690e-01
5.008000000000000229e-01
4.970666666666666567e-01
5.010666666666666602e-01
5.018666666666666831e-01
4.978000000000000203e-01
4.989999999999999991e-01
5.011999999999999789e-01
4.964000000000000079e-01
5.020000000000000018e-01
5.021999999999999797e-01
4.979999999999999982e-01
4.982666666666666910e-01
4.988000000000000211e-01
5.048000000000000265e-01
5.028666666666666840e-01
5.023999999999999577e-01
5.038666666666666849e-01
5.012666666666666382e-01
5.010000000000000009e-01
4.988000000000000211e-01
5.025333333333333874e-01
4.959999999999999964e-01
5.020666666666666611e-01
5.053999999999999604e-01
5.006000000000000449e-01
5.003999999999999559e-01
5.028666666666666840e-01
5.053999999999999604e-01
5.024666666666666170e-01
5.022666666666666391e-01
5.019333333333333425e-01
5.046000000000000485e-01
5.046666666666667078e-01
5.038666666666666849e-01
5.031333333333333213e-01
5.028000000000000247e-01
5.076666666666667105e-01
4.983333333333333504e-01
5.045333333333332781e-01
5.015333333333333865e-01
4.995999999999999885e-01
5.058666666666666867e-01
5.039333333333333442e-01
5.011999999999999789e-01
5.033999999999999586e-01
5.031999999999999806e-01
5.083333333333333037e-01
5.032666666666666400e-01
5.061333333333333240e-01
5.064666666666666206e-01
5.095333333333332826e-01
5.077333333333333698e-01
5.068000000000000282e-01
5.040666666666666629e-01
5.068000000000000282e-01
5.068000000000000282e-01
5.048000000000000265e-01
5.080666666666666664e-01
5.063999999999999613e-01
5.043999999999999595e-01
5.050666666666666638e-01
5.080666666666666664e-01
5.046666666666667078e-01
5.042666666666666409e-01
5.056000000000000494e-01
5.054666666666666197e-01
5.080000000000000071e-01
5.111999999999999877e-01
5.055333333333332790e-01
5.053333333333333011e-01
5.091999999999999860e-01
5.053999999999999604e-01
5.066000000000000503e-01
5.042666666666666409e-01
5.063999999999999613e-01
5.079333333333333478e-01
5.091333333333333266e-01
5.093999999999999639e-01
5.070666666666666655e-01
5.100000000000000089e-01
5.080666666666666664e-01
5.070000000000000062e-01
5.104666666666666242e-01
5.090666666666666673e-01
5.108000000000000318e-01
5.075333333333332808e-01
5.100000000000000089e-01
5.077333333333333698e-01
5.121333333333333293e-01
5.080666666666666664e-01
5.103999999999999648e-01
5.092666666666666453e-01
5.088666666666666893e-01
5.102666666666666462e-01
5.130000000000000115e-01
5.101999999999999869e-01
5.081999999999999851e-01
5.092666666666666453e-01
5.107333333333333725e-01
5.131333333333333302e-01
5.113999999999999657e-01
5.093333333333333046e-01
5.124666666666666259e-01
5.129333333333333522e-01
5.085333333333332817e-01
5.106000000000000538e-01
5.117333333333333734e-01
5.131999999999999895e-01
5.131999999999999895e-01
5.157333333333333769e-01
5.119333333333333513e-01
5.119333333333333513e-01
5.142666666666666497e-01
5.104666666666666242e-01
5.114666666666666250e-01
5.140000000000000124e-01
5.116666666666667140e-01
5.128000000000000336e-01
5.121333333333333293e-01
5.117333333333333734e-01
5.130666666666666709e-01
5.135999999999999455e-01
5.136666666666667158e-01
5.120000000000000107e-01
5.156666666666667176e-01
5.183333333333333126e-01
5.125333333333332853e-01
5.118666666666666920e-01
5.108666666666666911e-01
5.141333333333333311e-01
5.135999999999999455e-01
5.138666666666666938e-01
5.144666666666666277e-01
5.146666666666667167e-01
5.134666666666666268e-01
5.145333333333332870e-01
5.178000000000000380e-01
5.137333333333333751e-01
5.134666666666666268e-01
5.134666666666666268e-01
5.131333333333333302e-01
5.129333333333333522e-01
5.121999999999999886e-01
5.134666666666666268e-01
5.108000000000000318e-01
5.146666666666667167e-01
5.085333333333332817e-01
5.162666666666666515e-01
5.151333333333333320e-01
5.114666666666666250e-01
5.161333333333333329e-01
5.155999999999999472e-01
5.150000000000000133e-01
5.208666666666667000e-01
5.193333333333333135e-01
5.166666666666667185e-01
5.152666666666666506e-01
5.170666666666666744e-01
5.136666666666667158e-01
5.166666666666667185e-01
5.160000000000000142e-01
5.127333333333333742e-01
5.175999999999999490e-01
5.171999999999999931e-01
5.178666666666666973e-01
5.140000000000000124e-01
5.164666666666666295e-01
5.171999999999999931e-01
5.196666666666667211e-01
5.176666666666667194e-01
5.181999999999999940e-01
5.163999999999999702e-01
5.165333333333332888e-01
5.191333333333333355e-01
5.146666666666667167e-01
5.170000000000000151e-01
5.175999999999999490e-01
5.176666666666667194e-01
5.183999999999999719e-01
5.165999999999999481e-01
5.158666666666666956e-01
5.171333333333333337e-01
5.184666666666666313e-01
5.199333333333333584e-01
5.173999999999999710e-01
5.155333333333332879e-01
5.162666666666666515e-01
5.185999999999999499e-01
5.175999999999999490e-01
5.204666666666666330e-01
5.223333333333333162e-01
5.177333333333333787e-01
5.198000000000000398e-01
5.191999999999999948e-01
5.206666666666667220e-01
5.201999999999999957e-01
5.185333333333332906e-01
5.235333333333332950e-01
5.211333333333333373e-01
5.190000000000000169e-01
5.197333333333333805e-01
5.213999999999999746e-01
5.186666666666667203e-01
5.208000000000000407e-01
5.195999999999999508e-01
5.205333333333332924e-01
5.190666666666666762e-01
5.176666666666667194e-01
5.202666666666666551e-01
5.200666666666666771e-01
5.214666666666666339e-01
5.229333333333333611e-01
5.239333333333333620e-01
5.250000000000000222e-01
5.209333333333333593e-01
5.215333333333332932e-01
5.220666666666666789e-01
5.185999999999999499e-01
5.211333333333333373e-01
5.188666666666666982e-01
5.173333333333333117e-01
5.205333333333332924e-01
5.226666666666666128e-01
5.199333333333333584e-01
5.254666666666666375e-01
5.254666666666666375e-01
5.227333333333333831e-01
5.239333333333333620e-01
5.248666666666667036e-01
5.225999999999999535e-01
5.213333333333333153e-01
5.185333333333332906e-01
5.237333333333333840e-01
5.248000000000000442e-01
5.244666666666666366e-01
5.230000000000000204e-01
5.230000000000000204e-01
5.202666666666666551e-01
5.225333333333332941e-01
5.243333333333333179e-01
5.235333333333332950e-01
5.215999999999999526e-01
5.230000000000000204e-01
5.273333333333333206e-01
5.260000000000000231e-01
5.214666666666666339e-01
5.233333333333333171e-01
5.245999999999999552e-01
5.254666666666666375e-01
5.250666666666666815e-01
5.170666666666666744e-01
5.295333333333333004e-01
5.258000000000000451e-01
5.254666666666666375e-01
5.260666666666666824e-01
5.227333333333333831e-01
5.255999999999999561e-01
5.275333333333332986e-01
5.262000000000000011e-01
5.226666666666666128e-01
5.245333333333332959e-01
5.278000000000000469e-01
5.235999999999999543e-01
5.234666666666666357e-01
5.284666666666666401e-01
5.229333333333333611e-01
5.238666666666667027e-01
5.277333333333333876e-01
5.273999999999999799e-01
5.226666666666666128e-01
5.262666666666666604e-01
5.309333333333333682e-01
5.270666666666666833e-01
5.277333333333333876e-01
5.210666666666666780e-01
5.280000000000000249e-01
5.264666666666666384e-01
5.253333333333333188e-01
5.295333333333333004e-01
5.260666666666666824e-01
5.267333333333333867e-01
5.266666666666666163e-01
5.267333333333333867e-01
5.261333333333333417e-01
5.263999999999999790e-01
5.273333333333333206e-01
5.303999999999999826e-01
5.302666666666666639e-01
5.274666666666666393e-01
5.276666666666666172e-01
5.259333333333333638e-01
5.266666666666666163e-01
5.253999999999999782e-01
5.264666666666666384e-01
5.258000000000000451e-01
5.280666666666666842e-01
5.294666666666666410e-01
5.288000000000000478e-01
5.290666666666666851e-01
5.258000000000000451e-01
5.282000000000000028e-01
5.283333333333333215e-01
5.293333333333333224e-01
5.290000000000000258e-01
5.219333333333333602e-01
5.273333333333333206e-01
5.290000000000000258e-01
5.277333333333333876e-01
5.289333333333333664e-01
5.302000000000000046e-01
5.279333333333333655e-01
5.296666666666666190e-01
5.265999999999999570e-01
5.325999999999999623e-01
5.285999999999999588e-01
5.287333333333333885e-01
5.316666666666666208e-01
5.289333333333333664e-01
5.290000000000000258e-01
5.263999999999999790e-01
5.263999999999999790e-01
5.275333333333332986e-01
5.271333333333333426e-01
5.297333333333332783e-01
5.302000000000000046e-01
5.356666666666666243e-01
5.298666666666667080e-01
5.285999999999999588e-01
5.272666666666666613e-01
5.274666666666666393e-01
5.324666666666666437e-01
5.295999999999999597e-01
5.304666666666666419e-01
5.328000000000000513e-01
5.317333333333332801e-01
5.309333333333333682e-01
5.281333333333333435e-01
5.314666666666666428e-01
5.306666666666666199e-01
5.281333333333333435e-01
5.292000000000000037e-01
5.318666666666667098e-01
5.322666666666666657e-01
5.303999999999999826e-01
5.319333333333333691e-01
5.333333333333333259e-01
5.295999999999999597e-01
5.300000000000000266e-01
5.325999999999999623e-01
5.343999999999999861e-01
5.313999999999999835e-01
5.313999999999999835e-01
5.307333333333332792e-01
5.315333333333333021e-01
5.327333333333332810e-01
5.329333333333333700e-01
5.346666666666666234e-01
5.335999999999999632e-01
5.305333333333333012e-01
5.363999999999999879e-01
5.325999999999999623e-01
5.299333333333333673e-01
5.351333333333333497e-01
5.351333333333333497e-01
5.332666666666666666e-01
5.331333333333333480e-01
5.333333333333333259e-01
5.365333333333333066e-01
5.305999999999999606e-01
5.325999999999999623e-01
5.333999999999999853e-01
5.315999999999999615e-01
5.357333333333332837e-01
5.299333333333333673e-01
5.325999999999999623e-01
5.370000000000000329e-01
5.347333333333332828e-01
5.333999999999999853e-01
5.348000000000000531e-01
5.347333333333332828e-01
5.335333333333333039e-01
5.315333333333333021e-01
5.367333333333332845e-01
5.348000000000000531e-01
5.348666666666667124e-01
5.368666666666667142e-01
5.373999999999999888e-01
5.318000000000000504e-01
5.312000000000000055e-01
5.330000000000000293e-01
5.362666666666666693e-01
5.350000000000000311e-01
5.376666666666666261e-01
5.389333333333333753e-01
5.378666666666667151e-01
5.355999999999999650e-01
5.321333333333333471e-01
5.353999999999999870e-01
5.325333333333333030e-01
5.348000000000000531e-01
5.345999999999999641e-01
5.344666666666666455e-01
