4.420000000000000040e-01
4.377333333333333076e-01
4.416666666666666519e-01
4.418000000000000260e-01
4.418000000000000260e-01
4.411333333333333218e-01
4.421999999999999820e-01
4.428666666666666862e-01
4.454000000000000181e-01
4.411333333333333218e-01
4.420000000000000040e-01
4.457999999999999741e-01
4.442666666666666431e-01
4.426666666666666528e-01
4.440666666666666651e-01
4.423333333333333561e-01
4.446666666666666545e-01
4.468666666666666898e-01
4.448666666666666880e-01
4.447333333333333139e-01
4.475333333333333385e-01
4.431999999999999829e-01
4.477333333333333165e-01
4.472666666666666457e-01
4.457333333333333147e-01
4.485333333333333394e-01
4.464000000000000190e-01
4.468666666666666898e-01
4.485999999999999988e-01
4.482666666666666466e-01
4.500000000000000111e-01
4.476666666666666572e-01
4.488666666666666916e-01
4.466666666666666563e-01
4.536000000000000032e-01
4.517333333333333201e-01
4.543333333333333113e-01
4.523333333333333095e-01
4.490666666666666695e-01
4.504000000000000226e-01
4.509333333333333527e-01
4.471333333333333271e-01
4.533333333333333104e-01
4.520000000000000129e-01
4.521999999999999909e-01
4.554000000000000270e-01
4.554666666666666863e-01
4.543333333333333113e-01
4.532666666666666511e-01
4.541999999999999926e-01
4.560000000000000164e-01
4.544666666666666854e-01
4.547999999999999821e-01
4.550000000000000155e-01
4.551999999999999935e-01
4.546000000000000041e-01
4.515333333333333421e-01
4.579333333333333589e-01
4.573999999999999733e-01
4.574666666666666881e-01
4.578666666666666440e-01
4.583999999999999742e-01
4.570666666666666766e-01
4.568666666666666432e-01
4.586000000000000076e-01
4.572666666666666546e-01
4.623333333333333184e-01
4.571999999999999953e-01
4.581999999999999962e-01
4.580000000000000182e-01
4.601999999999999980e-01
4.600000000000000200e-01
4.570000000000000173e-01
4.600000000000000200e-01
4.580000000000000182e-01
4.537333333333333218e-01
4.604666666666666908e-01
4.596666666666666679e-01
4.546666666666666634e-01
4.581333333333333369e-01
4.626000000000000112e-01
4.601333333333333386e-01
4.604666666666666908e-01
4.600666666666666793e-01
4.639333333333333087e-01
4.607333333333333281e-01
4.619333333333333069e-01
4.611333333333333395e-01
4.662000000000000033e-01
4.640666666666666829e-01
4.575333333333333474e-01
4.647333333333333316e-01
4.626666666666666705e-01
4.634666666666666934e-01
4.665333333333333554e-01
4.633333333333333193e-01
4.630666666666666820e-01
4.667999999999999927e-01
4.624666666666666925e-01
4.666000000000000147e-01
4.645333333333333536e-01
4.660666666666666846e-01
4.677333333333333343e-01
4.618666666666666476e-01
4.687999999999999945e-01
4.648666666666666503e-01
4.664666666666666406e-01
4.700666666666666882e-01
4.657333333333333325e-01
4.675333333333333563e-01
4.666000000000000147e-01
4.689999999999999725e-01
4.683333333333333237e-01
4.702000000000000068e-01
4.674666666666666415e-01
4.724666666666666459e-01
4.673333333333333228e-01
4.706666666666666776e-01
4.707999999999999963e-01
4.692666666666666653e-01
4.719999999999999751e-01
4.714666666666666450e-01
4.724666666666666459e-01
4.688666666666666538e-01
4.727999999999999980e-01
4.709333333333333149e-01
4.697333333333333361e-01
4.702000000000000068e-01
4.740666666666666917e-01
4.709333333333333149e-01
4.686666666666666758e-01
4.732000000000000095e-01
4.719333333333333158e-01
4.728666666666666574e-01
4.723999999999999866e-01
4.726666666666666794e-01
4.719999999999999751e-01
4.712666666666666671e-01
4.762666666666666715e-01
4.716000000000000192e-01
4.743333333333333290e-01
4.698666666666666547e-01
4.707333333333333369e-01
4.764666666666666495e-01
4.776000000000000245e-01
4.742666666666666697e-01
4.751333333333333520e-01
4.728666666666666574e-01
4.712666666666666671e-01
4.773999999999999910e-01
4.699999999999999734e-01
4.746666666666666812e-01
4.789333333333333220e-01
4.789333333333333220e-01
4.773999999999999910e-01
4.779999999999999805e-01
4.788666666666666627e-01
4.791333333333333555e-01
4.763999999999999901e-01
4.763333333333333308e-01
4.785333333333333106e-01
4.746666666666666812e-01
4.762666666666666715e-01
4.797333333333333449e-01
4.759333333333333194e-01
4.778666666666666618e-01
4.735333333333333061e-01
4.784666666666666512e-01
4.763999999999999901e-01
4.804666666666666530e-01
4.823999999999999955e-01
4.794666666666666521e-01
4.808000000000000052e-01
4.813999999999999946e-01
4.802000000000000157e-01
4.815999999999999726e-01
4.815999999999999726e-01
4.794666666666666521e-01
4.792666666666666742e-01
4.791333333333333555e-01
4.806000000000000272e-01
4.800666666666666416e-01
4.796000000000000263e-01
4.816666666666666874e-01
4.783333333333333326e-01
4.797333333333333449e-01
4.831333333333333591e-01
4.819333333333333247e-01
4.803999999999999937e-01
4.851333333333333608e-01
4.846666666666666901e-01
4.841333333333333599e-01
4.812666666666666759e-01
4.793999999999999928e-01
4.823999999999999955e-01
4.853333333333333388e-01
4.831333333333333591e-01
4.856666666666666909e-01
4.854666666666666575e-01
4.836666666666666892e-01
4.829333333333333256e-01
4.839999999999999858e-01
4.839999999999999858e-01
4.815333333333333132e-01
4.867333333333333512e-01
4.832000000000000184e-01
4.855999999999999761e-01
4.882666666666666822e-01
4.830666666666666442e-01
4.833333333333333370e-01
4.856666666666666909e-01
4.898666666666666725e-01
4.876666666666666927e-01
4.856666666666666909e-01
4.845999999999999752e-01
4.864666666666666583e-01
4.871333333333333071e-01
4.853999999999999981e-01
4.863333333333333397e-01
4.892000000000000237e-01
4.871333333333333071e-01
4.854666666666666575e-01
4.913333333333333441e-01
4.859333333333333282e-01
4.879999999999999893e-01
4.853333333333333388e-01
4.886666666666666936e-01
4.882000000000000228e-01
4.902666666666666839e-01
4.903333333333333433e-01
4.859333333333333282e-01
4.867333333333333512e-01
4.882666666666666822e-01
4.877333333333333520e-01
4.873333333333333406e-01
4.894666666666666610e-01
4.941333333333333133e-01
4.920666666666666522e-01
4.904666666666666619e-01
4.914666666666666628e-01
4.925333333333333230e-01
4.921333333333333115e-01
4.907333333333333547e-01
4.905333333333333212e-01
4.909999999999999920e-01
4.920666666666666522e-01
4.922000000000000264e-01
4.919999999999999929e-01
4.904666666666666619e-01
4.892000000000000237e-01
4.882666666666666822e-01
4.922666666666666857e-01
4.898666666666666725e-01
4.933333333333333459e-01
4.905999999999999805e-01
4.932000000000000273e-01
4.955999999999999850e-01
4.935333333333333239e-01
4.926666666666666416e-01
4.926666666666666416e-01
4.928666666666666751e-01
4.945333333333333248e-01
4.918666666666666742e-01
4.938666666666666760e-01
4.957333333333333591e-01
4.959333333333333371e-01
4.961333333333333151e-01
4.970666666666666567e-01
4.971333333333333160e-01
4.963333333333333486e-01
4.971999999999999753e-01
4.914666666666666628e-01
4.962666666666666893e-01
4.925333333333333230e-01
4.955333333333333257e-01
4.925333333333333230e-01
4.959999999999999964e-01
4.937333333333333574e-01
4.945333333333333248e-01
4.981999999999999762e-01
4.940666666666666540e-01
4.960666666666666558e-01
4.968666666666666787e-01
4.974666666666666681e-01
4.935333333333333239e-01
5.001999999999999780e-01
4.981333333333333169e-01
4.964666666666666672e-01
4.998000000000000220e-01
4.971333333333333160e-01
4.978000000000000203e-01
4.968000000000000194e-01
4.980666666666666575e-01
5.000000000000000000e-01
4.987333333333333063e-01
4.980666666666666575e-01
4.933333333333333459e-01
4.995999999999999885e-01
4.967333333333333600e-01
4.959999999999999964e-01
5.026000000000000467e-01
4.988666666666666805e-01
4.961999999999999744e-01
4.979333333333333389e-01
5.011333333333333195e-01
4.965999999999999859e-01
4.992666666666666919e-01
5.048666666666666858e-01
5.000666666666666593e-01
4.998000000000000220e-01
5.026000000000000467e-01
5.013999999999999568e-01
5.027333333333333654e-01
4.995333333333333292e-01
5.003333333333332966e-01
5.001999999999999780e-01
4.992666666666666919e-01
5.008000000000000229e-01
5.039333333333333442e-01
4.983333333333333504e-01
5.026000000000000467e-01
5.018666666666666831e-01
5.003333333333332966e-01
4.997333333333333072e-01
5.018000000000000238e-01
5.062666666666666426e-01
5.007333333333333636e-01
5.019333333333333425e-01
5.040000000000000036e-01
4.992666666666666919e-01
5.044666666666666188e-01
5.042666666666666409e-01
5.006666666666667043e-01
5.011999999999999789e-01
5.029333333333333433e-01
4.990666666666666584e-01
5.050666666666666638e-01
5.048000000000000265e-01
5.001999999999999780e-01
4.995333333333333292e-01
5.014666666666666162e-01
5.074666666666666215e-01
5.055333333333332790e-01
5.049333333333333451e-01
5.063333333333333020e-01
5.042666666666666409e-01
5.040666666666666629e-01
5.020666666666666611e-01
5.043333333333333002e-01
4.984666666666666690e-01
5.045333333333332781e-01
5.076666666666667105e-01
5.028000000000000247e-01
5.022666666666666391e-01
5.048666666666666858e-01
5.079333333333333478e-01
5.048000000000000265e-01
5.051999999999999824e-01
5.046000000000000485e-01
5.076000000000000512e-01
5.070666666666666655e-01
5.068666666666666876e-01
5.056666666666667087e-01
5.058666666666666867e-01
5.095333333333332826e-01
5.008666666666666822e-01
5.075333333333332808e-01
5.042666666666666409e-01
5.022666666666666391e-01
5.088666666666666893e-01
5.066666666666667096e-01
5.040000000000000036e-01
5.060666666666666647e-01
5.054666666666666197e-01
5.103999999999999648e-01
5.056666666666667087e-01
5.087333333333333707e-01
5.096000000000000529e-01
5.114666666666666250e-01
5.098000000000000309e-01
5.094666666666666233e-01
5.066000000000000503e-01
5.090000000000000080e-01
5.098666666666666902e-01
5.078000000000000291e-01
5.111999999999999877e-01
5.088666666666666893e-01
5.068000000000000282e-01
5.078666666666666885e-01
5.105333333333332835e-01
5.061999999999999833e-01
5.059333333333333460e-01
5.080000000000000071e-01
5.076000000000000512e-01
5.090000000000000080e-01
5.135333333333332861e-01
5.073333333333333028e-01
5.081333333333333258e-01
5.113333333333333064e-01
5.077333333333333698e-01
5.090000000000000080e-01
5.068666666666666876e-01
5.089333333333333487e-01
5.100000000000000089e-01
5.114666666666666250e-01
5.117333333333333734e-01
5.083333333333333037e-01
5.115333333333332844e-01
5.101333333333333275e-01
5.083999999999999631e-01
5.115333333333332844e-01
5.100000000000000089e-01
5.123999999999999666e-01
5.104666666666666242e-01
5.120000000000000107e-01
5.105333333333332835e-01
5.151999999999999913e-01
5.103999999999999648e-01
5.117333333333333734e-01
5.116000000000000547e-01
5.109333333333333504e-01
5.125333333333332853e-01
5.152666666666666506e-01
5.124666666666666259e-01
5.098000000000000309e-01
5.110000000000000098e-01
5.137333333333333751e-01
5.155999999999999472e-01
5.128666666666666929e-01
5.116000000000000547e-01
5.142666666666666497e-01
5.146666666666667167e-01
5.106000000000000538e-01
5.126666666666667149e-01
5.135333333333332861e-01
5.155999999999999472e-01
5.151999999999999913e-01
5.181333333333333346e-01
5.135333333333332861e-01
5.146666666666667167e-01
5.156666666666667176e-01
5.127333333333333742e-01
5.137333333333333751e-01
5.158666666666666956e-01
5.130666666666666709e-01
5.143333333333333091e-01
5.140000000000000124e-01
5.140666666666666718e-01
5.148666666666666947e-01
5.150000000000000133e-01
5.150666666666666726e-01
5.144666666666666277e-01
5.177333333333333787e-01
5.205999999999999517e-01
5.141333333333333311e-01
5.137333333333333751e-01
5.128666666666666929e-01
5.158000000000000362e-01
5.158000000000000362e-01
5.155333333333332879e-01
5.160000000000000142e-01
5.168000000000000371e-01
5.160000000000000142e-01
5.159333333333333549e-01
5.198000000000000398e-01
5.155333333333332879e-01
5.159333333333333549e-01
5.151999999999999913e-01
5.152666666666666506e-01
5.153333333333333099e-01
5.144666666666666277e-01
5.163333333333333108e-01
5.131333333333333302e-01
5.162666666666666515e-01
5.102666666666666462e-01
5.179333333333333567e-01
5.173999999999999710e-01
5.138666666666666938e-01
5.178666666666666973e-01
5.179333333333333567e-01
5.168000000000000371e-01
5.231333333333333391e-01
5.210666666666666780e-01
5.187333333333333796e-01
5.175999999999999490e-01
5.190666666666666762e-01
5.164666666666666295e-01
5.186666666666667203e-01
5.190666666666666762e-01
5.157333333333333769e-01
5.195333333333332915e-01
5.200666666666666771e-01
5.205333333333332924e-01
5.167333333333333778e-01
5.181999999999999940e-01
5.195999999999999508e-01
5.217333333333333822e-01
5.194666666666666321e-01
5.209333333333333593e-01
5.191333333333333355e-01
5.190000000000000169e-01
5.211999999999999966e-01
5.179333333333333567e-01
5.188666666666666982e-01
5.195333333333332915e-01
5.202666666666666551e-01
5.201999999999999957e-01
5.183333333333333126e-01
5.175333333333332897e-01
5.190000000000000169e-01
5.208000000000000407e-01
5.215333333333332932e-01
5.199333333333333584e-01
5.162666666666666515e-01
5.175999999999999490e-01
5.204666666666666330e-01
5.200000000000000178e-01
5.223999999999999755e-01
5.238666666666667027e-01
5.192666666666666542e-01
5.216666666666666119e-01
5.201333333333333364e-01
5.222666666666666568e-01
5.225333333333332941e-01
5.197333333333333805e-01
5.253999999999999782e-01
5.230000000000000204e-01
5.213999999999999746e-01
5.218000000000000416e-01
5.232666666666666577e-01
5.210000000000000187e-01
5.221999999999999975e-01
5.218666666666667009e-01
5.229333333333333611e-01
5.204666666666666330e-01
5.199333333333333584e-01
5.222666666666666568e-01
5.225999999999999535e-01
5.240666666666666806e-01
5.251333333333333409e-01
5.258000000000000451e-01
5.271333333333333426e-01
5.226666666666666128e-01
5.238000000000000433e-01
5.240000000000000213e-01
5.210000000000000187e-01
5.226666666666666128e-01
5.210666666666666780e-01
5.189333333333333576e-01
5.222666666666666568e-01
5.248666666666667036e-01
5.218000000000000416e-01
5.270666666666666833e-01
5.270000000000000240e-01
5.242666666666666586e-01
5.254666666666666375e-01
5.262666666666666604e-01
5.248000000000000442e-01
5.228000000000000425e-01
5.200666666666666771e-01
5.257333333333333858e-01
5.265333333333332977e-01
5.263999999999999790e-01
5.251333333333333409e-01
5.247333333333333849e-01
5.217333333333333822e-01
5.241333333333333400e-01
5.261333333333333417e-01
5.246666666666666146e-01
5.228666666666667018e-01
5.248000000000000442e-01
5.290000000000000258e-01
5.273333333333333206e-01
5.234666666666666357e-01
5.243999999999999773e-01
5.263999999999999790e-01
5.268666666666667053e-01
5.280666666666666842e-01
5.184666666666666313e-01
5.318000000000000504e-01
5.272000000000000020e-01
5.272666666666666613e-01
5.272666666666666613e-01
5.255333333333332968e-01
5.282000000000000028e-01
5.295333333333333004e-01
5.283999999999999808e-01
5.245333333333332959e-01
5.270666666666666833e-01
5.302666666666666639e-01
5.257333333333333858e-01
5.250666666666666815e-01
5.297333333333332783e-01
5.252000000000000002e-01
5.248000000000000442e-01
5.293999999999999817e-01
5.294666666666666410e-01
5.250666666666666815e-01
5.280666666666666842e-01
5.329333333333333700e-01
5.287333333333333885e-01
5.287333333333333885e-01
5.225999999999999535e-01
5.300666666666666860e-01
5.287333333333333885e-01
5.268000000000000460e-01
5.312000000000000055e-01
5.278666666666667062e-01
5.286666666666666181e-01
5.284666666666666401e-01
5.286666666666666181e-01
5.273333333333333206e-01
5.290000000000000258e-01
5.293999999999999817e-01
5.318000000000000504e-01
5.322000000000000064e-01
5.284666666666666401e-01
5.296666666666666190e-01
5.288000000000000478e-01
5.283333333333333215e-01
5.280666666666666842e-01
5.278000000000000469e-01
5.283333333333333215e-01
5.307333333333332792e-01
5.309333333333333682e-01
5.313333333333333242e-01
5.317333333333332801e-01
5.271333333333333426e-01
5.295999999999999597e-01
5.299333333333333673e-01
5.305333333333333012e-01
5.315333333333333021e-01
5.244666666666666366e-01
5.295333333333333004e-01
5.312666666666666648e-01
5.290000000000000258e-01
5.308000000000000496e-01
5.316666666666666208e-01
5.293333333333333224e-01
5.315999999999999615e-01
5.288000000000000478e-01
5.339333333333333709e-01
5.299333333333333673e-01
5.308666666666667089e-01
5.330000000000000293e-01
5.303333333333333233e-01
5.309333333333333682e-01
5.285999999999999588e-01
5.275333333333332986e-01
5.292000000000000037e-01
5.286666666666666181e-01
5.313333333333333242e-01
5.312000000000000055e-01
5.370666666666666922e-01
5.317333333333332801e-01
5.310000000000000275e-01
5.286666666666666181e-01
5.290000000000000258e-01
5.332666666666666666e-01
5.310666666666666869e-01
5.325333333333333030e-01
5.340666666666666895e-01
5.333999999999999853e-01
5.322000000000000064e-01
5.298666666666667080e-01
5.330666666666666886e-01
5.322666666666666657e-01
5.291333333333333444e-01
5.305333333333333012e-01
5.337333333333332819e-01
5.343333333333333268e-01
5.313999999999999835e-01
5.333999999999999853e-01
5.349333333333333718e-01
5.303999999999999826e-01
5.322000000000000064e-01
5.341333333333333488e-01
5.366666666666666252e-01
5.328000000000000513e-01
5.332666666666666666e-01
5.322666666666666657e-01
5.336666666666666226e-01
5.338666666666667115e-01
5.339333333333333709e-01
5.354666666666666464e-01
5.345333333333333048e-01
5.322000000000000064e-01
5.378666666666667151e-01
5.335333333333333039e-01
5.310666666666666869e-01
5.358666666666667133e-01
5.363333333333333286e-01
5.342666666666666675e-01
5.340000000000000302e-01
5.345333333333333048e-01
5.377999999999999448e-01
5.321333333333333471e-01
5.336666666666666226e-01
5.343999999999999861e-01
5.333999999999999853e-01
5.380000000000000338e-01
5.310000000000000275e-01
5.345333333333333048e-01
5.379333333333333744e-01
5.354666666666666464e-01
5.348666666666667124e-01
5.356666666666666243e-01
5.363333333333333286e-01
5.351333333333333497e-01
5.326666666666666217e-01
5.385999999999999677e-01
5.358666666666667133e-01
5.361333333333333506e-01
5.387999999999999456e-01
5.396666666666666279e-01
5.340666666666666895e-01
5.317333333333332801e-01
5.343333333333333268e-01
5.378666666666667151e-01
5.362000000000000099e-01
5.392666666666666719e-01
5.402000000000000135e-01
5.390000000000000346e-01
5.373999999999999888e-01
5.341333333333333488e-01
5.363333333333333286e-01
5.340000000000000302e-01
5.365333333333333066e-01
5.367333333333332845e-01
5.361333333333333506e-01
