4.390000000000000013e-01
4.351999999999999758e-01
4.389333333333333420e-01
4.396666666666666501e-01
4.392666666666666941e-01
4.376666666666666483e-01
4.391999999999999793e-01
4.395333333333333314e-01
4.425333333333333341e-01
4.378000000000000225e-01
4.394666666666666721e-01
4.419333333333333447e-01
4.410000000000000031e-01
4.402666666666666395e-01
4.401999999999999802e-01
4.393333333333333535e-01
4.411999999999999811e-01
4.430666666666666642e-01
4.420666666666666633e-01
4.415999999999999925e-01
4.443333333333333579e-01
4.399333333333333429e-01
4.436666666666666536e-01
4.434666666666666757e-01
4.425333333333333341e-01
4.444666666666666766e-01
4.428000000000000269e-01
4.438666666666666871e-01
4.453333333333333588e-01
4.454000000000000181e-01
4.469333333333333491e-01
4.439333333333333464e-01
4.460000000000000075e-01
4.432666666666666422e-01
4.494000000000000217e-01
4.481333333333333280e-01
4.514000000000000234e-01
4.486666666666666581e-01
4.451333333333333253e-01
4.466666666666666563e-01
4.481999999999999873e-01
4.441333333333333244e-01
4.501333333333333298e-01
4.490666666666666695e-01
4.499333333333333518e-01
4.518666666666666942e-01
4.524666666666666837e-01
4.517333333333333201e-01
4.510666666666666713e-01
4.509333333333333527e-01
4.526000000000000023e-01
4.510666666666666713e-01
4.512666666666666493e-01
4.520000000000000129e-01
4.521999999999999909e-01
4.518666666666666942e-01
4.484666666666666801e-01
4.547333333333333227e-01
4.541333333333333333e-01
4.543333333333333113e-01
4.540666666666666740e-01
4.563999999999999724e-01
4.549333333333333562e-01
4.540666666666666740e-01
4.564666666666666872e-01
4.552666666666666528e-01
4.591333333333333377e-01
4.540000000000000147e-01
4.557333333333333236e-01
4.552666666666666528e-01
4.573333333333333139e-01
4.573333333333333139e-01
4.535333333333333439e-01
4.573999999999999733e-01
4.557333333333333236e-01
4.509333333333333527e-01
4.579333333333333589e-01
4.572666666666666546e-01
4.524666666666666837e-01
4.561999999999999944e-01
4.601333333333333386e-01
4.575333333333333474e-01
4.577333333333333254e-01
4.579333333333333589e-01
4.618666666666666476e-01
4.581999999999999962e-01
4.592666666666666564e-01
4.589333333333333598e-01
4.637333333333333307e-01
4.621999999999999997e-01
4.551333333333333342e-01
4.623999999999999777e-01
4.599333333333333607e-01
4.604666666666666908e-01
4.648666666666666503e-01
4.610000000000000209e-01
4.605333333333333501e-01
4.645333333333333536e-01
4.601999999999999980e-01
4.642666666666666608e-01
4.625333333333333519e-01
4.635333333333333528e-01
4.655333333333333545e-01
4.594666666666666899e-01
4.654666666666666397e-01
4.630666666666666820e-01
4.647999999999999909e-01
4.677999999999999936e-01
4.635333333333333528e-01
4.649333333333333096e-01
4.647999999999999909e-01
4.661333333333333440e-01
4.657333333333333325e-01
4.683333333333333237e-01
4.651333333333333431e-01
4.702666666666666662e-01
4.651333333333333431e-01
4.678666666666666529e-01
4.683999999999999830e-01
4.665333333333333554e-01
4.690666666666666873e-01
4.694666666666666432e-01
4.703999999999999848e-01
4.666666666666666741e-01
4.707333333333333369e-01
4.682000000000000051e-01
4.686666666666666758e-01
4.686000000000000165e-01
4.723333333333333273e-01
4.699999999999999734e-01
4.675333333333333563e-01
4.707999999999999963e-01
4.706000000000000183e-01
4.712000000000000077e-01
4.709999999999999742e-01
4.704666666666666441e-01
4.699333333333333140e-01
4.690666666666666873e-01
4.746666666666666812e-01
4.697999999999999954e-01
4.726666666666666794e-01
4.679333333333333123e-01
4.689333333333333131e-01
4.753999999999999893e-01
4.762000000000000122e-01
4.722666666666666679e-01
4.737999999999999989e-01
4.709333333333333149e-01
4.694666666666666432e-01
4.749999999999999778e-01
4.688666666666666538e-01
4.722666666666666679e-01
4.761333333333333528e-01
4.773999999999999910e-01
4.761333333333333528e-01
4.766666666666666829e-01
4.774666666666666504e-01
4.774666666666666504e-01
4.744666666666666477e-01
4.742000000000000104e-01
4.773999999999999910e-01
4.725333333333333607e-01
4.736666666666666803e-01
4.778000000000000025e-01
4.742000000000000104e-01
4.761333333333333528e-01
4.717333333333333378e-01
4.771333333333333537e-01
4.749999999999999778e-01
4.783333333333333326e-01
4.803333333333333344e-01
4.779333333333333211e-01
4.786000000000000254e-01
4.792000000000000148e-01
4.786666666666666847e-01
4.796000000000000263e-01
4.804666666666666530e-01
4.783999999999999919e-01
4.778000000000000025e-01
4.771333333333333537e-01
4.789999999999999813e-01
4.781333333333333546e-01
4.783333333333333326e-01
4.801333333333333564e-01
4.768666666666666609e-01
4.786000000000000254e-01
4.819333333333333247e-01
4.803999999999999937e-01
4.788000000000000034e-01
4.835999999999999743e-01
4.832000000000000184e-01
4.822666666666666768e-01
4.804666666666666530e-01
4.779333333333333211e-01
4.818666666666666654e-01
4.839333333333333265e-01
4.818666666666666654e-01
4.843333333333333379e-01
4.845999999999999752e-01
4.822000000000000175e-01
4.812000000000000166e-01
4.828000000000000069e-01
4.824666666666666548e-01
4.806666666666666865e-01
4.853333333333333388e-01
4.816666666666666874e-01
4.844666666666666566e-01
4.866666666666666918e-01
4.812000000000000166e-01
4.821333333333333582e-01
4.843999999999999972e-01
4.883333333333333415e-01
4.859333333333333282e-01
4.839999999999999858e-01
4.835333333333333150e-01
4.852666666666666795e-01
4.858000000000000096e-01
4.838666666666666671e-01
4.849333333333333274e-01
4.871333333333333071e-01
4.859999999999999876e-01
4.840666666666666451e-01
4.895333333333333203e-01
4.845999999999999752e-01
4.865999999999999770e-01
4.838000000000000078e-01
4.869333333333333291e-01
4.872000000000000219e-01
4.892666666666666830e-01
4.891333333333333089e-01
4.839999999999999858e-01
4.862666666666666804e-01
4.870666666666666478e-01
4.861333333333333062e-01
4.856666666666666909e-01
4.885333333333333194e-01
4.931333333333333124e-01
4.909333333333333327e-01
4.890666666666666496e-01
4.895999999999999797e-01
4.909333333333333327e-01
4.905999999999999805e-01
4.892000000000000237e-01
4.888666666666666716e-01
4.896666666666666390e-01
4.904000000000000026e-01
4.909333333333333327e-01
4.914000000000000035e-01
4.891333333333333089e-01
4.877333333333333520e-01
4.870666666666666478e-01
4.915999999999999814e-01
4.887333333333333529e-01
4.920666666666666522e-01
4.896666666666666390e-01
4.918666666666666742e-01
4.949333333333333362e-01
4.919999999999999929e-01
4.914666666666666628e-01
4.916666666666666408e-01
4.924666666666666637e-01
4.941999999999999726e-01
4.911333333333333107e-01
4.928666666666666751e-01
4.944666666666666655e-01
4.944666666666666655e-01
4.948000000000000176e-01
4.964666666666666672e-01
4.961999999999999744e-01
4.950666666666666549e-01
4.961999999999999744e-01
4.902666666666666839e-01
4.955999999999999850e-01
4.911333333333333107e-01
4.939999999999999947e-01
4.914000000000000035e-01
4.957333333333333591e-01
4.926666666666666416e-01
4.933333333333333459e-01
4.973333333333333495e-01
4.925999999999999823e-01
4.952666666666666884e-01
4.961333333333333151e-01
4.962666666666666893e-01
4.925999999999999823e-01
4.991999999999999771e-01
4.974666666666666681e-01
4.959999999999999964e-01
4.990666666666666584e-01
4.958000000000000185e-01
4.962666666666666893e-01
4.948000000000000176e-01
4.971999999999999753e-01
4.991999999999999771e-01
4.978000000000000203e-01
4.967333333333333600e-01
4.920666666666666522e-01
4.990666666666666584e-01
4.952666666666666884e-01
4.953333333333333477e-01
5.013999999999999568e-01
4.977333333333333609e-01
4.957333333333333591e-01
4.971999999999999753e-01
4.999333333333333407e-01
4.955999999999999850e-01
4.983333333333333504e-01
5.037333333333333663e-01
4.996666666666666479e-01
4.985999999999999877e-01
5.020666666666666611e-01
5.006666666666667043e-01
5.013999999999999568e-01
4.984000000000000097e-01
4.988000000000000211e-01
4.997333333333333072e-01
4.984666666666666690e-01
4.989333333333333398e-01
5.027333333333333654e-01
4.971999999999999753e-01
5.013999999999999568e-01
5.002666666666666373e-01
4.993333333333333512e-01
4.988666666666666805e-01
5.004666666666666153e-01
5.054666666666666197e-01
4.998000000000000220e-01
5.010666666666666602e-01
5.030000000000000027e-01
4.987333333333333063e-01
5.031333333333333213e-01
5.036000000000000476e-01
4.996666666666666479e-01
5.003999999999999559e-01
5.019333333333333425e-01
4.980666666666666575e-01
5.043999999999999595e-01
5.039333333333333442e-01
4.994666666666666699e-01
4.989333333333333398e-01
5.006000000000000449e-01
5.061999999999999833e-01
5.046666666666667078e-01
5.037333333333333663e-01
5.052666666666666417e-01
5.028000000000000247e-01
5.026666666666667060e-01
5.008666666666666822e-01
5.035333333333333883e-01
4.974666666666666681e-01
5.034666666666666179e-01
5.063999999999999613e-01
5.018000000000000238e-01
5.011999999999999789e-01
5.042666666666666409e-01
5.066000000000000503e-01
5.041999999999999815e-01
5.034666666666666179e-01
5.037333333333333663e-01
5.061999999999999833e-01
5.063333333333333020e-01
5.053999999999999604e-01
5.042666666666666409e-01
5.046000000000000485e-01
5.086666666666667114e-01
4.995999999999999885e-01
5.058000000000000274e-01
5.031333333333333213e-01
5.013999999999999568e-01
5.077333333333333698e-01
5.056000000000000494e-01
5.026666666666667060e-01
5.050000000000000044e-01
5.043333333333333002e-01
5.098000000000000309e-01
5.046000000000000485e-01
5.078666666666666885e-01
5.088666666666666893e-01
5.106666666666667131e-01
5.091999999999999860e-01
5.082666666666666444e-01
5.055333333333332790e-01
5.088000000000000300e-01
5.083999999999999631e-01
5.066000000000000503e-01
5.100000000000000089e-01
5.081333333333333258e-01
5.056000000000000494e-01
5.067333333333333689e-01
5.100666666666666682e-01
5.059333333333333460e-01
5.050000000000000044e-01
5.074666666666666215e-01
5.062666666666666426e-01
5.086000000000000520e-01
5.131333333333333302e-01
5.066000000000000503e-01
5.066000000000000503e-01
5.109333333333333504e-01
5.066666666666667096e-01
5.079333333333333478e-01
5.058000000000000274e-01
5.081999999999999851e-01
5.091999999999999860e-01
5.103333333333333055e-01
5.107333333333333725e-01
5.079333333333333478e-01
5.111333333333333284e-01
5.097333333333333716e-01
5.083999999999999631e-01
5.111999999999999877e-01
5.096000000000000529e-01
5.116666666666667140e-01
5.098000000000000309e-01
5.112666666666666471e-01
5.096000000000000529e-01
5.136666666666667158e-01
5.094666666666666233e-01
5.107333333333333725e-01
5.104666666666666242e-01
5.101333333333333275e-01
5.120000000000000107e-01
5.144666666666666277e-01
5.116000000000000547e-01
5.088666666666666893e-01
5.103999999999999648e-01
5.120000000000000107e-01
5.145333333333332870e-01
5.123333333333333073e-01
5.107333333333333725e-01
5.140000000000000124e-01
5.137333333333333751e-01
5.100000000000000089e-01
5.117333333333333734e-01
5.126666666666667149e-01
5.148000000000000353e-01
5.144666666666666277e-01
5.173333333333333117e-01
5.125333333333332853e-01
5.135999999999999455e-01
5.156666666666667176e-01
5.118666666666666920e-01
5.130666666666666709e-01
5.153999999999999693e-01
5.129333333333333522e-01
5.140666666666666718e-01
5.134666666666666268e-01
5.125333333333332853e-01
5.141999999999999904e-01
5.144666666666666277e-01
5.142666666666666497e-01
5.134666666666666268e-01
5.169333333333333558e-01
5.201999999999999957e-01
5.130666666666666709e-01
5.127333333333333742e-01
5.116000000000000547e-01
5.156666666666667176e-01
5.146666666666667167e-01
5.149333333333333540e-01
5.152666666666666506e-01
5.160000000000000142e-01
5.149333333333333540e-01
5.150000000000000133e-01
5.188000000000000389e-01
5.150666666666666726e-01
5.146666666666667167e-01
5.145333333333332870e-01
5.142666666666666497e-01
5.145999999999999464e-01
5.135333333333332861e-01
5.148666666666666947e-01
5.123333333333333073e-01
5.159333333333333549e-01
5.096666666666667123e-01
5.176666666666667194e-01
5.170666666666666744e-01
5.130000000000000115e-01
5.170000000000000151e-01
5.166666666666667185e-01
5.158000000000000362e-01
5.213999999999999746e-01
5.202666666666666551e-01
5.181999999999999940e-01
5.163333333333333108e-01
5.179333333333333567e-01
5.155999999999999472e-01
5.173333333333333117e-01
5.180000000000000160e-01
5.143333333333333091e-01
5.185999999999999499e-01
5.189333333333333576e-01
5.193999999999999728e-01
5.165333333333332888e-01
5.176666666666667194e-01
5.186666666666667203e-01
5.206666666666667220e-01
5.187333333333333796e-01
5.198000000000000398e-01
5.176666666666667194e-01
5.179333333333333567e-01
5.198666666666666991e-01
5.168000000000000371e-01
5.185999999999999499e-01
5.191333333333333355e-01
5.191999999999999948e-01
5.191999999999999948e-01
5.180000000000000160e-01
5.168666666666666965e-01
5.185333333333332906e-01
5.204666666666666330e-01
5.210666666666666780e-01
5.186666666666667203e-01
5.159333333333333549e-01
5.171999999999999931e-01
5.195333333333332915e-01
5.191333333333333355e-01
5.217333333333333822e-01
5.232666666666666577e-01
5.190000000000000169e-01
5.209333333333333593e-01
5.198000000000000398e-01
5.218000000000000416e-01
5.220000000000000195e-01
5.197333333333333805e-01
5.250000000000000222e-01
5.221999999999999975e-01
5.205333333333332924e-01
5.212666666666666559e-01
5.229333333333333611e-01
5.203333333333333144e-01
5.215333333333332932e-01
5.210666666666666780e-01
5.218666666666667009e-01
5.203333333333333144e-01
5.192666666666666542e-01
5.219333333333333602e-01
5.215999999999999526e-01
5.235333333333332950e-01
5.238000000000000433e-01
5.255999999999999561e-01
5.262666666666666604e-01
5.223999999999999755e-01
5.228666666666667018e-01
5.231999999999999984e-01
5.202666666666666551e-01
5.220000000000000195e-01
5.204666666666666330e-01
5.183333333333333126e-01
5.219333333333333602e-01
5.241333333333333400e-01
5.215333333333332932e-01
5.263999999999999790e-01
5.267333333333333867e-01
5.236666666666666137e-01
5.250000000000000222e-01
5.257333333333333858e-01
5.240000000000000213e-01
5.223333333333333162e-01
5.193999999999999728e-01
5.246666666666666146e-01
5.254666666666666375e-01
5.257333333333333858e-01
5.238666666666667027e-01
5.239333333333333620e-01
5.209333333333333593e-01
5.235999999999999543e-01
5.257333333333333858e-01
5.238666666666667027e-01
5.223333333333333162e-01
5.241999999999999993e-01
5.277333333333333876e-01
5.270000000000000240e-01
5.227333333333333831e-01
5.243999999999999773e-01
5.255999999999999561e-01
5.262000000000000011e-01
5.271333333333333426e-01
5.176666666666667194e-01
5.312000000000000055e-01
5.271333333333333426e-01
5.269333333333333647e-01
5.269333333333333647e-01
5.244666666666666366e-01
5.273333333333333206e-01
5.289333333333333664e-01
5.273999999999999799e-01
5.238000000000000433e-01
5.261333333333333417e-01
5.293333333333333224e-01
5.253333333333333188e-01
5.249333333333333629e-01
5.295333333333333004e-01
5.238000000000000433e-01
5.247333333333333849e-01
5.288666666666667071e-01
5.286666666666666181e-01
5.241999999999999993e-01
5.273333333333333206e-01
5.323333333333333250e-01
5.279333333333333655e-01
5.279333333333333655e-01
5.221999999999999975e-01
5.292666666666666631e-01
5.278000000000000469e-01
5.264666666666666384e-01
5.303333333333333233e-01
5.273999999999999799e-01
5.276666666666666172e-01
5.275333333333332986e-01
5.278000000000000469e-01
5.267333333333333867e-01
5.280000000000000249e-01
5.285999999999999588e-01
5.308666666666667089e-01
5.316666666666666208e-01
5.281333333333333435e-01
5.286666666666666181e-01
5.274666666666666393e-01
5.275999999999999579e-01
5.270000000000000240e-01
5.272666666666666613e-01
5.273999999999999799e-01
5.296666666666666190e-01
5.305999999999999606e-01
5.303999999999999826e-01
5.305333333333333012e-01
5.268000000000000460e-01
5.290000000000000258e-01
5.294666666666666410e-01
5.304666666666666419e-01
5.303333333333333233e-01
5.234666666666666357e-01
5.289333333333333664e-01
5.300000000000000266e-01
5.285333333333332995e-01
5.305999999999999606e-01
5.308666666666667089e-01
5.288000000000000478e-01
5.304666666666666419e-01
5.280666666666666842e-01
5.332666666666666666e-01
5.295999999999999597e-01
5.303999999999999826e-01
5.328666666666667107e-01
5.297333333333332783e-01
5.304666666666666419e-01
5.277333333333333876e-01
5.276666666666666172e-01
5.290000000000000258e-01
5.288000000000000478e-01
5.310666666666666869e-01
5.305999999999999606e-01
5.370000000000000329e-01
5.313999999999999835e-01
5.303333333333333233e-01
5.281333333333333435e-01
5.286666666666666181e-01
5.333333333333333259e-01
5.304666666666666419e-01
5.317333333333332801e-01
5.332666666666666666e-01
5.328666666666667107e-01
5.316666666666666208e-01
5.289333333333333664e-01
5.325999999999999623e-01
5.319333333333333691e-01
5.286666666666666181e-01
5.303999999999999826e-01
5.332000000000000073e-01
5.335999999999999632e-01
5.309333333333333682e-01
5.330000000000000293e-01
5.345999999999999641e-01
5.302666666666666639e-01
5.314666666666666428e-01
5.334666666666666446e-01
5.355333333333333057e-01
5.322666666666666657e-01
5.328666666666667107e-01
5.318000000000000504e-01
5.329333333333333700e-01
5.336666666666666226e-01
5.334666666666666446e-01
5.351333333333333497e-01
5.342666666666666675e-01
5.315999999999999615e-01
5.373333333333333295e-01
5.331333333333333480e-01
5.303999999999999826e-01
5.355999999999999650e-01
5.363999999999999879e-01
5.338666666666667115e-01
5.335333333333333039e-01
5.342000000000000082e-01
5.375333333333333075e-01
5.317333333333332801e-01
5.331333333333333480e-01
5.340000000000000302e-01
5.323333333333333250e-01
5.371333333333333515e-01
5.304666666666666419e-01
5.338666666666667115e-01
5.380000000000000338e-01
5.347333333333332828e-01
5.345333333333333048e-01
5.353999999999999870e-01
5.356666666666666243e-01
5.343333333333333268e-01
5.321333333333333471e-01
5.379333333333333744e-01
5.354666666666666464e-01
5.353999999999999870e-01
5.378666666666667151e-01
5.388666666666667160e-01
5.332000000000000073e-01
5.312666666666666648e-01
5.338000000000000522e-01
5.371333333333333515e-01
5.353999999999999870e-01
5.383999999999999897e-01
5.396666666666666279e-01
5.385999999999999677e-01
5.366666666666666252e-01
5.328666666666667107e-01
5.360666666666666913e-01
5.334666666666666446e-01
5.354666666666666464e-01
5.356666666666666243e-01
5.352666666666666684e-01
