4.411333333333333218e-01
4.366666666666666474e-01
4.413333333333333552e-01
4.405333333333333323e-01
4.409333333333333438e-01
4.391333333333333200e-01
4.409333333333333438e-01
4.412666666666666404e-01
4.434666666666666757e-01
4.397333333333333094e-01
4.404666666666666730e-01
4.437333333333333130e-01
4.429333333333333456e-01
4.412666666666666404e-01
4.419333333333333447e-01
4.406666666666666510e-01
4.427333333333333121e-01
4.446666666666666545e-01
4.434000000000000163e-01
4.435333333333333350e-01
4.460000000000000075e-01
4.414666666666666739e-01
4.457333333333333147e-01
4.452666666666666440e-01
4.440000000000000058e-01
4.461333333333333262e-01
4.444666666666666766e-01
4.447999999999999732e-01
4.470000000000000084e-01
4.473333333333333606e-01
4.485999999999999988e-01
4.462666666666666448e-01
4.477333333333333165e-01
4.447999999999999732e-01
4.518666666666666942e-01
4.498666666666666925e-01
4.534666666666666845e-01
4.505333333333333412e-01
4.471333333333333271e-01
4.489333333333333509e-01
4.495999999999999996e-01
4.456666666666666554e-01
4.519333333333333536e-01
4.507999999999999785e-01
4.513333333333333086e-01
4.536000000000000032e-01
4.537999999999999812e-01
4.528666666666666396e-01
4.527333333333333210e-01
4.525333333333333430e-01
4.546000000000000041e-01
4.528666666666666396e-01
4.532666666666666511e-01
4.533333333333333104e-01
4.536000000000000032e-01
4.531333333333333324e-01
4.504000000000000226e-01
4.563999999999999724e-01
4.554000000000000270e-01
4.560000000000000164e-01
4.561999999999999944e-01
4.571333333333333360e-01
4.557333333333333236e-01
4.557999999999999829e-01
4.570000000000000173e-01
4.561333333333333351e-01
4.607333333333333281e-01
4.555333333333333456e-01
4.566666666666666652e-01
4.570000000000000173e-01
4.588666666666666449e-01
4.587333333333333263e-01
4.548666666666666414e-01
4.586000000000000076e-01
4.566000000000000059e-01
4.525333333333333430e-01
4.593333333333333157e-01
4.583999999999999742e-01
4.536666666666666625e-01
4.572666666666666546e-01
4.614666666666666917e-01
4.589333333333333598e-01
4.593333333333333157e-01
4.588666666666666449e-01
4.627999999999999892e-01
4.595333333333333492e-01
4.606666666666666687e-01
4.600666666666666793e-01
4.646666666666666723e-01
4.631333333333333413e-01
4.561999999999999944e-01
4.633333333333333193e-01
4.611333333333333395e-01
4.621333333333333404e-01
4.658666666666666512e-01
4.624666666666666925e-01
4.616000000000000103e-01
4.656666666666666732e-01
4.611999999999999988e-01
4.660666666666666846e-01
4.636000000000000121e-01
4.648666666666666503e-01
4.668666666666666520e-01
4.605333333333333501e-01
4.669333333333333114e-01
4.640000000000000235e-01
4.656666666666666732e-01
4.690666666666666873e-01
4.646000000000000130e-01
4.665333333333333554e-01
4.660666666666666846e-01
4.673333333333333228e-01
4.672000000000000042e-01
4.694666666666666432e-01
4.660666666666666846e-01
4.711333333333333484e-01
4.663333333333333219e-01
4.697333333333333361e-01
4.697333333333333361e-01
4.683999999999999830e-01
4.706666666666666776e-01
4.705333333333333590e-01
4.715333333333333599e-01
4.674666666666666415e-01
4.706666666666666776e-01
4.697999999999999954e-01
4.692000000000000060e-01
4.694666666666666432e-01
4.733333333333333282e-01
4.708666666666666556e-01
4.676000000000000156e-01
4.717999999999999972e-01
4.711333333333333484e-01
4.722666666666666679e-01
4.717333333333333378e-01
4.713333333333333264e-01
4.707333333333333369e-01
4.698666666666666547e-01
4.755333333333333079e-01
4.707333333333333369e-01
4.734666666666666468e-01
4.689333333333333131e-01
4.700666666666666882e-01
4.762666666666666715e-01
4.764666666666666495e-01
4.729999999999999760e-01
4.745333333333333070e-01
4.716666666666666785e-01
4.702000000000000068e-01
4.762666666666666715e-01
4.690666666666666873e-01
4.736000000000000210e-01
4.778000000000000025e-01
4.782000000000000139e-01
4.764666666666666495e-01
4.774666666666666504e-01
4.779999999999999805e-01
4.782000000000000139e-01
4.754666666666666486e-01
4.755333333333333079e-01
4.780666666666666398e-01
4.735333333333333061e-01
4.747999999999999998e-01
4.786666666666666847e-01
4.748666666666666591e-01
4.769333333333333202e-01
4.727333333333333387e-01
4.779333333333333211e-01
4.758000000000000007e-01
4.795333333333333115e-01
4.815333333333333132e-01
4.786666666666666847e-01
4.794666666666666521e-01
4.803333333333333344e-01
4.794666666666666521e-01
4.806000000000000272e-01
4.809333333333333238e-01
4.787333333333333441e-01
4.787333333333333441e-01
4.783999999999999919e-01
4.798666666666666636e-01
4.792666666666666742e-01
4.791333333333333555e-01
4.811333333333333573e-01
4.775333333333333097e-01
4.791333333333333555e-01
4.827333333333333476e-01
4.810666666666666424e-01
4.793333333333333335e-01
4.845999999999999752e-01
4.840666666666666451e-01
4.833333333333333370e-01
4.808000000000000052e-01
4.785333333333333106e-01
4.820666666666666433e-01
4.848000000000000087e-01
4.825333333333333141e-01
4.851333333333333608e-01
4.852666666666666795e-01
4.832000000000000184e-01
4.820666666666666433e-01
4.832000000000000184e-01
4.832666666666666777e-01
4.814666666666666539e-01
4.859333333333333282e-01
4.823333333333333361e-01
4.853333333333333388e-01
4.874666666666666592e-01
4.822000000000000175e-01
4.829333333333333256e-01
4.851333333333333608e-01
4.889999999999999902e-01
4.868666666666666698e-01
4.845999999999999752e-01
4.841333333333333599e-01
4.858000000000000096e-01
4.864666666666666583e-01
4.848666666666666680e-01
4.855333333333333168e-01
4.879999999999999893e-01
4.862666666666666804e-01
4.849333333333333274e-01
4.906666666666666399e-01
4.853999999999999981e-01
4.873333333333333406e-01
4.843999999999999972e-01
4.873999999999999999e-01
4.878666666666666707e-01
4.896666666666666390e-01
4.898666666666666725e-01
4.847333333333333494e-01
4.868000000000000105e-01
4.876666666666666927e-01
4.869333333333333291e-01
4.864666666666666583e-01
4.888666666666666716e-01
4.934666666666666646e-01
4.916666666666666408e-01
4.902000000000000246e-01
4.908000000000000140e-01
4.915333333333333221e-01
4.915333333333333221e-01
4.898666666666666725e-01
4.896666666666666390e-01
4.904000000000000026e-01
4.910666666666666513e-01
4.918000000000000149e-01
4.915333333333333221e-01
4.896666666666666390e-01
4.876666666666666927e-01
4.878000000000000114e-01
4.917333333333333556e-01
4.889999999999999902e-01
4.926666666666666416e-01
4.900666666666666504e-01
4.924000000000000044e-01
4.952666666666666884e-01
4.929333333333333345e-01
4.922000000000000264e-01
4.923333333333333450e-01
4.928666666666666751e-01
4.944666666666666655e-01
4.919333333333333336e-01
4.933333333333333459e-01
4.949999999999999956e-01
4.948666666666666769e-01
4.954000000000000070e-01
4.965333333333333266e-01
4.965333333333333266e-01
4.958000000000000185e-01
4.965333333333333266e-01
4.909999999999999920e-01
4.961999999999999744e-01
4.919999999999999929e-01
4.947333333333333583e-01
4.921333333333333115e-01
4.958666666666666778e-01
4.930666666666666531e-01
4.939999999999999947e-01
4.981333333333333169e-01
4.933333333333333459e-01
4.956666666666666443e-01
4.964666666666666672e-01
4.970666666666666567e-01
4.929333333333333345e-01
4.995333333333333292e-01
4.975999999999999868e-01
4.963333333333333486e-01
4.991333333333333178e-01
4.964666666666666672e-01
4.968666666666666787e-01
4.959999999999999964e-01
4.976666666666666461e-01
4.994666666666666699e-01
4.984666666666666690e-01
4.975999999999999868e-01
4.925333333333333230e-01
4.991999999999999771e-01
4.961333333333333151e-01
4.958000000000000185e-01
5.021999999999999797e-01
4.983333333333333504e-01
4.955999999999999850e-01
4.976666666666666461e-01
5.005333333333333856e-01
4.961333333333333151e-01
4.988666666666666805e-01
5.040666666666666629e-01
4.998000000000000220e-01
4.993333333333333512e-01
5.026000000000000467e-01
5.008000000000000229e-01
5.020666666666666611e-01
4.989333333333333398e-01
4.995333333333333292e-01
5.000000000000000000e-01
4.991999999999999771e-01
5.002666666666666373e-01
5.034666666666666179e-01
4.985999999999999877e-01
5.022666666666666391e-01
5.011999999999999789e-01
4.997333333333333072e-01
4.991999999999999771e-01
5.011333333333333195e-01
5.058666666666666867e-01
4.999333333333333407e-01
5.013999999999999568e-01
5.033999999999999586e-01
4.989333333333333398e-01
5.036000000000000476e-01
5.038666666666666849e-01
4.999333333333333407e-01
5.008666666666666822e-01
5.026666666666667060e-01
4.989999999999999991e-01
5.048000000000000265e-01
5.041999999999999815e-01
4.999333333333333407e-01
4.992666666666666919e-01
5.008000000000000229e-01
5.069333333333333469e-01
5.051333333333333231e-01
5.041333333333333222e-01
5.059333333333333460e-01
5.033333333333332993e-01
5.036000000000000476e-01
5.010000000000000009e-01
5.036000000000000476e-01
4.982666666666666910e-01
5.037333333333333663e-01
5.068000000000000282e-01
5.023333333333332984e-01
5.016666666666667052e-01
5.046000000000000485e-01
5.077333333333333698e-01
5.043999999999999595e-01
5.042666666666666409e-01
5.040666666666666629e-01
5.069333333333333469e-01
5.068666666666666876e-01
5.063333333333333020e-01
5.050000000000000044e-01
5.051333333333333231e-01
5.093333333333333046e-01
5.004666666666666153e-01
5.065333333333332799e-01
5.035333333333333883e-01
5.021999999999999797e-01
5.081333333333333258e-01
5.061999999999999833e-01
5.033999999999999586e-01
5.056666666666667087e-01
5.047333333333333671e-01
5.101333333333333275e-01
5.050000000000000044e-01
5.080666666666666664e-01
5.089333333333333487e-01
5.111333333333333284e-01
5.095333333333332826e-01
5.089333333333333487e-01
5.059333333333333460e-01
5.089333333333333487e-01
5.091999999999999860e-01
5.075333333333332808e-01
5.103999999999999648e-01
5.086000000000000520e-01
5.064666666666666206e-01
5.073999999999999622e-01
5.103333333333333055e-01
5.064666666666666206e-01
5.054666666666666197e-01
5.080666666666666664e-01
5.070000000000000062e-01
5.088666666666666893e-01
5.135333333333332861e-01
5.068666666666666876e-01
5.073333333333333028e-01
5.110666666666666691e-01
5.073999999999999622e-01
5.087333333333333707e-01
5.064666666666666206e-01
5.086000000000000520e-01
5.093999999999999639e-01
5.110666666666666691e-01
5.113999999999999657e-01
5.078666666666666885e-01
5.114666666666666250e-01
5.101333333333333275e-01
5.083999999999999631e-01
5.116666666666667140e-01
5.097333333333333716e-01
5.121999999999999886e-01
5.100000000000000089e-01
5.118666666666666920e-01
5.100666666666666682e-01
5.144666666666666277e-01
5.099333333333333496e-01
5.109333333333333504e-01
5.114666666666666250e-01
5.105333333333332835e-01
5.121999999999999886e-01
5.145333333333332870e-01
5.117333333333333734e-01
5.091999999999999860e-01
5.105333333333332835e-01
5.128000000000000336e-01
5.152666666666666506e-01
5.125333333333332853e-01
5.113333333333333064e-01
5.143333333333333091e-01
5.142666666666666497e-01
5.105333333333332835e-01
5.121333333333333293e-01
5.131333333333333302e-01
5.150666666666666726e-01
5.145999999999999464e-01
5.178000000000000380e-01
5.132666666666666488e-01
5.140666666666666718e-01
5.157333333333333769e-01
5.120666666666666700e-01
5.135333333333332861e-01
5.159333333333333549e-01
5.131333333333333302e-01
5.144666666666666277e-01
5.140666666666666718e-01
5.130666666666666709e-01
5.148000000000000353e-01
5.144666666666666277e-01
5.148000000000000353e-01
5.138666666666666938e-01
5.174666666666666304e-01
5.201999999999999957e-01
5.135999999999999455e-01
5.131333333333333302e-01
5.121999999999999886e-01
5.157333333333333769e-01
5.152666666666666506e-01
5.154666666666666286e-01
5.155333333333332879e-01
5.165333333333332888e-01
5.151999999999999913e-01
5.153333333333333099e-01
5.190666666666666762e-01
5.154666666666666286e-01
5.155999999999999472e-01
5.149333333333333540e-01
5.151333333333333320e-01
5.150000000000000133e-01
5.141999999999999904e-01
5.154666666666666286e-01
5.128000000000000336e-01
5.162666666666666515e-01
5.099333333333333496e-01
5.178000000000000380e-01
5.170000000000000151e-01
5.135999999999999455e-01
5.176666666666667194e-01
5.176666666666667194e-01
5.165333333333332888e-01
5.225333333333332941e-01
5.210000000000000187e-01
5.181999999999999940e-01
5.164666666666666295e-01
5.185333333333332906e-01
5.160000000000000142e-01
5.181333333333333346e-01
5.185333333333332906e-01
5.153333333333333099e-01
5.193333333333333135e-01
5.196666666666667211e-01
5.199333333333333584e-01
5.165999999999999481e-01
5.175999999999999490e-01
5.192666666666666542e-01
5.213999999999999746e-01
5.195999999999999508e-01
5.205333333333332924e-01
5.184666666666666313e-01
5.184666666666666313e-01
5.203333333333333144e-01
5.170000000000000151e-01
5.186666666666667203e-01
5.190666666666666762e-01
5.197333333333333805e-01
5.196666666666667211e-01
5.183999999999999719e-01
5.171333333333333337e-01
5.186666666666667203e-01
5.204666666666666330e-01
5.212666666666666559e-01
5.193999999999999728e-01
5.159333333333333549e-01
5.172666666666666524e-01
5.205333333333332924e-01
5.193999999999999728e-01
5.221333333333333382e-01
5.237333333333333840e-01
5.193333333333333135e-01
5.213999999999999746e-01
5.203333333333333144e-01
5.220000000000000195e-01
5.220666666666666789e-01
5.201999999999999957e-01
5.253999999999999782e-01
5.225999999999999535e-01
5.209333333333333593e-01
5.216666666666666119e-01
5.231333333333333391e-01
5.206666666666667220e-01
5.217333333333333822e-01
5.213999999999999746e-01
5.223999999999999755e-01
5.202666666666666551e-01
5.195333333333332915e-01
5.222666666666666568e-01
5.223333333333333162e-01
5.240666666666666806e-01
5.249333333333333629e-01
5.258666666666667044e-01
5.264666666666666384e-01
5.226666666666666128e-01
5.235333333333332950e-01
5.240000000000000213e-01
5.208666666666667000e-01
5.225999999999999535e-01
5.208000000000000407e-01
5.183333333333333126e-01
5.220666666666666789e-01
5.241999999999999993e-01
5.215999999999999526e-01
5.264666666666666384e-01
5.267333333333333867e-01
5.239333333333333620e-01
5.251333333333333409e-01
5.260000000000000231e-01
5.240000000000000213e-01
5.227333333333333831e-01
5.193999999999999728e-01
5.250666666666666815e-01
5.259333333333333638e-01
5.260666666666666824e-01
5.245999999999999552e-01
5.241999999999999993e-01
5.211999999999999966e-01
5.238666666666667027e-01
5.259333333333333638e-01
5.246666666666666146e-01
5.227333333333333831e-01
5.248000000000000442e-01
5.285333333333332995e-01
5.270666666666666833e-01
5.233333333333333171e-01
5.243333333333333179e-01
5.258666666666667044e-01
5.263999999999999790e-01
5.277333333333333876e-01
5.179333333333333567e-01
5.312666666666666648e-01
5.271333333333333426e-01
5.270666666666666833e-01
5.272666666666666613e-01
5.251333333333333409e-01
5.279333333333333655e-01
5.291333333333333444e-01
5.282666666666666622e-01
5.241999999999999993e-01
5.266666666666666163e-01
5.300000000000000266e-01
5.258000000000000451e-01
5.249333333333333629e-01
5.298000000000000487e-01
5.248000000000000442e-01
5.247333333333333849e-01
5.292000000000000037e-01
5.291333333333333444e-01
5.246666666666666146e-01
5.275999999999999579e-01
5.328000000000000513e-01
5.282000000000000028e-01
5.285333333333332995e-01
5.223999999999999755e-01
5.298000000000000487e-01
5.285333333333332995e-01
5.266666666666666163e-01
5.307333333333332792e-01
5.275999999999999579e-01
5.281333333333333435e-01
5.281333333333333435e-01
5.279333333333333655e-01
5.272000000000000020e-01
5.282000000000000028e-01
5.292666666666666631e-01
5.313333333333333242e-01
5.318666666666667098e-01
5.283999999999999808e-01
5.293333333333333224e-01
5.282666666666666622e-01
5.280000000000000249e-01
5.277333333333333876e-01
5.274666666666666393e-01
5.277333333333333876e-01
5.301333333333333453e-01
5.306666666666666199e-01
5.307333333333332792e-01
5.312666666666666648e-01
5.269333333333333647e-01
5.292666666666666631e-01
5.293999999999999817e-01
5.305999999999999606e-01
5.308666666666667089e-01
5.238000000000000433e-01
5.293999999999999817e-01
5.307333333333332792e-01
5.283333333333333215e-01
5.308666666666667089e-01
5.313999999999999835e-01
5.292666666666666631e-01
5.313333333333333242e-01
5.284666666666666401e-01
5.335999999999999632e-01
5.300000000000000266e-01
5.306666666666666199e-01
5.330666666666666886e-01
5.302666666666666639e-01
5.306666666666666199e-01
5.280666666666666842e-01
5.279333333333333655e-01
5.288666666666667071e-01
5.287333333333333885e-01
5.313999999999999835e-01
5.311333333333333462e-01
5.372000000000000108e-01
5.314666666666666428e-01
5.310000000000000275e-01
5.285333333333332995e-01
5.291333333333333444e-01
5.332000000000000073e-01
5.307333333333332792e-01
5.321333333333333471e-01
5.338666666666667115e-01
5.331333333333333480e-01
5.320666666666666877e-01
5.292666666666666631e-01
5.330000000000000293e-01
5.322000000000000064e-01
5.289333333333333664e-01
5.305333333333333012e-01
5.336666666666666226e-01
5.342000000000000082e-01
5.311333333333333462e-01
5.333999999999999853e-01
5.348666666666667124e-01
5.302000000000000046e-01
5.318000000000000504e-01
5.338000000000000522e-01
5.358000000000000540e-01
5.327333333333332810e-01
5.331333333333333480e-01
5.320666666666666877e-01
5.333333333333333259e-01
5.335333333333333039e-01
5.340000000000000302e-01
5.354666666666666464e-01
5.342000000000000082e-01
5.320000000000000284e-01
5.377999999999999448e-01
5.333333333333333259e-01
5.307333333333332792e-01
5.353333333333333277e-01
5.362666666666666693e-01
5.341333333333333488e-01
5.335999999999999632e-01
5.343999999999999861e-01
5.378666666666667151e-01
5.315999999999999615e-01
5.332000000000000073e-01
5.342666666666666675e-01
5.328666666666667107e-01
5.377333333333332854e-01
5.309333333333333682e-01
5.341333333333333488e-01
5.379333333333333744e-01
5.350000000000000311e-01
5.347333333333332828e-01
5.355333333333333057e-01
5.359333333333333727e-01
5.345999999999999641e-01
5.324666666666666437e-01
5.384666666666666490e-01
5.359333333333333727e-01
5.357333333333332837e-01
5.383333333333333304e-01
5.393333333333333313e-01
5.335333333333333039e-01
5.315999999999999615e-01
5.341333333333333488e-01
5.374666666666666481e-01
5.360000000000000320e-01
5.390000000000000346e-01
5.402000000000000135e-01
5.387999999999999456e-01
5.373999999999999888e-01
5.332000000000000073e-01
5.362000000000000099e-01
5.335333333333333039e-01
5.361333333333333506e-01
5.363333333333333286e-01
5.352666666666666684e-01
