4.372666666666666924e-01
4.335999999999999854e-01
4.375333333333333297e-01
4.381999999999999784e-01
4.375999999999999890e-01
4.355333333333333279e-01
4.378000000000000225e-01
4.378000000000000225e-01
4.414000000000000146e-01
4.365999999999999881e-01
4.380000000000000004e-01
4.401333333333333209e-01
4.394000000000000128e-01
4.391999999999999793e-01
4.390666666666666607e-01
4.386666666666666492e-01
4.394000000000000128e-01
4.417333333333333112e-01
4.407333333333333103e-01
4.406666666666666510e-01
4.424000000000000155e-01
4.388000000000000234e-01
4.428666666666666862e-01
4.422666666666666413e-01
4.404666666666666730e-01
4.432666666666666422e-01
4.416666666666666519e-01
4.421333333333333226e-01
4.434666666666666757e-01
4.441333333333333244e-01
4.454000000000000181e-01
4.431999999999999829e-01
4.450000000000000067e-01
4.425999999999999934e-01
4.484666666666666801e-01
4.471333333333333271e-01
4.505333333333333412e-01
4.471999999999999864e-01
4.435333333333333350e-01
4.457999999999999741e-01
4.470000000000000084e-01
4.428666666666666862e-01
4.490666666666666695e-01
4.477999999999999758e-01
4.491999999999999882e-01
4.506000000000000005e-01
4.511333333333333306e-01
4.502666666666666484e-01
4.495333333333333403e-01
4.500000000000000111e-01
4.514000000000000234e-01
4.499333333333333518e-01
4.501333333333333298e-01
4.507999999999999785e-01
4.511333333333333306e-01
4.504666666666666819e-01
4.469333333333333491e-01
4.527999999999999803e-01
4.527999999999999803e-01
4.527999999999999803e-01
4.531999999999999917e-01
4.553333333333333122e-01
4.540000000000000147e-01
4.526000000000000023e-01
4.554000000000000270e-01
4.544000000000000261e-01
4.577999999999999847e-01
4.526666666666666616e-01
4.544000000000000261e-01
4.535333333333333439e-01
4.557999999999999829e-01
4.560000000000000164e-01
4.526666666666666616e-01
4.564666666666666872e-01
4.547999999999999821e-01
4.492666666666666475e-01
4.567333333333333245e-01
4.564666666666666872e-01
4.513333333333333086e-01
4.560666666666666758e-01
4.590666666666666784e-01
4.564666666666666872e-01
4.569333333333333580e-01
4.567999999999999838e-01
4.606000000000000094e-01
4.573999999999999733e-01
4.580000000000000182e-01
4.580666666666666775e-01
4.625333333333333519e-01
4.612666666666666582e-01
4.541333333333333333e-01
4.613999999999999768e-01
4.586000000000000076e-01
4.591333333333333377e-01
4.637999999999999901e-01
4.602666666666666573e-01
4.591333333333333377e-01
4.634666666666666934e-01
4.596666666666666679e-01
4.633333333333333193e-01
4.616000000000000103e-01
4.621333333333333404e-01
4.647999999999999909e-01
4.585333333333333483e-01
4.643999999999999795e-01
4.620666666666666811e-01
4.638666666666666494e-01
4.670000000000000262e-01
4.623333333333333184e-01
4.642000000000000015e-01
4.641333333333333422e-01
4.648666666666666503e-01
4.646666666666666723e-01
4.662000000000000033e-01
4.642000000000000015e-01
4.683333333333333237e-01
4.641333333333333422e-01
4.664666666666666406e-01
4.672666666666666635e-01
4.668666666666666520e-01
4.682666666666666644e-01
4.689333333333333131e-01
4.699333333333333140e-01
4.658666666666666512e-01
4.693333333333333246e-01
4.668666666666666520e-01
4.674666666666666415e-01
4.676666666666666750e-01
4.716000000000000192e-01
4.688666666666666538e-01
4.667333333333333334e-01
4.699333333333333140e-01
4.696666666666666767e-01
4.702000000000000068e-01
4.702666666666666662e-01
4.696666666666666767e-01
4.690666666666666873e-01
4.677333333333333343e-01
4.737999999999999989e-01
4.692000000000000060e-01
4.717999999999999972e-01
4.672666666666666635e-01
4.678666666666666529e-01
4.747999999999999998e-01
4.749999999999999778e-01
4.715333333333333599e-01
4.733333333333333282e-01
4.698666666666666547e-01
4.689333333333333131e-01
4.744666666666666477e-01
4.683333333333333237e-01
4.713333333333333264e-01
4.753333333333333299e-01
4.766000000000000236e-01
4.750666666666666926e-01
4.760666666666666935e-01
4.771333333333333537e-01
4.766000000000000236e-01
4.737999999999999989e-01
4.738666666666666583e-01
4.766000000000000236e-01
4.717999999999999972e-01
4.727999999999999980e-01
4.773333333333333317e-01
4.742666666666666697e-01
4.748666666666666591e-01
4.707999999999999963e-01
4.766000000000000236e-01
4.744666666666666477e-01
4.779999999999999805e-01
4.799999999999999822e-01
4.773333333333333317e-01
4.782000000000000139e-01
4.782000000000000139e-01
4.777333333333333432e-01
4.788666666666666627e-01
4.797333333333333449e-01
4.776666666666666838e-01
4.772666666666666724e-01
4.769999999999999796e-01
4.782666666666666733e-01
4.778666666666666618e-01
4.773333333333333317e-01
4.791333333333333555e-01
4.760666666666666935e-01
4.779999999999999805e-01
4.809999999999999831e-01
4.792666666666666742e-01
4.783333333333333326e-01
4.833333333333333370e-01
4.827333333333333476e-01
4.815999999999999726e-01
4.793999999999999928e-01
4.772666666666666724e-01
4.807333333333333458e-01
4.837333333333333485e-01
4.814666666666666539e-01
4.839999999999999858e-01
4.837333333333333485e-01
4.815333333333333132e-01
4.808666666666666645e-01
4.816666666666666874e-01
4.817333333333333467e-01
4.798666666666666636e-01
4.849999999999999867e-01
4.812666666666666759e-01
4.841333333333333599e-01
4.861333333333333062e-01
4.801333333333333564e-01
4.819333333333333247e-01
4.836666666666666892e-01
4.882666666666666822e-01
4.852000000000000202e-01
4.836666666666666892e-01
4.832000000000000184e-01
4.844666666666666566e-01
4.850666666666666460e-01
4.828000000000000069e-01
4.842000000000000193e-01
4.871333333333333071e-01
4.853333333333333388e-01
4.833333333333333370e-01
4.888000000000000123e-01
4.843333333333333379e-01
4.859333333333333282e-01
4.833999999999999964e-01
4.863999999999999990e-01
4.868666666666666698e-01
4.882000000000000228e-01
4.882000000000000228e-01
4.832000000000000184e-01
4.844666666666666566e-01
4.863999999999999990e-01
4.855999999999999761e-01
4.855333333333333168e-01
4.880666666666666487e-01
4.925333333333333230e-01
4.906666666666666399e-01
4.888000000000000123e-01
4.898000000000000131e-01
4.908666666666666734e-01
4.908000000000000140e-01
4.889999999999999902e-01
4.884666666666666601e-01
4.892000000000000237e-01
4.898000000000000131e-01
4.908666666666666734e-01
4.904000000000000026e-01
4.891333333333333089e-01
4.873999999999999999e-01
4.863333333333333397e-01
4.909999999999999920e-01
4.882000000000000228e-01
4.914666666666666628e-01
4.890666666666666496e-01
4.912666666666666848e-01
4.945999999999999841e-01
4.915999999999999814e-01
4.911333333333333107e-01
4.912000000000000255e-01
4.919333333333333336e-01
4.934000000000000052e-01
4.911333333333333107e-01
4.928666666666666751e-01
4.939333333333333353e-01
4.938666666666666760e-01
4.944000000000000061e-01
4.957333333333333591e-01
4.958666666666666778e-01
4.945999999999999841e-01
4.952666666666666884e-01
4.896666666666666390e-01
4.950666666666666549e-01
4.909333333333333327e-01
4.939999999999999947e-01
4.908666666666666734e-01
4.953333333333333477e-01
4.918666666666666742e-01
4.929333333333333345e-01
4.968666666666666787e-01
4.922000000000000264e-01
4.948000000000000176e-01
4.955999999999999850e-01
4.956666666666666443e-01
4.919999999999999929e-01
4.985333333333333283e-01
4.964666666666666672e-01
4.954000000000000070e-01
4.982666666666666910e-01
4.954666666666666663e-01
4.958000000000000185e-01
4.939999999999999947e-01
4.969333333333333380e-01
4.986666666666666470e-01
4.971999999999999753e-01
4.965999999999999859e-01
4.915333333333333221e-01
4.986666666666666470e-01
4.949333333333333362e-01
4.948000000000000176e-01
5.013333333333332975e-01
4.969999999999999973e-01
4.954000000000000070e-01
4.968000000000000194e-01
4.995333333333333292e-01
4.948666666666666769e-01
4.981333333333333169e-01
5.030666666666666620e-01
4.991333333333333178e-01
4.980666666666666575e-01
5.015333333333333865e-01
4.995999999999999885e-01
5.005333333333333856e-01
4.979999999999999982e-01
4.979999999999999982e-01
4.991999999999999771e-01
4.981999999999999762e-01
4.984000000000000097e-01
5.018666666666666831e-01
4.968000000000000194e-01
5.011333333333333195e-01
4.994000000000000106e-01
4.991333333333333178e-01
4.987333333333333063e-01
4.999333333333333407e-01
5.048666666666666858e-01
4.991999999999999771e-01
5.006666666666667043e-01
5.022666666666666391e-01
4.986666666666666470e-01
5.026666666666667060e-01
5.030666666666666620e-01
4.991333333333333178e-01
5.003333333333332966e-01
5.016666666666667052e-01
4.976666666666666461e-01
5.038000000000000256e-01
5.033333333333332993e-01
4.991333333333333178e-01
4.987333333333333063e-01
5.000000000000000000e-01
5.058000000000000274e-01
5.041333333333333222e-01
5.031333333333333213e-01
5.047333333333333671e-01
5.021333333333333204e-01
5.022666666666666391e-01
5.002666666666666373e-01
5.032666666666666400e-01
4.971333333333333160e-01
5.029333333333333433e-01
5.061333333333333240e-01
5.014666666666666162e-01
5.009333333333333416e-01
5.035333333333333883e-01
5.065333333333332799e-01
5.034666666666666179e-01
5.032666666666666400e-01
5.035333333333333883e-01
5.059333333333333460e-01
5.059333333333333460e-01
5.048666666666666858e-01
5.040000000000000036e-01
5.041333333333333222e-01
5.084666666666666224e-01
4.993333333333333512e-01
5.054666666666666197e-01
5.023999999999999577e-01
5.012666666666666382e-01
5.070000000000000062e-01
5.050000000000000044e-01
5.025333333333333874e-01
5.046666666666667078e-01
5.034666666666666179e-01
5.093333333333333046e-01
5.041333333333333222e-01
5.072666666666666435e-01
5.080000000000000071e-01
5.102666666666666462e-01
5.090666666666666673e-01
5.082666666666666444e-01
5.051333333333333231e-01
5.082666666666666444e-01
5.080666666666666664e-01
5.061333333333333240e-01
5.096666666666667123e-01
5.077333333333333698e-01
5.056000000000000494e-01
5.064666666666666206e-01
5.096666666666667123e-01
5.056666666666667087e-01
5.044666666666666188e-01
5.071333333333333249e-01
5.063333333333333020e-01
5.083333333333333037e-01
5.124666666666666259e-01
5.061999999999999833e-01
5.066000000000000503e-01
5.105333333333332835e-01
5.065333333333332799e-01
5.074666666666666215e-01
5.058000000000000274e-01
5.074666666666666215e-01
5.086666666666667114e-01
5.097333333333333716e-01
5.102666666666666462e-01
5.078000000000000291e-01
5.108666666666666911e-01
5.093999999999999639e-01
5.082666666666666444e-01
5.108666666666666911e-01
5.093999999999999639e-01
5.116000000000000547e-01
5.091999999999999860e-01
5.110666666666666691e-01
5.090666666666666673e-01
5.133999999999999675e-01
5.091333333333333266e-01
5.107333333333333725e-01
5.106000000000000538e-01
5.100000000000000089e-01
5.115333333333332844e-01
5.141999999999999904e-01
5.111999999999999877e-01
5.088666666666666893e-01
5.100666666666666682e-01
5.118000000000000327e-01
5.141333333333333311e-01
5.121333333333333293e-01
5.105333333333332835e-01
5.136666666666667158e-01
5.138000000000000345e-01
5.091999999999999860e-01
5.113333333333333064e-01
5.123333333333333073e-01
5.141999999999999904e-01
5.139333333333333531e-01
5.168666666666666965e-01
5.126666666666667149e-01
5.132666666666666488e-01
5.153333333333333099e-01
5.111999999999999877e-01
5.128000000000000336e-01
5.151999999999999913e-01
5.125333333333332853e-01
5.140000000000000124e-01
5.133333333333333082e-01
5.121333333333333293e-01
5.141333333333333311e-01
5.141999999999999904e-01
5.141333333333333311e-01
5.131999999999999895e-01
5.167333333333333778e-01
5.198000000000000398e-01
5.131333333333333302e-01
5.126666666666667149e-01
5.113333333333333064e-01
5.149333333333333540e-01
5.141999999999999904e-01
5.147333333333333760e-01
5.149333333333333540e-01
5.156666666666667176e-01
5.145333333333332870e-01
5.146666666666667167e-01
5.178666666666666973e-01
5.144666666666666277e-01
5.142666666666666497e-01
5.143333333333333091e-01
5.143333333333333091e-01
5.141999999999999904e-01
5.129333333333333522e-01
5.145333333333332870e-01
5.118666666666666920e-01
5.153333333333333099e-01
5.093999999999999639e-01
5.171999999999999931e-01
5.166666666666667185e-01
5.125333333333332853e-01
5.170666666666666744e-01
5.168000000000000371e-01
5.158666666666666956e-01
5.218000000000000416e-01
5.203999999999999737e-01
5.181333333333333346e-01
5.155999999999999472e-01
5.173333333333333117e-01
5.151333333333333320e-01
5.173999999999999710e-01
5.176666666666667194e-01
5.138666666666666938e-01
5.180666666666666753e-01
5.183333333333333126e-01
5.190000000000000169e-01
5.156666666666667176e-01
5.169333333333333558e-01
5.182666666666666533e-01
5.201333333333333364e-01
5.184666666666666313e-01
5.195333333333332915e-01
5.175333333333332897e-01
5.178000000000000380e-01
5.195999999999999508e-01
5.165999999999999481e-01
5.183333333333333126e-01
5.187333333333333796e-01
5.191333333333333355e-01
5.191333333333333355e-01
5.176666666666667194e-01
5.166666666666667185e-01
5.185333333333332906e-01
5.201333333333333364e-01
5.205999999999999517e-01
5.181333333333333346e-01
5.157333333333333769e-01
5.168666666666666965e-01
5.193999999999999728e-01
5.189333333333333576e-01
5.212666666666666559e-01
5.231333333333333391e-01
5.183999999999999719e-01
5.205999999999999517e-01
5.196666666666667211e-01
5.214666666666666339e-01
5.214666666666666339e-01
5.193999999999999728e-01
5.250000000000000222e-01
5.220666666666666789e-01
5.200666666666666771e-01
5.210000000000000187e-01
5.224666666666666348e-01
5.195999999999999508e-01
5.214666666666666339e-01
5.203333333333333144e-01
5.215333333333332932e-01
5.198000000000000398e-01
5.190000000000000169e-01
5.215333333333332932e-01
5.211999999999999966e-01
5.232666666666666577e-01
5.240000000000000213e-01
5.250666666666666815e-01
5.261333333333333417e-01
5.221333333333333382e-01
5.225999999999999535e-01
5.228000000000000425e-01
5.197333333333333805e-01
5.219333333333333602e-01
5.199333333333333584e-01
5.183333333333333126e-01
5.215999999999999526e-01
5.237333333333333840e-01
5.207333333333333814e-01
5.259333333333333638e-01
5.263999999999999790e-01
5.236666666666666137e-01
5.249333333333333629e-01
5.253999999999999782e-01
5.233999999999999764e-01
5.221999999999999975e-01
5.190000000000000169e-01
5.240000000000000213e-01
5.255333333333332968e-01
5.249333333333333629e-01
5.234666666666666357e-01
5.235999999999999543e-01
5.205333333333332924e-01
5.230666666666666798e-01
5.256666666666666154e-01
5.237333333333333840e-01
5.221333333333333382e-01
5.234666666666666357e-01
5.277333333333333876e-01
5.265333333333332977e-01
5.222666666666666568e-01
5.241999999999999993e-01
5.245999999999999552e-01
5.252666666666666595e-01
5.265333333333332977e-01
5.175333333333332897e-01
5.305999999999999606e-01
5.268000000000000460e-01
5.263333333333333197e-01
5.270000000000000240e-01
5.240000000000000213e-01
5.270000000000000240e-01
5.288666666666667071e-01
5.274666666666666393e-01
5.236666666666666137e-01
5.255999999999999561e-01
5.287333333333333885e-01
5.251333333333333409e-01
5.244666666666666366e-01
5.295333333333333004e-01
5.235333333333332950e-01
5.242666666666666586e-01
5.283999999999999808e-01
5.284666666666666401e-01
5.237333333333333840e-01
5.272000000000000020e-01
5.323333333333333250e-01
5.278666666666667062e-01
5.278000000000000469e-01
5.218666666666667009e-01
5.293333333333333224e-01
5.273333333333333206e-01
5.263999999999999790e-01
5.299333333333333673e-01
5.271333333333333426e-01
5.275333333333332986e-01
5.272000000000000020e-01
5.273999999999999799e-01
5.265333333333332977e-01
5.273999999999999799e-01
5.282666666666666622e-01
5.307333333333332792e-01
5.312666666666666648e-01
5.280666666666666842e-01
5.282000000000000028e-01
5.271333333333333426e-01
5.271333333333333426e-01
5.263333333333333197e-01
5.270000000000000240e-01
5.269333333333333647e-01
5.292666666666666631e-01
5.300000000000000266e-01
5.300666666666666860e-01
5.305999999999999606e-01
5.264666666666666384e-01
5.292000000000000037e-01
5.291333333333333444e-01
5.300000000000000266e-01
5.298666666666667080e-01
5.234666666666666357e-01
5.284666666666666401e-01
5.298666666666667080e-01
5.282666666666666622e-01
5.299333333333333673e-01
5.306666666666666199e-01
5.288666666666667071e-01
5.300666666666666860e-01
5.278666666666667062e-01
5.330666666666666886e-01
5.294666666666666410e-01
5.298666666666667080e-01
5.322666666666666657e-01
5.295999999999999597e-01
5.300666666666666860e-01
5.275333333333332986e-01
5.274666666666666393e-01
5.284666666666666401e-01
5.283333333333333215e-01
5.310000000000000275e-01
5.304666666666666419e-01
5.365999999999999659e-01
5.312000000000000055e-01
5.300000000000000266e-01
5.278000000000000469e-01
5.285999999999999588e-01
5.332000000000000073e-01
5.303333333333333233e-01
5.313999999999999835e-01
5.332000000000000073e-01
5.322666666666666657e-01
5.316666666666666208e-01
5.289333333333333664e-01
5.322000000000000064e-01
5.312666666666666648e-01
5.281333333333333435e-01
5.300666666666666860e-01
5.332000000000000073e-01
5.331333333333333480e-01
5.309333333333333682e-01
5.325999999999999623e-01
5.339333333333333709e-01
5.300000000000000266e-01
5.313333333333333242e-01
5.333999999999999853e-01
5.352666666666666684e-01
5.319333333333333691e-01
5.323999999999999844e-01
5.315999999999999615e-01
5.328666666666667107e-01
5.332000000000000073e-01
5.334666666666666446e-01
5.352666666666666684e-01
5.343333333333333268e-01
5.310666666666666869e-01
5.368666666666667142e-01
5.327333333333332810e-01
5.303999999999999826e-01
5.351333333333333497e-01
5.361333333333333506e-01
5.335333333333333039e-01
5.333999999999999853e-01
5.335333333333333039e-01
5.368000000000000549e-01
5.313999999999999835e-01
5.327333333333332810e-01
5.342000000000000082e-01
5.316666666666666208e-01
5.366666666666666252e-01
5.300000000000000266e-01
5.338000000000000522e-01
5.379333333333333744e-01
5.353333333333333277e-01
5.343333333333333268e-01
5.352000000000000091e-01
5.353333333333333277e-01
5.341333333333333488e-01
5.321333333333333471e-01
5.375999999999999668e-01
5.352000000000000091e-01
5.353999999999999870e-01
5.375999999999999668e-01
5.387333333333332863e-01
5.326666666666666217e-01
5.310000000000000275e-01
5.333333333333333259e-01
5.371333333333333515e-01
5.355999999999999650e-01
5.383333333333333304e-01
5.392666666666666719e-01
5.383999999999999897e-01
5.365333333333333066e-01
5.325999999999999623e-01
5.358666666666667133e-01
5.330000000000000293e-01
5.353999999999999870e-01
5.356666666666666243e-01
5.348666666666667124e-01
