4.367333333333333067e-01
4.329999999999999960e-01
4.370666666666666589e-01
4.377333333333333076e-01
4.371333333333333182e-01
4.350666666666666571e-01
4.370666666666666589e-01
4.374666666666666703e-01
4.411333333333333218e-01
4.363333333333333508e-01
4.377333333333333076e-01
4.397333333333333094e-01
4.391999999999999793e-01
4.385333333333333306e-01
4.391333333333333200e-01
4.382666666666666933e-01
4.389333333333333420e-01
4.413333333333333552e-01
4.403333333333333544e-01
4.400000000000000022e-01
4.420000000000000040e-01
4.386666666666666492e-01
4.428000000000000269e-01
4.417333333333333112e-01
4.402666666666666395e-01
4.429333333333333456e-01
4.413333333333333552e-01
4.419333333333333447e-01
4.434000000000000163e-01
4.435999999999999943e-01
4.448666666666666880e-01
4.428666666666666862e-01
4.446666666666666545e-01
4.423333333333333561e-01
4.480000000000000093e-01
4.465333333333333377e-01
4.503333333333333077e-01
4.466666666666666563e-01
4.433333333333333570e-01
4.451999999999999846e-01
4.461333333333333262e-01
4.424666666666666748e-01
4.487999999999999767e-01
4.476666666666666572e-01
4.485999999999999988e-01
4.501333333333333298e-01
4.506000000000000005e-01
4.502666666666666484e-01
4.488666666666666916e-01
4.492666666666666475e-01
4.511999999999999900e-01
4.495333333333333403e-01
4.497999999999999776e-01
4.505333333333333412e-01
4.509333333333333527e-01
4.501999999999999891e-01
4.463333333333333597e-01
4.528666666666666396e-01
4.527333333333333210e-01
4.525333333333333430e-01
4.528666666666666396e-01
4.548666666666666414e-01
4.534000000000000252e-01
4.525333333333333430e-01
4.551333333333333342e-01
4.541999999999999926e-01
4.575333333333333474e-01
4.525333333333333430e-01
4.543333333333333113e-01
4.536000000000000032e-01
4.553333333333333122e-01
4.556000000000000050e-01
4.523333333333333095e-01
4.557999999999999829e-01
4.546000000000000041e-01
4.491999999999999882e-01
4.564666666666666872e-01
4.561333333333333351e-01
4.511333333333333306e-01
4.557333333333333236e-01
4.591333333333333377e-01
4.560000000000000164e-01
4.566000000000000059e-01
4.567999999999999838e-01
4.606666666666666687e-01
4.570666666666666766e-01
4.580000000000000182e-01
4.579333333333333589e-01
4.621333333333333404e-01
4.611333333333333395e-01
4.537999999999999812e-01
4.611333333333333395e-01
4.583999999999999742e-01
4.590000000000000191e-01
4.636000000000000121e-01
4.601333333333333386e-01
4.591333333333333377e-01
4.632000000000000006e-01
4.593333333333333157e-01
4.632000000000000006e-01
4.612666666666666582e-01
4.617333333333333290e-01
4.647333333333333316e-01
4.583333333333333148e-01
4.640000000000000235e-01
4.618666666666666476e-01
4.638666666666666494e-01
4.666666666666666741e-01
4.621333333333333404e-01
4.641333333333333422e-01
4.639333333333333087e-01
4.648666666666666503e-01
4.644666666666666943e-01
4.660000000000000253e-01
4.633333333333333193e-01
4.684666666666666424e-01
4.639333333333333087e-01
4.661333333333333440e-01
4.668666666666666520e-01
4.666666666666666741e-01
4.685333333333333572e-01
4.687333333333333352e-01
4.699333333333333140e-01
4.656666666666666732e-01
4.692666666666666653e-01
4.667333333333333334e-01
4.673999999999999821e-01
4.675333333333333563e-01
4.713999999999999857e-01
4.687333333333333352e-01
4.663999999999999813e-01
4.697999999999999954e-01
4.695333333333333581e-01
4.699333333333333140e-01
4.701333333333333475e-01
4.695333333333333581e-01
4.686666666666666758e-01
4.676000000000000156e-01
4.735333333333333061e-01
4.689999999999999725e-01
4.716000000000000192e-01
4.669333333333333114e-01
4.676000000000000156e-01
4.744666666666666477e-01
4.746666666666666812e-01
4.716000000000000192e-01
4.731333333333333502e-01
4.698666666666666547e-01
4.686666666666666758e-01
4.744666666666666477e-01
4.682000000000000051e-01
4.710666666666666891e-01
4.749999999999999778e-01
4.763999999999999901e-01
4.750666666666666926e-01
4.759999999999999787e-01
4.764666666666666495e-01
4.764666666666666495e-01
4.736000000000000210e-01
4.737333333333333396e-01
4.762666666666666715e-01
4.717333333333333378e-01
4.729999999999999760e-01
4.771333333333333537e-01
4.739999999999999769e-01
4.744666666666666477e-01
4.707999999999999963e-01
4.762666666666666715e-01
4.743999999999999884e-01
4.777333333333333432e-01
4.797333333333333449e-01
4.772000000000000131e-01
4.777333333333333432e-01
4.779999999999999805e-01
4.777333333333333432e-01
4.787333333333333441e-01
4.794666666666666521e-01
4.775333333333333097e-01
4.771333333333333537e-01
4.769999999999999796e-01
4.781333333333333546e-01
4.778000000000000025e-01
4.771333333333333537e-01
4.790666666666666407e-01
4.758000000000000007e-01
4.774666666666666504e-01
4.809333333333333238e-01
4.788666666666666627e-01
4.783333333333333326e-01
4.832000000000000184e-01
4.826666666666666883e-01
4.814666666666666539e-01
4.792000000000000148e-01
4.770666666666666944e-01
4.803999999999999937e-01
4.837333333333333485e-01
4.815999999999999726e-01
4.839333333333333265e-01
4.835999999999999743e-01
4.812000000000000166e-01
4.806000000000000272e-01
4.814666666666666539e-01
4.816666666666666874e-01
4.798666666666666636e-01
4.848000000000000087e-01
4.807333333333333458e-01
4.841333333333333599e-01
4.858000000000000096e-01
4.799333333333333229e-01
4.818000000000000060e-01
4.835333333333333150e-01
4.881333333333333080e-01
4.850666666666666460e-01
4.832000000000000184e-01
4.829333333333333256e-01
4.845333333333333159e-01
4.848000000000000087e-01
4.823333333333333361e-01
4.842000000000000193e-01
4.870666666666666478e-01
4.853333333333333388e-01
4.833999999999999964e-01
4.885333333333333194e-01
4.842666666666666786e-01
4.859999999999999876e-01
4.829999999999999849e-01
4.862000000000000210e-01
4.867333333333333512e-01
4.881333333333333080e-01
4.876666666666666927e-01
4.831333333333333591e-01
4.847333333333333494e-01
4.862000000000000210e-01
4.853999999999999981e-01
4.852000000000000202e-01
4.878000000000000114e-01
4.925333333333333230e-01
4.905999999999999805e-01
4.887333333333333529e-01
4.897333333333333538e-01
4.906666666666666399e-01
4.907333333333333547e-01
4.888000000000000123e-01
4.884666666666666601e-01
4.889999999999999902e-01
4.898000000000000131e-01
4.906666666666666399e-01
4.902000000000000246e-01
4.891333333333333089e-01
4.873999999999999999e-01
4.862666666666666804e-01
4.909333333333333327e-01
4.881333333333333080e-01
4.912666666666666848e-01
4.889333333333333309e-01
4.912000000000000255e-01
4.943333333333333468e-01
4.914666666666666628e-01
4.910666666666666513e-01
4.909333333333333327e-01
4.921333333333333115e-01
4.931333333333333124e-01
4.911333333333333107e-01
4.927333333333333565e-01
4.939333333333333353e-01
4.936666666666666425e-01
4.941999999999999726e-01
4.956666666666666443e-01
4.958666666666666778e-01
4.944000000000000061e-01
4.950666666666666549e-01
4.895999999999999797e-01
4.950666666666666549e-01
4.909333333333333327e-01
4.938000000000000167e-01
4.908000000000000140e-01
4.951333333333333142e-01
4.919333333333333336e-01
4.929999999999999938e-01
4.967333333333333600e-01
4.920666666666666522e-01
4.944666666666666655e-01
4.955333333333333257e-01
4.955333333333333257e-01
4.918000000000000149e-01
4.981333333333333169e-01
4.964666666666666672e-01
4.952666666666666884e-01
4.979999999999999982e-01
4.955999999999999850e-01
4.958666666666666778e-01
4.939333333333333353e-01
4.968666666666666787e-01
4.983333333333333504e-01
4.970666666666666567e-01
4.964000000000000079e-01
4.914000000000000035e-01
4.984000000000000097e-01
4.948666666666666769e-01
4.943333333333333468e-01
5.013333333333332975e-01
4.969333333333333380e-01
4.954666666666666663e-01
4.967333333333333600e-01
4.993333333333333512e-01
4.945999999999999841e-01
4.980666666666666575e-01
5.031333333333333213e-01
4.989999999999999991e-01
4.981333333333333169e-01
5.015333333333333865e-01
4.993333333333333512e-01
5.006000000000000449e-01
4.980666666666666575e-01
4.979999999999999982e-01
4.992666666666666919e-01
4.982666666666666910e-01
4.984000000000000097e-01
5.017333333333333645e-01
4.969999999999999973e-01
5.008000000000000229e-01
4.994666666666666699e-01
4.989333333333333398e-01
4.985333333333333283e-01
4.999333333333333407e-01
5.048666666666666858e-01
4.991333333333333178e-01
5.004666666666666153e-01
5.023333333333332984e-01
4.981999999999999762e-01
5.023333333333332984e-01
5.029333333333333433e-01
4.989999999999999991e-01
5.003999999999999559e-01
5.016000000000000458e-01
4.976666666666666461e-01
5.037333333333333663e-01
5.030666666666666620e-01
4.991999999999999771e-01
4.985999999999999877e-01
4.995999999999999885e-01
5.057333333333333680e-01
5.040666666666666629e-01
5.030666666666666620e-01
5.043999999999999595e-01
5.018000000000000238e-01
5.020666666666666611e-01
5.003999999999999559e-01
5.030666666666666620e-01
4.971999999999999753e-01
5.028000000000000247e-01
5.058000000000000274e-01
5.012666666666666382e-01
5.007333333333333636e-01
5.033999999999999586e-01
5.063333333333333020e-01
5.032666666666666400e-01
5.031999999999999806e-01
5.033333333333332993e-01
5.060666666666666647e-01
5.057333333333333680e-01
5.048666666666666858e-01
5.039333333333333442e-01
5.040666666666666629e-01
5.085333333333332817e-01
4.994000000000000106e-01
5.052666666666666417e-01
5.024666666666666170e-01
5.009333333333333416e-01
5.070000000000000062e-01
5.049333333333333451e-01
5.023999999999999577e-01
5.044666666666666188e-01
5.035333333333333883e-01
5.093333333333333046e-01
5.039333333333333442e-01
5.072666666666666435e-01
5.080000000000000071e-01
5.101333333333333275e-01
5.089333333333333487e-01
5.082666666666666444e-01
5.049333333333333451e-01
5.081333333333333258e-01
5.077333333333333698e-01
5.061333333333333240e-01
5.096000000000000529e-01
5.077333333333333698e-01
5.053999999999999604e-01
5.063333333333333020e-01
5.096000000000000529e-01
5.058000000000000274e-01
5.045333333333332781e-01
5.071999999999999842e-01
5.063999999999999613e-01
5.085333333333332817e-01
5.125333333333332853e-01
5.063333333333333020e-01
5.064666666666666206e-01
5.103999999999999648e-01
5.065333333333332799e-01
5.072666666666666435e-01
5.055333333333332790e-01
5.074666666666666215e-01
5.087333333333333707e-01
5.098666666666666902e-01
5.103999999999999648e-01
5.077333333333333698e-01
5.108000000000000318e-01
5.093999999999999639e-01
5.080000000000000071e-01
5.108666666666666911e-01
5.092666666666666453e-01
5.116000000000000547e-01
5.090000000000000080e-01
5.108666666666666911e-01
5.091999999999999860e-01
5.133999999999999675e-01
5.091999999999999860e-01
5.107333333333333725e-01
5.106666666666667131e-01
5.096000000000000529e-01
5.115333333333332844e-01
5.140666666666666718e-01
5.111333333333333284e-01
5.086666666666667114e-01
5.100000000000000089e-01
5.115333333333332844e-01
5.143333333333333091e-01
5.121999999999999886e-01
5.104666666666666242e-01
5.136666666666667158e-01
5.135999999999999455e-01
5.091999999999999860e-01
5.111333333333333284e-01
5.122666666666666480e-01
5.143333333333333091e-01
5.140666666666666718e-01
5.167333333333333778e-01
5.126666666666667149e-01
5.130666666666666709e-01
5.155333333333332879e-01
5.112666666666666471e-01
5.128000000000000336e-01
5.150666666666666726e-01
5.125333333333332853e-01
5.138666666666666938e-01
5.131999999999999895e-01
5.121999999999999886e-01
5.141333333333333311e-01
5.143333333333333091e-01
5.138666666666666938e-01
5.128666666666666929e-01
5.167333333333333778e-01
5.197333333333333805e-01
5.132666666666666488e-01
5.126666666666667149e-01
5.116000000000000547e-01
5.150666666666666726e-01
5.140000000000000124e-01
5.144666666666666277e-01
5.148000000000000353e-01
5.155999999999999472e-01
5.145999999999999464e-01
5.145999999999999464e-01
5.181333333333333346e-01
5.143999999999999684e-01
5.141999999999999904e-01
5.141333333333333311e-01
5.140666666666666718e-01
5.140666666666666718e-01
5.128666666666666929e-01
5.144666666666666277e-01
5.119333333333333513e-01
5.153333333333333099e-01
5.093333333333333046e-01
5.173333333333333117e-01
5.164666666666666295e-01
5.123999999999999666e-01
5.171999999999999931e-01
5.165999999999999481e-01
5.160000000000000142e-01
5.218000000000000416e-01
5.202666666666666551e-01
5.180000000000000160e-01
5.156666666666667176e-01
5.173999999999999710e-01
5.148666666666666947e-01
5.174666666666666304e-01
5.174666666666666304e-01
5.140000000000000124e-01
5.181999999999999940e-01
5.181999999999999940e-01
5.189333333333333576e-01
5.155999999999999472e-01
5.169333333333333558e-01
5.181333333333333346e-01
5.201333333333333364e-01
5.183999999999999719e-01
5.193333333333333135e-01
5.175999999999999490e-01
5.177333333333333787e-01
5.195999999999999508e-01
5.163999999999999702e-01
5.181333333333333346e-01
5.188000000000000389e-01
5.186666666666667203e-01
5.189333333333333576e-01
5.176666666666667194e-01
5.164666666666666295e-01
5.184666666666666313e-01
5.198666666666666991e-01
5.206666666666667220e-01
5.180000000000000160e-01
5.158000000000000362e-01
5.167333333333333778e-01
5.193999999999999728e-01
5.186666666666667203e-01
5.210000000000000187e-01
5.230666666666666798e-01
5.185333333333332906e-01
5.205333333333332924e-01
5.196666666666667211e-01
5.213999999999999746e-01
5.211333333333333373e-01
5.193999999999999728e-01
5.246666666666666146e-01
5.221999999999999975e-01
5.198666666666666991e-01
5.208000000000000407e-01
5.223999999999999755e-01
5.195333333333332915e-01
5.212666666666666559e-01
5.203333333333333144e-01
5.217333333333333822e-01
5.198666666666666991e-01
5.187333333333333796e-01
5.214666666666666339e-01
5.211333333333333373e-01
5.230000000000000204e-01
5.239333333333333620e-01
5.250000000000000222e-01
5.261333333333333417e-01
5.221333333333333382e-01
5.226666666666666128e-01
5.230000000000000204e-01
5.195999999999999508e-01
5.220000000000000195e-01
5.200000000000000178e-01
5.183333333333333126e-01
5.213333333333333153e-01
5.235999999999999543e-01
5.208000000000000407e-01
5.260666666666666824e-01
5.261333333333333417e-01
5.237333333333333840e-01
5.250000000000000222e-01
5.254666666666666375e-01
5.235999999999999543e-01
5.221999999999999975e-01
5.190000000000000169e-01
5.240000000000000213e-01
5.253333333333333188e-01
5.249333333333333629e-01
5.232666666666666577e-01
5.235333333333332950e-01
5.203999999999999737e-01
5.227333333333333831e-01
5.255333333333332968e-01
5.240666666666666806e-01
5.221333333333333382e-01
5.234666666666666357e-01
5.277333333333333876e-01
5.261333333333333417e-01
5.220666666666666789e-01
5.238000000000000433e-01
5.245999999999999552e-01
5.253333333333333188e-01
5.263999999999999790e-01
5.174666666666666304e-01
5.306666666666666199e-01
5.267333333333333867e-01
5.265333333333332977e-01
5.268666666666667053e-01
5.240000000000000213e-01
5.267333333333333867e-01
5.287333333333333885e-01
5.273333333333333206e-01
5.235333333333332950e-01
5.253999999999999782e-01
5.285999999999999588e-01
5.247333333333333849e-01
5.245999999999999552e-01
5.292000000000000037e-01
5.233999999999999764e-01
5.243333333333333179e-01
5.283999999999999808e-01
5.283999999999999808e-01
5.236666666666666137e-01
5.269333333333333647e-01
5.322666666666666657e-01
5.278666666666667062e-01
5.277333333333333876e-01
5.219333333333333602e-01
5.292000000000000037e-01
5.273999999999999799e-01
5.260666666666666824e-01
5.300666666666666860e-01
5.271333333333333426e-01
5.274666666666666393e-01
5.274666666666666393e-01
5.278000000000000469e-01
5.263333333333333197e-01
5.272666666666666613e-01
5.283333333333333215e-01
5.308666666666667089e-01
5.312000000000000055e-01
5.278000000000000469e-01
5.282000000000000028e-01
5.271333333333333426e-01
5.272000000000000020e-01
5.263333333333333197e-01
5.270000000000000240e-01
5.268666666666667053e-01
5.291333333333333444e-01
5.302000000000000046e-01
5.300666666666666860e-01
5.303333333333333233e-01
5.265999999999999570e-01
5.291333333333333444e-01
5.291333333333333444e-01
5.302000000000000046e-01
5.297333333333332783e-01
5.230666666666666798e-01
5.283333333333333215e-01
5.296666666666666190e-01
5.284666666666666401e-01
5.302000000000000046e-01
5.306666666666666199e-01
5.289333333333333664e-01
5.300666666666666860e-01
5.273999999999999799e-01
5.329333333333333700e-01
5.293333333333333224e-01
5.296666666666666190e-01
5.322666666666666657e-01
5.293333333333333224e-01
5.300000000000000266e-01
5.274666666666666393e-01
5.274666666666666393e-01
5.283999999999999808e-01
5.283333333333333215e-01
5.309333333333333682e-01
5.303999999999999826e-01
5.363999999999999879e-01
5.310000000000000275e-01
5.299333333333333673e-01
5.278000000000000469e-01
5.285333333333332995e-01
5.333999999999999853e-01
5.303333333333333233e-01
5.314666666666666428e-01
5.331333333333333480e-01
5.323333333333333250e-01
5.313999999999999835e-01
5.288666666666667071e-01
5.320000000000000284e-01
5.313999999999999835e-01
5.282000000000000028e-01
5.300666666666666860e-01
5.328000000000000513e-01
5.329333333333333700e-01
5.310000000000000275e-01
5.325333333333333030e-01
5.339333333333333709e-01
5.298666666666667080e-01
5.312666666666666648e-01
5.332000000000000073e-01
5.354666666666666464e-01
5.320000000000000284e-01
5.323333333333333250e-01
5.316666666666666208e-01
5.329333333333333700e-01
5.333333333333333259e-01
5.333333333333333259e-01
5.353333333333333277e-01
5.343333333333333268e-01
5.311333333333333462e-01
5.372000000000000108e-01
5.326666666666666217e-01
5.302000000000000046e-01
5.351333333333333497e-01
5.358000000000000540e-01
5.335999999999999632e-01
5.332666666666666666e-01
5.335999999999999632e-01
5.372000000000000108e-01
5.315999999999999615e-01
5.326666666666666217e-01
5.338666666666667115e-01
5.316666666666666208e-01
5.364666666666666472e-01
5.298666666666667080e-01
5.338000000000000522e-01
5.377999999999999448e-01
5.352666666666666684e-01
5.342000000000000082e-01
5.353999999999999870e-01
5.353333333333333277e-01
5.342000000000000082e-01
5.320666666666666877e-01
5.377999999999999448e-01
5.350000000000000311e-01
5.352000000000000091e-01
5.376666666666666261e-01
5.386666666666666270e-01
5.325333333333333030e-01
5.310000000000000275e-01
5.334666666666666446e-01
5.372000000000000108e-01
5.355333333333333057e-01
5.382000000000000117e-01
5.393333333333333313e-01
5.382666666666666710e-01
5.365999999999999659e-01
5.328000000000000513e-01
5.353999999999999870e-01
5.330000000000000293e-01
5.352666666666666684e-01
5.356666666666666243e-01
5.349333333333333718e-01
