4.460000000000000075e-01
4.426666666666666528e-01
4.454000000000000181e-01
4.444666666666666766e-01
4.457999999999999741e-01
4.452666666666666440e-01
4.457999999999999741e-01
4.464666666666666783e-01
4.491999999999999882e-01
4.447999999999999732e-01
4.451333333333333253e-01
4.485999999999999988e-01
4.482666666666666466e-01
4.456666666666666554e-01
4.480666666666666687e-01
4.460666666666666669e-01
4.480000000000000093e-01
4.497999999999999776e-01
4.486666666666666581e-01
4.473333333333333606e-01
4.510000000000000120e-01
4.470000000000000084e-01
4.504666666666666819e-01
4.503333333333333077e-01
4.485999999999999988e-01
4.513333333333333086e-01
4.495333333333333403e-01
4.490000000000000102e-01
4.523333333333333095e-01
4.507333333333333192e-01
4.526000000000000023e-01
4.514000000000000234e-01
4.514666666666666828e-01
4.504000000000000226e-01
4.567333333333333245e-01
4.546000000000000041e-01
4.580000000000000182e-01
4.558666666666666423e-01
4.521999999999999909e-01
4.529333333333333544e-01
4.537333333333333218e-01
4.504666666666666819e-01
4.571999999999999953e-01
4.549333333333333562e-01
4.561333333333333351e-01
4.589333333333333598e-01
4.586666666666666670e-01
4.577999999999999847e-01
4.559333333333333571e-01
4.580000000000000182e-01
4.581999999999999962e-01
4.576000000000000068e-01
4.575333333333333474e-01
4.570000000000000173e-01
4.583999999999999742e-01
4.569333333333333580e-01
4.547999999999999821e-01
4.606000000000000094e-01
4.606666666666666687e-01
4.600000000000000200e-01
4.607999999999999874e-01
4.608666666666666467e-01
4.597999999999999865e-01
4.603999999999999759e-01
4.614666666666666917e-01
4.612666666666666582e-01
4.646666666666666723e-01
4.609333333333333060e-01
4.614666666666666917e-01
4.599333333333333607e-01
4.626666666666666705e-01
4.626000000000000112e-01
4.599333333333333607e-01
4.621333333333333404e-01
4.601999999999999980e-01
4.563999999999999724e-01
4.630000000000000226e-01
4.625333333333333519e-01
4.576666666666666661e-01
4.615333333333333510e-01
4.648666666666666503e-01
4.623333333333333184e-01
4.623333333333333184e-01
4.619333333333333069e-01
4.661333333333333440e-01
4.629333333333333078e-01
4.643333333333333202e-01
4.640000000000000235e-01
4.681333333333333457e-01
4.662000000000000033e-01
4.590666666666666784e-01
4.667333333333333334e-01
4.647999999999999909e-01
4.657999999999999918e-01
4.690666666666666873e-01
4.653333333333333210e-01
4.654666666666666397e-01
4.685333333333333572e-01
4.650666666666666837e-01
4.690666666666666873e-01
4.661333333333333440e-01
4.677999999999999936e-01
4.699333333333333140e-01
4.643999999999999795e-01
4.704666666666666441e-01
4.676000000000000156e-01
4.687333333333333352e-01
4.724666666666666459e-01
4.678666666666666529e-01
4.699999999999999734e-01
4.687333333333333352e-01
4.709999999999999742e-01
4.709999999999999742e-01
4.727333333333333387e-01
4.705333333333333590e-01
4.738666666666666583e-01
4.690666666666666873e-01
4.726666666666666794e-01
4.722666666666666679e-01
4.713999999999999857e-01
4.742000000000000104e-01
4.729999999999999760e-01
4.748666666666666591e-01
4.713333333333333264e-01
4.750666666666666926e-01
4.727999999999999980e-01
4.715333333333333599e-01
4.729333333333333167e-01
4.759999999999999787e-01
4.734666666666666468e-01
4.709333333333333149e-01
4.754666666666666486e-01
4.736000000000000210e-01
4.746666666666666812e-01
4.739999999999999769e-01
4.743999999999999884e-01
4.745333333333333070e-01
4.733999999999999875e-01
4.776000000000000245e-01
4.721333333333333493e-01
4.763999999999999901e-01
4.711333333333333484e-01
4.724666666666666459e-01
4.785333333333333106e-01
4.792000000000000148e-01
4.764666666666666495e-01
4.769333333333333202e-01
4.749333333333333185e-01
4.728666666666666574e-01
4.798666666666666636e-01
4.719333333333333158e-01
4.767333333333333423e-01
4.810666666666666424e-01
4.799999999999999822e-01
4.792666666666666742e-01
4.805333333333333123e-01
4.803333333333333344e-01
4.809999999999999831e-01
4.779333333333333211e-01
4.787333333333333441e-01
4.800666666666666416e-01
4.762000000000000122e-01
4.775333333333333097e-01
4.823333333333333361e-01
4.771333333333333537e-01
4.792666666666666742e-01
4.749999999999999778e-01
4.795333333333333115e-01
4.783999999999999919e-01
4.818666666666666654e-01
4.837333333333333485e-01
4.813333333333333353e-01
4.826666666666666883e-01
4.828666666666666663e-01
4.813999999999999946e-01
4.835333333333333150e-01
4.832000000000000184e-01
4.810666666666666424e-01
4.812666666666666759e-01
4.808666666666666645e-01
4.825999999999999734e-01
4.817333333333333467e-01
4.810666666666666424e-01
4.825999999999999734e-01
4.796000000000000263e-01
4.810666666666666424e-01
4.849999999999999867e-01
4.840666666666666451e-01
4.821333333333333582e-01
4.866666666666666918e-01
4.863333333333333397e-01
4.858000000000000096e-01
4.831333333333333591e-01
4.809333333333333238e-01
4.837333333333333485e-01
4.873999999999999999e-01
4.849333333333333274e-01
4.873333333333333406e-01
4.870666666666666478e-01
4.849999999999999867e-01
4.846666666666666901e-01
4.858666666666666689e-01
4.849999999999999867e-01
4.832666666666666777e-01
4.892666666666666830e-01
4.855999999999999761e-01
4.874666666666666592e-01
4.889333333333333309e-01
4.843333333333333379e-01
4.845999999999999752e-01
4.865999999999999770e-01
4.908000000000000140e-01
4.892666666666666830e-01
4.869333333333333291e-01
4.859333333333333282e-01
4.879333333333333300e-01
4.886666666666666936e-01
4.868666666666666698e-01
4.875333333333333186e-01
4.911333333333333107e-01
4.887333333333333529e-01
4.864666666666666583e-01
4.925333333333333230e-01
4.868666666666666698e-01
4.897333333333333538e-01
4.863999999999999990e-01
4.908000000000000140e-01
4.900666666666666504e-01
4.918000000000000149e-01
4.916666666666666408e-01
4.874666666666666592e-01
4.882000000000000228e-01
4.893333333333333424e-01
4.892666666666666830e-01
4.879333333333333300e-01
4.912000000000000255e-01
4.949999999999999956e-01
4.929333333333333345e-01
4.928000000000000158e-01
4.923333333333333450e-01
4.944666666666666655e-01
4.934666666666666646e-01
4.919999999999999929e-01
4.915333333333333221e-01
4.921333333333333115e-01
4.935999999999999832e-01
4.932666666666666866e-01
4.932666666666666866e-01
4.920666666666666522e-01
4.902666666666666839e-01
4.887333333333333529e-01
4.939333333333333353e-01
4.911333333333333107e-01
4.941999999999999726e-01
4.918000000000000149e-01
4.943333333333333468e-01
4.966666666666666452e-01
4.945999999999999841e-01
4.938666666666666760e-01
4.940666666666666540e-01
4.940666666666666540e-01
4.958000000000000185e-01
4.934000000000000052e-01
4.951333333333333142e-01
4.977333333333333609e-01
4.971333333333333160e-01
4.974000000000000088e-01
4.987333333333333063e-01
4.983333333333333504e-01
4.979333333333333389e-01
4.979999999999999982e-01
4.921333333333333115e-01
4.971333333333333160e-01
4.941333333333333133e-01
4.961333333333333151e-01
4.934000000000000052e-01
4.978666666666666796e-01
4.945999999999999841e-01
4.955333333333333257e-01
4.981333333333333169e-01
4.949999999999999956e-01
4.976666666666666461e-01
4.978000000000000203e-01
4.985999999999999877e-01
4.941999999999999726e-01
5.016000000000000458e-01
4.989333333333333398e-01
4.979333333333333389e-01
5.009333333333333416e-01
4.984666666666666690e-01
4.988000000000000211e-01
4.974666666666666681e-01
4.995999999999999885e-01
5.011999999999999789e-01
4.999333333333333407e-01
4.989999999999999991e-01
4.941999999999999726e-01
5.008000000000000229e-01
4.971333333333333160e-01
4.969999999999999973e-01
5.034666666666666179e-01
4.997333333333333072e-01
4.974000000000000088e-01
4.987333333333333063e-01
5.019333333333333425e-01
4.978000000000000203e-01
5.007333333333333636e-01
5.056000000000000494e-01
5.009333333333333416e-01
5.010666666666666602e-01
5.040666666666666629e-01
5.023333333333332984e-01
5.036666666666667069e-01
5.007333333333333636e-01
5.013999999999999568e-01
5.021333333333333204e-01
5.006000000000000449e-01
5.017333333333333645e-01
5.048000000000000265e-01
4.996666666666666479e-01
5.041333333333333222e-01
5.031333333333333213e-01
5.011999999999999789e-01
5.008666666666666822e-01
5.026666666666667060e-01
5.077333333333333698e-01
5.021333333333333204e-01
5.036666666666667069e-01
5.046000000000000485e-01
5.000000000000000000e-01
5.054666666666666197e-01
5.050666666666666638e-01
5.018000000000000238e-01
5.024666666666666170e-01
5.038666666666666849e-01
5.002666666666666373e-01
5.059333333333333460e-01
5.058666666666666867e-01
5.010000000000000009e-01
5.005333333333333856e-01
5.029333333333333433e-01
5.082666666666666444e-01
5.065333333333332799e-01
5.060000000000000053e-01
5.074666666666666215e-01
5.050000000000000044e-01
5.051999999999999824e-01
5.038666666666666849e-01
5.051333333333333231e-01
4.986666666666666470e-01
5.051333333333333231e-01
5.087333333333333707e-01
5.038000000000000256e-01
5.029333333333333433e-01
5.058000000000000274e-01
5.093999999999999639e-01
5.048666666666666858e-01
5.066000000000000503e-01
5.057333333333333680e-01
5.083333333333333037e-01
5.081999999999999851e-01
5.076000000000000512e-01
5.072666666666666435e-01
5.070000000000000062e-01
5.103333333333333055e-01
5.018666666666666831e-01
5.084666666666666224e-01
5.048666666666666858e-01
5.031999999999999806e-01
5.098666666666666902e-01
5.071999999999999842e-01
5.049333333333333451e-01
5.065333333333332799e-01
5.064666666666666206e-01
5.115333333333332844e-01
5.070000000000000062e-01
5.096666666666667123e-01
5.106666666666667131e-01
5.128000000000000336e-01
5.111333333333333284e-01
5.102666666666666462e-01
5.080000000000000071e-01
5.099333333333333496e-01
5.108000000000000318e-01
5.086000000000000520e-01
5.123999999999999666e-01
5.098666666666666902e-01
5.075333333333332808e-01
5.086666666666667114e-01
5.116000000000000547e-01
5.073999999999999622e-01
5.069333333333333469e-01
5.091333333333333266e-01
5.082666666666666444e-01
5.102666666666666462e-01
5.143999999999999684e-01
5.081333333333333258e-01
5.090000000000000080e-01
5.122666666666666480e-01
5.084666666666666224e-01
5.097333333333333716e-01
5.082666666666666444e-01
5.101999999999999869e-01
5.106666666666667131e-01
5.121333333333333293e-01
5.123333333333333073e-01
5.095333333333332826e-01
5.118000000000000327e-01
5.113999999999999657e-01
5.095333333333332826e-01
5.125999999999999446e-01
5.109333333333333504e-01
5.130666666666666709e-01
5.117333333333333734e-01
5.125999999999999446e-01
5.113999999999999657e-01
5.158666666666666956e-01
5.112666666666666471e-01
5.126666666666667149e-01
5.119333333333333513e-01
5.119333333333333513e-01
5.133999999999999675e-01
5.155999999999999472e-01
5.131999999999999895e-01
5.107333333333333725e-01
5.110000000000000098e-01
5.149333333333333540e-01
5.169333333333333558e-01
5.140666666666666718e-01
5.121999999999999886e-01
5.150000000000000133e-01
5.158666666666666956e-01
5.113333333333333064e-01
5.140000000000000124e-01
5.139333333333333531e-01
5.162666666666666515e-01
5.160000000000000142e-01
5.185999999999999499e-01
5.141999999999999904e-01
5.154666666666666286e-01
5.170000000000000151e-01
5.138666666666666938e-01
5.150000000000000133e-01
5.170666666666666744e-01
5.139333333333333531e-01
5.150666666666666726e-01
5.155999999999999472e-01
5.148000000000000353e-01
5.162666666666666515e-01
5.161333333333333329e-01
5.156666666666667176e-01
5.153333333333333099e-01
5.188666666666666982e-01
5.218000000000000416e-01
5.143999999999999684e-01
5.149333333333333540e-01
5.140666666666666718e-01
5.170666666666666744e-01
5.173333333333333117e-01
5.162666666666666515e-01
5.169333333333333558e-01
5.177333333333333787e-01
5.167333333333333778e-01
5.167333333333333778e-01
5.206666666666667220e-01
5.164666666666666295e-01
5.170000000000000151e-01
5.163999999999999702e-01
5.163333333333333108e-01
5.159333333333333549e-01
5.155333333333332879e-01
5.173999999999999710e-01
5.135333333333332861e-01
5.172666666666666524e-01
5.111999999999999877e-01
5.185999999999999499e-01
5.185333333333332906e-01
5.150000000000000133e-01
5.193333333333333135e-01
5.185333333333332906e-01
5.177333333333333787e-01
5.242666666666666586e-01
5.221333333333333382e-01
5.197333333333333805e-01
5.181999999999999940e-01
5.195999999999999508e-01
5.170000000000000151e-01
5.195999999999999508e-01
5.195333333333332915e-01
5.160666666666666735e-01
5.206666666666667220e-01
5.210000000000000187e-01
5.214666666666666339e-01
5.175333333333332897e-01
5.189333333333333576e-01
5.200666666666666771e-01
5.230000000000000204e-01
5.203333333333333144e-01
5.213999999999999746e-01
5.195333333333332915e-01
5.195333333333332915e-01
5.217333333333333822e-01
5.175999999999999490e-01
5.195999999999999508e-01
5.204666666666666330e-01
5.218000000000000416e-01
5.215999999999999526e-01
5.197333333333333805e-01
5.183333333333333126e-01
5.203333333333333144e-01
5.211999999999999966e-01
5.223999999999999755e-01
5.210000000000000187e-01
5.172666666666666524e-01
5.190666666666666762e-01
5.213999999999999746e-01
5.204666666666666330e-01
5.233333333333333171e-01
5.243999999999999773e-01
5.201999999999999957e-01
5.227333333333333831e-01
5.213333333333333153e-01
5.234666666666666357e-01
5.229333333333333611e-01
5.200666666666666771e-01
5.257333333333333858e-01
5.238666666666667027e-01
5.223333333333333162e-01
5.228666666666667018e-01
5.233333333333333171e-01
5.215333333333332932e-01
5.230000000000000204e-01
5.231333333333333391e-01
5.236666666666666137e-01
5.210000000000000187e-01
5.205333333333332924e-01
5.228000000000000425e-01
5.230000000000000204e-01
5.246666666666666146e-01
5.257333333333333858e-01
5.265333333333332977e-01
5.275999999999999579e-01
5.232666666666666577e-01
5.241999999999999993e-01
5.243333333333333179e-01
5.218000000000000416e-01
5.233333333333333171e-01
5.219333333333333602e-01
5.200000000000000178e-01
5.233999999999999764e-01
5.250666666666666815e-01
5.229333333333333611e-01
5.278666666666667062e-01
5.282666666666666622e-01
5.252666666666666595e-01
5.265333333333332977e-01
5.264666666666666384e-01
5.253333333333333188e-01
5.235999999999999543e-01
5.208000000000000407e-01
5.261333333333333417e-01
5.274666666666666393e-01
5.269333333333333647e-01
5.260000000000000231e-01
5.253333333333333188e-01
5.223999999999999755e-01
5.245333333333332959e-01
5.270666666666666833e-01
5.255999999999999561e-01
5.236666666666666137e-01
5.255333333333332968e-01
5.293999999999999817e-01
5.285333333333332995e-01
5.244666666666666366e-01
5.261333333333333417e-01
5.273999999999999799e-01
5.279333333333333655e-01
5.288000000000000478e-01
5.193333333333333135e-01
5.320666666666666877e-01
5.284666666666666401e-01
5.279333333333333655e-01
5.279333333333333655e-01
5.263999999999999790e-01
5.284666666666666401e-01
5.308000000000000496e-01
5.293333333333333224e-01
5.256666666666666154e-01
5.280000000000000249e-01
5.309333333333333682e-01
5.271333333333333426e-01
5.257333333333333858e-01
5.308666666666667089e-01
5.261333333333333417e-01
5.258666666666667044e-01
5.302666666666666639e-01
5.306666666666666199e-01
5.255999999999999561e-01
5.288000000000000478e-01
5.338000000000000522e-01
5.295333333333333004e-01
5.293999999999999817e-01
5.230666666666666798e-01
5.303333333333333233e-01
5.300000000000000266e-01
5.271333333333333426e-01
5.313333333333333242e-01
5.286666666666666181e-01
5.292000000000000037e-01
5.290000000000000258e-01
5.289333333333333664e-01
5.281333333333333435e-01
5.295333333333333004e-01
5.298000000000000487e-01
5.321333333333333471e-01
5.323333333333333250e-01
5.296666666666666190e-01
5.305999999999999606e-01
5.293999999999999817e-01
5.292666666666666631e-01
5.291333333333333444e-01
5.289333333333333664e-01
5.290000000000000258e-01
5.315333333333333021e-01
5.320666666666666877e-01
5.317333333333332801e-01
5.320000000000000284e-01
5.279333333333333655e-01
5.297333333333332783e-01
5.305333333333333012e-01
5.313999999999999835e-01
5.323999999999999844e-01
5.254666666666666375e-01
5.305333333333333012e-01
5.319333333333333691e-01
5.296666666666666190e-01
5.318000000000000504e-01
5.324666666666666437e-01
5.303333333333333233e-01
5.318666666666667098e-01
5.297333333333332783e-01
5.349333333333333718e-01
5.304666666666666419e-01
5.310000000000000275e-01
5.340000000000000302e-01
5.315333333333333021e-01
5.310666666666666869e-01
5.295999999999999597e-01
5.281333333333333435e-01
5.298666666666667080e-01
5.298666666666667080e-01
5.320666666666666877e-01
5.315999999999999615e-01
5.376666666666666261e-01
5.325999999999999623e-01
5.318000000000000504e-01
5.292000000000000037e-01
5.294666666666666410e-01
5.333999999999999853e-01
5.313333333333333242e-01
5.329333333333333700e-01
5.345999999999999641e-01
5.338666666666667115e-01
5.322666666666666657e-01
5.302000000000000046e-01
5.335999999999999632e-01
5.329333333333333700e-01
5.297333333333332783e-01
5.308000000000000496e-01
5.345999999999999641e-01
5.342666666666666675e-01
5.321333333333333471e-01
5.344666666666666455e-01
5.350000000000000311e-01
5.313333333333333242e-01
5.325333333333333030e-01
5.345333333333333048e-01
5.373333333333333295e-01
5.332666666666666666e-01
5.342000000000000082e-01
5.329333333333333700e-01
5.346666666666666234e-01
5.347333333333332828e-01
5.345333333333333048e-01
5.359333333333333727e-01
5.350666666666666904e-01
5.325999999999999623e-01
5.385333333333333083e-01
5.338666666666667115e-01
5.316666666666666208e-01
5.362666666666666693e-01
5.366666666666666252e-01
5.347333333333332828e-01
5.347333333333332828e-01
5.345999999999999641e-01
5.382666666666666710e-01
5.328000000000000513e-01
5.340666666666666895e-01
5.352000000000000091e-01
5.333999999999999853e-01
5.382666666666666710e-01
5.319333333333333691e-01
5.344666666666666455e-01
5.390666666666666940e-01
5.360666666666666913e-01
5.349333333333333718e-01
5.365999999999999659e-01
5.363333333333333286e-01
5.362000000000000099e-01
5.335333333333333039e-01
5.391333333333333533e-01
5.368666666666667142e-01
5.371333333333333515e-01
5.399333333333333762e-01
5.403999999999999915e-01
5.345999999999999641e-01
5.324666666666666437e-01
5.347333333333332828e-01
5.383333333333333304e-01
5.368000000000000549e-01
5.401333333333333542e-01
5.407999999999999474e-01
5.397333333333332872e-01
5.387333333333332863e-01
5.351333333333333497e-01
5.370000000000000329e-01
5.348000000000000531e-01
5.368000000000000549e-01
5.371333333333333515e-01
5.368000000000000549e-01
