4.410000000000000031e-01
4.369333333333333402e-01
4.413333333333333552e-01
4.407333333333333103e-01
4.411333333333333218e-01
4.394666666666666721e-01
4.410666666666666624e-01
4.417333333333333112e-01
4.437999999999999723e-01
4.399333333333333429e-01
4.406666666666666510e-01
4.441333333333333244e-01
4.428000000000000269e-01
4.415999999999999925e-01
4.425333333333333341e-01
4.412666666666666404e-01
4.431999999999999829e-01
4.449333333333333473e-01
4.437999999999999723e-01
4.437999999999999723e-01
4.462666666666666448e-01
4.420666666666666633e-01
4.463333333333333597e-01
4.453333333333333588e-01
4.442666666666666431e-01
4.464666666666666783e-01
4.445999999999999952e-01
4.449333333333333473e-01
4.471333333333333271e-01
4.475333333333333385e-01
4.489333333333333509e-01
4.464666666666666783e-01
4.479333333333333500e-01
4.445333333333333359e-01
4.518666666666666942e-01
4.504000000000000226e-01
4.534666666666666845e-01
4.510666666666666713e-01
4.477333333333333165e-01
4.491333333333333289e-01
4.501333333333333298e-01
4.457333333333333147e-01
4.521333333333333315e-01
4.510666666666666713e-01
4.514666666666666828e-01
4.540000000000000147e-01
4.544666666666666854e-01
4.531999999999999917e-01
4.527999999999999803e-01
4.527333333333333210e-01
4.546666666666666634e-01
4.529333333333333544e-01
4.538666666666666405e-01
4.536000000000000032e-01
4.537999999999999812e-01
4.539333333333333553e-01
4.507333333333333192e-01
4.567333333333333245e-01
4.558666666666666423e-01
4.563333333333333131e-01
4.565333333333333465e-01
4.571333333333333360e-01
4.558666666666666423e-01
4.563999999999999724e-01
4.575333333333333474e-01
4.563333333333333131e-01
4.610000000000000209e-01
4.557999999999999829e-01
4.572666666666666546e-01
4.568666666666666432e-01
4.591333333333333377e-01
4.590666666666666784e-01
4.554666666666666863e-01
4.589333333333333598e-01
4.570000000000000173e-01
4.527333333333333210e-01
4.596666666666666679e-01
4.586666666666666670e-01
4.539333333333333553e-01
4.573333333333333139e-01
4.617999999999999883e-01
4.593333333333333157e-01
4.596000000000000085e-01
4.587999999999999856e-01
4.627999999999999892e-01
4.598666666666666458e-01
4.609333333333333060e-01
4.602666666666666573e-01
4.648666666666666503e-01
4.633333333333333193e-01
4.564666666666666872e-01
4.636666666666666714e-01
4.614666666666666917e-01
4.623333333333333184e-01
4.662666666666666626e-01
4.628666666666666485e-01
4.620666666666666811e-01
4.659333333333333105e-01
4.616666666666666696e-01
4.659333333333333105e-01
4.638666666666666494e-01
4.650000000000000244e-01
4.670666666666666855e-01
4.607999999999999874e-01
4.673999999999999821e-01
4.640666666666666829e-01
4.657999999999999918e-01
4.693333333333333246e-01
4.650000000000000244e-01
4.670000000000000262e-01
4.662000000000000033e-01
4.676000000000000156e-01
4.676666666666666750e-01
4.695333333333333581e-01
4.662666666666666626e-01
4.713333333333333264e-01
4.665333333333333554e-01
4.699999999999999734e-01
4.697999999999999954e-01
4.686666666666666758e-01
4.708666666666666556e-01
4.706666666666666776e-01
4.716000000000000192e-01
4.676666666666666750e-01
4.713999999999999857e-01
4.696666666666666767e-01
4.691333333333333466e-01
4.697999999999999954e-01
4.734666666666666468e-01
4.707999999999999963e-01
4.677999999999999936e-01
4.723333333333333273e-01
4.714666666666666450e-01
4.723999999999999866e-01
4.717999999999999972e-01
4.713999999999999857e-01
4.710666666666666891e-01
4.699999999999999734e-01
4.756666666666666821e-01
4.707333333333333369e-01
4.736666666666666803e-01
4.693333333333333246e-01
4.701333333333333475e-01
4.762666666666666715e-01
4.764666666666666495e-01
4.733333333333333282e-01
4.746666666666666812e-01
4.717333333333333378e-01
4.704666666666666441e-01
4.762000000000000122e-01
4.694666666666666432e-01
4.740666666666666917e-01
4.779333333333333211e-01
4.780666666666666398e-01
4.769333333333333202e-01
4.778000000000000025e-01
4.782666666666666733e-01
4.784666666666666512e-01
4.754666666666666486e-01
4.756666666666666821e-01
4.779333333333333211e-01
4.737333333333333396e-01
4.749999999999999778e-01
4.788000000000000034e-01
4.750666666666666926e-01
4.772666666666666724e-01
4.730666666666666909e-01
4.778666666666666618e-01
4.758666666666666600e-01
4.797333333333333449e-01
4.815999999999999726e-01
4.786666666666666847e-01
4.796000000000000263e-01
4.805333333333333123e-01
4.796000000000000263e-01
4.810666666666666424e-01
4.809999999999999831e-01
4.786666666666666847e-01
4.787333333333333441e-01
4.786000000000000254e-01
4.801333333333333564e-01
4.792000000000000148e-01
4.789999999999999813e-01
4.809999999999999831e-01
4.776000000000000245e-01
4.791333333333333555e-01
4.828666666666666663e-01
4.814666666666666539e-01
4.793333333333333335e-01
4.847333333333333494e-01
4.841333333333333599e-01
4.837333333333333485e-01
4.810666666666666424e-01
4.788666666666666627e-01
4.820666666666666433e-01
4.848000000000000087e-01
4.828666666666666663e-01
4.854666666666666575e-01
4.852000000000000202e-01
4.832000000000000184e-01
4.823333333333333361e-01
4.833333333333333370e-01
4.832666666666666777e-01
4.813999999999999946e-01
4.862000000000000210e-01
4.824666666666666548e-01
4.853999999999999981e-01
4.876666666666666927e-01
4.823333333333333361e-01
4.827333333333333476e-01
4.851333333333333608e-01
4.892666666666666830e-01
4.869999999999999885e-01
4.849999999999999867e-01
4.841333333333333599e-01
4.859999999999999876e-01
4.863999999999999990e-01
4.849999999999999867e-01
4.857333333333333503e-01
4.884000000000000008e-01
4.865999999999999770e-01
4.849999999999999867e-01
4.906666666666666399e-01
4.854666666666666575e-01
4.874666666666666592e-01
4.845999999999999752e-01
4.876666666666666927e-01
4.879333333333333300e-01
4.898666666666666725e-01
4.899999999999999911e-01
4.844666666666666566e-01
4.865999999999999770e-01
4.877333333333333520e-01
4.871333333333333071e-01
4.867333333333333512e-01
4.893333333333333424e-01
4.935999999999999832e-01
4.916666666666666408e-01
4.902666666666666839e-01
4.909999999999999920e-01
4.914666666666666628e-01
4.915333333333333221e-01
4.900666666666666504e-01
4.898666666666666725e-01
4.903333333333333433e-01
4.913333333333333441e-01
4.918000000000000149e-01
4.916666666666666408e-01
4.898666666666666725e-01
4.885333333333333194e-01
4.879333333333333300e-01
4.914666666666666628e-01
4.891333333333333089e-01
4.929999999999999938e-01
4.900666666666666504e-01
4.924000000000000044e-01
4.952666666666666884e-01
4.928000000000000158e-01
4.924000000000000044e-01
4.924666666666666637e-01
4.929333333333333345e-01
4.948000000000000176e-01
4.920666666666666522e-01
4.935333333333333239e-01
4.950666666666666549e-01
4.948666666666666769e-01
4.955333333333333257e-01
4.967333333333333600e-01
4.968000000000000194e-01
4.957333333333333591e-01
4.968000000000000194e-01
4.912666666666666848e-01
4.961333333333333151e-01
4.918666666666666742e-01
4.949333333333333362e-01
4.921333333333333115e-01
4.958666666666666778e-01
4.932666666666666866e-01
4.942666666666666875e-01
4.980666666666666575e-01
4.935333333333333239e-01
4.957333333333333591e-01
4.966666666666666452e-01
4.971333333333333160e-01
4.929333333333333345e-01
4.994666666666666699e-01
4.975333333333333274e-01
4.962666666666666893e-01
4.994000000000000106e-01
4.964666666666666672e-01
4.971999999999999753e-01
4.960666666666666558e-01
4.977333333333333609e-01
4.995333333333333292e-01
4.985999999999999877e-01
4.974666666666666681e-01
4.927333333333333565e-01
4.993333333333333512e-01
4.962666666666666893e-01
4.958666666666666778e-01
5.022666666666666391e-01
4.983333333333333504e-01
4.955999999999999850e-01
4.977333333333333609e-01
5.008666666666666822e-01
4.962666666666666893e-01
4.989999999999999991e-01
5.041333333333333222e-01
5.000000000000000000e-01
4.994666666666666699e-01
5.026000000000000467e-01
5.007333333333333636e-01
5.021999999999999797e-01
4.990666666666666584e-01
4.996666666666666479e-01
5.000000000000000000e-01
4.991333333333333178e-01
5.002666666666666373e-01
5.036666666666667069e-01
4.984666666666666690e-01
5.021999999999999797e-01
5.012666666666666382e-01
4.998000000000000220e-01
4.991999999999999771e-01
5.010666666666666602e-01
5.059333333333333460e-01
5.003333333333332966e-01
5.013999999999999568e-01
5.032666666666666400e-01
4.990666666666666584e-01
5.038666666666666849e-01
5.042666666666666409e-01
5.000000000000000000e-01
5.008666666666666822e-01
5.028666666666666840e-01
4.988666666666666805e-01
5.050666666666666638e-01
5.045333333333332781e-01
5.000000000000000000e-01
4.991333333333333178e-01
5.010000000000000009e-01
5.072666666666666435e-01
5.051999999999999824e-01
5.041999999999999815e-01
5.060666666666666647e-01
5.038666666666666849e-01
5.033999999999999586e-01
5.013999999999999568e-01
5.036000000000000476e-01
4.979999999999999982e-01
5.037333333333333663e-01
5.068666666666666876e-01
5.023333333333332984e-01
5.016666666666667052e-01
5.046000000000000485e-01
5.078666666666666885e-01
5.043333333333333002e-01
5.043999999999999595e-01
5.043333333333333002e-01
5.073999999999999622e-01
5.070000000000000062e-01
5.065333333333332799e-01
5.050000000000000044e-01
5.053999999999999604e-01
5.095333333333332826e-01
5.006000000000000449e-01
5.064666666666666206e-01
5.038000000000000256e-01
5.021333333333333204e-01
5.079333333333333478e-01
5.063999999999999613e-01
5.036666666666667069e-01
5.057333333333333680e-01
5.049333333333333451e-01
5.102666666666666462e-01
5.050666666666666638e-01
5.081999999999999851e-01
5.085333333333332817e-01
5.111999999999999877e-01
5.093999999999999639e-01
5.090000000000000080e-01
5.061999999999999833e-01
5.089333333333333487e-01
5.094666666666666233e-01
5.074666666666666215e-01
5.103999999999999648e-01
5.086666666666667114e-01
5.063999999999999613e-01
5.076666666666667105e-01
5.102666666666666462e-01
5.061333333333333240e-01
5.057333333333333680e-01
5.080666666666666664e-01
5.071333333333333249e-01
5.090000000000000080e-01
5.135999999999999455e-01
5.068000000000000282e-01
5.075333333333332808e-01
5.111999999999999877e-01
5.076000000000000512e-01
5.083333333333333037e-01
5.065333333333332799e-01
5.087333333333333707e-01
5.093999999999999639e-01
5.109333333333333504e-01
5.111999999999999877e-01
5.080000000000000071e-01
5.113333333333333064e-01
5.102666666666666462e-01
5.086666666666667114e-01
5.116666666666667140e-01
5.099333333333333496e-01
5.120000000000000107e-01
5.101999999999999869e-01
5.118000000000000327e-01
5.100666666666666682e-01
5.145333333333332870e-01
5.100000000000000089e-01
5.112666666666666471e-01
5.115333333333332844e-01
5.106000000000000538e-01
5.119333333333333513e-01
5.143333333333333091e-01
5.118666666666666920e-01
5.095333333333332826e-01
5.104666666666666242e-01
5.129333333333333522e-01
5.153333333333333099e-01
5.124666666666666259e-01
5.115333333333332844e-01
5.140666666666666718e-01
5.143999999999999684e-01
5.103333333333333055e-01
5.123999999999999666e-01
5.132666666666666488e-01
5.152666666666666506e-01
5.147333333333333760e-01
5.178000000000000380e-01
5.133999999999999675e-01
5.143333333333333091e-01
5.156666666666667176e-01
5.123999999999999666e-01
5.135333333333332861e-01
5.160000000000000142e-01
5.130000000000000115e-01
5.143333333333333091e-01
5.140000000000000124e-01
5.131999999999999895e-01
5.149333333333333540e-01
5.145333333333332870e-01
5.147333333333333760e-01
5.138666666666666938e-01
5.172666666666666524e-01
5.201999999999999957e-01
5.136666666666667158e-01
5.132666666666666488e-01
5.124666666666666259e-01
5.156666666666667176e-01
5.154666666666666286e-01
5.155999999999999472e-01
5.158666666666666956e-01
5.163999999999999702e-01
5.153999999999999693e-01
5.153333333333333099e-01
5.193333333333333135e-01
5.154666666666666286e-01
5.156666666666667176e-01
5.150666666666666726e-01
5.149333333333333540e-01
5.150666666666666726e-01
5.143999999999999684e-01
5.155999999999999472e-01
5.128000000000000336e-01
5.161333333333333329e-01
5.098000000000000309e-01
5.176666666666667194e-01
5.168666666666666965e-01
5.136666666666667158e-01
5.178666666666666973e-01
5.178000000000000380e-01
5.167333333333333778e-01
5.228000000000000425e-01
5.210666666666666780e-01
5.183333333333333126e-01
5.168666666666666965e-01
5.188000000000000389e-01
5.163333333333333108e-01
5.183333333333333126e-01
5.186666666666667203e-01
5.153999999999999693e-01
5.193333333333333135e-01
5.198000000000000398e-01
5.201333333333333364e-01
5.163999999999999702e-01
5.178000000000000380e-01
5.193333333333333135e-01
5.213999999999999746e-01
5.195999999999999508e-01
5.208666666666667000e-01
5.185999999999999499e-01
5.185999999999999499e-01
5.205333333333332924e-01
5.171333333333333337e-01
5.184666666666666313e-01
5.190000000000000169e-01
5.198000000000000398e-01
5.198666666666666991e-01
5.185333333333332906e-01
5.171999999999999931e-01
5.185999999999999499e-01
5.208666666666667000e-01
5.211999999999999966e-01
5.195999999999999508e-01
5.161999999999999922e-01
5.173333333333333117e-01
5.204666666666666330e-01
5.192666666666666542e-01
5.221333333333333382e-01
5.238666666666667027e-01
5.192666666666666542e-01
5.215333333333332932e-01
5.203333333333333144e-01
5.220666666666666789e-01
5.222666666666666568e-01
5.200666666666666771e-01
5.253999999999999782e-01
5.228000000000000425e-01
5.212666666666666559e-01
5.218666666666667009e-01
5.231333333333333391e-01
5.205333333333332924e-01
5.218000000000000416e-01
5.215333333333332932e-01
5.226666666666666128e-01
5.205333333333332924e-01
5.196666666666667211e-01
5.223333333333333162e-01
5.224666666666666348e-01
5.240000000000000213e-01
5.247333333333333849e-01
5.259333333333333638e-01
5.266666666666666163e-01
5.226666666666666128e-01
5.237333333333333840e-01
5.238666666666667027e-01
5.206666666666667220e-01
5.225999999999999535e-01
5.206666666666667220e-01
5.183999999999999719e-01
5.221999999999999975e-01
5.243999999999999773e-01
5.214666666666666339e-01
5.267333333333333867e-01
5.268000000000000460e-01
5.240000000000000213e-01
5.252000000000000002e-01
5.261333333333333417e-01
5.240666666666666806e-01
5.225999999999999535e-01
5.195333333333332915e-01
5.251333333333333409e-01
5.262666666666666604e-01
5.259333333333333638e-01
5.246666666666666146e-01
5.244666666666666366e-01
5.213999999999999746e-01
5.238666666666667027e-01
5.261333333333333417e-01
5.246666666666666146e-01
5.228000000000000425e-01
5.248666666666667036e-01
5.283999999999999808e-01
5.273333333333333206e-01
5.234666666666666357e-01
5.243999999999999773e-01
5.259333333333333638e-01
5.262666666666666604e-01
5.277333333333333876e-01
5.180666666666666753e-01
5.313333333333333242e-01
5.273333333333333206e-01
5.271333333333333426e-01
5.271333333333333426e-01
5.251333333333333409e-01
5.279333333333333655e-01
5.290666666666666851e-01
5.280666666666666842e-01
5.243999999999999773e-01
5.265333333333332977e-01
5.301333333333333453e-01
5.256666666666666154e-01
5.250000000000000222e-01
5.300000000000000266e-01
5.251333333333333409e-01
5.245333333333332959e-01
5.292666666666666631e-01
5.291333333333333444e-01
5.246666666666666146e-01
5.278000000000000469e-01
5.328000000000000513e-01
5.282666666666666622e-01
5.285333333333332995e-01
5.223999999999999755e-01
5.297333333333332783e-01
5.285333333333332995e-01
5.267333333333333867e-01
5.309333333333333682e-01
5.275999999999999579e-01
5.282666666666666622e-01
5.280000000000000249e-01
5.285999999999999588e-01
5.272666666666666613e-01
5.282666666666666622e-01
5.292666666666666631e-01
5.313333333333333242e-01
5.318000000000000504e-01
5.285333333333332995e-01
5.295333333333333004e-01
5.283999999999999808e-01
5.282666666666666622e-01
5.278000000000000469e-01
5.273999999999999799e-01
5.278666666666667062e-01
5.303999999999999826e-01
5.308000000000000496e-01
5.308666666666667089e-01
5.315999999999999615e-01
5.270000000000000240e-01
5.293333333333333224e-01
5.293333333333333224e-01
5.304666666666666419e-01
5.308000000000000496e-01
5.237333333333333840e-01
5.292666666666666631e-01
5.308000000000000496e-01
5.284666666666666401e-01
5.310000000000000275e-01
5.313333333333333242e-01
5.292000000000000037e-01
5.312666666666666648e-01
5.287333333333333885e-01
5.338000000000000522e-01
5.300000000000000266e-01
5.306666666666666199e-01
5.330000000000000293e-01
5.302666666666666639e-01
5.307333333333332792e-01
5.282666666666666622e-01
5.279333333333333655e-01
5.290000000000000258e-01
5.286666666666666181e-01
5.312000000000000055e-01
5.312000000000000055e-01
5.370000000000000329e-01
5.315333333333333021e-01
5.309333333333333682e-01
5.284666666666666401e-01
5.292000000000000037e-01
5.334666666666666446e-01
5.308666666666667089e-01
5.323999999999999844e-01
5.336666666666666226e-01
5.330666666666666886e-01
5.318666666666667098e-01
5.294666666666666410e-01
5.330000000000000293e-01
5.321333333333333471e-01
5.290666666666666851e-01
5.305333333333333012e-01
5.337333333333332819e-01
5.342000000000000082e-01
5.310666666666666869e-01
5.333999999999999853e-01
5.350000000000000311e-01
5.302000000000000046e-01
5.317333333333332801e-01
5.340000000000000302e-01
5.358666666666667133e-01
5.325999999999999623e-01
5.328666666666667107e-01
5.320666666666666877e-01
5.335333333333333039e-01
5.338666666666667115e-01
5.340000000000000302e-01
5.355333333333333057e-01
5.345333333333333048e-01
5.320666666666666877e-01
5.379333333333333744e-01
5.330666666666666886e-01
5.308000000000000496e-01
5.354666666666666464e-01
5.363333333333333286e-01
5.340000000000000302e-01
5.335333333333333039e-01
5.345999999999999641e-01
5.375333333333333075e-01
5.318000000000000504e-01
5.331333333333333480e-01
5.342666666666666675e-01
5.329333333333333700e-01
5.379333333333333744e-01
5.310000000000000275e-01
5.342666666666666675e-01
5.380000000000000338e-01
5.350000000000000311e-01
5.346666666666666234e-01
5.356666666666666243e-01
5.360666666666666913e-01
5.348666666666667124e-01
5.325333333333333030e-01
5.385999999999999677e-01
5.360666666666666913e-01
5.359333333333333727e-01
5.383999999999999897e-01
5.393999999999999906e-01
5.336666666666666226e-01
5.318000000000000504e-01
5.342666666666666675e-01
5.377333333333332854e-01
5.361333333333333506e-01
5.390000000000000346e-01
5.402000000000000135e-01
5.385999999999999677e-01
5.373333333333333295e-01
5.334666666666666446e-01
5.363999999999999879e-01
5.335999999999999632e-01
5.362666666666666693e-01
5.363999999999999879e-01
5.353999999999999870e-01
