4.481333333333333280e-01
4.453333333333333588e-01
4.479333333333333500e-01
4.470666666666666678e-01
4.470666666666666678e-01
4.482666666666666466e-01
4.479333333333333500e-01
4.479333333333333500e-01
4.508666666666666933e-01
4.464666666666666783e-01
4.475999999999999979e-01
4.509333333333333527e-01
4.499333333333333518e-01
4.483333333333333059e-01
4.501333333333333298e-01
4.480000000000000093e-01
4.506000000000000005e-01
4.521333333333333315e-01
4.506666666666666599e-01
4.500000000000000111e-01
4.536666666666666625e-01
4.493333333333333068e-01
4.516666666666666607e-01
4.530000000000000138e-01
4.503333333333333077e-01
4.545333333333333448e-01
4.524000000000000243e-01
4.516000000000000014e-01
4.547999999999999821e-01
4.533333333333333104e-01
4.543333333333333113e-01
4.541999999999999926e-01
4.536000000000000032e-01
4.527999999999999803e-01
4.586666666666666670e-01
4.571999999999999953e-01
4.607333333333333281e-01
4.584666666666666890e-01
4.546666666666666634e-01
4.548666666666666414e-01
4.561999999999999944e-01
4.524666666666666837e-01
4.596000000000000085e-01
4.569333333333333580e-01
4.578666666666666440e-01
4.607999999999999874e-01
4.606000000000000094e-01
4.592666666666666564e-01
4.580666666666666775e-01
4.598666666666666458e-01
4.600666666666666793e-01
4.600666666666666793e-01
4.599333333333333607e-01
4.591999999999999971e-01
4.609333333333333060e-01
4.590000000000000191e-01
4.569333333333333580e-01
4.623999999999999777e-01
4.619333333333333069e-01
4.620666666666666811e-01
4.630000000000000226e-01
4.623999999999999777e-01
4.618666666666666476e-01
4.616000000000000103e-01
4.632000000000000006e-01
4.631333333333333413e-01
4.666000000000000147e-01
4.627333333333333298e-01
4.637999999999999901e-01
4.619333333333333069e-01
4.644666666666666943e-01
4.655333333333333545e-01
4.621333333333333404e-01
4.630000000000000226e-01
4.620000000000000218e-01
4.587333333333333263e-01
4.646666666666666723e-01
4.637999999999999901e-01
4.590666666666666784e-01
4.632666666666666599e-01
4.659333333333333105e-01
4.637999999999999901e-01
4.636666666666666714e-01
4.640666666666666829e-01
4.681333333333333457e-01
4.645333333333333536e-01
4.657333333333333325e-01
4.648666666666666503e-01
4.699333333333333140e-01
4.677999999999999936e-01
4.614666666666666917e-01
4.679333333333333123e-01
4.663333333333333219e-01
4.673333333333333228e-01
4.703999999999999848e-01
4.673333333333333228e-01
4.666666666666666741e-01
4.707333333333333369e-01
4.668666666666666520e-01
4.709333333333333149e-01
4.683999999999999830e-01
4.693999999999999839e-01
4.719999999999999751e-01
4.660000000000000253e-01
4.724666666666666459e-01
4.689999999999999725e-01
4.700666666666666882e-01
4.741333333333333511e-01
4.689333333333333131e-01
4.707999999999999963e-01
4.701333333333333475e-01
4.728666666666666574e-01
4.718666666666666565e-01
4.743333333333333290e-01
4.713333333333333264e-01
4.752000000000000113e-01
4.703999999999999848e-01
4.743333333333333290e-01
4.730666666666666909e-01
4.728666666666666574e-01
4.756666666666666821e-01
4.747999999999999998e-01
4.768666666666666609e-01
4.727999999999999980e-01
4.763333333333333308e-01
4.744666666666666477e-01
4.730666666666666909e-01
4.746000000000000218e-01
4.774666666666666504e-01
4.753999999999999893e-01
4.727333333333333387e-01
4.766000000000000236e-01
4.755333333333333079e-01
4.760666666666666935e-01
4.750666666666666926e-01
4.765333333333333088e-01
4.758666666666666600e-01
4.743999999999999884e-01
4.798000000000000043e-01
4.747999999999999998e-01
4.780666666666666398e-01
4.732000000000000095e-01
4.739999999999999769e-01
4.795333333333333115e-01
4.806666666666666865e-01
4.771333333333333537e-01
4.783333333333333326e-01
4.748666666666666591e-01
4.743999999999999884e-01
4.809333333333333238e-01
4.732666666666666688e-01
4.776000000000000245e-01
4.822000000000000175e-01
4.813999999999999946e-01
4.808000000000000052e-01
4.813333333333333353e-01
4.813999999999999946e-01
4.826666666666666883e-01
4.796000000000000263e-01
4.800666666666666416e-01
4.824666666666666548e-01
4.766000000000000236e-01
4.791333333333333555e-01
4.830666666666666442e-01
4.786666666666666847e-01
4.807333333333333458e-01
4.765333333333333088e-01
4.809999999999999831e-01
4.791333333333333555e-01
4.832000000000000184e-01
4.848000000000000087e-01
4.825999999999999734e-01
4.839333333333333265e-01
4.845333333333333159e-01
4.830666666666666442e-01
4.847333333333333494e-01
4.843333333333333379e-01
4.818666666666666654e-01
4.817333333333333467e-01
4.823999999999999955e-01
4.832000000000000184e-01
4.831333333333333591e-01
4.822000000000000175e-01
4.834666666666666557e-01
4.807333333333333458e-01
4.819333333333333247e-01
4.861333333333333062e-01
4.850666666666666460e-01
4.833333333333333370e-01
4.882000000000000228e-01
4.870666666666666478e-01
4.865999999999999770e-01
4.841333333333333599e-01
4.818000000000000060e-01
4.842666666666666786e-01
4.885999999999999788e-01
4.859999999999999876e-01
4.887333333333333529e-01
4.877333333333333520e-01
4.861333333333333062e-01
4.856666666666666909e-01
4.869333333333333291e-01
4.865333333333333177e-01
4.847333333333333494e-01
4.904000000000000026e-01
4.866666666666666918e-01
4.885333333333333194e-01
4.902000000000000246e-01
4.858666666666666689e-01
4.862666666666666804e-01
4.881333333333333080e-01
4.917333333333333556e-01
4.904666666666666619e-01
4.878666666666666707e-01
4.864666666666666583e-01
4.884666666666666601e-01
4.892666666666666830e-01
4.878000000000000114e-01
4.888000000000000123e-01
4.923333333333333450e-01
4.894666666666666610e-01
4.869333333333333291e-01
4.931333333333333124e-01
4.881333333333333080e-01
4.907333333333333547e-01
4.873333333333333406e-01
4.912000000000000255e-01
4.914666666666666628e-01
4.925999999999999823e-01
4.929333333333333345e-01
4.883333333333333415e-01
4.895999999999999797e-01
4.902000000000000246e-01
4.904000000000000026e-01
4.887333333333333529e-01
4.922666666666666857e-01
4.963333333333333486e-01
4.940666666666666540e-01
4.935999999999999832e-01
4.933333333333333459e-01
4.952666666666666884e-01
4.948666666666666769e-01
4.932666666666666866e-01
4.918666666666666742e-01
4.933333333333333459e-01
4.942666666666666875e-01
4.945333333333333248e-01
4.937333333333333574e-01
4.925333333333333230e-01
4.914666666666666628e-01
4.898666666666666725e-01
4.954000000000000070e-01
4.919333333333333336e-01
4.949333333333333362e-01
4.924666666666666637e-01
4.954000000000000070e-01
4.974000000000000088e-01
4.952666666666666884e-01
4.951999999999999735e-01
4.955333333333333257e-01
4.949333333333333362e-01
4.966666666666666452e-01
4.944666666666666655e-01
4.961999999999999744e-01
4.988000000000000211e-01
4.979333333333333389e-01
4.988666666666666805e-01
4.994000000000000106e-01
4.992666666666666919e-01
4.984666666666666690e-01
4.984000000000000097e-01
4.932666666666666866e-01
4.979333333333333389e-01
4.957333333333333591e-01
4.969999999999999973e-01
4.947333333333333583e-01
4.990666666666666584e-01
4.960666666666666558e-01
4.964666666666666672e-01
4.999333333333333407e-01
4.961999999999999744e-01
4.984666666666666690e-01
4.988666666666666805e-01
4.998000000000000220e-01
4.949333333333333362e-01
5.019333333333333425e-01
5.000000000000000000e-01
4.987333333333333063e-01
5.011333333333333195e-01
4.993333333333333512e-01
4.991333333333333178e-01
4.984666666666666690e-01
5.005333333333333856e-01
5.018666666666666831e-01
5.004666666666666153e-01
4.990666666666666584e-01
4.946666666666666434e-01
5.008666666666666822e-01
4.978000000000000203e-01
4.974666666666666681e-01
5.041333333333333222e-01
5.006000000000000449e-01
4.985999999999999877e-01
4.996666666666666479e-01
5.026666666666667060e-01
4.982666666666666910e-01
5.012666666666666382e-01
5.066666666666667096e-01
5.020666666666666611e-01
5.025333333333333874e-01
5.044666666666666188e-01
5.024666666666666170e-01
5.043999999999999595e-01
5.015333333333333865e-01
5.023999999999999577e-01
5.027333333333333654e-01
5.012666666666666382e-01
5.025333333333333874e-01
5.056000000000000494e-01
5.007333333333333636e-01
5.047333333333333671e-01
5.039333333333333442e-01
5.014666666666666162e-01
5.014666666666666162e-01
5.035333333333333883e-01
5.080666666666666664e-01
5.023999999999999577e-01
5.041999999999999815e-01
5.051333333333333231e-01
5.010666666666666602e-01
5.058666666666666867e-01
5.056666666666667087e-01
5.027333333333333654e-01
5.033999999999999586e-01
5.043333333333333002e-01
5.006000000000000449e-01
5.062666666666666426e-01
5.066000000000000503e-01
5.016000000000000458e-01
5.011999999999999789e-01
5.039333333333333442e-01
5.084666666666666224e-01
5.071333333333333249e-01
5.068000000000000282e-01
5.079333333333333478e-01
5.054666666666666197e-01
5.062666666666666426e-01
5.043999999999999595e-01
5.057333333333333680e-01
5.000000000000000000e-01
5.064666666666666206e-01
5.097333333333333716e-01
5.041999999999999815e-01
5.035333333333333883e-01
5.066666666666667096e-01
5.098000000000000309e-01
5.053999999999999604e-01
5.070666666666666655e-01
5.061333333333333240e-01
5.095333333333332826e-01
5.088666666666666893e-01
5.081999999999999851e-01
5.077333333333333698e-01
5.077333333333333698e-01
5.109333333333333504e-01
5.025333333333333874e-01
5.093999999999999639e-01
5.060666666666666647e-01
5.036666666666667069e-01
5.099333333333333496e-01
5.079333333333333478e-01
5.053333333333333011e-01
5.078666666666666885e-01
5.071333333333333249e-01
5.121333333333333293e-01
5.080000000000000071e-01
5.104666666666666242e-01
5.110666666666666691e-01
5.133999999999999675e-01
5.114666666666666250e-01
5.111999999999999877e-01
5.084666666666666224e-01
5.101999999999999869e-01
5.113999999999999657e-01
5.091999999999999860e-01
5.125999999999999446e-01
5.106666666666667131e-01
5.086666666666667114e-01
5.096000000000000529e-01
5.121333333333333293e-01
5.083333333333333037e-01
5.079333333333333478e-01
5.095333333333332826e-01
5.092666666666666453e-01
5.105333333333332835e-01
5.154666666666666286e-01
5.090666666666666673e-01
5.094666666666666233e-01
5.133999999999999675e-01
5.093333333333333046e-01
5.108000000000000318e-01
5.085333333333332817e-01
5.106666666666667131e-01
5.117333333333333734e-01
5.127333333333333742e-01
5.130000000000000115e-01
5.105333333333332835e-01
5.120000000000000107e-01
5.120666666666666700e-01
5.107333333333333725e-01
5.132666666666666488e-01
5.116666666666667140e-01
5.137333333333333751e-01
5.125999999999999446e-01
5.134666666666666268e-01
5.116000000000000547e-01
5.163999999999999702e-01
5.119333333333333513e-01
5.140666666666666718e-01
5.133999999999999675e-01
5.131333333333333302e-01
5.144666666666666277e-01
5.161999999999999922e-01
5.141999999999999904e-01
5.116000000000000547e-01
5.118666666666666920e-01
5.153333333333333099e-01
5.171333333333333337e-01
5.143333333333333091e-01
5.130666666666666709e-01
5.153333333333333099e-01
5.161333333333333329e-01
5.114666666666666250e-01
5.144666666666666277e-01
5.141333333333333311e-01
5.167333333333333778e-01
5.167333333333333778e-01
5.190000000000000169e-01
5.153999999999999693e-01
5.160000000000000142e-01
5.177333333333333787e-01
5.150666666666666726e-01
5.152666666666666506e-01
5.165333333333332888e-01
5.140666666666666718e-01
5.147333333333333760e-01
5.152666666666666506e-01
5.155999999999999472e-01
5.166666666666667185e-01
5.168000000000000371e-01
5.165333333333332888e-01
5.161333333333333329e-01
5.193333333333333135e-01
5.221999999999999975e-01
5.148666666666666947e-01
5.155999999999999472e-01
5.148666666666666947e-01
5.176666666666667194e-01
5.173333333333333117e-01
5.170666666666666744e-01
5.173999999999999710e-01
5.181333333333333346e-01
5.173999999999999710e-01
5.178666666666666973e-01
5.213999999999999746e-01
5.172666666666666524e-01
5.180666666666666753e-01
5.171999999999999931e-01
5.172666666666666524e-01
5.163999999999999702e-01
5.163999999999999702e-01
5.177333333333333787e-01
5.141333333333333311e-01
5.179333333333333567e-01
5.117333333333333734e-01
5.194666666666666321e-01
5.190000000000000169e-01
5.151333333333333320e-01
5.200666666666666771e-01
5.191999999999999948e-01
5.179333333333333567e-01
5.244666666666666366e-01
5.231333333333333391e-01
5.205999999999999517e-01
5.180666666666666753e-01
5.200000000000000178e-01
5.181333333333333346e-01
5.196666666666667211e-01
5.199333333333333584e-01
5.171333333333333337e-01
5.211333333333333373e-01
5.213333333333333153e-01
5.215999999999999526e-01
5.178000000000000380e-01
5.194666666666666321e-01
5.208666666666667000e-01
5.233999999999999764e-01
5.211999999999999966e-01
5.219333333333333602e-01
5.200666666666666771e-01
5.200666666666666771e-01
5.225999999999999535e-01
5.184666666666666313e-01
5.198000000000000398e-01
5.209333333333333593e-01
5.225333333333332941e-01
5.223999999999999755e-01
5.203999999999999737e-01
5.195333333333332915e-01
5.213999999999999746e-01
5.215999999999999526e-01
5.227333333333333831e-01
5.210000000000000187e-01
5.174666666666666304e-01
5.195333333333332915e-01
5.220666666666666789e-01
5.210000000000000187e-01
5.234666666666666357e-01
5.253999999999999782e-01
5.204666666666666330e-01
5.231999999999999984e-01
5.225333333333332941e-01
5.241333333333333400e-01
5.239333333333333620e-01
5.210000000000000187e-01
5.263999999999999790e-01
5.243999999999999773e-01
5.227333333333333831e-01
5.235333333333332950e-01
5.235999999999999543e-01
5.223999999999999755e-01
5.240666666666666806e-01
5.236666666666666137e-01
5.238666666666667027e-01
5.218666666666667009e-01
5.209333333333333593e-01
5.233999999999999764e-01
5.235999999999999543e-01
5.252000000000000002e-01
5.267333333333333867e-01
5.268666666666667053e-01
5.279333333333333655e-01
5.241999999999999993e-01
5.245333333333332959e-01
5.247333333333333849e-01
5.225333333333332941e-01
5.238666666666667027e-01
5.223999999999999755e-01
5.205333333333332924e-01
5.238000000000000433e-01
5.256666666666666154e-01
5.233333333333333171e-01
5.290000000000000258e-01
5.288000000000000478e-01
5.260666666666666824e-01
5.271333333333333426e-01
5.271333333333333426e-01
5.256666666666666154e-01
5.243999999999999773e-01
5.215333333333332932e-01
5.267333333333333867e-01
5.278000000000000469e-01
5.278000000000000469e-01
5.265999999999999570e-01
5.263333333333333197e-01
5.228666666666667018e-01
5.253333333333333188e-01
5.280666666666666842e-01
5.262000000000000011e-01
5.239333333333333620e-01
5.258000000000000451e-01
5.298000000000000487e-01
5.286666666666666181e-01
5.248000000000000442e-01
5.262666666666666604e-01
5.277333333333333876e-01
5.282000000000000028e-01
5.295999999999999597e-01
5.193999999999999728e-01
5.324666666666666437e-01
5.286666666666666181e-01
5.285999999999999588e-01
5.284666666666666401e-01
5.273999999999999799e-01
5.282000000000000028e-01
5.310666666666666869e-01
5.299333333333333673e-01
5.265333333333332977e-01
5.283333333333333215e-01
5.318000000000000504e-01
5.272666666666666613e-01
5.253999999999999782e-01
5.306666666666666199e-01
5.265999999999999570e-01
5.261333333333333417e-01
5.302000000000000046e-01
5.309333333333333682e-01
5.257333333333333858e-01
5.295333333333333004e-01
5.347333333333332828e-01
5.293333333333333224e-01
5.298666666666667080e-01
5.235999999999999543e-01
5.306666666666666199e-01
5.300666666666666860e-01
5.278000000000000469e-01
5.323333333333333250e-01
5.290000000000000258e-01
5.300000000000000266e-01
5.291333333333333444e-01
5.294666666666666410e-01
5.284666666666666401e-01
5.300000000000000266e-01
5.305999999999999606e-01
5.327333333333332810e-01
5.328666666666667107e-01
5.300666666666666860e-01
5.310000000000000275e-01
5.298666666666667080e-01
5.297333333333332783e-01
5.293333333333333224e-01
5.292000000000000037e-01
5.293333333333333224e-01
5.314666666666666428e-01
5.324666666666666437e-01
5.322666666666666657e-01
5.326666666666666217e-01
5.285999999999999588e-01
5.304666666666666419e-01
5.310000000000000275e-01
5.321333333333333471e-01
5.328666666666667107e-01
5.255333333333332968e-01
5.308666666666667089e-01
5.328666666666667107e-01
5.302000000000000046e-01
5.323999999999999844e-01
5.330666666666666886e-01
5.306666666666666199e-01
5.326666666666666217e-01
5.298000000000000487e-01
5.352000000000000091e-01
5.310666666666666869e-01
5.313999999999999835e-01
5.346666666666666234e-01
5.315333333333333021e-01
5.311333333333333462e-01
5.295999999999999597e-01
5.289333333333333664e-01
5.301333333333333453e-01
5.302666666666666639e-01
5.326666666666666217e-01
5.322000000000000064e-01
5.382666666666666710e-01
5.327333333333332810e-01
5.321333333333333471e-01
5.300000000000000266e-01
5.300666666666666860e-01
5.337333333333332819e-01
5.317333333333332801e-01
5.332000000000000073e-01
5.347333333333332828e-01
5.343999999999999861e-01
5.326666666666666217e-01
5.307333333333332792e-01
5.341333333333333488e-01
5.334666666666666446e-01
5.301333333333333453e-01
5.315999999999999615e-01
5.350666666666666904e-01
5.344666666666666455e-01
5.332000000000000073e-01
5.347333333333332828e-01
5.355333333333333057e-01
5.320000000000000284e-01
5.331333333333333480e-01
5.350666666666666904e-01
5.372000000000000108e-01
5.340666666666666895e-01
5.346666666666666234e-01
5.328666666666667107e-01
5.346666666666666234e-01
5.347333333333332828e-01
5.348666666666667124e-01
5.363999999999999879e-01
5.357333333333332837e-01
5.331333333333333480e-01
5.388666666666667160e-01
5.345999999999999641e-01
5.321333333333333471e-01
5.365333333333333066e-01
5.370666666666666922e-01
5.350666666666666904e-01
5.355333333333333057e-01
5.354666666666666464e-01
5.392666666666666719e-01
5.337333333333332819e-01
5.349333333333333718e-01
5.356666666666666243e-01
5.346666666666666234e-01
5.392000000000000126e-01
5.328000000000000513e-01
5.350666666666666904e-01
5.396666666666666279e-01
5.366666666666666252e-01
5.352666666666666684e-01
5.372000000000000108e-01
5.368666666666667142e-01
5.366666666666666252e-01
5.337333333333332819e-01
5.402666666666666728e-01
5.370000000000000329e-01
5.370666666666666922e-01
5.402000000000000135e-01
5.407999999999999474e-01
5.348666666666667124e-01
5.330000000000000293e-01
5.350000000000000311e-01
5.385999999999999677e-01
5.370000000000000329e-01
5.400666666666666949e-01
5.410000000000000364e-01
5.397333333333332872e-01
5.390666666666666940e-01
5.353999999999999870e-01
5.373333333333333295e-01
5.353333333333333277e-01
5.370000000000000329e-01
5.377999999999999448e-01
5.373333333333333295e-01
