3.352666666666666573e-01
3.349333333333333607e-01
3.413999999999999813e-01
3.416000000000000147e-01
3.453333333333333255e-01
3.475333333333333607e-01
3.455333333333333590e-01
3.500666666666666926e-01
3.544666666666666521e-01
3.534666666666666512e-01
3.554666666666666530e-01
3.613333333333333397e-01
3.639999999999999902e-01
3.605999999999999761e-01
3.642000000000000237e-01
3.611333333333333062e-01
3.659333333333333327e-01
3.709333333333333371e-01
3.715333333333333266e-01
3.688666666666666760e-01
3.729333333333333389e-01
3.729999999999999982e-01
3.786666666666666514e-01
3.768000000000000238e-01
3.776666666666666505e-01
3.798000000000000265e-01
3.799333333333333451e-01
3.807333333333333125e-01
3.850666666666666682e-01
3.855999999999999983e-01
3.854666666666666797e-01
3.876666666666666594e-01
3.874000000000000221e-01
3.879333333333333522e-01
3.940000000000000169e-01
3.942666666666666542e-01
3.979333333333333056e-01
3.962666666666666559e-01
3.937333333333333241e-01
3.927999999999999825e-01
3.963999999999999746e-01
3.936000000000000054e-01
3.983333333333333171e-01
3.999333333333333074e-01
4.007333333333333303e-01
4.027999999999999914e-01
4.029333333333333100e-01
4.032000000000000028e-01
4.057999999999999940e-01
4.059333333333333127e-01
4.046666666666666745e-01
4.057999999999999940e-01
4.043999999999999817e-01
4.086000000000000187e-01
4.075333333333333585e-01
4.088666666666666560e-01
4.063999999999999835e-01
4.136000000000000232e-01
4.116666666666666807e-01
4.103999999999999870e-01
4.146666666666666834e-01
4.155333333333333101e-01
4.143999999999999906e-01
4.136000000000000232e-01
4.166000000000000258e-01
4.173333333333333339e-01
4.201333333333333586e-01
4.153999999999999915e-01
4.173333333333333339e-01
4.174666666666666526e-01
4.192000000000000171e-01
4.211333333333333595e-01
4.176666666666666861e-01
4.197333333333333472e-01
4.192000000000000171e-01
4.163333333333333330e-01
4.219999999999999862e-01
4.205333333333333146e-01
4.174666666666666526e-01
4.188666666666666649e-01
4.216666666666666896e-01
4.219999999999999862e-01
4.213333333333333375e-01
4.233999999999999986e-01
4.276666666666666394e-01
4.247333333333333516e-01
4.260666666666666491e-01
4.254000000000000004e-01
4.295333333333333226e-01
4.264666666666666606e-01
4.196666666666666878e-01
4.288000000000000145e-01
4.292000000000000259e-01
4.282000000000000250e-01
4.334000000000000075e-01
4.274666666666666615e-01
4.297333333333333560e-01
4.338666666666666782e-01
4.310666666666666536e-01
4.334666666666666668e-01
4.330666666666666553e-01
4.331333333333333147e-01
4.359333333333333393e-01
4.319999999999999951e-01
4.362666666666666915e-01
4.329333333333333367e-01
4.369333333333333402e-01
4.385333333333333306e-01
4.331333333333333147e-01
4.352666666666666906e-01
4.364666666666666694e-01
4.396666666666666501e-01
4.378000000000000225e-01
4.400000000000000022e-01
4.366666666666666474e-01
4.430000000000000049e-01
4.378666666666666818e-01
4.398000000000000242e-01
4.427333333333333121e-01
4.402666666666666395e-01
4.419333333333333447e-01
4.408666666666666845e-01
4.423333333333333561e-01
4.402666666666666395e-01
4.433333333333333570e-01
4.391333333333333200e-01
4.415999999999999925e-01
4.430666666666666642e-01
4.443333333333333579e-01
4.443333333333333579e-01
4.401999999999999802e-01
4.444666666666666766e-01
4.425999999999999934e-01
4.444000000000000172e-01
4.441999999999999837e-01
4.451999999999999846e-01
4.467999999999999750e-01
4.432666666666666422e-01
4.484000000000000208e-01
4.464666666666666783e-01
4.487333333333333174e-01
4.446666666666666545e-01
4.449333333333333473e-01
4.499333333333333518e-01
4.514666666666666828e-01
4.469333333333333491e-01
4.515333333333333421e-01
4.481333333333333280e-01
4.475333333333333385e-01
4.529333333333333544e-01
4.447333333333333139e-01
4.465333333333333377e-01
4.540000000000000147e-01
4.523333333333333095e-01
4.509333333333333527e-01
4.551999999999999935e-01
4.530666666666666731e-01
4.557333333333333236e-01
4.527999999999999803e-01
4.518666666666666942e-01
4.546000000000000041e-01
4.500000000000000111e-01
4.487999999999999767e-01
4.561999999999999944e-01
4.526000000000000023e-01
4.523333333333333095e-01
4.494666666666666810e-01
4.531333333333333324e-01
4.532666666666666511e-01
4.567333333333333245e-01
4.583999999999999742e-01
4.566000000000000059e-01
4.591333333333333377e-01
4.573999999999999733e-01
4.581333333333333369e-01
4.576000000000000068e-01
4.590666666666666784e-01
4.581999999999999962e-01
4.554666666666666863e-01
4.580000000000000182e-01
4.577999999999999847e-01
4.576000000000000068e-01
4.558666666666666423e-01
4.613999999999999768e-01
4.576000000000000068e-01
4.591333333333333377e-01
4.623333333333333184e-01
4.582666666666666555e-01
4.607333333333333281e-01
4.632666666666666599e-01
4.622666666666666591e-01
4.640000000000000235e-01
4.603333333333333166e-01
4.587333333333333263e-01
4.618666666666666476e-01
4.651333333333333431e-01
4.625333333333333519e-01
4.669333333333333114e-01
4.653999999999999804e-01
4.607999999999999874e-01
4.613333333333333175e-01
4.643999999999999795e-01
4.639333333333333087e-01
4.596666666666666679e-01
4.670666666666666855e-01
4.633999999999999786e-01
4.660000000000000253e-01
4.655333333333333545e-01
4.643333333333333202e-01
4.628666666666666485e-01
4.658666666666666512e-01
4.678666666666666529e-01
4.654666666666666397e-01
4.654666666666666397e-01
4.667999999999999927e-01
4.663333333333333219e-01
4.679333333333333123e-01
4.652666666666666617e-01
4.663333333333333219e-01
4.694666666666666432e-01
4.683999999999999830e-01
4.662666666666666626e-01
4.717333333333333378e-01
4.675333333333333563e-01
4.692000000000000060e-01
4.679333333333333123e-01
4.676666666666666750e-01
4.702666666666666662e-01
4.694666666666666432e-01
4.721333333333333493e-01
4.682666666666666644e-01
4.677999999999999936e-01
4.695333333333333581e-01
4.696000000000000174e-01
4.692666666666666653e-01
4.710666666666666891e-01
4.757333333333333414e-01
4.741333333333333511e-01
4.719333333333333158e-01
4.743333333333333290e-01
4.740666666666666917e-01
4.740666666666666917e-01
4.727999999999999980e-01
4.742000000000000104e-01
4.754666666666666486e-01
4.729333333333333167e-01
4.725333333333333607e-01
4.756666666666666821e-01
4.737333333333333396e-01
4.708666666666666556e-01
4.706666666666666776e-01
4.752000000000000113e-01
4.743999999999999884e-01
4.741333333333333511e-01
4.750666666666666926e-01
4.759999999999999787e-01
4.777333333333333432e-01
4.746000000000000218e-01
4.754666666666666486e-01
4.763999999999999901e-01
4.749999999999999778e-01
4.769999999999999796e-01
4.772666666666666724e-01
4.777333333333333432e-01
4.791333333333333555e-01
4.773999999999999910e-01
4.780666666666666398e-01
4.783333333333333326e-01
4.802666666666666750e-01
4.782000000000000139e-01
4.789999999999999813e-01
4.733999999999999875e-01
4.800666666666666416e-01
4.753333333333333299e-01
4.777333333333333432e-01
4.769999999999999796e-01
4.793999999999999928e-01
4.769999999999999796e-01
4.773999999999999910e-01
4.830666666666666442e-01
4.779333333333333211e-01
4.789999999999999813e-01
4.802000000000000157e-01
4.813999999999999946e-01
4.769333333333333202e-01
4.838666666666666671e-01
4.800666666666666416e-01
4.809333333333333238e-01
4.838000000000000078e-01
4.810666666666666424e-01
4.802666666666666750e-01
4.786666666666666847e-01
4.818000000000000060e-01
4.833333333333333370e-01
4.818666666666666654e-01
4.815999999999999726e-01
4.779999999999999805e-01
4.841333333333333599e-01
4.815333333333333132e-01
4.781333333333333546e-01
4.875333333333333186e-01
4.822000000000000175e-01
4.812000000000000166e-01
4.828666666666666663e-01
4.852666666666666795e-01
4.802666666666666750e-01
4.829999999999999849e-01
4.882000000000000228e-01
4.856666666666666909e-01
4.829333333333333256e-01
4.886666666666666936e-01
4.858000000000000096e-01
4.859999999999999876e-01
4.855333333333333168e-01
4.849333333333333274e-01
4.855333333333333168e-01
4.853999999999999981e-01
4.848666666666666680e-01
4.873999999999999999e-01
4.824666666666666548e-01
4.871333333333333071e-01
4.855999999999999761e-01
4.845333333333333159e-01
4.852666666666666795e-01
4.852000000000000202e-01
4.895999999999999797e-01
4.863333333333333397e-01
4.872000000000000219e-01
4.872666666666666813e-01
4.845333333333333159e-01
4.898000000000000131e-01
4.904000000000000026e-01
4.849333333333333274e-01
4.874666666666666592e-01
4.883333333333333415e-01
4.852000000000000202e-01
4.904666666666666619e-01
4.909999999999999920e-01
4.868666666666666698e-01
4.861333333333333062e-01
4.866666666666666918e-01
4.915999999999999814e-01
4.910666666666666513e-01
4.918000000000000149e-01
4.920666666666666522e-01
4.902666666666666839e-01
4.890666666666666496e-01
4.889999999999999902e-01
4.899999999999999911e-01
4.849999999999999867e-01
4.899333333333333318e-01
4.931333333333333124e-01
4.899333333333333318e-01
4.892666666666666830e-01
4.907333333333333547e-01
4.932666666666666866e-01
4.910666666666666513e-01
4.912666666666666848e-01
4.905999999999999805e-01
4.942666666666666875e-01
4.928666666666666751e-01
4.933333333333333459e-01
4.917333333333333556e-01
4.926666666666666416e-01
4.975333333333333274e-01
4.876666666666666927e-01
4.934666666666666646e-01
4.883333333333333415e-01
4.876666666666666927e-01
4.957333333333333591e-01
4.930666666666666531e-01
4.898000000000000131e-01
4.930666666666666531e-01
4.925333333333333230e-01
4.991333333333333178e-01
4.936666666666666425e-01
4.951333333333333142e-01
4.964000000000000079e-01
5.000000000000000000e-01
4.972666666666666901e-01
4.968000000000000194e-01
4.928666666666666751e-01
4.961999999999999744e-01
4.974666666666666681e-01
4.964000000000000079e-01
4.964000000000000079e-01
4.948000000000000176e-01
4.950666666666666549e-01
4.930666666666666531e-01
4.981333333333333169e-01
4.943333333333333468e-01
4.929333333333333345e-01
4.942666666666666875e-01
4.938000000000000167e-01
4.973333333333333495e-01
5.003999999999999559e-01
4.958666666666666778e-01
4.947333333333333583e-01
4.972666666666666901e-01
4.945333333333333248e-01
4.948666666666666769e-01
4.936666666666666425e-01
4.969999999999999973e-01
4.969333333333333380e-01
4.991333333333333178e-01
4.984666666666666690e-01
4.974000000000000088e-01
4.989999999999999991e-01
4.982666666666666910e-01
4.971999999999999753e-01
4.984000000000000097e-01
5.003999999999999559e-01
5.011999999999999789e-01
4.988000000000000211e-01
5.001999999999999780e-01
4.993333333333333512e-01
5.019333333333333425e-01
4.988666666666666805e-01
5.003999999999999559e-01
5.000000000000000000e-01
4.988000000000000211e-01
4.997333333333333072e-01
5.039333333333333442e-01
4.998666666666666814e-01
4.990666666666666584e-01
4.998666666666666814e-01
5.012666666666666382e-01
5.031333333333333213e-01
5.026000000000000467e-01
5.000666666666666593e-01
5.035333333333333883e-01
5.036666666666667069e-01
4.990666666666666584e-01
4.991999999999999771e-01
5.004666666666666153e-01
5.031333333333333213e-01
5.033333333333332993e-01
5.052666666666666417e-01
5.029333333333333433e-01
5.023333333333332984e-01
5.042666666666666409e-01
5.011333333333333195e-01
5.036000000000000476e-01
5.041999999999999815e-01
5.018666666666666831e-01
5.033999999999999586e-01
5.021999999999999797e-01
5.018000000000000238e-01
5.041999999999999815e-01
5.034666666666666179e-01
5.048666666666666858e-01
5.026666666666667060e-01
5.053999999999999604e-01
5.110000000000000098e-01
5.030666666666666620e-01
5.037333333333333663e-01
5.029333333333333433e-01
5.023999999999999577e-01
5.041999999999999815e-01
5.053333333333333011e-01
5.030000000000000027e-01
5.048666666666666858e-01
5.044666666666666188e-01
5.044666666666666188e-01
5.077333333333333698e-01
5.028000000000000247e-01
5.043999999999999595e-01
5.041333333333333222e-01
5.033333333333332993e-01
5.039333333333333442e-01
5.029333333333333433e-01
5.039333333333333442e-01
5.021333333333333204e-01
5.050666666666666638e-01
5.000666666666666593e-01
5.085333333333332817e-01
5.066666666666667096e-01
5.030000000000000027e-01
5.073333333333333028e-01
5.073333333333333028e-01
5.064666666666666206e-01
5.121333333333333293e-01
5.103999999999999648e-01
5.068000000000000282e-01
5.060000000000000053e-01
5.110000000000000098e-01
5.048000000000000265e-01
5.079333333333333478e-01
5.078666666666666885e-01
5.051333333333333231e-01
5.088666666666666893e-01
5.073999999999999622e-01
5.082666666666666444e-01
5.078000000000000291e-01
5.077333333333333698e-01
5.088666666666666893e-01
5.106000000000000538e-01
5.089333333333333487e-01
5.108000000000000318e-01
5.080666666666666664e-01
5.065333333333332799e-01
5.103333333333333055e-01
5.066000000000000503e-01
5.076000000000000512e-01
5.078666666666666885e-01
5.086666666666667114e-01
5.083999999999999631e-01
5.081999999999999851e-01
5.088000000000000300e-01
5.073333333333333028e-01
5.091999999999999860e-01
5.097333333333333716e-01
5.101999999999999869e-01
5.055333333333332790e-01
5.088000000000000300e-01
5.087333333333333707e-01
5.093999999999999639e-01
5.114666666666666250e-01
5.116666666666667140e-01
5.088000000000000300e-01
5.118666666666666920e-01
5.080666666666666664e-01
5.116000000000000547e-01
5.100000000000000089e-01
5.092666666666666453e-01
5.138666666666666938e-01
5.119333333333333513e-01
5.101999999999999869e-01
5.102666666666666462e-01
5.123999999999999666e-01
5.098666666666666902e-01
5.123333333333333073e-01
5.121333333333333293e-01
5.121333333333333293e-01
5.105333333333332835e-01
5.096666666666667123e-01
5.112666666666666471e-01
5.120000000000000107e-01
5.143333333333333091e-01
5.147333333333333760e-01
5.163333333333333108e-01
5.166666666666667185e-01
5.123999999999999666e-01
5.124666666666666259e-01
5.130000000000000115e-01
5.100000000000000089e-01
5.128000000000000336e-01
5.090666666666666673e-01
5.091333333333333266e-01
5.116666666666667140e-01
5.139333333333333531e-01
5.111333333333333284e-01
5.162666666666666515e-01
5.161333333333333329e-01
5.142666666666666497e-01
5.152666666666666506e-01
5.145333333333332870e-01
5.146666666666667167e-01
5.129333333333333522e-01
5.096000000000000529e-01
5.143999999999999684e-01
5.160000000000000142e-01
5.161333333333333329e-01
5.138666666666666938e-01
5.138000000000000345e-01
5.110666666666666691e-01
5.139333333333333531e-01
5.163999999999999702e-01
5.149333333333333540e-01
5.118666666666666920e-01
5.143333333333333091e-01
5.186666666666667203e-01
5.160000000000000142e-01
5.133333333333333082e-01
5.150666666666666726e-01
5.160000000000000142e-01
5.173333333333333117e-01
5.165333333333332888e-01
5.089333333333333487e-01
5.216666666666666119e-01
5.175999999999999490e-01
5.163999999999999702e-01
5.173333333333333117e-01
5.131999999999999895e-01
5.183999999999999719e-01
5.192666666666666542e-01
5.180666666666666753e-01
5.148666666666666947e-01
5.172666666666666524e-01
5.198666666666666991e-01
5.158666666666666956e-01
5.151333333333333320e-01
5.198666666666666991e-01
5.151999999999999913e-01
5.150666666666666726e-01
5.206666666666667220e-01
5.180000000000000160e-01
5.145999999999999464e-01
5.175999999999999490e-01
5.221999999999999975e-01
5.182666666666666533e-01
5.190666666666666762e-01
5.122666666666666480e-01
5.185999999999999499e-01
5.184666666666666313e-01
5.165333333333332888e-01
5.205999999999999517e-01
5.185333333333332906e-01
5.195999999999999508e-01
5.171999999999999931e-01
5.181999999999999940e-01
5.155999999999999472e-01
5.180666666666666753e-01
5.185999999999999499e-01
5.205333333333332924e-01
5.218000000000000416e-01
5.197333333333333805e-01
5.191333333333333355e-01
5.183999999999999719e-01
5.173999999999999710e-01
5.166666666666667185e-01
5.170000000000000151e-01
5.153333333333333099e-01
5.196666666666667211e-01
5.218000000000000416e-01
5.209333333333333593e-01
5.203999999999999737e-01
5.163333333333333108e-01
5.190000000000000169e-01
5.200666666666666771e-01
5.190000000000000169e-01
5.210666666666666780e-01
5.147333333333333760e-01
5.192666666666666542e-01
5.203333333333333144e-01
5.193999999999999728e-01
5.198000000000000398e-01
5.210000000000000187e-01
5.194666666666666321e-01
5.203333333333333144e-01
5.162666666666666515e-01
5.231999999999999984e-01
5.203999999999999737e-01
5.191999999999999948e-01
5.208666666666667000e-01
5.183999999999999719e-01
5.190666666666666762e-01
5.173333333333333117e-01
5.184666666666666313e-01
5.178000000000000380e-01
5.183999999999999719e-01
5.200000000000000178e-01
5.220000000000000195e-01
5.267333333333333867e-01
5.203999999999999737e-01
5.193333333333333135e-01
5.188000000000000389e-01
5.185333333333332906e-01
5.238666666666667027e-01
5.200000000000000178e-01
5.214666666666666339e-01
5.243333333333333179e-01
5.226666666666666128e-01
5.213333333333333153e-01
5.196666666666667211e-01
5.230666666666666798e-01
5.218000000000000416e-01
5.194666666666666321e-01
5.216666666666666119e-01
5.230000000000000204e-01
5.219333333333333602e-01
5.215333333333332932e-01
5.225999999999999535e-01
5.246666666666666146e-01
5.204666666666666330e-01
5.216666666666666119e-01
5.235333333333332950e-01
5.245333333333332959e-01
5.230000000000000204e-01
5.221999999999999975e-01
5.214666666666666339e-01
5.233999999999999764e-01
5.253999999999999782e-01
5.229333333333333611e-01
5.253999999999999782e-01
5.238666666666667027e-01
5.218000000000000416e-01
5.268666666666667053e-01
5.238666666666667027e-01
5.205333333333332924e-01
5.263999999999999790e-01
5.263999999999999790e-01
5.240000000000000213e-01
5.225333333333332941e-01
5.242666666666666586e-01
5.280666666666666842e-01
5.223999999999999755e-01
5.245333333333332959e-01
5.253999999999999782e-01
5.244666666666666366e-01
5.275333333333332986e-01
5.218000000000000416e-01
5.248666666666667036e-01
5.287333333333333885e-01
5.259333333333333638e-01
5.243999999999999773e-01
5.260666666666666824e-01
5.261333333333333417e-01
5.250000000000000222e-01
5.232666666666666577e-01
5.272000000000000020e-01
5.258000000000000451e-01
5.260666666666666824e-01
5.288000000000000478e-01
5.285999999999999588e-01
5.225333333333332941e-01
5.223999999999999755e-01
5.243999999999999773e-01
5.266666666666666163e-01
5.268666666666667053e-01
5.285999999999999588e-01
5.313333333333333242e-01
5.293999999999999817e-01
5.275999999999999579e-01
5.230666666666666798e-01
5.275333333333332986e-01
5.248666666666667036e-01
5.278666666666667062e-01
5.264666666666666384e-01
5.264666666666666384e-01
