4.305333333333333234e-01
4.270666666666666500e-01
4.321333333333333138e-01
4.305333333333333234e-01
4.312666666666666870e-01
4.304000000000000048e-01
4.321333333333333138e-01
4.313333333333333464e-01
4.364000000000000101e-01
4.314666666666666650e-01
4.329999999999999960e-01
4.345999999999999863e-01
4.342666666666666897e-01
4.331999999999999740e-01
4.339999999999999969e-01
4.324666666666666659e-01
4.343333333333333490e-01
4.370666666666666589e-01
4.356666666666666465e-01
4.349333333333333385e-01
4.371999999999999775e-01
4.340666666666666562e-01
4.373333333333333517e-01
4.371333333333333182e-01
4.355333333333333279e-01
4.383333333333333526e-01
4.362666666666666915e-01
4.375333333333333297e-01
4.387333333333333085e-01
4.395333333333333314e-01
4.402666666666666395e-01
4.381999999999999784e-01
4.404666666666666730e-01
4.378666666666666818e-01
4.431333333333333235e-01
4.431333333333333235e-01
4.451999999999999846e-01
4.429333333333333456e-01
4.398000000000000242e-01
4.404666666666666730e-01
4.419333333333333447e-01
4.389333333333333420e-01
4.449333333333333473e-01
4.438666666666666871e-01
4.452666666666666440e-01
4.450000000000000067e-01
4.467999999999999750e-01
4.458666666666666889e-01
4.450000000000000067e-01
4.447333333333333139e-01
4.460000000000000075e-01
4.451333333333333253e-01
4.453333333333333588e-01
4.467999999999999750e-01
4.471999999999999864e-01
4.458666666666666889e-01
4.428000000000000269e-01
4.492666666666666475e-01
4.498666666666666925e-01
4.490000000000000102e-01
4.480666666666666687e-01
4.506666666666666599e-01
4.496666666666666590e-01
4.488666666666666916e-01
4.511999999999999900e-01
4.497333333333333183e-01
4.537999999999999812e-01
4.482666666666666466e-01
4.507999999999999785e-01
4.501999999999999891e-01
4.511999999999999900e-01
4.521999999999999909e-01
4.475999999999999979e-01
4.523333333333333095e-01
4.514000000000000234e-01
4.451999999999999846e-01
4.531999999999999917e-01
4.520000000000000129e-01
4.473333333333333606e-01
4.515333333333333421e-01
4.540666666666666740e-01
4.517999999999999794e-01
4.531999999999999917e-01
4.534000000000000252e-01
4.573999999999999733e-01
4.537999999999999812e-01
4.550666666666666749e-01
4.540666666666666740e-01
4.575333333333333474e-01
4.581333333333333369e-01
4.504666666666666819e-01
4.580000000000000182e-01
4.545333333333333448e-01
4.557999999999999829e-01
4.597333333333333272e-01
4.563999999999999724e-01
4.554666666666666863e-01
4.590666666666666784e-01
4.560666666666666758e-01
4.597999999999999865e-01
4.577999999999999847e-01
4.581999999999999962e-01
4.611999999999999988e-01
4.554666666666666863e-01
4.600666666666666793e-01
4.583333333333333148e-01
4.605333333333333501e-01
4.627333333333333298e-01
4.581333333333333369e-01
4.611333333333333395e-01
4.610666666666666802e-01
4.614666666666666917e-01
4.615333333333333510e-01
4.632666666666666599e-01
4.606000000000000094e-01
4.653999999999999804e-01
4.616000000000000103e-01
4.632000000000000006e-01
4.649333333333333096e-01
4.637333333333333307e-01
4.655333333333333545e-01
4.660000000000000253e-01
4.679333333333333123e-01
4.623333333333333184e-01
4.667999999999999927e-01
4.641333333333333422e-01
4.642000000000000015e-01
4.648666666666666503e-01
4.682666666666666644e-01
4.663333333333333219e-01
4.640666666666666829e-01
4.662666666666666626e-01
4.667999999999999927e-01
4.676666666666666750e-01
4.672000000000000042e-01
4.657333333333333325e-01
4.664666666666666406e-01
4.652666666666666617e-01
4.702000000000000068e-01
4.660000000000000253e-01
4.687333333333333352e-01
4.639333333333333087e-01
4.649333333333333096e-01
4.719999999999999751e-01
4.723333333333333273e-01
4.685333333333333572e-01
4.711333333333333484e-01
4.677333333333333343e-01
4.666000000000000147e-01
4.722666666666666679e-01
4.662666666666666626e-01
4.683333333333333237e-01
4.729333333333333167e-01
4.736000000000000210e-01
4.721333333333333493e-01
4.733333333333333282e-01
4.746000000000000218e-01
4.744666666666666477e-01
4.709333333333333149e-01
4.715333333333333599e-01
4.738666666666666583e-01
4.693999999999999839e-01
4.697333333333333361e-01
4.747333333333333405e-01
4.713333333333333264e-01
4.724666666666666459e-01
4.686000000000000165e-01
4.740666666666666917e-01
4.717999999999999972e-01
4.746666666666666812e-01
4.763333333333333308e-01
4.749333333333333185e-01
4.759333333333333194e-01
4.759999999999999787e-01
4.751333333333333520e-01
4.762000000000000122e-01
4.769333333333333202e-01
4.749333333333333185e-01
4.749333333333333185e-01
4.741333333333333511e-01
4.759333333333333194e-01
4.758000000000000007e-01
4.749999999999999778e-01
4.769333333333333202e-01
4.733333333333333282e-01
4.752666666666666706e-01
4.781333333333333546e-01
4.762666666666666715e-01
4.756666666666666821e-01
4.811333333333333573e-01
4.799999999999999822e-01
4.796666666666666856e-01
4.767333333333333423e-01
4.748666666666666591e-01
4.782666666666666733e-01
4.808666666666666645e-01
4.792000000000000148e-01
4.820666666666666433e-01
4.812666666666666759e-01
4.782666666666666733e-01
4.787333333333333441e-01
4.798000000000000043e-01
4.793333333333333335e-01
4.764666666666666495e-01
4.829999999999999849e-01
4.790666666666666407e-01
4.818000000000000060e-01
4.823333333333333361e-01
4.781333333333333546e-01
4.794666666666666521e-01
4.804666666666666530e-01
4.862000000000000210e-01
4.824666666666666548e-01
4.812666666666666759e-01
4.812000000000000166e-01
4.820666666666666433e-01
4.829999999999999849e-01
4.801333333333333564e-01
4.825999999999999734e-01
4.850666666666666460e-01
4.829333333333333256e-01
4.809333333333333238e-01
4.873999999999999999e-01
4.829999999999999849e-01
4.835999999999999743e-01
4.814666666666666539e-01
4.839333333333333265e-01
4.853333333333333388e-01
4.868666666666666698e-01
4.872666666666666813e-01
4.822666666666666768e-01
4.820666666666666433e-01
4.848666666666666680e-01
4.834666666666666557e-01
4.838000000000000078e-01
4.857333333333333503e-01
4.902000000000000246e-01
4.881333333333333080e-01
4.869333333333333291e-01
4.878666666666666707e-01
4.892666666666666830e-01
4.890666666666666496e-01
4.865999999999999770e-01
4.865999999999999770e-01
4.872000000000000219e-01
4.875333333333333186e-01
4.889333333333333309e-01
4.881333333333333080e-01
4.879333333333333300e-01
4.852666666666666795e-01
4.845999999999999752e-01
4.892666666666666830e-01
4.868000000000000105e-01
4.892000000000000237e-01
4.865333333333333177e-01
4.894666666666666610e-01
4.924666666666666637e-01
4.902666666666666839e-01
4.891333333333333089e-01
4.892666666666666830e-01
4.904666666666666619e-01
4.914666666666666628e-01
4.899999999999999911e-01
4.909333333333333327e-01
4.928666666666666751e-01
4.919999999999999929e-01
4.922666666666666857e-01
4.945333333333333248e-01
4.939999999999999947e-01
4.925999999999999823e-01
4.927333333333333565e-01
4.877333333333333520e-01
4.934666666666666646e-01
4.887333333333333529e-01
4.911333333333333107e-01
4.884000000000000008e-01
4.936666666666666425e-01
4.902000000000000246e-01
4.914666666666666628e-01
4.954666666666666663e-01
4.905999999999999805e-01
4.929333333333333345e-01
4.934666666666666646e-01
4.939333333333333353e-01
4.905999999999999805e-01
4.960666666666666558e-01
4.947333333333333583e-01
4.939333333333333353e-01
4.965333333333333266e-01
4.939999999999999947e-01
4.939333333333333353e-01
4.921333333333333115e-01
4.951333333333333142e-01
4.965999999999999859e-01
4.950666666666666549e-01
4.943333333333333468e-01
4.895999999999999797e-01
4.971333333333333160e-01
4.934000000000000052e-01
4.924666666666666637e-01
4.997333333333333072e-01
4.949333333333333362e-01
4.942666666666666875e-01
4.951999999999999735e-01
4.979333333333333389e-01
4.925333333333333230e-01
4.965999999999999859e-01
5.016000000000000458e-01
4.975999999999999868e-01
4.967333333333333600e-01
4.997333333333333072e-01
4.981333333333333169e-01
4.985333333333333283e-01
4.967333333333333600e-01
4.964000000000000079e-01
4.969333333333333380e-01
4.967333333333333600e-01
4.968666666666666787e-01
5.008000000000000229e-01
4.959333333333333371e-01
4.994000000000000106e-01
4.978666666666666796e-01
4.974666666666666681e-01
4.974666666666666681e-01
4.981333333333333169e-01
5.032666666666666400e-01
4.978000000000000203e-01
4.981333333333333169e-01
5.003333333333332966e-01
4.964000000000000079e-01
5.009333333333333416e-01
5.018000000000000238e-01
4.974666666666666681e-01
4.987333333333333063e-01
5.007333333333333636e-01
4.963333333333333486e-01
5.020000000000000018e-01
5.014666666666666162e-01
4.977333333333333609e-01
4.980666666666666575e-01
4.982666666666666910e-01
5.045333333333332781e-01
5.023999999999999577e-01
5.023333333333332984e-01
5.034666666666666179e-01
5.006000000000000449e-01
5.006666666666667043e-01
4.988000000000000211e-01
5.026666666666667060e-01
4.954666666666666663e-01
5.016666666666667052e-01
5.048666666666666858e-01
5.004666666666666153e-01
5.000666666666666593e-01
5.027333333333333654e-01
5.054666666666666197e-01
5.022666666666666391e-01
5.019333333333333425e-01
5.016000000000000458e-01
5.048000000000000265e-01
5.043999999999999595e-01
5.035333333333333883e-01
5.026666666666667060e-01
5.028000000000000247e-01
5.073999999999999622e-01
4.982666666666666910e-01
5.043333333333333002e-01
5.011999999999999789e-01
4.995333333333333292e-01
5.061333333333333240e-01
5.033333333333332993e-01
5.010000000000000009e-01
5.031333333333333213e-01
5.026000000000000467e-01
5.079333333333333478e-01
5.030000000000000027e-01
5.060000000000000053e-01
5.061999999999999833e-01
5.093999999999999639e-01
5.076666666666667105e-01
5.066666666666667096e-01
5.041333333333333222e-01
5.066666666666667096e-01
5.066666666666667096e-01
5.042666666666666409e-01
5.079333333333333478e-01
5.061333333333333240e-01
5.043999999999999595e-01
5.046666666666667078e-01
5.080666666666666664e-01
5.041999999999999815e-01
5.040000000000000036e-01
5.055333333333332790e-01
5.050666666666666638e-01
5.077333333333333698e-01
5.108666666666666911e-01
5.051333333333333231e-01
5.051333333333333231e-01
5.090000000000000080e-01
5.051333333333333231e-01
5.061999999999999833e-01
5.042666666666666409e-01
5.058666666666666867e-01
5.078666666666666885e-01
5.088666666666666893e-01
5.086666666666667114e-01
5.071333333333333249e-01
5.093333333333333046e-01
5.076666666666667105e-01
5.068666666666666876e-01
5.102666666666666462e-01
5.089333333333333487e-01
5.108000000000000318e-01
5.073333333333333028e-01
5.098666666666666902e-01
5.076000000000000512e-01
5.118000000000000327e-01
5.078000000000000291e-01
5.103333333333333055e-01
5.094666666666666233e-01
5.083999999999999631e-01
5.101333333333333275e-01
5.127333333333333742e-01
5.102666666666666462e-01
5.078666666666666885e-01
5.094666666666666233e-01
5.106000000000000538e-01
5.131999999999999895e-01
5.111333333333333284e-01
5.092666666666666453e-01
5.121999999999999886e-01
5.127333333333333742e-01
5.083333333333333037e-01
5.100000000000000089e-01
5.113999999999999657e-01
5.130666666666666709e-01
5.126666666666667149e-01
5.155333333333332879e-01
5.118000000000000327e-01
5.117333333333333734e-01
5.140000000000000124e-01
5.101999999999999869e-01
5.112666666666666471e-01
5.142666666666666497e-01
5.116666666666667140e-01
5.123333333333333073e-01
5.118000000000000327e-01
5.113999999999999657e-01
5.125333333333332853e-01
5.131333333333333302e-01
5.132666666666666488e-01
5.116666666666667140e-01
5.156666666666667176e-01
5.183999999999999719e-01
5.124666666666666259e-01
5.116666666666667140e-01
5.108666666666666911e-01
5.141333333333333311e-01
5.130000000000000115e-01
5.137333333333333751e-01
5.143333333333333091e-01
5.143333333333333091e-01
5.133333333333333082e-01
5.141999999999999904e-01
5.175333333333332897e-01
5.133333333333333082e-01
5.137333333333333751e-01
5.133333333333333082e-01
5.128666666666666929e-01
5.126666666666667149e-01
5.120666666666666700e-01
5.131333333333333302e-01
5.106666666666667131e-01
5.145999999999999464e-01
5.083999999999999631e-01
5.161333333333333329e-01
5.151999999999999913e-01
5.112666666666666471e-01
5.160000000000000142e-01
5.156666666666667176e-01
5.148666666666666947e-01
5.205999999999999517e-01
5.187333333333333796e-01
5.163999999999999702e-01
5.151333333333333320e-01
5.165999999999999481e-01
5.135333333333332861e-01
5.165333333333332888e-01
5.158000000000000362e-01
5.125999999999999446e-01
5.171999999999999931e-01
5.170000000000000151e-01
5.173333333333333117e-01
5.137333333333333751e-01
5.159333333333333549e-01
5.165999999999999481e-01
5.191999999999999948e-01
5.172666666666666524e-01
5.180000000000000160e-01
5.161999999999999922e-01
5.161999999999999922e-01
5.187333333333333796e-01
5.145999999999999464e-01
5.168000000000000371e-01
5.176666666666667194e-01
5.173333333333333117e-01
5.178666666666666973e-01
5.161999999999999922e-01
5.154666666666666286e-01
5.168666666666666965e-01
5.178666666666666973e-01
5.195999999999999508e-01
5.169333333333333558e-01
5.150000000000000133e-01
5.160666666666666735e-01
5.185333333333332906e-01
5.175999999999999490e-01
5.203999999999999737e-01
5.220000000000000195e-01
5.175333333333332897e-01
5.195999999999999508e-01
5.192666666666666542e-01
5.205999999999999517e-01
5.198000000000000398e-01
5.183999999999999719e-01
5.233999999999999764e-01
5.209333333333333593e-01
5.187333333333333796e-01
5.193999999999999728e-01
5.210666666666666780e-01
5.183999999999999719e-01
5.203333333333333144e-01
5.195999999999999508e-01
5.204666666666666330e-01
5.185999999999999499e-01
5.175999999999999490e-01
5.200000000000000178e-01
5.199333333333333584e-01
5.213999999999999746e-01
5.226666666666666128e-01
5.239333333333333620e-01
5.248666666666667036e-01
5.208000000000000407e-01
5.211333333333333373e-01
5.218666666666667009e-01
5.183999999999999719e-01
5.210000000000000187e-01
5.187333333333333796e-01
5.168666666666666965e-01
5.205999999999999517e-01
5.222666666666666568e-01
5.191999999999999948e-01
5.250666666666666815e-01
5.250000000000000222e-01
5.226666666666666128e-01
5.239333333333333620e-01
5.243999999999999773e-01
5.225999999999999535e-01
5.211333333333333373e-01
5.181333333333333346e-01
5.230000000000000204e-01
5.245999999999999552e-01
5.238666666666667027e-01
5.230000000000000204e-01
5.225999999999999535e-01
5.201999999999999957e-01
5.223999999999999755e-01
5.243333333333333179e-01
5.234666666666666357e-01
5.214666666666666339e-01
5.230666666666666798e-01
5.270000000000000240e-01
5.262000000000000011e-01
5.213333333333333153e-01
5.230666666666666798e-01
5.245333333333332959e-01
5.249333333333333629e-01
5.250666666666666815e-01
5.170000000000000151e-01
5.293999999999999817e-01
5.255999999999999561e-01
5.250666666666666815e-01
5.255333333333332968e-01
5.225333333333332941e-01
5.252666666666666595e-01
5.273333333333333206e-01
5.258666666666667044e-01
5.221999999999999975e-01
5.242666666666666586e-01
5.271333333333333426e-01
5.231333333333333391e-01
5.231999999999999984e-01
5.280666666666666842e-01
5.228000000000000425e-01
5.233999999999999764e-01
5.273999999999999799e-01
5.271333333333333426e-01
5.220000000000000195e-01
5.259333333333333638e-01
5.303333333333333233e-01
5.271333333333333426e-01
5.274666666666666393e-01
5.208000000000000407e-01
5.278666666666667062e-01
5.260000000000000231e-01
5.250000000000000222e-01
5.292000000000000037e-01
5.263333333333333197e-01
5.265333333333332977e-01
5.262000000000000011e-01
5.266666666666666163e-01
5.256666666666666154e-01
5.259333333333333638e-01
5.266666666666666163e-01
5.300000000000000266e-01
5.300000000000000266e-01
5.270666666666666833e-01
5.275999999999999579e-01
5.259333333333333638e-01
5.261333333333333417e-01
5.254666666666666375e-01
5.260666666666666824e-01
5.252000000000000002e-01
5.280000000000000249e-01
5.292666666666666631e-01
5.285333333333332995e-01
5.290000000000000258e-01
5.255999999999999561e-01
5.277333333333333876e-01
5.283333333333333215e-01
5.291333333333333444e-01
5.290666666666666851e-01
5.220000000000000195e-01
5.272000000000000020e-01
5.290000000000000258e-01
5.273999999999999799e-01
5.289333333333333664e-01
5.301333333333333453e-01
5.279333333333333655e-01
5.293999999999999817e-01
5.265333333333332977e-01
5.325999999999999623e-01
5.286666666666666181e-01
5.283999999999999808e-01
5.315333333333333021e-01
5.285333333333332995e-01
5.285999999999999588e-01
5.259333333333333638e-01
5.261333333333333417e-01
5.273999999999999799e-01
5.269333333333333647e-01
5.292000000000000037e-01
5.299333333333333673e-01
5.354666666666666464e-01
5.295999999999999597e-01
5.283333333333333215e-01
5.270000000000000240e-01
5.274666666666666393e-01
5.325333333333333030e-01
5.297333333333332783e-01
5.302000000000000046e-01
5.326666666666666217e-01
5.314666666666666428e-01
5.305999999999999606e-01
5.280000000000000249e-01
5.313999999999999835e-01
5.303333333333333233e-01
5.279333333333333655e-01
5.292000000000000037e-01
5.317333333333332801e-01
5.322000000000000064e-01
5.301333333333333453e-01
5.321333333333333471e-01
5.333333333333333259e-01
5.294666666666666410e-01
5.301333333333333453e-01
5.322000000000000064e-01
5.340000000000000302e-01
5.313999999999999835e-01
5.313999999999999835e-01
5.305333333333333012e-01
5.316666666666666208e-01
5.323999999999999844e-01
5.325999999999999623e-01
5.343999999999999861e-01
5.334666666666666446e-01
5.300666666666666860e-01
5.362666666666666693e-01
5.322000000000000064e-01
5.297333333333332783e-01
5.347333333333332828e-01
5.350000000000000311e-01
5.326666666666666217e-01
5.327333333333332810e-01
5.334666666666666446e-01
5.362000000000000099e-01
5.302666666666666639e-01
5.321333333333333471e-01
5.328666666666667107e-01
5.312666666666666648e-01
5.353333333333333277e-01
5.295333333333333004e-01
5.322666666666666657e-01
5.367333333333332845e-01
5.343999999999999861e-01
5.333999999999999853e-01
5.345333333333333048e-01
5.347333333333332828e-01
5.332666666666666666e-01
5.315999999999999615e-01
5.370000000000000329e-01
5.347333333333332828e-01
5.345333333333333048e-01
5.363999999999999879e-01
5.371333333333333515e-01
5.315333333333333021e-01
5.308666666666667089e-01
5.327333333333332810e-01
5.359333333333333727e-01
5.346666666666666234e-01
5.372666666666666702e-01
5.385333333333333083e-01
5.378666666666667151e-01
5.353333333333333277e-01
5.316666666666666208e-01
5.354666666666666464e-01
5.322000000000000064e-01
5.345333333333333048e-01
5.342666666666666675e-01
5.343999999999999861e-01
