3.415333333333333554e-01
3.416666666666666741e-01
3.473999999999999866e-01
3.469333333333333158e-01
3.513999999999999901e-01
3.516000000000000236e-01
3.502666666666666706e-01
3.540666666666666407e-01
3.587333333333333485e-01
3.576666666666666883e-01
3.591333333333333599e-01
3.656666666666666399e-01
3.671333333333333115e-01
3.635999999999999788e-01
3.674000000000000044e-01
3.642000000000000237e-01
3.689999999999999947e-01
3.739333333333333398e-01
3.743333333333333512e-01
3.720666666666666567e-01
3.753333333333333521e-01
3.751999999999999780e-01
3.805999999999999939e-01
3.795333333333333337e-01
3.800000000000000044e-01
3.816666666666666541e-01
3.820666666666666655e-01
3.828666666666666885e-01
3.871999999999999886e-01
3.879333333333333522e-01
3.871999999999999886e-01
3.897333333333333205e-01
3.897333333333333205e-01
3.891333333333333311e-01
3.951333333333333364e-01
3.956000000000000072e-01
3.990666666666666806e-01
3.982666666666666577e-01
3.951333333333333364e-01
3.949333333333333584e-01
3.983333333333333171e-01
3.946666666666666656e-01
3.996000000000000107e-01
4.009333333333333083e-01
4.011333333333333417e-01
4.042666666666666631e-01
4.042000000000000037e-01
4.042666666666666631e-01
4.067333333333333356e-01
4.070666666666666877e-01
4.061333333333333462e-01
4.069333333333333136e-01
4.056666666666666754e-01
4.092666666666666675e-01
4.085333333333333594e-01
4.097333333333333383e-01
4.074666666666666437e-01
4.143333333333333313e-01
4.129999999999999782e-01
4.117333333333333401e-01
4.158666666666666623e-01
4.169333333333333225e-01
4.152000000000000135e-01
4.149999999999999800e-01
4.172666666666666746e-01
4.181333333333333568e-01
4.212000000000000188e-01
4.163999999999999924e-01
4.184666666666666535e-01
4.186000000000000276e-01
4.203333333333333366e-01
4.215999999999999748e-01
4.185333333333333128e-01
4.204666666666666552e-01
4.199333333333333251e-01
4.173333333333333339e-01
4.225333333333333163e-01
4.213333333333333375e-01
4.181333333333333568e-01
4.201333333333333586e-01
4.224666666666666570e-01
4.224666666666666570e-01
4.225999999999999757e-01
4.249333333333333296e-01
4.284666666666666623e-01
4.253333333333333410e-01
4.273333333333333428e-01
4.262000000000000233e-01
4.299999999999999933e-01
4.275999999999999801e-01
4.203333333333333366e-01
4.295333333333333226e-01
4.302000000000000268e-01
4.291333333333333111e-01
4.341333333333333155e-01
4.280666666666666509e-01
4.304000000000000048e-01
4.344666666666666677e-01
4.316666666666666430e-01
4.344666666666666677e-01
4.337333333333333596e-01
4.333333333333333481e-01
4.363333333333333508e-01
4.325999999999999845e-01
4.366666666666666474e-01
4.337333333333333596e-01
4.371999999999999775e-01
4.389333333333333420e-01
4.337333333333333596e-01
4.360666666666666580e-01
4.367333333333333067e-01
4.404666666666666730e-01
4.382666666666666933e-01
4.403333333333333544e-01
4.370666666666666589e-01
4.431333333333333235e-01
4.383333333333333526e-01
4.403333333333333544e-01
4.427333333333333121e-01
4.408666666666666845e-01
4.419333333333333447e-01
4.414000000000000146e-01
4.428666666666666862e-01
4.406666666666666510e-01
4.440000000000000058e-01
4.396666666666666501e-01
4.419333333333333447e-01
4.435999999999999943e-01
4.449333333333333473e-01
4.447333333333333139e-01
4.406666666666666510e-01
4.447999999999999732e-01
4.429333333333333456e-01
4.447999999999999732e-01
4.445999999999999952e-01
4.452666666666666440e-01
4.471999999999999864e-01
4.438666666666666871e-01
4.482666666666666466e-01
4.465999999999999970e-01
4.493333333333333068e-01
4.450666666666666660e-01
4.457333333333333147e-01
4.506000000000000005e-01
4.514000000000000234e-01
4.475999999999999979e-01
4.520000000000000129e-01
4.486666666666666581e-01
4.478666666666666907e-01
4.534666666666666845e-01
4.451333333333333253e-01
4.475999999999999979e-01
4.543333333333333113e-01
4.528666666666666396e-01
4.518666666666666942e-01
4.555333333333333456e-01
4.536666666666666625e-01
4.566000000000000059e-01
4.534666666666666845e-01
4.522666666666666502e-01
4.548666666666666414e-01
4.505333333333333412e-01
4.490666666666666695e-01
4.566666666666666652e-01
4.530666666666666731e-01
4.526666666666666616e-01
4.500000000000000111e-01
4.541999999999999926e-01
4.534000000000000252e-01
4.576000000000000068e-01
4.590666666666666784e-01
4.573333333333333139e-01
4.593333333333333157e-01
4.581333333333333369e-01
4.585333333333333483e-01
4.582666666666666555e-01
4.596666666666666679e-01
4.589333333333333598e-01
4.561999999999999944e-01
4.584666666666666890e-01
4.581333333333333369e-01
4.582666666666666555e-01
4.566666666666666652e-01
4.620666666666666811e-01
4.578666666666666440e-01
4.598666666666666458e-01
4.630666666666666820e-01
4.586666666666666670e-01
4.614666666666666917e-01
4.633999999999999786e-01
4.630000000000000226e-01
4.649333333333333096e-01
4.607333333333333281e-01
4.591333333333333377e-01
4.621333333333333404e-01
4.656666666666666732e-01
4.633333333333333193e-01
4.675333333333333563e-01
4.656666666666666732e-01
4.611999999999999988e-01
4.621333333333333404e-01
4.646666666666666723e-01
4.646666666666666723e-01
4.601999999999999980e-01
4.676000000000000156e-01
4.637999999999999901e-01
4.664666666666666406e-01
4.662000000000000033e-01
4.646000000000000130e-01
4.632000000000000006e-01
4.664666666666666406e-01
4.683333333333333237e-01
4.657999999999999918e-01
4.659333333333333105e-01
4.676666666666666750e-01
4.667999999999999927e-01
4.686000000000000165e-01
4.660000000000000253e-01
4.669333333333333114e-01
4.698666666666666547e-01
4.686000000000000165e-01
4.662000000000000033e-01
4.722666666666666679e-01
4.679333333333333123e-01
4.692666666666666653e-01
4.683333333333333237e-01
4.684666666666666424e-01
4.707333333333333369e-01
4.697333333333333361e-01
4.729999999999999760e-01
4.686000000000000165e-01
4.681333333333333457e-01
4.695333333333333581e-01
4.700666666666666882e-01
4.693333333333333246e-01
4.717999999999999972e-01
4.762000000000000122e-01
4.739333333333333176e-01
4.722000000000000086e-01
4.749333333333333185e-01
4.743333333333333290e-01
4.746000000000000218e-01
4.730666666666666909e-01
4.748666666666666591e-01
4.756666666666666821e-01
4.733999999999999875e-01
4.732000000000000095e-01
4.758666666666666600e-01
4.740666666666666917e-01
4.715333333333333599e-01
4.709999999999999742e-01
4.762666666666666715e-01
4.748666666666666591e-01
4.746666666666666812e-01
4.753333333333333299e-01
4.762000000000000122e-01
4.780666666666666398e-01
4.748666666666666591e-01
4.758000000000000007e-01
4.769333333333333202e-01
4.755333333333333079e-01
4.776000000000000245e-01
4.777333333333333432e-01
4.786000000000000254e-01
4.796000000000000263e-01
4.781333333333333546e-01
4.785333333333333106e-01
4.792000000000000148e-01
4.808000000000000052e-01
4.785333333333333106e-01
4.792000000000000148e-01
4.742000000000000104e-01
4.807333333333333458e-01
4.753999999999999893e-01
4.780666666666666398e-01
4.772666666666666724e-01
4.803333333333333344e-01
4.774666666666666504e-01
4.779333333333333211e-01
4.834666666666666557e-01
4.782000000000000139e-01
4.796000000000000263e-01
4.803999999999999937e-01
4.815333333333333132e-01
4.774666666666666504e-01
4.842666666666666786e-01
4.808666666666666645e-01
4.815999999999999726e-01
4.845999999999999752e-01
4.822000000000000175e-01
4.803999999999999937e-01
4.791333333333333555e-01
4.821333333333333582e-01
4.838000000000000078e-01
4.821333333333333582e-01
4.823333333333333361e-01
4.779999999999999805e-01
4.843999999999999972e-01
4.819999999999999840e-01
4.788666666666666627e-01
4.880666666666666487e-01
4.828000000000000069e-01
4.818000000000000060e-01
4.829999999999999849e-01
4.855333333333333168e-01
4.808000000000000052e-01
4.837333333333333485e-01
4.887333333333333529e-01
4.862000000000000210e-01
4.835999999999999743e-01
4.892666666666666830e-01
4.859333333333333282e-01
4.864666666666666583e-01
4.858000000000000096e-01
4.848666666666666680e-01
4.861333333333333062e-01
4.855333333333333168e-01
4.852000000000000202e-01
4.879999999999999893e-01
4.829999999999999849e-01
4.874666666666666592e-01
4.860666666666666469e-01
4.849999999999999867e-01
4.858666666666666689e-01
4.855333333333333168e-01
4.899333333333333318e-01
4.867333333333333512e-01
4.874666666666666592e-01
4.877333333333333520e-01
4.853333333333333388e-01
4.904666666666666619e-01
4.912000000000000255e-01
4.855333333333333168e-01
4.878000000000000114e-01
4.892000000000000237e-01
4.855333333333333168e-01
4.911333333333333107e-01
4.916666666666666408e-01
4.871333333333333071e-01
4.865999999999999770e-01
4.871333333333333071e-01
4.917333333333333556e-01
4.914000000000000035e-01
4.923333333333333450e-01
4.928666666666666751e-01
4.905999999999999805e-01
4.895999999999999797e-01
4.891333333333333089e-01
4.905999999999999805e-01
4.855333333333333168e-01
4.902666666666666839e-01
4.933333333333333459e-01
4.904000000000000026e-01
4.898666666666666725e-01
4.916666666666666408e-01
4.933333333333333459e-01
4.914000000000000035e-01
4.922000000000000264e-01
4.913333333333333441e-01
4.948000000000000176e-01
4.934000000000000052e-01
4.940666666666666540e-01
4.920666666666666522e-01
4.934666666666666646e-01
4.981333333333333169e-01
4.877333333333333520e-01
4.941333333333333133e-01
4.888000000000000123e-01
4.883333333333333415e-01
4.965999999999999859e-01
4.933333333333333459e-01
4.904666666666666619e-01
4.938666666666666760e-01
4.930666666666666531e-01
4.996666666666666479e-01
4.937333333333333574e-01
4.952666666666666884e-01
4.967333333333333600e-01
5.006666666666667043e-01
4.975999999999999868e-01
4.972666666666666901e-01
4.937333333333333574e-01
4.967333333333333600e-01
4.980666666666666575e-01
4.962666666666666893e-01
4.966666666666666452e-01
4.952666666666666884e-01
4.951333333333333142e-01
4.935333333333333239e-01
4.981999999999999762e-01
4.944666666666666655e-01
4.932666666666666866e-01
4.949333333333333362e-01
4.943333333333333468e-01
4.978666666666666796e-01
5.008000000000000229e-01
4.964666666666666672e-01
4.948666666666666769e-01
4.974000000000000088e-01
4.951333333333333142e-01
4.958666666666666778e-01
4.944000000000000061e-01
4.972666666666666901e-01
4.969999999999999973e-01
4.992666666666666919e-01
4.988000000000000211e-01
4.978666666666666796e-01
4.995333333333333292e-01
4.984666666666666690e-01
4.979999999999999982e-01
4.993333333333333512e-01
5.006666666666667043e-01
5.020666666666666611e-01
4.989333333333333398e-01
5.010666666666666602e-01
4.994666666666666699e-01
5.024666666666666170e-01
4.994000000000000106e-01
5.008666666666666822e-01
5.002666666666666373e-01
4.995333333333333292e-01
5.000000000000000000e-01
5.045333333333332781e-01
5.006666666666667043e-01
4.998000000000000220e-01
5.007333333333333636e-01
5.018000000000000238e-01
5.032666666666666400e-01
5.027333333333333654e-01
5.005333333333333856e-01
5.039333333333333442e-01
5.041999999999999815e-01
4.987333333333333063e-01
4.998666666666666814e-01
5.010000000000000009e-01
5.035333333333333883e-01
5.037333333333333663e-01
5.050000000000000044e-01
5.030000000000000027e-01
5.030666666666666620e-01
5.047333333333333671e-01
5.016666666666667052e-01
5.037333333333333663e-01
5.047333333333333671e-01
5.025333333333333874e-01
5.037333333333333663e-01
5.030666666666666620e-01
5.018666666666666831e-01
5.046666666666667078e-01
5.042666666666666409e-01
5.050666666666666638e-01
5.029333333333333433e-01
5.056666666666667087e-01
5.113333333333333064e-01
5.033333333333332993e-01
5.040666666666666629e-01
5.031333333333333213e-01
5.022666666666666391e-01
5.045333333333332781e-01
5.056000000000000494e-01
5.033999999999999586e-01
5.053333333333333011e-01
5.049333333333333451e-01
5.043333333333333002e-01
5.085333333333332817e-01
5.032666666666666400e-01
5.048000000000000265e-01
5.043999999999999595e-01
5.038000000000000256e-01
5.047333333333333671e-01
5.031999999999999806e-01
5.042666666666666409e-01
5.026666666666667060e-01
5.051999999999999824e-01
5.006666666666667043e-01
5.086000000000000520e-01
5.073333333333333028e-01
5.033333333333332993e-01
5.073333333333333028e-01
5.076666666666667105e-01
5.063999999999999613e-01
5.125999999999999446e-01
5.103999999999999648e-01
5.070000000000000062e-01
5.063333333333333020e-01
5.110666666666666691e-01
5.049333333333333451e-01
5.084666666666666224e-01
5.080000000000000071e-01
5.058000000000000274e-01
5.093999999999999639e-01
5.078666666666666885e-01
5.083999999999999631e-01
5.083999999999999631e-01
5.086000000000000520e-01
5.097333333333333716e-01
5.114666666666666250e-01
5.093999999999999639e-01
5.112666666666666471e-01
5.083333333333333037e-01
5.068000000000000282e-01
5.106000000000000538e-01
5.069333333333333469e-01
5.081333333333333258e-01
5.080666666666666664e-01
5.086666666666667114e-01
5.086666666666667114e-01
5.082666666666666444e-01
5.090000000000000080e-01
5.077333333333333698e-01
5.097333333333333716e-01
5.103333333333333055e-01
5.101999999999999869e-01
5.058666666666666867e-01
5.092666666666666453e-01
5.094666666666666233e-01
5.099333333333333496e-01
5.120000000000000107e-01
5.117333333333333734e-01
5.096000000000000529e-01
5.126666666666667149e-01
5.086666666666667114e-01
5.118000000000000327e-01
5.102666666666666462e-01
5.097333333333333716e-01
5.143333333333333091e-01
5.121999999999999886e-01
5.104666666666666242e-01
5.110000000000000098e-01
5.124666666666666259e-01
5.100000000000000089e-01
5.129333333333333522e-01
5.121999999999999886e-01
5.121999999999999886e-01
5.104666666666666242e-01
5.101333333333333275e-01
5.114666666666666250e-01
5.125999999999999446e-01
5.145999999999999464e-01
5.154666666666666286e-01
5.163999999999999702e-01
5.170666666666666744e-01
5.127333333333333742e-01
5.126666666666667149e-01
5.130000000000000115e-01
5.104666666666666242e-01
5.132666666666666488e-01
5.094666666666666233e-01
5.091999999999999860e-01
5.122666666666666480e-01
5.140666666666666718e-01
5.118000000000000327e-01
5.160666666666666735e-01
5.162666666666666515e-01
5.148000000000000353e-01
5.152666666666666506e-01
5.153333333333333099e-01
5.150666666666666726e-01
5.133333333333333082e-01
5.099333333333333496e-01
5.148000000000000353e-01
5.163333333333333108e-01
5.161999999999999922e-01
5.145999999999999464e-01
5.139333333333333531e-01
5.116666666666667140e-01
5.143999999999999684e-01
5.167333333333333778e-01
5.155999999999999472e-01
5.123999999999999666e-01
5.147333333333333760e-01
5.191333333333333355e-01
5.163333333333333108e-01
5.136666666666667158e-01
5.154666666666666286e-01
5.160666666666666735e-01
5.176666666666667194e-01
5.171999999999999931e-01
5.095333333333332826e-01
5.221333333333333382e-01
5.180000000000000160e-01
5.169333333333333558e-01
5.176666666666667194e-01
5.137333333333333751e-01
5.186666666666667203e-01
5.193999999999999728e-01
5.183999999999999719e-01
5.150000000000000133e-01
5.173999999999999710e-01
5.201333333333333364e-01
5.160666666666666735e-01
5.155999999999999472e-01
5.201333333333333364e-01
5.148000000000000353e-01
5.155333333333332879e-01
5.205333333333332924e-01
5.182666666666666533e-01
5.143999999999999684e-01
5.178666666666666973e-01
5.221333333333333382e-01
5.183333333333333126e-01
5.193999999999999728e-01
5.124666666666666259e-01
5.185999999999999499e-01
5.189333333333333576e-01
5.168000000000000371e-01
5.211333333333333373e-01
5.187333333333333796e-01
5.198666666666666991e-01
5.171333333333333337e-01
5.187333333333333796e-01
5.156666666666667176e-01
5.188000000000000389e-01
5.188000000000000389e-01
5.205999999999999517e-01
5.225333333333332941e-01
5.200666666666666771e-01
5.195333333333332915e-01
5.189333333333333576e-01
5.179333333333333567e-01
5.169333333333333558e-01
5.178666666666666973e-01
5.161333333333333329e-01
5.200000000000000178e-01
5.221333333333333382e-01
5.211999999999999966e-01
5.205999999999999517e-01
5.170000000000000151e-01
5.192666666666666542e-01
5.201333333333333364e-01
5.192666666666666542e-01
5.215333333333332932e-01
5.150666666666666726e-01
5.191333333333333355e-01
5.208000000000000407e-01
5.199333333333333584e-01
5.198000000000000398e-01
5.215999999999999526e-01
5.197333333333333805e-01
5.205999999999999517e-01
5.164666666666666295e-01
5.233999999999999764e-01
5.203999999999999737e-01
5.196666666666667211e-01
5.210666666666666780e-01
5.188666666666666982e-01
5.188000000000000389e-01
5.179333333333333567e-01
5.188666666666666982e-01
5.180000000000000160e-01
5.188000000000000389e-01
5.203333333333333144e-01
5.225333333333332941e-01
5.270000000000000240e-01
5.212666666666666559e-01
5.197333333333333805e-01
5.191333333333333355e-01
5.189333333333333576e-01
5.238000000000000433e-01
5.203999999999999737e-01
5.213999999999999746e-01
5.245333333333332959e-01
5.225333333333332941e-01
5.213999999999999746e-01
5.200666666666666771e-01
5.235333333333332950e-01
5.220666666666666789e-01
5.192666666666666542e-01
5.220000000000000195e-01
5.234666666666666357e-01
5.228000000000000425e-01
5.220000000000000195e-01
5.231999999999999984e-01
5.246666666666666146e-01
5.209333333333333593e-01
5.223333333333333162e-01
5.242666666666666586e-01
5.250666666666666815e-01
5.235333333333332950e-01
5.223333333333333162e-01
5.217333333333333822e-01
5.235999999999999543e-01
5.255333333333332968e-01
5.228000000000000425e-01
5.256666666666666154e-01
5.241333333333333400e-01
5.220666666666666789e-01
5.271333333333333426e-01
5.240666666666666806e-01
5.211333333333333373e-01
5.265333333333332977e-01
5.272666666666666613e-01
5.243333333333333179e-01
5.226666666666666128e-01
5.243333333333333179e-01
5.282000000000000028e-01
5.226666666666666128e-01
5.247333333333333849e-01
5.260000000000000231e-01
5.245999999999999552e-01
5.280666666666666842e-01
5.221999999999999975e-01
5.256666666666666154e-01
5.290666666666666851e-01
5.267333333333333867e-01
5.247333333333333849e-01
5.265333333333332977e-01
5.266666666666666163e-01
5.252666666666666595e-01
5.236666666666666137e-01
5.279333333333333655e-01
5.256666666666666154e-01
5.261333333333333417e-01
5.292000000000000037e-01
5.287333333333333885e-01
5.229333333333333611e-01
5.225999999999999535e-01
5.248000000000000442e-01
5.270666666666666833e-01
5.272666666666666613e-01
5.291333333333333444e-01
5.315999999999999615e-01
5.297333333333332783e-01
5.280000000000000249e-01
5.231333333333333391e-01
5.282666666666666622e-01
5.251333333333333409e-01
5.279333333333333655e-01
5.270666666666666833e-01
5.270000000000000240e-01
