4.440666666666666651e-01
4.405333333333333323e-01
4.434666666666666757e-01
4.431999999999999829e-01
4.435333333333333350e-01
4.432666666666666422e-01
4.439333333333333464e-01
4.443333333333333579e-01
4.471333333333333271e-01
4.434666666666666757e-01
4.441333333333333244e-01
4.475333333333333385e-01
4.463333333333333597e-01
4.445333333333333359e-01
4.461999999999999855e-01
4.445999999999999952e-01
4.460000000000000075e-01
4.480000000000000093e-01
4.470666666666666678e-01
4.462666666666666448e-01
4.497333333333333183e-01
4.450666666666666660e-01
4.494666666666666810e-01
4.488666666666666916e-01
4.473333333333333606e-01
4.498666666666666925e-01
4.481999999999999873e-01
4.483333333333333059e-01
4.509333333333333527e-01
4.497333333333333183e-01
4.514000000000000234e-01
4.500000000000000111e-01
4.504666666666666819e-01
4.484666666666666801e-01
4.557333333333333236e-01
4.536666666666666625e-01
4.563333333333333131e-01
4.542666666666666520e-01
4.507999999999999785e-01
4.518666666666666942e-01
4.527999999999999803e-01
4.494666666666666810e-01
4.555333333333333456e-01
4.541333333333333333e-01
4.546000000000000041e-01
4.573999999999999733e-01
4.573999999999999733e-01
4.561333333333333351e-01
4.549333333333333562e-01
4.560666666666666758e-01
4.576000000000000068e-01
4.562666666666666537e-01
4.561999999999999944e-01
4.564666666666666872e-01
4.571999999999999953e-01
4.560666666666666758e-01
4.536666666666666625e-01
4.593999999999999750e-01
4.592666666666666564e-01
4.587333333333333263e-01
4.593333333333333157e-01
4.597999999999999865e-01
4.586666666666666670e-01
4.590000000000000191e-01
4.606000000000000094e-01
4.595333333333333492e-01
4.634666666666666934e-01
4.593333333333333157e-01
4.600666666666666793e-01
4.589333333333333598e-01
4.615333333333333510e-01
4.613999999999999768e-01
4.580000000000000182e-01
4.610000000000000209e-01
4.591333333333333377e-01
4.554000000000000270e-01
4.620000000000000218e-01
4.610000000000000209e-01
4.563333333333333131e-01
4.601333333333333386e-01
4.638666666666666494e-01
4.612666666666666582e-01
4.617333333333333290e-01
4.615333333333333510e-01
4.649333333333333096e-01
4.619333333333333069e-01
4.632666666666666599e-01
4.630000000000000226e-01
4.676000000000000156e-01
4.652000000000000024e-01
4.584666666666666890e-01
4.659333333333333105e-01
4.642666666666666608e-01
4.647999999999999909e-01
4.685333333333333572e-01
4.646000000000000130e-01
4.642000000000000015e-01
4.678666666666666529e-01
4.640000000000000235e-01
4.682000000000000051e-01
4.654666666666666397e-01
4.670666666666666855e-01
4.689333333333333131e-01
4.632666666666666599e-01
4.696666666666666767e-01
4.665333333333333554e-01
4.677333333333333343e-01
4.709333333333333149e-01
4.668666666666666520e-01
4.688666666666666538e-01
4.680666666666666864e-01
4.703333333333333255e-01
4.699333333333333140e-01
4.719333333333333158e-01
4.689999999999999725e-01
4.733999999999999875e-01
4.682000000000000051e-01
4.719333333333333158e-01
4.715333333333333599e-01
4.705333333333333590e-01
4.729999999999999760e-01
4.723999999999999866e-01
4.739999999999999769e-01
4.703333333333333255e-01
4.745333333333333070e-01
4.723333333333333273e-01
4.709999999999999742e-01
4.715333333333333599e-01
4.755333333333333079e-01
4.729333333333333167e-01
4.696000000000000174e-01
4.745333333333333070e-01
4.732000000000000095e-01
4.736666666666666803e-01
4.727333333333333387e-01
4.723999999999999866e-01
4.732666666666666688e-01
4.723333333333333273e-01
4.773333333333333317e-01
4.726000000000000201e-01
4.755333333333333079e-01
4.706000000000000183e-01
4.716000000000000192e-01
4.769999999999999796e-01
4.785333333333333106e-01
4.758000000000000007e-01
4.761333333333333528e-01
4.742000000000000104e-01
4.723999999999999866e-01
4.793333333333333335e-01
4.713333333333333264e-01
4.759999999999999787e-01
4.806000000000000272e-01
4.794666666666666521e-01
4.786000000000000254e-01
4.793999999999999928e-01
4.796666666666666856e-01
4.798666666666666636e-01
4.769999999999999796e-01
4.779999999999999805e-01
4.798000000000000043e-01
4.752000000000000113e-01
4.767333333333333423e-01
4.812666666666666759e-01
4.765333333333333088e-01
4.788666666666666627e-01
4.743999999999999884e-01
4.793333333333333335e-01
4.776000000000000245e-01
4.808000000000000052e-01
4.832000000000000184e-01
4.808000000000000052e-01
4.819333333333333247e-01
4.822000000000000175e-01
4.809333333333333238e-01
4.831333333333333591e-01
4.826666666666666883e-01
4.800666666666666416e-01
4.799999999999999822e-01
4.806666666666666865e-01
4.813999999999999946e-01
4.808666666666666645e-01
4.803333333333333344e-01
4.821333333333333582e-01
4.789999999999999813e-01
4.805333333333333123e-01
4.843999999999999972e-01
4.828666666666666663e-01
4.814666666666666539e-01
4.855999999999999761e-01
4.857333333333333503e-01
4.849999999999999867e-01
4.825333333333333141e-01
4.801333333333333564e-01
4.832000000000000184e-01
4.868000000000000105e-01
4.845999999999999752e-01
4.865999999999999770e-01
4.865333333333333177e-01
4.844666666666666566e-01
4.839333333333333265e-01
4.849333333333333274e-01
4.845999999999999752e-01
4.820666666666666433e-01
4.879333333333333300e-01
4.843333333333333379e-01
4.862666666666666804e-01
4.888000000000000123e-01
4.836666666666666892e-01
4.843999999999999972e-01
4.862000000000000210e-01
4.905333333333333212e-01
4.888000000000000123e-01
4.865999999999999770e-01
4.853999999999999981e-01
4.875333333333333186e-01
4.880666666666666487e-01
4.861333333333333062e-01
4.868000000000000105e-01
4.905999999999999805e-01
4.878666666666666707e-01
4.859333333333333282e-01
4.921333333333333115e-01
4.862666666666666804e-01
4.888666666666666716e-01
4.859333333333333282e-01
4.899333333333333318e-01
4.894666666666666610e-01
4.912666666666666848e-01
4.912000000000000255e-01
4.872666666666666813e-01
4.875333333333333186e-01
4.888000000000000123e-01
4.886666666666666936e-01
4.875333333333333186e-01
4.902666666666666839e-01
4.948666666666666769e-01
4.924000000000000044e-01
4.918666666666666742e-01
4.920666666666666522e-01
4.936666666666666425e-01
4.928000000000000158e-01
4.913333333333333441e-01
4.912000000000000255e-01
4.918000000000000149e-01
4.934666666666666646e-01
4.927333333333333565e-01
4.927333333333333565e-01
4.912666666666666848e-01
4.899333333333333318e-01
4.888000000000000123e-01
4.935333333333333239e-01
4.908000000000000140e-01
4.938000000000000167e-01
4.913333333333333441e-01
4.937333333333333574e-01
4.961999999999999744e-01
4.944666666666666655e-01
4.936666666666666425e-01
4.936666666666666425e-01
4.934666666666666646e-01
4.955333333333333257e-01
4.928000000000000158e-01
4.945999999999999841e-01
4.968000000000000194e-01
4.967333333333333600e-01
4.970666666666666567e-01
4.976666666666666461e-01
4.978666666666666796e-01
4.970666666666666567e-01
4.974000000000000088e-01
4.909333333333333327e-01
4.966666666666666452e-01
4.935333333333333239e-01
4.958666666666666778e-01
4.930666666666666531e-01
4.967333333333333600e-01
4.942666666666666875e-01
4.949333333333333362e-01
4.985999999999999877e-01
4.945999999999999841e-01
4.971333333333333160e-01
4.972666666666666901e-01
4.980666666666666575e-01
4.938000000000000167e-01
5.008666666666666822e-01
4.986666666666666470e-01
4.970666666666666567e-01
5.005333333333333856e-01
4.980666666666666575e-01
4.981333333333333169e-01
4.971333333333333160e-01
4.992666666666666919e-01
5.008666666666666822e-01
4.995999999999999885e-01
4.985999999999999877e-01
4.938000000000000167e-01
5.003999999999999559e-01
4.969333333333333380e-01
4.965333333333333266e-01
5.032666666666666400e-01
4.995333333333333292e-01
4.974666666666666681e-01
4.984000000000000097e-01
5.017333333333333645e-01
4.974000000000000088e-01
5.001333333333333186e-01
5.052666666666666417e-01
5.003999999999999559e-01
5.004666666666666153e-01
5.032666666666666400e-01
5.019333333333333425e-01
5.030000000000000027e-01
5.001999999999999780e-01
5.010666666666666602e-01
5.011999999999999789e-01
5.001999999999999780e-01
5.013333333333332975e-01
5.046000000000000485e-01
4.995333333333333292e-01
5.038000000000000256e-01
5.026666666666667060e-01
5.008666666666666822e-01
5.004666666666666153e-01
5.025333333333333874e-01
5.069333333333333469e-01
5.015333333333333865e-01
5.030000000000000027e-01
5.042666666666666409e-01
5.001333333333333186e-01
5.050666666666666638e-01
5.043999999999999595e-01
5.011333333333333195e-01
5.020000000000000018e-01
5.036000000000000476e-01
5.000000000000000000e-01
5.056666666666667087e-01
5.053333333333333011e-01
5.008666666666666822e-01
5.001999999999999780e-01
5.019333333333333425e-01
5.078666666666666885e-01
5.060666666666666647e-01
5.059333333333333460e-01
5.069333333333333469e-01
5.045333333333332781e-01
5.046666666666667078e-01
5.027333333333333654e-01
5.047333333333333671e-01
4.986666666666666470e-01
5.045333333333332781e-01
5.081999999999999851e-01
5.035333333333333883e-01
5.024666666666666170e-01
5.050666666666666638e-01
5.086666666666667114e-01
5.048000000000000265e-01
5.058000000000000274e-01
5.050000000000000044e-01
5.081333333333333258e-01
5.076000000000000512e-01
5.071999999999999842e-01
5.064666666666666206e-01
5.067333333333333689e-01
5.097333333333333716e-01
5.018000000000000238e-01
5.078000000000000291e-01
5.046666666666667078e-01
5.026000000000000467e-01
5.093999999999999639e-01
5.072666666666666435e-01
5.044666666666666188e-01
5.063333333333333020e-01
5.060666666666666647e-01
5.111999999999999877e-01
5.066666666666667096e-01
5.091999999999999860e-01
5.103999999999999648e-01
5.119333333333333513e-01
5.106666666666667131e-01
5.096000000000000529e-01
5.073333333333333028e-01
5.093999999999999639e-01
5.106000000000000538e-01
5.082666666666666444e-01
5.121999999999999886e-01
5.093999999999999639e-01
5.070000000000000062e-01
5.086000000000000520e-01
5.110666666666666691e-01
5.068000000000000282e-01
5.068000000000000282e-01
5.088000000000000300e-01
5.078666666666666885e-01
5.098000000000000309e-01
5.137333333333333751e-01
5.075333333333332808e-01
5.086000000000000520e-01
5.120666666666666700e-01
5.083999999999999631e-01
5.094666666666666233e-01
5.077333333333333698e-01
5.097333333333333716e-01
5.102666666666666462e-01
5.117333333333333734e-01
5.119333333333333513e-01
5.087333333333333707e-01
5.108000000000000318e-01
5.110666666666666691e-01
5.090000000000000080e-01
5.120666666666666700e-01
5.103999999999999648e-01
5.130000000000000115e-01
5.115333333333332844e-01
5.123333333333333073e-01
5.106666666666667131e-01
5.159333333333333549e-01
5.106666666666667131e-01
5.125999999999999446e-01
5.121999999999999886e-01
5.116000000000000547e-01
5.131999999999999895e-01
5.152666666666666506e-01
5.127333333333333742e-01
5.107333333333333725e-01
5.108666666666666911e-01
5.140000000000000124e-01
5.162666666666666515e-01
5.132666666666666488e-01
5.119333333333333513e-01
5.146666666666667167e-01
5.154666666666666286e-01
5.112666666666666471e-01
5.133999999999999675e-01
5.135333333333332861e-01
5.158666666666666956e-01
5.155333333333332879e-01
5.184666666666666313e-01
5.140000000000000124e-01
5.150666666666666726e-01
5.164666666666666295e-01
5.134666666666666268e-01
5.145333333333332870e-01
5.164666666666666295e-01
5.134666666666666268e-01
5.147333333333333760e-01
5.145999999999999464e-01
5.143333333333333091e-01
5.156666666666667176e-01
5.160666666666666735e-01
5.158000000000000362e-01
5.149333333333333540e-01
5.183333333333333126e-01
5.212666666666666559e-01
5.141999999999999904e-01
5.145333333333332870e-01
5.133333333333333082e-01
5.165999999999999481e-01
5.166666666666667185e-01
5.160666666666666735e-01
5.167333333333333778e-01
5.175333333333332897e-01
5.162666666666666515e-01
5.163333333333333108e-01
5.201999999999999957e-01
5.157333333333333769e-01
5.162666666666666515e-01
5.159333333333333549e-01
5.160666666666666735e-01
5.156666666666667176e-01
5.148666666666666947e-01
5.168666666666666965e-01
5.133999999999999675e-01
5.168000000000000371e-01
5.106000000000000538e-01
5.181999999999999940e-01
5.178000000000000380e-01
5.143333333333333091e-01
5.182666666666666533e-01
5.181999999999999940e-01
5.174666666666666304e-01
5.238000000000000433e-01
5.218666666666667009e-01
5.193999999999999728e-01
5.179333333333333567e-01
5.193333333333333135e-01
5.168666666666666965e-01
5.191333333333333355e-01
5.195333333333332915e-01
5.159333333333333549e-01
5.199333333333333584e-01
5.204666666666666330e-01
5.211999999999999966e-01
5.171999999999999931e-01
5.183999999999999719e-01
5.200666666666666771e-01
5.223333333333333162e-01
5.201999999999999957e-01
5.211999999999999966e-01
5.193999999999999728e-01
5.193999999999999728e-01
5.212666666666666559e-01
5.175333333333332897e-01
5.188666666666666982e-01
5.201999999999999957e-01
5.215999999999999526e-01
5.210000000000000187e-01
5.190666666666666762e-01
5.181333333333333346e-01
5.195333333333332915e-01
5.210666666666666780e-01
5.218000000000000416e-01
5.207333333333333814e-01
5.165999999999999481e-01
5.183999999999999719e-01
5.211999999999999966e-01
5.199333333333333584e-01
5.228000000000000425e-01
5.241333333333333400e-01
5.196666666666667211e-01
5.223999999999999755e-01
5.208000000000000407e-01
5.228666666666667018e-01
5.230666666666666798e-01
5.200666666666666771e-01
5.253999999999999782e-01
5.236666666666666137e-01
5.218666666666667009e-01
5.222666666666666568e-01
5.231999999999999984e-01
5.212666666666666559e-01
5.228000000000000425e-01
5.225333333333332941e-01
5.232666666666666577e-01
5.207333333333333814e-01
5.203999999999999737e-01
5.223999999999999755e-01
5.228000000000000425e-01
5.245333333333332959e-01
5.253333333333333188e-01
5.259333333333333638e-01
5.270000000000000240e-01
5.229333333333333611e-01
5.234666666666666357e-01
5.237333333333333840e-01
5.210666666666666780e-01
5.228666666666667018e-01
5.212666666666666559e-01
5.197333333333333805e-01
5.228666666666667018e-01
5.248000000000000442e-01
5.224666666666666348e-01
5.275333333333332986e-01
5.280000000000000249e-01
5.246666666666666146e-01
5.261333333333333417e-01
5.265999999999999570e-01
5.252666666666666595e-01
5.233333333333333171e-01
5.205999999999999517e-01
5.258666666666667044e-01
5.272000000000000020e-01
5.268666666666667053e-01
5.255999999999999561e-01
5.250666666666666815e-01
5.221333333333333382e-01
5.240000000000000213e-01
5.266666666666666163e-01
5.249333333333333629e-01
5.232666666666666577e-01
5.252666666666666595e-01
5.290666666666666851e-01
5.280000000000000249e-01
5.238666666666667027e-01
5.253333333333333188e-01
5.270666666666666833e-01
5.275333333333332986e-01
5.283333333333333215e-01
5.189333333333333576e-01
5.320000000000000284e-01
5.283999999999999808e-01
5.274666666666666393e-01
5.275999999999999579e-01
5.258666666666667044e-01
5.282666666666666622e-01
5.301333333333333453e-01
5.288666666666667071e-01
5.252000000000000002e-01
5.278666666666667062e-01
5.306666666666666199e-01
5.266666666666666163e-01
5.252666666666666595e-01
5.305333333333333012e-01
5.259333333333333638e-01
5.255999999999999561e-01
5.300666666666666860e-01
5.302000000000000046e-01
5.252666666666666595e-01
5.283999999999999808e-01
5.332000000000000073e-01
5.292000000000000037e-01
5.290666666666666851e-01
5.230666666666666798e-01
5.302666666666666639e-01
5.293999999999999817e-01
5.270666666666666833e-01
5.313999999999999835e-01
5.282666666666666622e-01
5.291333333333333444e-01
5.285333333333332995e-01
5.289333333333333664e-01
5.277333333333333876e-01
5.291333333333333444e-01
5.294666666666666410e-01
5.321333333333333471e-01
5.321333333333333471e-01
5.290666666666666851e-01
5.300666666666666860e-01
5.292000000000000037e-01
5.289333333333333664e-01
5.285999999999999588e-01
5.284666666666666401e-01
5.285999999999999588e-01
5.312000000000000055e-01
5.315999999999999615e-01
5.313999999999999835e-01
5.315333333333333021e-01
5.275999999999999579e-01
5.295333333333333004e-01
5.305999999999999606e-01
5.312000000000000055e-01
5.320666666666666877e-01
5.250000000000000222e-01
5.304666666666666419e-01
5.316666666666666208e-01
5.295333333333333004e-01
5.317333333333332801e-01
5.322000000000000064e-01
5.298666666666667080e-01
5.318000000000000504e-01
5.292000000000000037e-01
5.346666666666666234e-01
5.303333333333333233e-01
5.310666666666666869e-01
5.334666666666666446e-01
5.309333333333333682e-01
5.307333333333332792e-01
5.292666666666666631e-01
5.279333333333333655e-01
5.294666666666666410e-01
5.293333333333333224e-01
5.315999999999999615e-01
5.312666666666666648e-01
5.376666666666666261e-01
5.322666666666666657e-01
5.315999999999999615e-01
5.292000000000000037e-01
5.292666666666666631e-01
5.337333333333332819e-01
5.313333333333333242e-01
5.324666666666666437e-01
5.341333333333333488e-01
5.333333333333333259e-01
5.322000000000000064e-01
5.299333333333333673e-01
5.333999999999999853e-01
5.325333333333333030e-01
5.293999999999999817e-01
5.309333333333333682e-01
5.339333333333333709e-01
5.343333333333333268e-01
5.321333333333333471e-01
5.339333333333333709e-01
5.348666666666667124e-01
5.310000000000000275e-01
5.322666666666666657e-01
5.337333333333332819e-01
5.364666666666666472e-01
5.330000000000000293e-01
5.336666666666666226e-01
5.323333333333333250e-01
5.340000000000000302e-01
5.341333333333333488e-01
5.340666666666666895e-01
5.358666666666667133e-01
5.348666666666667124e-01
5.323333333333333250e-01
5.382666666666666710e-01
5.338666666666667115e-01
5.311333333333333462e-01
5.360666666666666913e-01
5.362666666666666693e-01
5.344666666666666455e-01
5.347333333333332828e-01
5.349333333333333718e-01
5.381333333333333524e-01
5.326666666666666217e-01
5.340666666666666895e-01
5.349333333333333718e-01
5.340000000000000302e-01
5.382000000000000117e-01
5.310000000000000275e-01
5.345999999999999641e-01
5.384666666666666490e-01
5.358000000000000540e-01
5.346666666666666234e-01
5.362666666666666693e-01
5.360666666666666913e-01
5.360000000000000320e-01
5.331333333333333480e-01
5.387333333333332863e-01
5.363333333333333286e-01
5.367333333333332845e-01
5.394666666666666499e-01
5.401333333333333542e-01
5.342666666666666675e-01
5.321333333333333471e-01
5.345333333333333048e-01
5.381333333333333524e-01
5.362000000000000099e-01
5.395333333333333092e-01
5.403999999999999915e-01
5.392666666666666719e-01
5.382666666666666710e-01
5.345999999999999641e-01
5.367333333333332845e-01
5.344666666666666455e-01
5.366666666666666252e-01
5.371333333333333515e-01
5.368000000000000549e-01
