4.379333333333333411e-01
4.338666666666666782e-01
4.380666666666666598e-01
4.385999999999999899e-01
4.380000000000000004e-01
4.359333333333333393e-01
4.380666666666666598e-01
4.380666666666666598e-01
4.414666666666666739e-01
4.368000000000000216e-01
4.382666666666666933e-01
4.406666666666666510e-01
4.401333333333333209e-01
4.395999999999999908e-01
4.393333333333333535e-01
4.389333333333333420e-01
4.399333333333333429e-01
4.421999999999999820e-01
4.408666666666666845e-01
4.408666666666666845e-01
4.430666666666666642e-01
4.393333333333333535e-01
4.430666666666666642e-01
4.425999999999999934e-01
4.407333333333333103e-01
4.437333333333333130e-01
4.420666666666666633e-01
4.427333333333333121e-01
4.437999999999999723e-01
4.444000000000000172e-01
4.454666666666666774e-01
4.437333333333333130e-01
4.454666666666666774e-01
4.427333333333333121e-01
4.489333333333333509e-01
4.471333333333333271e-01
4.509333333333333527e-01
4.480666666666666687e-01
4.442666666666666431e-01
4.460666666666666669e-01
4.473333333333333606e-01
4.431333333333333235e-01
4.493333333333333068e-01
4.484666666666666801e-01
4.495333333333333403e-01
4.507999999999999785e-01
4.515333333333333421e-01
4.506666666666666599e-01
4.498666666666666925e-01
4.503333333333333077e-01
4.517333333333333201e-01
4.504666666666666819e-01
4.504666666666666819e-01
4.510000000000000120e-01
4.513333333333333086e-01
4.510000000000000120e-01
4.471999999999999864e-01
4.536000000000000032e-01
4.536000000000000032e-01
4.529333333333333544e-01
4.536000000000000032e-01
4.555333333333333456e-01
4.541333333333333333e-01
4.529333333333333544e-01
4.558666666666666423e-01
4.546666666666666634e-01
4.579333333333333589e-01
4.530000000000000138e-01
4.546666666666666634e-01
4.541999999999999926e-01
4.560666666666666758e-01
4.564666666666666872e-01
4.529333333333333544e-01
4.566666666666666652e-01
4.547333333333333227e-01
4.499333333333333518e-01
4.569333333333333580e-01
4.565333333333333465e-01
4.516666666666666607e-01
4.561333333333333351e-01
4.593999999999999750e-01
4.566666666666666652e-01
4.573333333333333139e-01
4.571333333333333360e-01
4.610000000000000209e-01
4.576666666666666661e-01
4.585333333333333483e-01
4.583999999999999742e-01
4.627999999999999892e-01
4.612666666666666582e-01
4.545333333333333448e-01
4.617333333333333290e-01
4.587333333333333263e-01
4.593999999999999750e-01
4.642000000000000015e-01
4.602666666666666573e-01
4.594666666666666899e-01
4.638666666666666494e-01
4.598666666666666458e-01
4.635333333333333528e-01
4.619333333333333069e-01
4.622666666666666591e-01
4.650000000000000244e-01
4.588666666666666449e-01
4.648666666666666503e-01
4.621999999999999997e-01
4.642000000000000015e-01
4.671333333333333449e-01
4.626666666666666705e-01
4.644666666666666943e-01
4.642000000000000015e-01
4.653333333333333210e-01
4.650000000000000244e-01
4.668666666666666520e-01
4.644666666666666943e-01
4.688666666666666538e-01
4.642000000000000015e-01
4.666666666666666741e-01
4.678666666666666529e-01
4.670000000000000262e-01
4.687333333333333352e-01
4.692666666666666653e-01
4.698666666666666547e-01
4.659333333333333105e-01
4.697333333333333361e-01
4.672666666666666635e-01
4.675333333333333563e-01
4.677999999999999936e-01
4.719333333333333158e-01
4.693333333333333246e-01
4.670666666666666855e-01
4.703333333333333255e-01
4.699333333333333140e-01
4.704666666666666441e-01
4.703333333333333255e-01
4.697999999999999954e-01
4.692666666666666653e-01
4.681333333333333457e-01
4.740666666666666917e-01
4.692666666666666653e-01
4.719999999999999751e-01
4.673999999999999821e-01
4.682666666666666644e-01
4.749999999999999778e-01
4.751333333333333520e-01
4.715333333333333599e-01
4.733999999999999875e-01
4.701333333333333475e-01
4.689333333333333131e-01
4.746666666666666812e-01
4.686000000000000165e-01
4.717999999999999972e-01
4.758000000000000007e-01
4.769999999999999796e-01
4.753999999999999893e-01
4.761333333333333528e-01
4.772666666666666724e-01
4.768000000000000016e-01
4.739999999999999769e-01
4.742666666666666697e-01
4.766000000000000236e-01
4.719333333333333158e-01
4.733333333333333282e-01
4.773999999999999910e-01
4.737999999999999989e-01
4.750666666666666926e-01
4.711333333333333484e-01
4.764666666666666495e-01
4.744666666666666477e-01
4.779999999999999805e-01
4.799333333333333229e-01
4.776000000000000245e-01
4.780666666666666398e-01
4.786000000000000254e-01
4.779999999999999805e-01
4.790666666666666407e-01
4.799333333333333229e-01
4.777333333333333432e-01
4.774666666666666504e-01
4.771333333333333537e-01
4.783999999999999919e-01
4.780666666666666398e-01
4.776666666666666838e-01
4.792000000000000148e-01
4.762666666666666715e-01
4.781333333333333546e-01
4.815333333333333132e-01
4.795333333333333115e-01
4.783999999999999919e-01
4.833333333333333370e-01
4.829333333333333256e-01
4.816666666666666874e-01
4.798000000000000043e-01
4.775333333333333097e-01
4.810666666666666424e-01
4.838000000000000078e-01
4.815333333333333132e-01
4.841333333333333599e-01
4.840666666666666451e-01
4.819999999999999840e-01
4.809333333333333238e-01
4.820666666666666433e-01
4.819999999999999840e-01
4.802000000000000157e-01
4.851333333333333608e-01
4.813333333333333353e-01
4.840666666666666451e-01
4.863333333333333397e-01
4.802666666666666750e-01
4.819333333333333247e-01
4.837333333333333485e-01
4.884000000000000008e-01
4.852000000000000202e-01
4.835999999999999743e-01
4.833999999999999964e-01
4.848666666666666680e-01
4.852666666666666795e-01
4.831333333333333591e-01
4.844666666666666566e-01
4.869999999999999885e-01
4.856666666666666909e-01
4.834666666666666557e-01
4.886666666666666936e-01
4.844666666666666566e-01
4.859999999999999876e-01
4.832666666666666777e-01
4.865999999999999770e-01
4.870666666666666478e-01
4.885999999999999788e-01
4.883333333333333415e-01
4.833999999999999964e-01
4.853333333333333388e-01
4.865333333333333177e-01
4.853999999999999981e-01
4.857333333333333503e-01
4.879999999999999893e-01
4.926666666666666416e-01
4.906666666666666399e-01
4.889333333333333309e-01
4.896666666666666390e-01
4.908000000000000140e-01
4.909333333333333327e-01
4.891333333333333089e-01
4.888666666666666716e-01
4.892000000000000237e-01
4.899333333333333318e-01
4.909333333333333327e-01
4.905999999999999805e-01
4.892000000000000237e-01
4.873333333333333406e-01
4.863333333333333397e-01
4.912000000000000255e-01
4.886666666666666936e-01
4.918666666666666742e-01
4.892666666666666830e-01
4.913333333333333441e-01
4.946666666666666434e-01
4.916666666666666408e-01
4.914000000000000035e-01
4.912666666666666848e-01
4.922000000000000264e-01
4.936666666666666425e-01
4.912000000000000255e-01
4.928666666666666751e-01
4.941999999999999726e-01
4.938666666666666760e-01
4.944000000000000061e-01
4.960666666666666558e-01
4.958000000000000185e-01
4.945999999999999841e-01
4.956666666666666443e-01
4.899999999999999911e-01
4.953333333333333477e-01
4.909333333333333327e-01
4.939999999999999947e-01
4.909999999999999920e-01
4.954000000000000070e-01
4.920666666666666522e-01
4.930666666666666531e-01
4.970666666666666567e-01
4.924000000000000044e-01
4.948666666666666769e-01
4.956666666666666443e-01
4.957333333333333591e-01
4.919333333333333336e-01
4.987333333333333063e-01
4.967333333333333600e-01
4.957333333333333591e-01
4.985333333333333283e-01
4.953333333333333477e-01
4.960666666666666558e-01
4.941999999999999726e-01
4.969999999999999973e-01
4.987333333333333063e-01
4.971999999999999753e-01
4.965999999999999859e-01
4.918000000000000149e-01
4.989333333333333398e-01
4.951333333333333142e-01
4.949999999999999956e-01
5.016000000000000458e-01
4.972666666666666901e-01
4.955333333333333257e-01
4.968666666666666787e-01
4.998666666666666814e-01
4.951999999999999735e-01
4.980666666666666575e-01
5.032666666666666400e-01
4.992666666666666919e-01
4.983333333333333504e-01
5.015333333333333865e-01
4.997333333333333072e-01
5.008000000000000229e-01
4.980666666666666575e-01
4.979999999999999982e-01
4.995333333333333292e-01
4.981333333333333169e-01
4.986666666666666470e-01
5.019333333333333425e-01
4.970666666666666567e-01
5.011999999999999789e-01
4.995333333333333292e-01
4.990666666666666584e-01
4.988666666666666805e-01
5.000666666666666593e-01
5.050000000000000044e-01
4.992666666666666919e-01
5.010000000000000009e-01
5.023999999999999577e-01
4.983333333333333504e-01
5.027333333333333654e-01
5.030666666666666620e-01
4.994000000000000106e-01
5.002666666666666373e-01
5.013999999999999568e-01
4.976666666666666461e-01
5.041333333333333222e-01
5.038000000000000256e-01
4.990666666666666584e-01
4.989999999999999991e-01
5.001333333333333186e-01
5.059333333333333460e-01
5.043333333333333002e-01
5.034666666666666179e-01
5.050000000000000044e-01
5.023333333333332984e-01
5.023999999999999577e-01
5.005333333333333856e-01
5.033333333333332993e-01
4.975333333333333274e-01
5.030000000000000027e-01
5.062666666666666426e-01
5.016000000000000458e-01
5.009333333333333416e-01
5.035333333333333883e-01
5.066000000000000503e-01
5.035333333333333883e-01
5.033999999999999586e-01
5.036000000000000476e-01
5.061333333333333240e-01
5.060000000000000053e-01
5.052666666666666417e-01
5.041999999999999815e-01
5.043333333333333002e-01
5.083999999999999631e-01
4.994666666666666699e-01
5.055333333333332790e-01
5.024666666666666170e-01
5.011999999999999789e-01
5.071999999999999842e-01
5.051999999999999824e-01
5.024666666666666170e-01
5.048666666666666858e-01
5.036666666666667069e-01
5.096000000000000529e-01
5.042666666666666409e-01
5.075333333333332808e-01
5.081333333333333258e-01
5.104666666666666242e-01
5.091333333333333266e-01
5.082666666666666444e-01
5.051999999999999824e-01
5.083333333333333037e-01
5.081999999999999851e-01
5.062666666666666426e-01
5.096666666666667123e-01
5.077333333333333698e-01
5.055333333333332790e-01
5.066666666666667096e-01
5.097333333333333716e-01
5.058000000000000274e-01
5.044666666666666188e-01
5.072666666666666435e-01
5.061333333333333240e-01
5.086000000000000520e-01
5.126666666666667149e-01
5.062666666666666426e-01
5.066666666666667096e-01
5.104666666666666242e-01
5.066666666666667096e-01
5.076000000000000512e-01
5.058666666666666867e-01
5.079333333333333478e-01
5.088666666666666893e-01
5.096666666666667123e-01
5.105333333333332835e-01
5.078000000000000291e-01
5.109333333333333504e-01
5.093999999999999639e-01
5.085333333333332817e-01
5.110000000000000098e-01
5.097333333333333716e-01
5.116666666666667140e-01
5.093999999999999639e-01
5.111333333333333284e-01
5.092666666666666453e-01
5.134666666666666268e-01
5.092666666666666453e-01
5.107333333333333725e-01
5.108666666666666911e-01
5.101999999999999869e-01
5.116000000000000547e-01
5.141999999999999904e-01
5.113999999999999657e-01
5.086666666666667114e-01
5.101999999999999869e-01
5.117333333333333734e-01
5.143999999999999684e-01
5.121333333333333293e-01
5.104666666666666242e-01
5.137333333333333751e-01
5.137333333333333751e-01
5.093999999999999639e-01
5.113333333333333064e-01
5.125333333333332853e-01
5.144666666666666277e-01
5.141999999999999904e-01
5.168666666666666965e-01
5.125999999999999446e-01
5.132666666666666488e-01
5.157333333333333769e-01
5.115333333333332844e-01
5.130666666666666709e-01
5.152666666666666506e-01
5.126666666666667149e-01
5.138666666666666938e-01
5.132666666666666488e-01
5.122666666666666480e-01
5.140666666666666718e-01
5.143333333333333091e-01
5.140000000000000124e-01
5.131333333333333302e-01
5.168666666666666965e-01
5.198000000000000398e-01
5.131999999999999895e-01
5.124666666666666259e-01
5.118666666666666920e-01
5.151999999999999913e-01
5.143999999999999684e-01
5.148000000000000353e-01
5.151999999999999913e-01
5.157333333333333769e-01
5.145333333333332870e-01
5.145999999999999464e-01
5.182666666666666533e-01
5.145333333333332870e-01
5.144666666666666277e-01
5.141333333333333311e-01
5.143999999999999684e-01
5.144666666666666277e-01
5.130666666666666709e-01
5.144666666666666277e-01
5.121999999999999886e-01
5.155999999999999472e-01
5.094666666666666233e-01
5.173999999999999710e-01
5.168000000000000371e-01
5.127333333333333742e-01
5.170000000000000151e-01
5.169333333333333558e-01
5.160666666666666735e-01
5.218666666666667009e-01
5.203333333333333144e-01
5.181999999999999940e-01
5.159333333333333549e-01
5.175999999999999490e-01
5.154666666666666286e-01
5.173999999999999710e-01
5.178666666666666973e-01
5.139333333333333531e-01
5.182666666666666533e-01
5.183999999999999719e-01
5.190000000000000169e-01
5.155999999999999472e-01
5.170666666666666744e-01
5.181999999999999940e-01
5.201999999999999957e-01
5.186666666666667203e-01
5.196666666666667211e-01
5.177333333333333787e-01
5.177333333333333787e-01
5.196666666666667211e-01
5.166666666666667185e-01
5.182666666666666533e-01
5.187333333333333796e-01
5.191333333333333355e-01
5.191333333333333355e-01
5.177333333333333787e-01
5.165333333333332888e-01
5.186666666666667203e-01
5.201333333333333364e-01
5.211999999999999966e-01
5.181999999999999940e-01
5.158000000000000362e-01
5.170000000000000151e-01
5.195999999999999508e-01
5.190666666666666762e-01
5.213999999999999746e-01
5.229333333333333611e-01
5.188000000000000389e-01
5.207333333333333814e-01
5.198666666666666991e-01
5.215333333333332932e-01
5.215999999999999526e-01
5.196666666666667211e-01
5.250000000000000222e-01
5.218666666666667009e-01
5.204666666666666330e-01
5.210000000000000187e-01
5.224666666666666348e-01
5.195999999999999508e-01
5.212666666666666559e-01
5.208000000000000407e-01
5.218666666666667009e-01
5.200000000000000178e-01
5.190000000000000169e-01
5.218000000000000416e-01
5.211999999999999966e-01
5.232666666666666577e-01
5.241333333333333400e-01
5.252666666666666595e-01
5.262666666666666604e-01
5.221333333333333382e-01
5.227333333333333831e-01
5.230000000000000204e-01
5.197333333333333805e-01
5.218666666666667009e-01
5.202666666666666551e-01
5.183333333333333126e-01
5.215999999999999526e-01
5.237333333333333840e-01
5.210666666666666780e-01
5.262000000000000011e-01
5.262666666666666604e-01
5.235999999999999543e-01
5.248666666666667036e-01
5.252000000000000002e-01
5.236666666666666137e-01
5.224666666666666348e-01
5.191999999999999948e-01
5.241999999999999993e-01
5.255333333333332968e-01
5.247333333333333849e-01
5.232666666666666577e-01
5.237333333333333840e-01
5.207333333333333814e-01
5.230666666666666798e-01
5.258000000000000451e-01
5.235999999999999543e-01
5.221999999999999975e-01
5.236666666666666137e-01
5.278666666666667062e-01
5.263999999999999790e-01
5.228000000000000425e-01
5.241999999999999993e-01
5.252666666666666595e-01
5.254666666666666375e-01
5.266666666666666163e-01
5.176666666666667194e-01
5.307333333333332792e-01
5.267333333333333867e-01
5.264666666666666384e-01
5.267333333333333867e-01
5.240666666666666806e-01
5.268000000000000460e-01
5.288666666666667071e-01
5.273999999999999799e-01
5.238000000000000433e-01
5.257333333333333858e-01
5.288000000000000478e-01
5.252000000000000002e-01
5.245999999999999552e-01
5.294666666666666410e-01
5.236666666666666137e-01
5.243333333333333179e-01
5.283999999999999808e-01
5.284666666666666401e-01
5.238000000000000433e-01
5.272666666666666613e-01
5.324666666666666437e-01
5.280666666666666842e-01
5.280000000000000249e-01
5.222666666666666568e-01
5.291333333333333444e-01
5.274666666666666393e-01
5.263333333333333197e-01
5.302666666666666639e-01
5.272000000000000020e-01
5.278666666666667062e-01
5.273999999999999799e-01
5.277333333333333876e-01
5.263333333333333197e-01
5.273999999999999799e-01
5.281333333333333435e-01
5.307333333333332792e-01
5.312666666666666648e-01
5.279333333333333655e-01
5.281333333333333435e-01
5.270666666666666833e-01
5.275333333333332986e-01
5.266666666666666163e-01
5.270000000000000240e-01
5.272666666666666613e-01
5.294666666666666410e-01
5.302666666666666639e-01
5.300666666666666860e-01
5.305999999999999606e-01
5.267333333333333867e-01
5.290000000000000258e-01
5.292666666666666631e-01
5.303333333333333233e-01
5.299333333333333673e-01
5.235999999999999543e-01
5.285333333333332995e-01
5.298666666666667080e-01
5.282000000000000028e-01
5.303999999999999826e-01
5.306666666666666199e-01
5.291333333333333444e-01
5.303333333333333233e-01
5.276666666666666172e-01
5.330666666666666886e-01
5.295999999999999597e-01
5.299333333333333673e-01
5.323333333333333250e-01
5.295999999999999597e-01
5.302666666666666639e-01
5.274666666666666393e-01
5.277333333333333876e-01
5.285999999999999588e-01
5.285333333333332995e-01
5.311333333333333462e-01
5.308000000000000496e-01
5.366666666666666252e-01
5.312666666666666648e-01
5.301333333333333453e-01
5.280666666666666842e-01
5.285333333333332995e-01
5.333999999999999853e-01
5.303333333333333233e-01
5.318666666666667098e-01
5.332000000000000073e-01
5.324666666666666437e-01
5.315333333333333021e-01
5.289333333333333664e-01
5.323333333333333250e-01
5.313333333333333242e-01
5.285999999999999588e-01
5.302000000000000046e-01
5.332000000000000073e-01
5.331333333333333480e-01
5.308000000000000496e-01
5.327333333333332810e-01
5.338666666666667115e-01
5.302666666666666639e-01
5.312666666666666648e-01
5.333999999999999853e-01
5.354666666666666464e-01
5.321333333333333471e-01
5.323999999999999844e-01
5.313999999999999835e-01
5.327333333333332810e-01
5.333333333333333259e-01
5.335999999999999632e-01
5.352000000000000091e-01
5.341333333333333488e-01
5.312666666666666648e-01
5.372000000000000108e-01
5.330666666666666886e-01
5.304666666666666419e-01
5.353333333333333277e-01
5.362666666666666693e-01
5.334666666666666446e-01
5.334666666666666446e-01
5.338666666666667115e-01
5.371333333333333515e-01
5.315999999999999615e-01
5.328000000000000513e-01
5.340000000000000302e-01
5.315333333333333021e-01
5.368000000000000549e-01
5.300000000000000266e-01
5.339333333333333709e-01
5.380000000000000338e-01
5.351333333333333497e-01
5.343333333333333268e-01
5.354666666666666464e-01
5.353999999999999870e-01
5.341333333333333488e-01
5.321333333333333471e-01
5.378666666666667151e-01
5.352666666666666684e-01
5.353333333333333277e-01
5.377999999999999448e-01
5.387999999999999456e-01
5.328000000000000513e-01
5.312666666666666648e-01
5.335999999999999632e-01
5.372666666666666702e-01
5.355333333333333057e-01
5.383999999999999897e-01
5.394666666666666499e-01
5.383333333333333304e-01
5.365999999999999659e-01
5.325999999999999623e-01
5.358000000000000540e-01
5.332000000000000073e-01
5.352666666666666684e-01
5.355333333333333057e-01
5.349333333333333718e-01
