4.484666666666666801e-01
4.460000000000000075e-01
4.480666666666666687e-01
4.474000000000000199e-01
4.476666666666666572e-01
4.487999999999999767e-01
4.485999999999999988e-01
4.486666666666666581e-01
4.516000000000000014e-01
4.471999999999999864e-01
4.484000000000000208e-01
4.513333333333333086e-01
4.504000000000000226e-01
4.495333333333333403e-01
4.508666666666666933e-01
4.485999999999999988e-01
4.509333333333333527e-01
4.529333333333333544e-01
4.511333333333333306e-01
4.508666666666666933e-01
4.543333333333333113e-01
4.500666666666666704e-01
4.520000000000000129e-01
4.539333333333333553e-01
4.511333333333333306e-01
4.551999999999999935e-01
4.531333333333333324e-01
4.520000000000000129e-01
4.550666666666666749e-01
4.536000000000000032e-01
4.549333333333333562e-01
4.548666666666666414e-01
4.545333333333333448e-01
4.530000000000000138e-01
4.594666666666666899e-01
4.577999999999999847e-01
4.612666666666666582e-01
4.596666666666666679e-01
4.550666666666666749e-01
4.551333333333333342e-01
4.570000000000000173e-01
4.534666666666666845e-01
4.602666666666666573e-01
4.574666666666666881e-01
4.586000000000000076e-01
4.616000000000000103e-01
4.612666666666666582e-01
4.598666666666666458e-01
4.586000000000000076e-01
4.599333333333333607e-01
4.605333333333333501e-01
4.606666666666666687e-01
4.604666666666666908e-01
4.597999999999999865e-01
4.618666666666666476e-01
4.593999999999999750e-01
4.571333333333333360e-01
4.628666666666666485e-01
4.631333333333333413e-01
4.621999999999999997e-01
4.637333333333333307e-01
4.630000000000000226e-01
4.627999999999999892e-01
4.620666666666666811e-01
4.636666666666666714e-01
4.632666666666666599e-01
4.672000000000000042e-01
4.632666666666666599e-01
4.646000000000000130e-01
4.620666666666666811e-01
4.652666666666666617e-01
4.661333333333333440e-01
4.624666666666666925e-01
4.638666666666666494e-01
4.625333333333333519e-01
4.592666666666666564e-01
4.656000000000000139e-01
4.646000000000000130e-01
4.597333333333333272e-01
4.641333333333333422e-01
4.666666666666666741e-01
4.643333333333333202e-01
4.639333333333333087e-01
4.646666666666666723e-01
4.685333333333333572e-01
4.652000000000000024e-01
4.662000000000000033e-01
4.652000000000000024e-01
4.704666666666666441e-01
4.685333333333333572e-01
4.619333333333333069e-01
4.683333333333333237e-01
4.668666666666666520e-01
4.680000000000000271e-01
4.709333333333333149e-01
4.680666666666666864e-01
4.672000000000000042e-01
4.709333333333333149e-01
4.677333333333333343e-01
4.708666666666666556e-01
4.689999999999999725e-01
4.699999999999999734e-01
4.724666666666666459e-01
4.670000000000000262e-01
4.727333333333333387e-01
4.693333333333333246e-01
4.703333333333333255e-01
4.746666666666666812e-01
4.696000000000000174e-01
4.713999999999999857e-01
4.706666666666666776e-01
4.732666666666666688e-01
4.723999999999999866e-01
4.746666666666666812e-01
4.720666666666666900e-01
4.751333333333333520e-01
4.706000000000000183e-01
4.749333333333333185e-01
4.736000000000000210e-01
4.734666666666666468e-01
4.766000000000000236e-01
4.756000000000000227e-01
4.772000000000000131e-01
4.731333333333333502e-01
4.766666666666666829e-01
4.746666666666666812e-01
4.733999999999999875e-01
4.749999999999999778e-01
4.779333333333333211e-01
4.757333333333333414e-01
4.732000000000000095e-01
4.771333333333333537e-01
4.759999999999999787e-01
4.766000000000000236e-01
4.758000000000000007e-01
4.769333333333333202e-01
4.763999999999999901e-01
4.747333333333333405e-01
4.800666666666666416e-01
4.752666666666666706e-01
4.783999999999999919e-01
4.737333333333333396e-01
4.746000000000000218e-01
4.803333333333333344e-01
4.811333333333333573e-01
4.775333333333333097e-01
4.788000000000000034e-01
4.760666666666666935e-01
4.750666666666666926e-01
4.804666666666666530e-01
4.732666666666666688e-01
4.775333333333333097e-01
4.822666666666666768e-01
4.818000000000000060e-01
4.813999999999999946e-01
4.817333333333333467e-01
4.819999999999999840e-01
4.828000000000000069e-01
4.799999999999999822e-01
4.802666666666666750e-01
4.830666666666666442e-01
4.773333333333333317e-01
4.793333333333333335e-01
4.836666666666666892e-01
4.790666666666666407e-01
4.808666666666666645e-01
4.766666666666666829e-01
4.811333333333333573e-01
4.793333333333333335e-01
4.832666666666666777e-01
4.850666666666666460e-01
4.828666666666666663e-01
4.843999999999999972e-01
4.852000000000000202e-01
4.835999999999999743e-01
4.849999999999999867e-01
4.845999999999999752e-01
4.822000000000000175e-01
4.823333333333333361e-01
4.826666666666666883e-01
4.835999999999999743e-01
4.833999999999999964e-01
4.825333333333333141e-01
4.838666666666666671e-01
4.812000000000000166e-01
4.823333333333333361e-01
4.863333333333333397e-01
4.852000000000000202e-01
4.837333333333333485e-01
4.885999999999999788e-01
4.873333333333333406e-01
4.870666666666666478e-01
4.846666666666666901e-01
4.824666666666666548e-01
4.847333333333333494e-01
4.888666666666666716e-01
4.865333333333333177e-01
4.892000000000000237e-01
4.882000000000000228e-01
4.863999999999999990e-01
4.859333333333333282e-01
4.872000000000000219e-01
4.867333333333333512e-01
4.849333333333333274e-01
4.908000000000000140e-01
4.868000000000000105e-01
4.890666666666666496e-01
4.907333333333333547e-01
4.860666666666666469e-01
4.866666666666666918e-01
4.886666666666666936e-01
4.918000000000000149e-01
4.908000000000000140e-01
4.879333333333333300e-01
4.871333333333333071e-01
4.885999999999999788e-01
4.896666666666666390e-01
4.882000000000000228e-01
4.892666666666666830e-01
4.921333333333333115e-01
4.899333333333333318e-01
4.872666666666666813e-01
4.934666666666666646e-01
4.886666666666666936e-01
4.909999999999999920e-01
4.878000000000000114e-01
4.914666666666666628e-01
4.916666666666666408e-01
4.926666666666666416e-01
4.934666666666666646e-01
4.885999999999999788e-01
4.899333333333333318e-01
4.905999999999999805e-01
4.909333333333333327e-01
4.888666666666666716e-01
4.928666666666666751e-01
4.965999999999999859e-01
4.942666666666666875e-01
4.937333333333333574e-01
4.934000000000000052e-01
4.953333333333333477e-01
4.952666666666666884e-01
4.935333333333333239e-01
4.922000000000000264e-01
4.938666666666666760e-01
4.948666666666666769e-01
4.944666666666666655e-01
4.938666666666666760e-01
4.924666666666666637e-01
4.913333333333333441e-01
4.902666666666666839e-01
4.957333333333333591e-01
4.921333333333333115e-01
4.954000000000000070e-01
4.925333333333333230e-01
4.959999999999999964e-01
4.977333333333333609e-01
4.955999999999999850e-01
4.955999999999999850e-01
4.957333333333333591e-01
4.950666666666666549e-01
4.969333333333333380e-01
4.949999999999999956e-01
4.965999999999999859e-01
4.991999999999999771e-01
4.978666666666666796e-01
4.990666666666666584e-01
4.998666666666666814e-01
4.995333333333333292e-01
4.989333333333333398e-01
4.985333333333333283e-01
4.936666666666666425e-01
4.981999999999999762e-01
4.959333333333333371e-01
4.975333333333333274e-01
4.951333333333333142e-01
4.991333333333333178e-01
4.964666666666666672e-01
4.971333333333333160e-01
5.000000000000000000e-01
4.965333333333333266e-01
4.989999999999999991e-01
4.990666666666666584e-01
5.001999999999999780e-01
4.951999999999999735e-01
5.020000000000000018e-01
5.001999999999999780e-01
4.989999999999999991e-01
5.016666666666667052e-01
4.997333333333333072e-01
4.991333333333333178e-01
4.988666666666666805e-01
5.007333333333333636e-01
5.020666666666666611e-01
5.008666666666666822e-01
5.005333333333333856e-01
4.951999999999999735e-01
5.011999999999999789e-01
4.977333333333333609e-01
4.974000000000000088e-01
5.040000000000000036e-01
5.007333333333333636e-01
4.984666666666666690e-01
5.000666666666666593e-01
5.030666666666666620e-01
4.985999999999999877e-01
5.013333333333332975e-01
5.068000000000000282e-01
5.020000000000000018e-01
5.026000000000000467e-01
5.047333333333333671e-01
5.029333333333333433e-01
5.048666666666666858e-01
5.017333333333333645e-01
5.024666666666666170e-01
5.030666666666666620e-01
5.013999999999999568e-01
5.030666666666666620e-01
5.056666666666667087e-01
5.008000000000000229e-01
5.050000000000000044e-01
5.041333333333333222e-01
5.015333333333333865e-01
5.018666666666666831e-01
5.038000000000000256e-01
5.081333333333333258e-01
5.026666666666667060e-01
5.046000000000000485e-01
5.053333333333333011e-01
5.013333333333332975e-01
5.062666666666666426e-01
5.058666666666666867e-01
5.028666666666666840e-01
5.036666666666667069e-01
5.045333333333332781e-01
5.011999999999999789e-01
5.060666666666666647e-01
5.067333333333333689e-01
5.018000000000000238e-01
5.014666666666666162e-01
5.043333333333333002e-01
5.086666666666667114e-01
5.074666666666666215e-01
5.070666666666666655e-01
5.081999999999999851e-01
5.058666666666666867e-01
5.063333333333333020e-01
5.045333333333332781e-01
5.058666666666666867e-01
5.001333333333333186e-01
5.068000000000000282e-01
5.097333333333333716e-01
5.045333333333332781e-01
5.041999999999999815e-01
5.068666666666666876e-01
5.098000000000000309e-01
5.056666666666667087e-01
5.072666666666666435e-01
5.063333333333333020e-01
5.098000000000000309e-01
5.094666666666666233e-01
5.081999999999999851e-01
5.078666666666666885e-01
5.081999999999999851e-01
5.114666666666666250e-01
5.028000000000000247e-01
5.091999999999999860e-01
5.061999999999999833e-01
5.037333333333333663e-01
5.104666666666666242e-01
5.084666666666666224e-01
5.056666666666667087e-01
5.083333333333333037e-01
5.071999999999999842e-01
5.123999999999999666e-01
5.081333333333333258e-01
5.107333333333333725e-01
5.113333333333333064e-01
5.136666666666667158e-01
5.116666666666667140e-01
5.115333333333332844e-01
5.089333333333333487e-01
5.105333333333332835e-01
5.113999999999999657e-01
5.096000000000000529e-01
5.130666666666666709e-01
5.108666666666666911e-01
5.088000000000000300e-01
5.099333333333333496e-01
5.125333333333332853e-01
5.086000000000000520e-01
5.082666666666666444e-01
5.100000000000000089e-01
5.094666666666666233e-01
5.110000000000000098e-01
5.158000000000000362e-01
5.090666666666666673e-01
5.096666666666667123e-01
5.130000000000000115e-01
5.094666666666666233e-01
5.110666666666666691e-01
5.090666666666666673e-01
5.108666666666666911e-01
5.118666666666666920e-01
5.133333333333333082e-01
5.133999999999999675e-01
5.108000000000000318e-01
5.122666666666666480e-01
5.122666666666666480e-01
5.110000000000000098e-01
5.134666666666666268e-01
5.117333333333333734e-01
5.139333333333333531e-01
5.128666666666666929e-01
5.136666666666667158e-01
5.121333333333333293e-01
5.165333333333332888e-01
5.123999999999999666e-01
5.142666666666666497e-01
5.136666666666667158e-01
5.132666666666666488e-01
5.145999999999999464e-01
5.165999999999999481e-01
5.144666666666666277e-01
5.120000000000000107e-01
5.118000000000000327e-01
5.151999999999999913e-01
5.175999999999999490e-01
5.145999999999999464e-01
5.130666666666666709e-01
5.154666666666666286e-01
5.163333333333333108e-01
5.118000000000000327e-01
5.145999999999999464e-01
5.143999999999999684e-01
5.172666666666666524e-01
5.170000000000000151e-01
5.193333333333333135e-01
5.155333333333332879e-01
5.160666666666666735e-01
5.181333333333333346e-01
5.151999999999999913e-01
5.157333333333333769e-01
5.175333333333332897e-01
5.145333333333332870e-01
5.154666666666666286e-01
5.156666666666667176e-01
5.158000000000000362e-01
5.166666666666667185e-01
5.168000000000000371e-01
5.165333333333332888e-01
5.160666666666666735e-01
5.195999999999999508e-01
5.224666666666666348e-01
5.149333333333333540e-01
5.161999999999999922e-01
5.151999999999999913e-01
5.175999999999999490e-01
5.176666666666667194e-01
5.171999999999999931e-01
5.173333333333333117e-01
5.184666666666666313e-01
5.177333333333333787e-01
5.182666666666666533e-01
5.218666666666667009e-01
5.173999999999999710e-01
5.183999999999999719e-01
5.170666666666666744e-01
5.173333333333333117e-01
5.164666666666666295e-01
5.167333333333333778e-01
5.179333333333333567e-01
5.143999999999999684e-01
5.180000000000000160e-01
5.118000000000000327e-01
5.197333333333333805e-01
5.192666666666666542e-01
5.151333333333333320e-01
5.202666666666666551e-01
5.196666666666667211e-01
5.179333333333333567e-01
5.246666666666666146e-01
5.231333333333333391e-01
5.210666666666666780e-01
5.183333333333333126e-01
5.201333333333333364e-01
5.179333333333333567e-01
5.198000000000000398e-01
5.203333333333333144e-01
5.171999999999999931e-01
5.214666666666666339e-01
5.215333333333332932e-01
5.218000000000000416e-01
5.182666666666666533e-01
5.200000000000000178e-01
5.211333333333333373e-01
5.233999999999999764e-01
5.211333333333333373e-01
5.217333333333333822e-01
5.202666666666666551e-01
5.206666666666667220e-01
5.225333333333332941e-01
5.185999999999999499e-01
5.201333333333333364e-01
5.212666666666666559e-01
5.226666666666666128e-01
5.224666666666666348e-01
5.205333333333332924e-01
5.193999999999999728e-01
5.213999999999999746e-01
5.217333333333333822e-01
5.227333333333333831e-01
5.211999999999999966e-01
5.177333333333333787e-01
5.196666666666667211e-01
5.221999999999999975e-01
5.212666666666666559e-01
5.235999999999999543e-01
5.254666666666666375e-01
5.210666666666666780e-01
5.236666666666666137e-01
5.227333333333333831e-01
5.245333333333332959e-01
5.238666666666667027e-01
5.209333333333333593e-01
5.265999999999999570e-01
5.245333333333332959e-01
5.228666666666667018e-01
5.237333333333333840e-01
5.241999999999999993e-01
5.226666666666666128e-01
5.241999999999999993e-01
5.238000000000000433e-01
5.238000000000000433e-01
5.218000000000000416e-01
5.210666666666666780e-01
5.236666666666666137e-01
5.237333333333333840e-01
5.253333333333333188e-01
5.268666666666667053e-01
5.273999999999999799e-01
5.282666666666666622e-01
5.243999999999999773e-01
5.247333333333333849e-01
5.251333333333333409e-01
5.230000000000000204e-01
5.240666666666666806e-01
5.225333333333332941e-01
5.203999999999999737e-01
5.240000000000000213e-01
5.258000000000000451e-01
5.235999999999999543e-01
5.290666666666666851e-01
5.288666666666667071e-01
5.262666666666666604e-01
5.271333333333333426e-01
5.275333333333332986e-01
5.260000000000000231e-01
5.249333333333333629e-01
5.214666666666666339e-01
5.270666666666666833e-01
5.278666666666667062e-01
5.282000000000000028e-01
5.268000000000000460e-01
5.265333333333332977e-01
5.233999999999999764e-01
5.254666666666666375e-01
5.280666666666666842e-01
5.262666666666666604e-01
5.241333333333333400e-01
5.258666666666667044e-01
5.298666666666667080e-01
5.288000000000000478e-01
5.248666666666667036e-01
5.269333333333333647e-01
5.276666666666666172e-01
5.282000000000000028e-01
5.299333333333333673e-01
5.194666666666666321e-01
5.325999999999999623e-01
5.290000000000000258e-01
5.286666666666666181e-01
5.286666666666666181e-01
5.275999999999999579e-01
5.285999999999999588e-01
5.312000000000000055e-01
5.300666666666666860e-01
5.268666666666667053e-01
5.285333333333332995e-01
5.315333333333333021e-01
5.275999999999999579e-01
5.256666666666666154e-01
5.312666666666666648e-01
5.270000000000000240e-01
5.263999999999999790e-01
5.307333333333332792e-01
5.312000000000000055e-01
5.258666666666667044e-01
5.292000000000000037e-01
5.351333333333333497e-01
5.292666666666666631e-01
5.302666666666666639e-01
5.233999999999999764e-01
5.309333333333333682e-01
5.302000000000000046e-01
5.278666666666667062e-01
5.324666666666666437e-01
5.293333333333333224e-01
5.302666666666666639e-01
5.290000000000000258e-01
5.293333333333333224e-01
5.288666666666667071e-01
5.303333333333333233e-01
5.308000000000000496e-01
5.329333333333333700e-01
5.328000000000000513e-01
5.302666666666666639e-01
5.311333333333333462e-01
5.297333333333332783e-01
5.298666666666667080e-01
5.295333333333333004e-01
5.293999999999999817e-01
5.297333333333332783e-01
5.318000000000000504e-01
5.323999999999999844e-01
5.322666666666666657e-01
5.326666666666666217e-01
5.288000000000000478e-01
5.304666666666666419e-01
5.310666666666666869e-01
5.323999999999999844e-01
5.330000000000000293e-01
5.258000000000000451e-01
5.311333333333333462e-01
5.330666666666666886e-01
5.304666666666666419e-01
5.325999999999999623e-01
5.332000000000000073e-01
5.308666666666667089e-01
5.329333333333333700e-01
5.302000000000000046e-01
5.352666666666666684e-01
5.310666666666666869e-01
5.315999999999999615e-01
5.348666666666667124e-01
5.319333333333333691e-01
5.309333333333333682e-01
5.298000000000000487e-01
5.287333333333333885e-01
5.303333333333333233e-01
5.304666666666666419e-01
5.328000000000000513e-01
5.323999999999999844e-01
5.383999999999999897e-01
5.327333333333332810e-01
5.323333333333333250e-01
5.300666666666666860e-01
5.301333333333333453e-01
5.338666666666667115e-01
5.316666666666666208e-01
5.330666666666666886e-01
5.348666666666667124e-01
5.345999999999999641e-01
5.328666666666667107e-01
5.312000000000000055e-01
5.342666666666666675e-01
5.337333333333332819e-01
5.302666666666666639e-01
5.316666666666666208e-01
5.351333333333333497e-01
5.346666666666666234e-01
5.333333333333333259e-01
5.344666666666666455e-01
5.356666666666666243e-01
5.319333333333333691e-01
5.332666666666666666e-01
5.352000000000000091e-01
5.374666666666666481e-01
5.340666666666666895e-01
5.350000000000000311e-01
5.332000000000000073e-01
5.350000000000000311e-01
5.349333333333333718e-01
5.350000000000000311e-01
5.364666666666666472e-01
5.358666666666667133e-01
5.329333333333333700e-01
5.390000000000000346e-01
5.348666666666667124e-01
5.323999999999999844e-01
5.366666666666666252e-01
5.372000000000000108e-01
5.351333333333333497e-01
5.356666666666666243e-01
5.354666666666666464e-01
5.391333333333333533e-01
5.334666666666666446e-01
5.349333333333333718e-01
5.354666666666666464e-01
5.349333333333333718e-01
5.391333333333333533e-01
5.328666666666667107e-01
5.352000000000000091e-01
5.397999999999999465e-01
5.368000000000000549e-01
5.356666666666666243e-01
5.375999999999999668e-01
5.372000000000000108e-01
5.367333333333332845e-01
5.337333333333332819e-01
5.403999999999999915e-01
5.370000000000000329e-01
5.373333333333333295e-01
5.405333333333333101e-01
5.406666666666666288e-01
5.353333333333333277e-01
5.332666666666666666e-01
5.352666666666666684e-01
5.386666666666666270e-01
5.371333333333333515e-01
5.403999999999999915e-01
5.413999999999999924e-01
5.396666666666666279e-01
5.392666666666666719e-01
5.353333333333333277e-01
5.375333333333333075e-01
5.355999999999999650e-01
5.373333333333333295e-01
5.379333333333333744e-01
5.373333333333333295e-01
