3.439999999999999725e-01
3.447333333333333361e-01
3.498666666666666591e-01
3.503999999999999893e-01
3.537333333333333441e-01
3.543333333333333335e-01
3.529999999999999805e-01
3.558666666666666645e-01
3.603999999999999981e-01
3.596666666666666901e-01
3.609999999999999876e-01
3.675333333333333230e-01
3.684666666666666646e-01
3.656666666666666399e-01
3.691999999999999726e-01
3.655999999999999805e-01
3.706666666666666443e-01
3.748000000000000220e-01
3.751333333333333186e-01
3.728666666666666796e-01
3.764000000000000123e-01
3.765333333333333310e-01
3.820666666666666655e-01
3.804000000000000159e-01
3.812666666666666426e-01
3.826666666666666550e-01
3.827999999999999736e-01
3.842666666666666453e-01
3.877999999999999781e-01
3.890000000000000124e-01
3.877999999999999781e-01
3.906666666666666621e-01
3.906666666666666621e-01
3.895333333333333425e-01
3.960000000000000187e-01
3.963333333333333153e-01
4.006000000000000116e-01
3.983333333333333171e-01
3.955333333333333479e-01
3.952666666666666551e-01
3.989333333333333065e-01
3.954666666666666885e-01
4.004666666666666930e-01
4.016666666666666718e-01
4.020000000000000240e-01
4.053999999999999826e-01
4.047999999999999932e-01
4.049333333333333118e-01
4.069999999999999729e-01
4.076666666666666772e-01
4.065333333333333576e-01
4.074666666666666437e-01
4.066000000000000170e-01
4.097999999999999976e-01
4.092666666666666675e-01
4.100666666666666904e-01
4.080666666666666886e-01
4.146666666666666834e-01
4.133999999999999897e-01
4.122000000000000108e-01
4.166000000000000258e-01
4.175333333333333119e-01
4.156666666666666843e-01
4.156000000000000250e-01
4.179333333333333234e-01
4.178666666666666640e-01
4.213999999999999968e-01
4.166666666666666852e-01
4.189999999999999836e-01
4.189333333333333242e-01
4.205999999999999739e-01
4.222000000000000197e-01
4.191333333333333577e-01
4.210666666666666447e-01
4.199999999999999845e-01
4.178666666666666640e-01
4.229999999999999871e-01
4.220666666666666456e-01
4.184666666666666535e-01
4.205999999999999739e-01
4.225333333333333163e-01
4.230666666666666464e-01
4.231333333333333058e-01
4.252666666666666817e-01
4.287333333333333552e-01
4.258000000000000118e-01
4.276666666666666394e-01
4.265999999999999792e-01
4.302666666666666861e-01
4.278000000000000136e-01
4.208000000000000074e-01
4.295999999999999819e-01
4.304000000000000048e-01
4.294666666666666632e-01
4.345999999999999863e-01
4.284000000000000030e-01
4.308000000000000163e-01
4.345999999999999863e-01
4.322666666666666879e-01
4.349999999999999978e-01
4.339333333333333376e-01
4.333333333333333481e-01
4.365999999999999881e-01
4.327333333333333587e-01
4.366666666666666474e-01
4.337333333333333596e-01
4.380666666666666598e-01
4.391333333333333200e-01
4.338666666666666782e-01
4.362666666666666915e-01
4.368000000000000216e-01
4.405999999999999917e-01
4.385333333333333306e-01
4.405333333333333323e-01
4.372666666666666924e-01
4.431333333333333235e-01
4.385999999999999899e-01
4.405333333333333323e-01
4.430000000000000049e-01
4.412666666666666404e-01
4.424000000000000155e-01
4.418000000000000260e-01
4.434000000000000163e-01
4.405999999999999917e-01
4.444000000000000172e-01
4.401333333333333209e-01
4.420666666666666633e-01
4.437333333333333130e-01
4.451333333333333253e-01
4.450000000000000067e-01
4.411999999999999811e-01
4.451333333333333253e-01
4.434000000000000163e-01
4.451999999999999846e-01
4.445999999999999952e-01
4.456666666666666554e-01
4.471999999999999864e-01
4.438666666666666871e-01
4.485333333333333394e-01
4.467333333333333156e-01
4.492666666666666475e-01
4.451999999999999846e-01
4.458666666666666889e-01
4.506666666666666599e-01
4.516000000000000014e-01
4.477999999999999758e-01
4.520000000000000129e-01
4.489333333333333509e-01
4.477999999999999758e-01
4.534000000000000252e-01
4.453333333333333588e-01
4.476666666666666572e-01
4.546000000000000041e-01
4.530000000000000138e-01
4.521333333333333315e-01
4.558666666666666423e-01
4.545333333333333448e-01
4.570000000000000173e-01
4.537333333333333218e-01
4.526000000000000023e-01
4.550666666666666749e-01
4.510666666666666713e-01
4.493333333333333068e-01
4.565333333333333465e-01
4.529333333333333544e-01
4.530000000000000138e-01
4.501999999999999891e-01
4.546666666666666634e-01
4.537999999999999812e-01
4.577999999999999847e-01
4.593999999999999750e-01
4.576666666666666661e-01
4.593999999999999750e-01
4.587333333333333263e-01
4.586000000000000076e-01
4.587999999999999856e-01
4.596666666666666679e-01
4.591999999999999971e-01
4.563333333333333131e-01
4.586666666666666670e-01
4.586666666666666670e-01
4.586666666666666670e-01
4.570666666666666766e-01
4.620666666666666811e-01
4.578666666666666440e-01
4.601333333333333386e-01
4.628666666666666485e-01
4.590666666666666784e-01
4.616000000000000103e-01
4.638666666666666494e-01
4.633333333333333193e-01
4.651333333333333431e-01
4.610000000000000209e-01
4.591333333333333377e-01
4.625333333333333519e-01
4.656666666666666732e-01
4.636666666666666714e-01
4.677333333333333343e-01
4.658666666666666512e-01
4.615333333333333510e-01
4.623999999999999777e-01
4.647333333333333316e-01
4.650666666666666837e-01
4.604666666666666908e-01
4.679333333333333123e-01
4.641333333333333422e-01
4.665333333333333554e-01
4.664666666666666406e-01
4.647999999999999909e-01
4.635333333333333528e-01
4.670666666666666855e-01
4.684666666666666424e-01
4.659333333333333105e-01
4.663999999999999813e-01
4.673999999999999821e-01
4.670666666666666855e-01
4.690666666666666873e-01
4.659333333333333105e-01
4.668666666666666520e-01
4.700666666666666882e-01
4.687999999999999945e-01
4.662000000000000033e-01
4.726666666666666794e-01
4.683999999999999830e-01
4.694666666666666432e-01
4.682000000000000051e-01
4.686000000000000165e-01
4.709333333333333149e-01
4.699999999999999734e-01
4.729999999999999760e-01
4.692000000000000060e-01
4.682000000000000051e-01
4.699999999999999734e-01
4.703999999999999848e-01
4.695333333333333581e-01
4.719999999999999751e-01
4.763999999999999901e-01
4.742000000000000104e-01
4.723333333333333273e-01
4.752000000000000113e-01
4.746000000000000218e-01
4.747999999999999998e-01
4.729999999999999760e-01
4.749333333333333185e-01
4.756000000000000227e-01
4.735333333333333061e-01
4.730666666666666909e-01
4.762000000000000122e-01
4.737999999999999989e-01
4.717333333333333378e-01
4.709999999999999742e-01
4.765333333333333088e-01
4.751333333333333520e-01
4.748666666666666591e-01
4.752666666666666706e-01
4.762000000000000122e-01
4.781333333333333546e-01
4.755333333333333079e-01
4.762666666666666715e-01
4.767333333333333423e-01
4.756666666666666821e-01
4.778000000000000025e-01
4.782000000000000139e-01
4.787333333333333441e-01
4.798666666666666636e-01
4.785333333333333106e-01
4.786000000000000254e-01
4.795333333333333115e-01
4.808666666666666645e-01
4.788666666666666627e-01
4.792000000000000148e-01
4.743333333333333290e-01
4.811333333333333573e-01
4.753333333333333299e-01
4.781333333333333546e-01
4.778000000000000025e-01
4.803333333333333344e-01
4.778000000000000025e-01
4.780666666666666398e-01
4.836666666666666892e-01
4.782666666666666733e-01
4.799333333333333229e-01
4.807333333333333458e-01
4.814666666666666539e-01
4.780666666666666398e-01
4.843333333333333379e-01
4.813333333333333353e-01
4.815999999999999726e-01
4.846666666666666901e-01
4.822666666666666768e-01
4.803999999999999937e-01
4.791333333333333555e-01
4.822666666666666768e-01
4.840666666666666451e-01
4.823999999999999955e-01
4.825999999999999734e-01
4.783999999999999919e-01
4.847333333333333494e-01
4.822000000000000175e-01
4.789999999999999813e-01
4.882000000000000228e-01
4.829333333333333256e-01
4.819999999999999840e-01
4.830666666666666442e-01
4.858000000000000096e-01
4.809999999999999831e-01
4.838666666666666671e-01
4.888000000000000123e-01
4.863999999999999990e-01
4.840666666666666451e-01
4.897333333333333538e-01
4.863333333333333397e-01
4.870666666666666478e-01
4.859333333333333282e-01
4.852000000000000202e-01
4.863999999999999990e-01
4.858000000000000096e-01
4.853999999999999981e-01
4.880666666666666487e-01
4.831333333333333591e-01
4.878000000000000114e-01
4.868000000000000105e-01
4.855999999999999761e-01
4.862666666666666804e-01
4.858666666666666689e-01
4.902666666666666839e-01
4.869333333333333291e-01
4.878000000000000114e-01
4.881333333333333080e-01
4.855999999999999761e-01
4.908000000000000140e-01
4.913333333333333441e-01
4.861333333333333062e-01
4.881333333333333080e-01
4.890666666666666496e-01
4.854666666666666575e-01
4.915333333333333221e-01
4.919999999999999929e-01
4.875999999999999779e-01
4.866666666666666918e-01
4.872000000000000219e-01
4.921333333333333115e-01
4.914000000000000035e-01
4.928000000000000158e-01
4.929333333333333345e-01
4.908000000000000140e-01
4.897333333333333538e-01
4.897333333333333538e-01
4.905999999999999805e-01
4.858666666666666689e-01
4.904666666666666619e-01
4.934000000000000052e-01
4.905999999999999805e-01
4.898666666666666725e-01
4.919999999999999929e-01
4.937333333333333574e-01
4.917333333333333556e-01
4.924000000000000044e-01
4.914000000000000035e-01
4.949333333333333362e-01
4.934000000000000052e-01
4.941333333333333133e-01
4.922666666666666857e-01
4.937333333333333574e-01
4.985999999999999877e-01
4.877333333333333520e-01
4.944000000000000061e-01
4.886666666666666936e-01
4.885333333333333194e-01
4.970666666666666567e-01
4.931333333333333124e-01
4.906666666666666399e-01
4.944000000000000061e-01
4.935999999999999832e-01
4.999333333333333407e-01
4.938666666666666760e-01
4.953333333333333477e-01
4.968666666666666787e-01
5.010000000000000009e-01
4.975999999999999868e-01
4.974666666666666681e-01
4.939333333333333353e-01
4.969333333333333380e-01
4.982666666666666910e-01
4.965333333333333266e-01
4.969333333333333380e-01
4.955333333333333257e-01
4.954000000000000070e-01
4.937333333333333574e-01
4.981999999999999762e-01
4.946666666666666434e-01
4.937333333333333574e-01
4.951333333333333142e-01
4.945999999999999841e-01
4.979999999999999982e-01
5.011333333333333195e-01
4.965333333333333266e-01
4.950666666666666549e-01
4.974000000000000088e-01
4.955333333333333257e-01
4.961999999999999744e-01
4.946666666666666434e-01
4.975333333333333274e-01
4.971999999999999753e-01
4.994000000000000106e-01
4.988666666666666805e-01
4.974666666666666681e-01
4.997333333333333072e-01
4.987333333333333063e-01
4.984000000000000097e-01
4.997333333333333072e-01
5.009333333333333416e-01
5.022666666666666391e-01
4.989333333333333398e-01
5.010666666666666602e-01
4.999333333333333407e-01
5.024666666666666170e-01
4.996666666666666479e-01
5.011999999999999789e-01
5.007333333333333636e-01
5.001333333333333186e-01
5.006000000000000449e-01
5.047333333333333671e-01
5.006000000000000449e-01
5.000000000000000000e-01
5.007333333333333636e-01
5.020666666666666611e-01
5.033999999999999586e-01
5.028666666666666840e-01
5.009333333333333416e-01
5.041999999999999815e-01
5.043999999999999595e-01
4.990666666666666584e-01
5.000666666666666593e-01
5.009333333333333416e-01
5.036000000000000476e-01
5.038000000000000256e-01
5.049333333333333451e-01
5.031999999999999806e-01
5.031999999999999806e-01
5.051333333333333231e-01
5.018666666666666831e-01
5.039333333333333442e-01
5.046666666666667078e-01
5.031999999999999806e-01
5.037333333333333663e-01
5.034666666666666179e-01
5.019333333333333425e-01
5.047333333333333671e-01
5.043999999999999595e-01
5.048000000000000265e-01
5.031333333333333213e-01
5.055333333333332790e-01
5.113333333333333064e-01
5.032666666666666400e-01
5.038666666666666849e-01
5.034666666666666179e-01
5.026000000000000467e-01
5.049333333333333451e-01
5.055333333333332790e-01
5.034666666666666179e-01
5.051333333333333231e-01
5.049333333333333451e-01
5.048000000000000265e-01
5.086666666666667114e-01
5.033333333333332993e-01
5.051333333333333231e-01
5.047333333333333671e-01
5.038666666666666849e-01
5.046000000000000485e-01
5.033999999999999586e-01
5.045333333333332781e-01
5.030000000000000027e-01
5.054666666666666197e-01
5.008666666666666822e-01
5.085333333333332817e-01
5.076000000000000512e-01
5.033333333333332993e-01
5.076000000000000512e-01
5.074666666666666215e-01
5.066666666666667096e-01
5.125333333333332853e-01
5.104666666666666242e-01
5.070000000000000062e-01
5.063999999999999613e-01
5.111999999999999877e-01
5.050666666666666638e-01
5.086000000000000520e-01
5.079333333333333478e-01
5.061999999999999833e-01
5.097333333333333716e-01
5.081333333333333258e-01
5.089333333333333487e-01
5.086666666666667114e-01
5.083999999999999631e-01
5.096000000000000529e-01
5.116666666666667140e-01
5.095333333333332826e-01
5.111999999999999877e-01
5.082666666666666444e-01
5.069333333333333469e-01
5.107333333333333725e-01
5.072666666666666435e-01
5.083999999999999631e-01
5.086000000000000520e-01
5.086000000000000520e-01
5.091333333333333266e-01
5.081999999999999851e-01
5.092666666666666453e-01
5.079333333333333478e-01
5.096000000000000529e-01
5.103333333333333055e-01
5.104666666666666242e-01
5.059333333333333460e-01
5.098000000000000309e-01
5.098666666666666902e-01
5.102666666666666462e-01
5.125333333333332853e-01
5.119333333333333513e-01
5.098000000000000309e-01
5.126666666666667149e-01
5.091999999999999860e-01
5.120666666666666700e-01
5.105333333333332835e-01
5.097333333333333716e-01
5.148000000000000353e-01
5.123333333333333073e-01
5.106666666666667131e-01
5.111333333333333284e-01
5.129333333333333522e-01
5.101333333333333275e-01
5.133999999999999675e-01
5.125333333333332853e-01
5.122666666666666480e-01
5.110000000000000098e-01
5.103333333333333055e-01
5.116000000000000547e-01
5.125333333333332853e-01
5.147333333333333760e-01
5.156666666666667176e-01
5.165333333333332888e-01
5.169333333333333558e-01
5.130666666666666709e-01
5.125999999999999446e-01
5.132666666666666488e-01
5.103999999999999648e-01
5.135333333333332861e-01
5.095333333333332826e-01
5.096000000000000529e-01
5.123333333333333073e-01
5.142666666666666497e-01
5.118666666666666920e-01
5.160666666666666735e-01
5.165999999999999481e-01
5.148666666666666947e-01
5.153999999999999693e-01
5.155333333333332879e-01
5.151333333333333320e-01
5.138000000000000345e-01
5.100000000000000089e-01
5.150000000000000133e-01
5.162666666666666515e-01
5.166666666666667185e-01
5.145333333333332870e-01
5.145333333333332870e-01
5.115333333333332844e-01
5.148000000000000353e-01
5.170000000000000151e-01
5.157333333333333769e-01
5.123999999999999666e-01
5.148666666666666947e-01
5.191999999999999948e-01
5.162666666666666515e-01
5.137333333333333751e-01
5.154666666666666286e-01
5.158666666666666956e-01
5.178666666666666973e-01
5.173333333333333117e-01
5.096000000000000529e-01
5.223999999999999755e-01
5.181999999999999940e-01
5.171333333333333337e-01
5.180000000000000160e-01
5.140000000000000124e-01
5.190000000000000169e-01
5.191999999999999948e-01
5.188666666666666982e-01
5.150000000000000133e-01
5.173333333333333117e-01
5.201333333333333364e-01
5.162666666666666515e-01
5.158000000000000362e-01
5.201999999999999957e-01
5.148000000000000353e-01
5.158000000000000362e-01
5.205999999999999517e-01
5.181333333333333346e-01
5.143999999999999684e-01
5.178666666666666973e-01
5.225333333333332941e-01
5.188000000000000389e-01
5.196666666666667211e-01
5.128000000000000336e-01
5.183999999999999719e-01
5.188000000000000389e-01
5.171999999999999931e-01
5.213999999999999746e-01
5.184666666666666313e-01
5.200666666666666771e-01
5.173999999999999710e-01
5.187333333333333796e-01
5.164666666666666295e-01
5.188000000000000389e-01
5.188000000000000389e-01
5.210666666666666780e-01
5.225333333333332941e-01
5.198666666666666991e-01
5.198000000000000398e-01
5.193999999999999728e-01
5.181333333333333346e-01
5.170666666666666744e-01
5.181999999999999940e-01
5.161333333333333329e-01
5.201333333333333364e-01
5.222666666666666568e-01
5.213333333333333153e-01
5.208000000000000407e-01
5.174666666666666304e-01
5.191333333333333355e-01
5.203999999999999737e-01
5.193999999999999728e-01
5.213999999999999746e-01
5.151333333333333320e-01
5.191333333333333355e-01
5.210000000000000187e-01
5.201333333333333364e-01
5.201333333333333364e-01
5.215999999999999526e-01
5.199333333333333584e-01
5.210000000000000187e-01
5.167333333333333778e-01
5.240000000000000213e-01
5.203999999999999737e-01
5.199333333333333584e-01
5.210666666666666780e-01
5.191333333333333355e-01
5.187333333333333796e-01
5.180000000000000160e-01
5.189333333333333576e-01
5.183999999999999719e-01
5.190666666666666762e-01
5.205333333333332924e-01
5.227333333333333831e-01
5.275333333333332986e-01
5.216666666666666119e-01
5.201999999999999957e-01
5.193999999999999728e-01
5.191999999999999948e-01
5.240000000000000213e-01
5.205999999999999517e-01
5.213999999999999746e-01
5.245333333333332959e-01
5.224666666666666348e-01
5.214666666666666339e-01
5.200666666666666771e-01
5.235999999999999543e-01
5.221333333333333382e-01
5.198666666666666991e-01
5.221333333333333382e-01
5.233999999999999764e-01
5.231333333333333391e-01
5.221333333333333382e-01
5.231999999999999984e-01
5.247333333333333849e-01
5.215333333333332932e-01
5.226666666666666128e-01
5.243999999999999773e-01
5.252666666666666595e-01
5.236666666666666137e-01
5.225333333333332941e-01
5.223333333333333162e-01
5.233333333333333171e-01
5.255999999999999561e-01
5.232666666666666577e-01
5.260666666666666824e-01
5.242666666666666586e-01
5.221999999999999975e-01
5.277333333333333876e-01
5.242666666666666586e-01
5.210666666666666780e-01
5.262666666666666604e-01
5.270666666666666833e-01
5.244666666666666366e-01
5.229333333333333611e-01
5.248666666666667036e-01
5.285333333333332995e-01
5.228000000000000425e-01
5.248666666666667036e-01
5.260000000000000231e-01
5.251333333333333409e-01
5.281333333333333435e-01
5.222666666666666568e-01
5.262000000000000011e-01
5.292000000000000037e-01
5.271333333333333426e-01
5.248666666666667036e-01
5.266666666666666163e-01
5.266666666666666163e-01
5.253333333333333188e-01
5.235999999999999543e-01
5.282000000000000028e-01
5.261333333333333417e-01
5.265999999999999570e-01
5.299333333333333673e-01
5.289333333333333664e-01
5.228000000000000425e-01
5.224666666666666348e-01
5.247333333333333849e-01
5.274666666666666393e-01
5.273333333333333206e-01
5.294666666666666410e-01
5.316666666666666208e-01
5.300666666666666860e-01
5.285999999999999588e-01
5.236666666666666137e-01
5.287333333333333885e-01
5.253333333333333188e-01
5.280666666666666842e-01
5.274666666666666393e-01
5.272000000000000020e-01
