4.334000000000000075e-01
4.294666666666666632e-01
4.337333333333333596e-01
4.331999999999999740e-01
4.333333333333333481e-01
4.318000000000000171e-01
4.338666666666666782e-01
4.337333333333333596e-01
4.381999999999999784e-01
4.334000000000000075e-01
4.341333333333333155e-01
4.366666666666666474e-01
4.359333333333333393e-01
4.346666666666666456e-01
4.357333333333333059e-01
4.340666666666666562e-01
4.364666666666666694e-01
4.387333333333333085e-01
4.372666666666666924e-01
4.360666666666666580e-01
4.388000000000000234e-01
4.357333333333333059e-01
4.388666666666666827e-01
4.383333333333333526e-01
4.367333333333333067e-01
4.395333333333333314e-01
4.378666666666666818e-01
4.391999999999999793e-01
4.398666666666666836e-01
4.410666666666666624e-01
4.415333333333333332e-01
4.394666666666666721e-01
4.413333333333333552e-01
4.394000000000000128e-01
4.446666666666666545e-01
4.440000000000000058e-01
4.467333333333333156e-01
4.440000000000000058e-01
4.410666666666666624e-01
4.419333333333333447e-01
4.433333333333333570e-01
4.402666666666666395e-01
4.461999999999999855e-01
4.456666666666666554e-01
4.459333333333333482e-01
4.464000000000000190e-01
4.482666666666666466e-01
4.474000000000000199e-01
4.462666666666666448e-01
4.457999999999999741e-01
4.475999999999999979e-01
4.468666666666666898e-01
4.464666666666666783e-01
4.480000000000000093e-01
4.485999999999999988e-01
4.470000000000000084e-01
4.444000000000000172e-01
4.506666666666666599e-01
4.507999999999999785e-01
4.501333333333333298e-01
4.497333333333333183e-01
4.526666666666666616e-01
4.510666666666666713e-01
4.501999999999999891e-01
4.526000000000000023e-01
4.514666666666666828e-01
4.557333333333333236e-01
4.500000000000000111e-01
4.518666666666666942e-01
4.507999999999999785e-01
4.527999999999999803e-01
4.536666666666666625e-01
4.490666666666666695e-01
4.537999999999999812e-01
4.524666666666666837e-01
4.467999999999999750e-01
4.542666666666666520e-01
4.535333333333333439e-01
4.485333333333333394e-01
4.521999999999999909e-01
4.553333333333333122e-01
4.535333333333333439e-01
4.540666666666666740e-01
4.546666666666666634e-01
4.583333333333333148e-01
4.549333333333333562e-01
4.561333333333333351e-01
4.550666666666666749e-01
4.594666666666666899e-01
4.587333333333333263e-01
4.515333333333333421e-01
4.593999999999999750e-01
4.558666666666666423e-01
4.574666666666666881e-01
4.614666666666666917e-01
4.577333333333333254e-01
4.568666666666666432e-01
4.608666666666666467e-01
4.571333333333333360e-01
4.613333333333333175e-01
4.590000000000000191e-01
4.592666666666666564e-01
4.619333333333333069e-01
4.560000000000000164e-01
4.613333333333333175e-01
4.581999999999999962e-01
4.614666666666666917e-01
4.640000000000000235e-01
4.593999999999999750e-01
4.613999999999999768e-01
4.617333333333333290e-01
4.624666666666666925e-01
4.624666666666666925e-01
4.640666666666666829e-01
4.621999999999999997e-01
4.663999999999999813e-01
4.623999999999999777e-01
4.642666666666666608e-01
4.652666666666666617e-01
4.646000000000000130e-01
4.666666666666666741e-01
4.667999999999999927e-01
4.684666666666666424e-01
4.634666666666666934e-01
4.673999999999999821e-01
4.647999999999999909e-01
4.652666666666666617e-01
4.655333333333333545e-01
4.690666666666666873e-01
4.667333333333333334e-01
4.651333333333333431e-01
4.672000000000000042e-01
4.675333333333333563e-01
4.680000000000000271e-01
4.680666666666666864e-01
4.667999999999999927e-01
4.673999999999999821e-01
4.662666666666666626e-01
4.713333333333333264e-01
4.667333333333333334e-01
4.695333333333333581e-01
4.646666666666666723e-01
4.660000000000000253e-01
4.727333333333333387e-01
4.732666666666666688e-01
4.696666666666666767e-01
4.715333333333333599e-01
4.683333333333333237e-01
4.670666666666666855e-01
4.730666666666666909e-01
4.667999999999999927e-01
4.692666666666666653e-01
4.737999999999999989e-01
4.745333333333333070e-01
4.730666666666666909e-01
4.739333333333333176e-01
4.750666666666666926e-01
4.749333333333333185e-01
4.710666666666666891e-01
4.721333333333333493e-01
4.745333333333333070e-01
4.701333333333333475e-01
4.705333333333333590e-01
4.755333333333333079e-01
4.722666666666666679e-01
4.729999999999999760e-01
4.690666666666666873e-01
4.747333333333333405e-01
4.727999999999999980e-01
4.758000000000000007e-01
4.774666666666666504e-01
4.759999999999999787e-01
4.766000000000000236e-01
4.766666666666666829e-01
4.760666666666666935e-01
4.770666666666666944e-01
4.778666666666666618e-01
4.756000000000000227e-01
4.760666666666666935e-01
4.751333333333333520e-01
4.766666666666666829e-01
4.763333333333333308e-01
4.758666666666666600e-01
4.773333333333333317e-01
4.745333333333333070e-01
4.762666666666666715e-01
4.797333333333333449e-01
4.771333333333333537e-01
4.766000000000000236e-01
4.815333333333333132e-01
4.807333333333333458e-01
4.803999999999999937e-01
4.776000000000000245e-01
4.753333333333333299e-01
4.789999999999999813e-01
4.816666666666666874e-01
4.795333333333333115e-01
4.829999999999999849e-01
4.825999999999999734e-01
4.794666666666666521e-01
4.796000000000000263e-01
4.805333333333333123e-01
4.806000000000000272e-01
4.778666666666666618e-01
4.835333333333333150e-01
4.797333333333333449e-01
4.823333333333333361e-01
4.830666666666666442e-01
4.785333333333333106e-01
4.802666666666666750e-01
4.811333333333333573e-01
4.860666666666666469e-01
4.829999999999999849e-01
4.818666666666666654e-01
4.816666666666666874e-01
4.829999999999999849e-01
4.833999999999999964e-01
4.809999999999999831e-01
4.828666666666666663e-01
4.853333333333333388e-01
4.835999999999999743e-01
4.815333333333333132e-01
4.875999999999999779e-01
4.834666666666666557e-01
4.843999999999999972e-01
4.819999999999999840e-01
4.847333333333333494e-01
4.858666666666666689e-01
4.877333333333333520e-01
4.876666666666666927e-01
4.828000000000000069e-01
4.832000000000000184e-01
4.851333333333333608e-01
4.839999999999999858e-01
4.845333333333333159e-01
4.866666666666666918e-01
4.908666666666666734e-01
4.890666666666666496e-01
4.872000000000000219e-01
4.880666666666666487e-01
4.894000000000000017e-01
4.895333333333333203e-01
4.872000000000000219e-01
4.871333333333333071e-01
4.878000000000000114e-01
4.882000000000000228e-01
4.889999999999999902e-01
4.889999999999999902e-01
4.885999999999999788e-01
4.862666666666666804e-01
4.851333333333333608e-01
4.896666666666666390e-01
4.874666666666666592e-01
4.898000000000000131e-01
4.870666666666666478e-01
4.903333333333333433e-01
4.925999999999999823e-01
4.902666666666666839e-01
4.898000000000000131e-01
4.902000000000000246e-01
4.908666666666666734e-01
4.921333333333333115e-01
4.905333333333333212e-01
4.914000000000000035e-01
4.929333333333333345e-01
4.925999999999999823e-01
4.931333333333333124e-01
4.945333333333333248e-01
4.948000000000000176e-01
4.931333333333333124e-01
4.934666666666666646e-01
4.882000000000000228e-01
4.941999999999999726e-01
4.895333333333333203e-01
4.922666666666666857e-01
4.890666666666666496e-01
4.942666666666666875e-01
4.907333333333333547e-01
4.920666666666666522e-01
4.961333333333333151e-01
4.909333333333333327e-01
4.938000000000000167e-01
4.940666666666666540e-01
4.944666666666666655e-01
4.912666666666666848e-01
4.971999999999999753e-01
4.952666666666666884e-01
4.944000000000000061e-01
4.974000000000000088e-01
4.945333333333333248e-01
4.944666666666666655e-01
4.926666666666666416e-01
4.953333333333333477e-01
4.969333333333333380e-01
4.955999999999999850e-01
4.949333333333333362e-01
4.901333333333333098e-01
4.974000000000000088e-01
4.939333333333333353e-01
4.931333333333333124e-01
5.001333333333333186e-01
4.957333333333333591e-01
4.945999999999999841e-01
4.959999999999999964e-01
4.985999999999999877e-01
4.935333333333333239e-01
4.972666666666666901e-01
5.018000000000000238e-01
4.978000000000000203e-01
4.968000000000000194e-01
5.000666666666666593e-01
4.985333333333333283e-01
4.990666666666666584e-01
4.969999999999999973e-01
4.968666666666666787e-01
4.971333333333333160e-01
4.974000000000000088e-01
4.970666666666666567e-01
5.013333333333332975e-01
4.964000000000000079e-01
4.999333333333333407e-01
4.982666666666666910e-01
4.980666666666666575e-01
4.979333333333333389e-01
4.985333333333333283e-01
5.036666666666667069e-01
4.981999999999999762e-01
4.985999999999999877e-01
5.006000000000000449e-01
4.975333333333333274e-01
5.013333333333332975e-01
5.021333333333333204e-01
4.981999999999999762e-01
4.990666666666666584e-01
5.012666666666666382e-01
4.968000000000000194e-01
5.024666666666666170e-01
5.022666666666666391e-01
4.981999999999999762e-01
4.983333333333333504e-01
4.991333333333333178e-01
5.051999999999999824e-01
5.028000000000000247e-01
5.028666666666666840e-01
5.038000000000000256e-01
5.012666666666666382e-01
5.012666666666666382e-01
4.989333333333333398e-01
5.025333333333333874e-01
4.964000000000000079e-01
5.021999999999999797e-01
5.054666666666666197e-01
5.008000000000000229e-01
5.001999999999999780e-01
5.029333333333333433e-01
5.055333333333332790e-01
5.028666666666666840e-01
5.023999999999999577e-01
5.020666666666666611e-01
5.049333333333333451e-01
5.046000000000000485e-01
5.041999999999999815e-01
5.031999999999999806e-01
5.028000000000000247e-01
5.075333333333332808e-01
4.986666666666666470e-01
5.047333333333333671e-01
5.015333333333333865e-01
4.995999999999999885e-01
5.061999999999999833e-01
5.039333333333333442e-01
5.013999999999999568e-01
5.038000000000000256e-01
5.032666666666666400e-01
5.084666666666666224e-01
5.032666666666666400e-01
5.062666666666666426e-01
5.066000000000000503e-01
5.095333333333332826e-01
5.076000000000000512e-01
5.072666666666666435e-01
5.041999999999999815e-01
5.070000000000000062e-01
5.072666666666666435e-01
5.051333333333333231e-01
5.084666666666666224e-01
5.063333333333333020e-01
5.049333333333333451e-01
5.050666666666666638e-01
5.084666666666666224e-01
5.050000000000000044e-01
5.041999999999999815e-01
5.057333333333333680e-01
5.058666666666666867e-01
5.082666666666666444e-01
5.113999999999999657e-01
5.056000000000000494e-01
5.053333333333333011e-01
5.093999999999999639e-01
5.054666666666666197e-01
5.068666666666666876e-01
5.047333333333333671e-01
5.068000000000000282e-01
5.082666666666666444e-01
5.094666666666666233e-01
5.091999999999999860e-01
5.074666666666666215e-01
5.100000000000000089e-01
5.082666666666666444e-01
5.073999999999999622e-01
5.106000000000000538e-01
5.093333333333333046e-01
5.106666666666667131e-01
5.078666666666666885e-01
5.103333333333333055e-01
5.080000000000000071e-01
5.124666666666666259e-01
5.081333333333333258e-01
5.103999999999999648e-01
5.095333333333332826e-01
5.091333333333333266e-01
5.101333333333333275e-01
5.131333333333333302e-01
5.101333333333333275e-01
5.081333333333333258e-01
5.093999999999999639e-01
5.111999999999999877e-01
5.133999999999999675e-01
5.113999999999999657e-01
5.098000000000000309e-01
5.126666666666667149e-01
5.132666666666666488e-01
5.086666666666667114e-01
5.103333333333333055e-01
5.116666666666667140e-01
5.134666666666666268e-01
5.130666666666666709e-01
5.157333333333333769e-01
5.118666666666666920e-01
5.123999999999999666e-01
5.144666666666666277e-01
5.109333333333333504e-01
5.118000000000000327e-01
5.145333333333332870e-01
5.118000000000000327e-01
5.127333333333333742e-01
5.123333333333333073e-01
5.118666666666666920e-01
5.133999999999999675e-01
5.134666666666666268e-01
5.133999999999999675e-01
5.118000000000000327e-01
5.158666666666666956e-01
5.185333333333332906e-01
5.126666666666667149e-01
5.121333333333333293e-01
5.110666666666666691e-01
5.143333333333333091e-01
5.134666666666666268e-01
5.139333333333333531e-01
5.145333333333332870e-01
5.150666666666666726e-01
5.138000000000000345e-01
5.144666666666666277e-01
5.178666666666666973e-01
5.137333333333333751e-01
5.135333333333332861e-01
5.136666666666667158e-01
5.133999999999999675e-01
5.131999999999999895e-01
5.120666666666666700e-01
5.133333333333333082e-01
5.110666666666666691e-01
5.148000000000000353e-01
5.085333333333332817e-01
5.165999999999999481e-01
5.151333333333333320e-01
5.115333333333332844e-01
5.163333333333333108e-01
5.155999999999999472e-01
5.150666666666666726e-01
5.208000000000000407e-01
5.193999999999999728e-01
5.168666666666666965e-01
5.152666666666666506e-01
5.169333333333333558e-01
5.141333333333333311e-01
5.168666666666666965e-01
5.163999999999999702e-01
5.130000000000000115e-01
5.174666666666666304e-01
5.175333333333332897e-01
5.180666666666666753e-01
5.145999999999999464e-01
5.165999999999999481e-01
5.171999999999999931e-01
5.198000000000000398e-01
5.178000000000000380e-01
5.183999999999999719e-01
5.165333333333332888e-01
5.168666666666666965e-01
5.191333333333333355e-01
5.147333333333333760e-01
5.168666666666666965e-01
5.179333333333333567e-01
5.178000000000000380e-01
5.185999999999999499e-01
5.169333333333333558e-01
5.161333333333333329e-01
5.174666666666666304e-01
5.186666666666667203e-01
5.199333333333333584e-01
5.171999999999999931e-01
5.155333333333332879e-01
5.163333333333333108e-01
5.190666666666666762e-01
5.180000000000000160e-01
5.203333333333333144e-01
5.225333333333332941e-01
5.175999999999999490e-01
5.198000000000000398e-01
5.189333333333333576e-01
5.208000000000000407e-01
5.203999999999999737e-01
5.187333333333333796e-01
5.237333333333333840e-01
5.212666666666666559e-01
5.193333333333333135e-01
5.200666666666666771e-01
5.213999999999999746e-01
5.185333333333332906e-01
5.206666666666667220e-01
5.200666666666666771e-01
5.210666666666666780e-01
5.189333333333333576e-01
5.175333333333332897e-01
5.203999999999999737e-01
5.200666666666666771e-01
5.218000000000000416e-01
5.229333333333333611e-01
5.243333333333333179e-01
5.250666666666666815e-01
5.210000000000000187e-01
5.217333333333333822e-01
5.218666666666667009e-01
5.185333333333332906e-01
5.209333333333333593e-01
5.188000000000000389e-01
5.171999999999999931e-01
5.205999999999999517e-01
5.225999999999999535e-01
5.200000000000000178e-01
5.255999999999999561e-01
5.258666666666667044e-01
5.229333333333333611e-01
5.242666666666666586e-01
5.249333333333333629e-01
5.226666666666666128e-01
5.213999999999999746e-01
5.188000000000000389e-01
5.238000000000000433e-01
5.248000000000000442e-01
5.245333333333332959e-01
5.232666666666666577e-01
5.231999999999999984e-01
5.203999999999999737e-01
5.225999999999999535e-01
5.246666666666666146e-01
5.237333333333333840e-01
5.218000000000000416e-01
5.231333333333333391e-01
5.272000000000000020e-01
5.260000000000000231e-01
5.216666666666666119e-01
5.232666666666666577e-01
5.242666666666666586e-01
5.255999999999999561e-01
5.253999999999999782e-01
5.170666666666666744e-01
5.296666666666666190e-01
5.260666666666666824e-01
5.255999999999999561e-01
5.261333333333333417e-01
5.226666666666666128e-01
5.258666666666667044e-01
5.280000000000000249e-01
5.261333333333333417e-01
5.228000000000000425e-01
5.250666666666666815e-01
5.275999999999999579e-01
5.238000000000000433e-01
5.236666666666666137e-01
5.285333333333332995e-01
5.231333333333333391e-01
5.238666666666667027e-01
5.278000000000000469e-01
5.278000000000000469e-01
5.226666666666666128e-01
5.263333333333333197e-01
5.310666666666666869e-01
5.270000000000000240e-01
5.275333333333332986e-01
5.215333333333332932e-01
5.282000000000000028e-01
5.262000000000000011e-01
5.253999999999999782e-01
5.295333333333333004e-01
5.264666666666666384e-01
5.271333333333333426e-01
5.266666666666666163e-01
5.269333333333333647e-01
5.262666666666666604e-01
5.265333333333332977e-01
5.273333333333333206e-01
5.303333333333333233e-01
5.305999999999999606e-01
5.275999999999999579e-01
5.277333333333333876e-01
5.263333333333333197e-01
5.265333333333332977e-01
5.257333333333333858e-01
5.265999999999999570e-01
5.259333333333333638e-01
5.283333333333333215e-01
5.297333333333332783e-01
5.290666666666666851e-01
5.293333333333333224e-01
5.258666666666667044e-01
5.279333333333333655e-01
5.282666666666666622e-01
5.292666666666666631e-01
5.289333333333333664e-01
5.222666666666666568e-01
5.272000000000000020e-01
5.292000000000000037e-01
5.275999999999999579e-01
5.290666666666666851e-01
5.297333333333332783e-01
5.279333333333333655e-01
5.298666666666667080e-01
5.263999999999999790e-01
5.326666666666666217e-01
5.287333333333333885e-01
5.290666666666666851e-01
5.317333333333332801e-01
5.289333333333333664e-01
5.291333333333333444e-01
5.263333333333333197e-01
5.265333333333332977e-01
5.276666666666666172e-01
5.273999999999999799e-01
5.297333333333332783e-01
5.302666666666666639e-01
5.360000000000000320e-01
5.301333333333333453e-01
5.286666666666666181e-01
5.272000000000000020e-01
5.276666666666666172e-01
5.328000000000000513e-01
5.297333333333332783e-01
5.307333333333332792e-01
5.323999999999999844e-01
5.317333333333332801e-01
5.310000000000000275e-01
5.280666666666666842e-01
5.316666666666666208e-01
5.307333333333332792e-01
5.282000000000000028e-01
5.294666666666666410e-01
5.320000000000000284e-01
5.322666666666666657e-01
5.303999999999999826e-01
5.320666666666666877e-01
5.335333333333333039e-01
5.295999999999999597e-01
5.304666666666666419e-01
5.325999999999999623e-01
5.345999999999999641e-01
5.315999999999999615e-01
5.313999999999999835e-01
5.307333333333332792e-01
5.320000000000000284e-01
5.328000000000000513e-01
5.328000000000000513e-01
5.345999999999999641e-01
5.339333333333333709e-01
5.305999999999999606e-01
5.364666666666666472e-01
5.325333333333333030e-01
5.301333333333333453e-01
5.351333333333333497e-01
5.350000000000000311e-01
5.335999999999999632e-01
5.330666666666666886e-01
5.336666666666666226e-01
5.365333333333333066e-01
5.308000000000000496e-01
5.326666666666666217e-01
5.338000000000000522e-01
5.317333333333332801e-01
5.360000000000000320e-01
5.298666666666667080e-01
5.327333333333332810e-01
5.365999999999999659e-01
5.348000000000000531e-01
5.334666666666666446e-01
5.350666666666666904e-01
5.349333333333333718e-01
5.339333333333333709e-01
5.315333333333333021e-01
5.369333333333333735e-01
5.350000000000000311e-01
5.352000000000000091e-01
5.373333333333333295e-01
5.377999999999999448e-01
5.318666666666667098e-01
5.309333333333333682e-01
5.330000000000000293e-01
5.365333333333333066e-01
5.350000000000000311e-01
5.377333333333332854e-01
5.389333333333333753e-01
5.380666666666666931e-01
5.357333333333332837e-01
5.322000000000000064e-01
5.353999999999999870e-01
5.324666666666666437e-01
5.345999999999999641e-01
5.348000000000000531e-01
5.344666666666666455e-01
