4.479333333333333500e-01
4.449333333333333473e-01
4.480666666666666687e-01
4.470666666666666678e-01
4.467333333333333156e-01
4.475333333333333385e-01
4.478666666666666907e-01
4.477999999999999758e-01
4.503333333333333077e-01
4.463333333333333597e-01
4.476666666666666572e-01
4.504666666666666819e-01
4.497999999999999776e-01
4.482666666666666466e-01
4.498666666666666925e-01
4.478666666666666907e-01
4.503333333333333077e-01
4.517999999999999794e-01
4.502666666666666484e-01
4.495333333333333403e-01
4.534666666666666845e-01
4.490000000000000102e-01
4.514666666666666828e-01
4.525333333333333430e-01
4.501999999999999891e-01
4.541999999999999926e-01
4.520000000000000129e-01
4.511999999999999900e-01
4.541333333333333333e-01
4.530000000000000138e-01
4.543333333333333113e-01
4.537999999999999812e-01
4.533333333333333104e-01
4.524000000000000243e-01
4.585333333333333483e-01
4.570000000000000173e-01
4.606666666666666687e-01
4.583999999999999742e-01
4.541333333333333333e-01
4.549333333333333562e-01
4.559333333333333571e-01
4.521333333333333315e-01
4.593999999999999750e-01
4.566000000000000059e-01
4.577999999999999847e-01
4.606666666666666687e-01
4.602666666666666573e-01
4.591999999999999971e-01
4.577999999999999847e-01
4.595333333333333492e-01
4.597999999999999865e-01
4.598666666666666458e-01
4.597999999999999865e-01
4.591333333333333377e-01
4.606000000000000094e-01
4.586000000000000076e-01
4.566666666666666652e-01
4.620666666666666811e-01
4.619333333333333069e-01
4.616666666666666696e-01
4.626000000000000112e-01
4.620000000000000218e-01
4.614666666666666917e-01
4.615333333333333510e-01
4.630000000000000226e-01
4.629333333333333078e-01
4.663999999999999813e-01
4.623999999999999777e-01
4.636000000000000121e-01
4.617333333333333290e-01
4.645333333333333536e-01
4.652000000000000024e-01
4.616666666666666696e-01
4.634666666666666934e-01
4.620000000000000218e-01
4.586000000000000076e-01
4.643999999999999795e-01
4.640000000000000235e-01
4.589333333333333598e-01
4.631333333333333413e-01
4.657333333333333325e-01
4.637999999999999901e-01
4.636666666666666714e-01
4.636000000000000121e-01
4.676666666666666750e-01
4.646000000000000130e-01
4.655333333333333545e-01
4.646666666666666723e-01
4.694666666666666432e-01
4.675333333333333563e-01
4.610666666666666802e-01
4.677333333333333343e-01
4.661333333333333440e-01
4.672000000000000042e-01
4.703333333333333255e-01
4.667999999999999927e-01
4.663333333333333219e-01
4.699999999999999734e-01
4.664666666666666406e-01
4.707999999999999963e-01
4.682000000000000051e-01
4.690666666666666873e-01
4.717999999999999972e-01
4.660000000000000253e-01
4.722000000000000086e-01
4.688666666666666538e-01
4.702000000000000068e-01
4.739999999999999769e-01
4.691333333333333466e-01
4.707999999999999963e-01
4.700666666666666882e-01
4.723999999999999866e-01
4.717999999999999972e-01
4.742666666666666697e-01
4.712666666666666671e-01
4.749999999999999778e-01
4.700666666666666882e-01
4.742000000000000104e-01
4.731333333333333502e-01
4.725333333333333607e-01
4.753333333333333299e-01
4.747333333333333405e-01
4.763999999999999901e-01
4.723999999999999866e-01
4.761333333333333528e-01
4.742000000000000104e-01
4.729999999999999760e-01
4.743999999999999884e-01
4.773333333333333317e-01
4.751333333333333520e-01
4.724666666666666459e-01
4.763999999999999901e-01
4.752666666666666706e-01
4.760666666666666935e-01
4.748666666666666591e-01
4.763333333333333308e-01
4.758000000000000007e-01
4.744666666666666477e-01
4.796000000000000263e-01
4.747999999999999998e-01
4.778666666666666618e-01
4.731333333333333502e-01
4.739999999999999769e-01
4.796000000000000263e-01
4.803999999999999937e-01
4.769999999999999796e-01
4.771333333333333537e-01
4.752000000000000113e-01
4.745333333333333070e-01
4.808666666666666645e-01
4.733999999999999875e-01
4.775333333333333097e-01
4.819333333333333247e-01
4.812000000000000166e-01
4.808666666666666645e-01
4.815333333333333132e-01
4.813999999999999946e-01
4.823333333333333361e-01
4.795333333333333115e-01
4.800666666666666416e-01
4.820666666666666433e-01
4.769333333333333202e-01
4.788000000000000034e-01
4.829999999999999849e-01
4.786666666666666847e-01
4.806000000000000272e-01
4.764666666666666495e-01
4.808000000000000052e-01
4.790666666666666407e-01
4.830666666666666442e-01
4.846666666666666901e-01
4.826666666666666883e-01
4.835999999999999743e-01
4.843333333333333379e-01
4.829333333333333256e-01
4.845999999999999752e-01
4.842666666666666786e-01
4.815999999999999726e-01
4.815999999999999726e-01
4.823999999999999955e-01
4.829333333333333256e-01
4.830666666666666442e-01
4.823333333333333361e-01
4.833333333333333370e-01
4.806666666666666865e-01
4.819333333333333247e-01
4.860666666666666469e-01
4.850666666666666460e-01
4.832666666666666777e-01
4.881333333333333080e-01
4.872000000000000219e-01
4.865333333333333177e-01
4.839333333333333265e-01
4.818000000000000060e-01
4.842666666666666786e-01
4.880666666666666487e-01
4.861333333333333062e-01
4.884666666666666601e-01
4.878666666666666707e-01
4.857333333333333503e-01
4.855333333333333168e-01
4.869333333333333291e-01
4.863333333333333397e-01
4.845333333333333159e-01
4.906666666666666399e-01
4.865999999999999770e-01
4.885333333333333194e-01
4.902000000000000246e-01
4.856666666666666909e-01
4.858666666666666689e-01
4.881333333333333080e-01
4.916666666666666408e-01
4.904666666666666619e-01
4.879333333333333300e-01
4.865999999999999770e-01
4.885999999999999788e-01
4.891333333333333089e-01
4.878000000000000114e-01
4.885999999999999788e-01
4.924666666666666637e-01
4.892666666666666830e-01
4.871333333333333071e-01
4.930666666666666531e-01
4.881333333333333080e-01
4.905333333333333212e-01
4.871333333333333071e-01
4.908000000000000140e-01
4.909999999999999920e-01
4.923333333333333450e-01
4.927333333333333565e-01
4.883333333333333415e-01
4.894666666666666610e-01
4.899999999999999911e-01
4.904666666666666619e-01
4.889333333333333309e-01
4.924000000000000044e-01
4.962666666666666893e-01
4.937333333333333574e-01
4.936666666666666425e-01
4.932666666666666866e-01
4.952666666666666884e-01
4.948000000000000176e-01
4.928666666666666751e-01
4.917333333333333556e-01
4.931333333333333124e-01
4.940666666666666540e-01
4.944000000000000061e-01
4.936666666666666425e-01
4.925333333333333230e-01
4.912666666666666848e-01
4.898000000000000131e-01
4.951333333333333142e-01
4.918000000000000149e-01
4.948000000000000176e-01
4.924666666666666637e-01
4.953333333333333477e-01
4.974000000000000088e-01
4.951999999999999735e-01
4.949333333333333362e-01
4.954666666666666663e-01
4.948000000000000176e-01
4.968000000000000194e-01
4.942666666666666875e-01
4.960666666666666558e-01
4.987333333333333063e-01
4.977333333333333609e-01
4.987333333333333063e-01
4.994666666666666699e-01
4.991333333333333178e-01
4.984666666666666690e-01
4.983333333333333504e-01
4.932000000000000273e-01
4.978666666666666796e-01
4.954666666666666663e-01
4.971333333333333160e-01
4.946666666666666434e-01
4.988666666666666805e-01
4.956666666666666443e-01
4.967333333333333600e-01
4.998666666666666814e-01
4.958666666666666778e-01
4.985333333333333283e-01
4.987333333333333063e-01
4.996666666666666479e-01
4.949333333333333362e-01
5.018000000000000238e-01
4.998000000000000220e-01
4.985999999999999877e-01
5.011999999999999789e-01
4.991999999999999771e-01
4.989999999999999991e-01
4.984000000000000097e-01
5.003999999999999559e-01
5.013999999999999568e-01
5.002666666666666373e-01
4.993333333333333512e-01
4.946666666666666434e-01
5.010666666666666602e-01
4.976666666666666461e-01
4.974666666666666681e-01
5.043333333333333002e-01
5.006000000000000449e-01
4.984666666666666690e-01
4.996666666666666479e-01
5.026666666666667060e-01
4.981999999999999762e-01
5.011333333333333195e-01
5.063999999999999613e-01
5.018666666666666831e-01
5.024666666666666170e-01
5.044666666666666188e-01
5.026000000000000467e-01
5.043333333333333002e-01
5.014666666666666162e-01
5.021999999999999797e-01
5.027333333333333654e-01
5.006000000000000449e-01
5.023999999999999577e-01
5.056666666666667087e-01
5.005333333333333856e-01
5.046000000000000485e-01
5.038000000000000256e-01
5.014666666666666162e-01
5.012666666666666382e-01
5.035333333333333883e-01
5.080666666666666664e-01
5.025333333333333874e-01
5.041333333333333222e-01
5.049333333333333451e-01
5.011999999999999789e-01
5.058666666666666867e-01
5.056666666666667087e-01
5.026000000000000467e-01
5.031999999999999806e-01
5.043999999999999595e-01
5.006666666666667043e-01
5.061999999999999833e-01
5.065333333333332799e-01
5.015333333333333865e-01
5.009333333333333416e-01
5.038666666666666849e-01
5.083333333333333037e-01
5.070666666666666655e-01
5.067333333333333689e-01
5.079333333333333478e-01
5.053999999999999604e-01
5.062666666666666426e-01
5.041999999999999815e-01
5.058666666666666867e-01
4.998666666666666814e-01
5.065333333333332799e-01
5.095333333333332826e-01
5.043333333333333002e-01
5.034666666666666179e-01
5.063999999999999613e-01
5.097333333333333716e-01
5.053999999999999604e-01
5.070666666666666655e-01
5.061333333333333240e-01
5.093999999999999639e-01
5.089333333333333487e-01
5.081333333333333258e-01
5.079333333333333478e-01
5.078666666666666885e-01
5.111333333333333284e-01
5.026666666666667060e-01
5.093333333333333046e-01
5.060666666666666647e-01
5.036666666666667069e-01
5.104666666666666242e-01
5.080000000000000071e-01
5.053333333333333011e-01
5.075333333333332808e-01
5.067333333333333689e-01
5.118666666666666920e-01
5.080000000000000071e-01
5.101999999999999869e-01
5.111333333333333284e-01
5.135333333333332861e-01
5.113999999999999657e-01
5.111333333333333284e-01
5.084666666666666224e-01
5.100666666666666682e-01
5.113333333333333064e-01
5.092666666666666453e-01
5.125333333333332853e-01
5.106666666666667131e-01
5.086666666666667114e-01
5.093999999999999639e-01
5.118666666666666920e-01
5.082666666666666444e-01
5.077333333333333698e-01
5.093333333333333046e-01
5.093333333333333046e-01
5.106666666666667131e-01
5.152666666666666506e-01
5.088666666666666893e-01
5.093333333333333046e-01
5.131999999999999895e-01
5.093333333333333046e-01
5.108000000000000318e-01
5.086000000000000520e-01
5.106000000000000538e-01
5.116000000000000547e-01
5.126666666666667149e-01
5.128000000000000336e-01
5.104666666666666242e-01
5.121999999999999886e-01
5.120666666666666700e-01
5.106666666666667131e-01
5.131333333333333302e-01
5.117333333333333734e-01
5.138000000000000345e-01
5.123333333333333073e-01
5.132666666666666488e-01
5.116666666666667140e-01
5.163333333333333108e-01
5.120666666666666700e-01
5.140000000000000124e-01
5.130666666666666709e-01
5.130000000000000115e-01
5.143333333333333091e-01
5.160666666666666735e-01
5.140000000000000124e-01
5.116000000000000547e-01
5.118666666666666920e-01
5.153999999999999693e-01
5.173333333333333117e-01
5.142666666666666497e-01
5.129333333333333522e-01
5.151999999999999913e-01
5.160000000000000142e-01
5.113999999999999657e-01
5.141333333333333311e-01
5.140666666666666718e-01
5.168666666666666965e-01
5.164666666666666295e-01
5.188666666666666982e-01
5.149333333333333540e-01
5.158666666666666956e-01
5.173333333333333117e-01
5.149333333333333540e-01
5.156666666666667176e-01
5.171999999999999931e-01
5.140666666666666718e-01
5.149333333333333540e-01
5.153999999999999693e-01
5.157333333333333769e-01
5.164666666666666295e-01
5.168666666666666965e-01
5.166666666666667185e-01
5.158666666666666956e-01
5.194666666666666321e-01
5.220000000000000195e-01
5.148000000000000353e-01
5.158000000000000362e-01
5.146666666666667167e-01
5.175333333333332897e-01
5.175333333333332897e-01
5.172666666666666524e-01
5.175999999999999490e-01
5.180000000000000160e-01
5.172666666666666524e-01
5.173999999999999710e-01
5.214666666666666339e-01
5.171333333333333337e-01
5.178666666666666973e-01
5.173333333333333117e-01
5.173333333333333117e-01
5.163333333333333108e-01
5.162666666666666515e-01
5.175999999999999490e-01
5.141333333333333311e-01
5.181333333333333346e-01
5.114666666666666250e-01
5.194666666666666321e-01
5.186666666666667203e-01
5.151999999999999913e-01
5.197333333333333805e-01
5.189333333333333576e-01
5.175999999999999490e-01
5.245333333333332959e-01
5.227333333333333831e-01
5.207333333333333814e-01
5.180000000000000160e-01
5.201333333333333364e-01
5.179333333333333567e-01
5.196666666666667211e-01
5.197333333333333805e-01
5.167333333333333778e-01
5.210666666666666780e-01
5.211999999999999966e-01
5.216666666666666119e-01
5.178000000000000380e-01
5.195999999999999508e-01
5.208666666666667000e-01
5.233999999999999764e-01
5.210666666666666780e-01
5.217333333333333822e-01
5.201333333333333364e-01
5.201333333333333364e-01
5.223333333333333162e-01
5.183999999999999719e-01
5.199333333333333584e-01
5.208666666666667000e-01
5.223333333333333162e-01
5.221999999999999975e-01
5.203333333333333144e-01
5.193999999999999728e-01
5.212666666666666559e-01
5.218000000000000416e-01
5.226666666666666128e-01
5.211333333333333373e-01
5.173999999999999710e-01
5.194666666666666321e-01
5.218666666666667009e-01
5.210666666666666780e-01
5.234666666666666357e-01
5.252666666666666595e-01
5.205999999999999517e-01
5.230666666666666798e-01
5.225999999999999535e-01
5.241333333333333400e-01
5.238000000000000433e-01
5.209333333333333593e-01
5.263999999999999790e-01
5.241999999999999993e-01
5.227333333333333831e-01
5.234666666666666357e-01
5.235999999999999543e-01
5.221999999999999975e-01
5.237333333333333840e-01
5.238000000000000433e-01
5.237333333333333840e-01
5.218000000000000416e-01
5.208666666666667000e-01
5.232666666666666577e-01
5.232666666666666577e-01
5.248666666666667036e-01
5.264666666666666384e-01
5.268000000000000460e-01
5.280000000000000249e-01
5.240666666666666806e-01
5.247333333333333849e-01
5.247333333333333849e-01
5.223999999999999755e-01
5.238000000000000433e-01
5.223333333333333162e-01
5.205333333333332924e-01
5.239333333333333620e-01
5.255999999999999561e-01
5.233999999999999764e-01
5.290666666666666851e-01
5.286666666666666181e-01
5.260000000000000231e-01
5.270000000000000240e-01
5.273333333333333206e-01
5.258666666666667044e-01
5.245333333333332959e-01
5.214666666666666339e-01
5.267333333333333867e-01
5.276666666666666172e-01
5.278000000000000469e-01
5.266666666666666163e-01
5.265333333333332977e-01
5.230000000000000204e-01
5.251333333333333409e-01
5.278666666666667062e-01
5.260000000000000231e-01
5.241999999999999993e-01
5.259333333333333638e-01
5.295999999999999597e-01
5.284666666666666401e-01
5.247333333333333849e-01
5.262000000000000011e-01
5.278000000000000469e-01
5.280666666666666842e-01
5.294666666666666410e-01
5.196666666666667211e-01
5.324666666666666437e-01
5.286666666666666181e-01
5.283333333333333215e-01
5.284666666666666401e-01
5.273999999999999799e-01
5.282000000000000028e-01
5.311333333333333462e-01
5.297333333333332783e-01
5.261333333333333417e-01
5.283333333333333215e-01
5.318666666666667098e-01
5.272666666666666613e-01
5.257333333333333858e-01
5.310666666666666869e-01
5.265999999999999570e-01
5.260666666666666824e-01
5.303999999999999826e-01
5.310000000000000275e-01
5.258000000000000451e-01
5.295999999999999597e-01
5.345999999999999641e-01
5.295333333333333004e-01
5.299333333333333673e-01
5.235333333333332950e-01
5.308000000000000496e-01
5.299333333333333673e-01
5.278000000000000469e-01
5.323333333333333250e-01
5.291333333333333444e-01
5.300000000000000266e-01
5.290666666666666851e-01
5.292000000000000037e-01
5.285999999999999588e-01
5.300000000000000266e-01
5.305999999999999606e-01
5.328000000000000513e-01
5.327333333333332810e-01
5.300666666666666860e-01
5.310666666666666869e-01
5.297333333333332783e-01
5.298000000000000487e-01
5.293999999999999817e-01
5.292666666666666631e-01
5.295999999999999597e-01
5.315999999999999615e-01
5.323999999999999844e-01
5.322666666666666657e-01
5.324666666666666437e-01
5.283999999999999808e-01
5.303333333333333233e-01
5.312000000000000055e-01
5.320666666666666877e-01
5.329333333333333700e-01
5.253333333333333188e-01
5.308000000000000496e-01
5.325999999999999623e-01
5.303333333333333233e-01
5.321333333333333471e-01
5.331333333333333480e-01
5.302666666666666639e-01
5.328000000000000513e-01
5.299333333333333673e-01
5.352000000000000091e-01
5.308000000000000496e-01
5.314666666666666428e-01
5.343999999999999861e-01
5.314666666666666428e-01
5.312666666666666648e-01
5.297333333333332783e-01
5.285999999999999588e-01
5.301333333333333453e-01
5.301333333333333453e-01
5.326666666666666217e-01
5.323999999999999844e-01
5.383999999999999897e-01
5.325333333333333030e-01
5.321333333333333471e-01
5.299333333333333673e-01
5.302000000000000046e-01
5.338000000000000522e-01
5.316666666666666208e-01
5.330666666666666886e-01
5.345999999999999641e-01
5.342000000000000082e-01
5.325333333333333030e-01
5.305333333333333012e-01
5.342666666666666675e-01
5.338000000000000522e-01
5.301333333333333453e-01
5.313999999999999835e-01
5.350000000000000311e-01
5.346666666666666234e-01
5.331333333333333480e-01
5.347333333333332828e-01
5.354666666666666464e-01
5.318000000000000504e-01
5.331333333333333480e-01
5.348666666666667124e-01
5.370666666666666922e-01
5.341333333333333488e-01
5.345999999999999641e-01
5.327333333333332810e-01
5.348666666666667124e-01
5.345999999999999641e-01
5.346666666666666234e-01
5.363999999999999879e-01
5.356666666666666243e-01
5.328666666666667107e-01
5.387999999999999456e-01
5.346666666666666234e-01
5.321333333333333471e-01
5.365999999999999659e-01
5.372666666666666702e-01
5.349333333333333718e-01
5.354666666666666464e-01
5.353333333333333277e-01
5.390666666666666940e-01
5.337333333333332819e-01
5.348000000000000531e-01
5.356666666666666243e-01
5.345999999999999641e-01
5.392000000000000126e-01
5.325999999999999623e-01
5.348666666666667124e-01
5.397333333333332872e-01
5.367333333333332845e-01
5.353333333333333277e-01
5.373999999999999888e-01
5.370666666666666922e-01
5.368000000000000549e-01
5.335999999999999632e-01
5.402000000000000135e-01
5.370666666666666922e-01
5.371333333333333515e-01
5.403333333333333321e-01
5.408666666666667178e-01
5.350000000000000311e-01
5.330666666666666886e-01
5.350000000000000311e-01
5.385999999999999677e-01
5.369333333333333735e-01
5.399333333333333762e-01
5.407999999999999474e-01
5.399333333333333762e-01
5.392000000000000126e-01
5.353333333333333277e-01
5.375999999999999668e-01
5.353333333333333277e-01
5.370666666666666922e-01
5.376666666666666261e-01
5.372666666666666702e-01
