3.546666666666666856e-01
3.552666666666666750e-01
3.587333333333333485e-01
3.608000000000000096e-01
3.603333333333333388e-01
3.626666666666666927e-01
3.621333333333333071e-01
3.640666666666666496e-01
3.666666666666666408e-01
3.659999999999999920e-01
3.668666666666666742e-01
3.739333333333333398e-01
3.738000000000000211e-01
3.716666666666666452e-01
3.743333333333333512e-01
3.721333333333333160e-01
3.758000000000000229e-01
3.798666666666666858e-01
3.794666666666666743e-01
3.777333333333333099e-01
3.820000000000000062e-01
3.815333333333333354e-01
3.864000000000000212e-01
3.838666666666666893e-01
3.864666666666666806e-01
3.867999999999999772e-01
3.869333333333333513e-01
3.871999999999999886e-01
3.917999999999999816e-01
3.925333333333333452e-01
3.909333333333333549e-01
3.937999999999999834e-01
3.943999999999999728e-01
3.917333333333333223e-01
3.982666666666666577e-01
3.993333333333333179e-01
4.036000000000000143e-01
4.015333333333333532e-01
3.986000000000000099e-01
3.981333333333333391e-01
4.014666666666666939e-01
3.967999999999999861e-01
4.042000000000000037e-01
4.040666666666666851e-01
4.056000000000000161e-01
4.073333333333333250e-01
4.069999999999999729e-01
4.073333333333333250e-01
4.087999999999999967e-01
4.102000000000000091e-01
4.077333333333333365e-01
4.093999999999999861e-01
4.083999999999999853e-01
4.126000000000000223e-01
4.120666666666666922e-01
4.119333333333333180e-01
4.094666666666666455e-01
4.173333333333333339e-01
4.150666666666666393e-01
4.143333333333333313e-01
4.193333333333333357e-01
4.187333333333333463e-01
4.174666666666666526e-01
4.175333333333333119e-01
4.195333333333333137e-01
4.192666666666666764e-01
4.235333333333333172e-01
4.179999999999999827e-01
4.206666666666666887e-01
4.203999999999999959e-01
4.222000000000000197e-01
4.241333333333333067e-01
4.208666666666666667e-01
4.229999999999999871e-01
4.215999999999999748e-01
4.196666666666666878e-01
4.247333333333333516e-01
4.235333333333333172e-01
4.206666666666666887e-01
4.229999999999999871e-01
4.239333333333333287e-01
4.239999999999999880e-01
4.248666666666666702e-01
4.267333333333333534e-01
4.298666666666666747e-01
4.274000000000000021e-01
4.293333333333333446e-01
4.282000000000000250e-01
4.322666666666666879e-01
4.304000000000000048e-01
4.220666666666666456e-01
4.314000000000000057e-01
4.312000000000000277e-01
4.307333333333333569e-01
4.355333333333333279e-01
4.303333333333333455e-01
4.319333333333333358e-01
4.358666666666666800e-01
4.332666666666666888e-01
4.359999999999999987e-01
4.345999999999999863e-01
4.343333333333333490e-01
4.385999999999999899e-01
4.335999999999999854e-01
4.378000000000000225e-01
4.346666666666666456e-01
4.392666666666666941e-01
4.401999999999999802e-01
4.349999999999999978e-01
4.371999999999999775e-01
4.379333333333333411e-01
4.417333333333333112e-01
4.393333333333333535e-01
4.415333333333333332e-01
4.382666666666666933e-01
4.432666666666666422e-01
4.398000000000000242e-01
4.414000000000000146e-01
4.444666666666666766e-01
4.420666666666666633e-01
4.434000000000000163e-01
4.426666666666666528e-01
4.443333333333333579e-01
4.426666666666666528e-01
4.454000000000000181e-01
4.410666666666666624e-01
4.432666666666666422e-01
4.445333333333333359e-01
4.458666666666666889e-01
4.460000000000000075e-01
4.425333333333333341e-01
4.465999999999999970e-01
4.449333333333333473e-01
4.464666666666666783e-01
4.461333333333333262e-01
4.459333333333333482e-01
4.483333333333333059e-01
4.446666666666666545e-01
4.504000000000000226e-01
4.476666666666666572e-01
4.507999999999999785e-01
4.461999999999999855e-01
4.468666666666666898e-01
4.517999999999999794e-01
4.528666666666666396e-01
4.491333333333333289e-01
4.530666666666666731e-01
4.497333333333333183e-01
4.493333333333333068e-01
4.547999999999999821e-01
4.460000000000000075e-01
4.485999999999999988e-01
4.554666666666666863e-01
4.536666666666666625e-01
4.530666666666666731e-01
4.570666666666666766e-01
4.551333333333333342e-01
4.573333333333333139e-01
4.546000000000000041e-01
4.537333333333333218e-01
4.563333333333333131e-01
4.521999999999999909e-01
4.505333333333333412e-01
4.580000000000000182e-01
4.547999999999999821e-01
4.540666666666666740e-01
4.512666666666666493e-01
4.557333333333333236e-01
4.547999999999999821e-01
4.583999999999999742e-01
4.600666666666666793e-01
4.586666666666666670e-01
4.608666666666666467e-01
4.602666666666666573e-01
4.599333333333333607e-01
4.600000000000000200e-01
4.616000000000000103e-01
4.597333333333333272e-01
4.577999999999999847e-01
4.593999999999999750e-01
4.596666666666666679e-01
4.597999999999999865e-01
4.583999999999999742e-01
4.633333333333333193e-01
4.591999999999999971e-01
4.611999999999999988e-01
4.638666666666666494e-01
4.606000000000000094e-01
4.623333333333333184e-01
4.644666666666666943e-01
4.642000000000000015e-01
4.654666666666666397e-01
4.613999999999999768e-01
4.607999999999999874e-01
4.636000000000000121e-01
4.662000000000000033e-01
4.645333333333333536e-01
4.683999999999999830e-01
4.673333333333333228e-01
4.626000000000000112e-01
4.630000000000000226e-01
4.655333333333333545e-01
4.661333333333333440e-01
4.612666666666666582e-01
4.690666666666666873e-01
4.649333333333333096e-01
4.675333333333333563e-01
4.673333333333333228e-01
4.652666666666666617e-01
4.648666666666666503e-01
4.676000000000000156e-01
4.693333333333333246e-01
4.670000000000000262e-01
4.680000000000000271e-01
4.678666666666666529e-01
4.683999999999999830e-01
4.696666666666666767e-01
4.662000000000000033e-01
4.682666666666666644e-01
4.707999999999999963e-01
4.693999999999999839e-01
4.671333333333333449e-01
4.732666666666666688e-01
4.686000000000000165e-01
4.703333333333333255e-01
4.692666666666666653e-01
4.693333333333333246e-01
4.716666666666666785e-01
4.709333333333333149e-01
4.737999999999999989e-01
4.698666666666666547e-01
4.695333333333333581e-01
4.707999999999999963e-01
4.712666666666666671e-01
4.706000000000000183e-01
4.723333333333333273e-01
4.772666666666666724e-01
4.753333333333333299e-01
4.732666666666666688e-01
4.761333333333333528e-01
4.751333333333333520e-01
4.757333333333333414e-01
4.742000000000000104e-01
4.754666666666666486e-01
4.760666666666666935e-01
4.739999999999999769e-01
4.736666666666666803e-01
4.768666666666666609e-01
4.743999999999999884e-01
4.726000000000000201e-01
4.716000000000000192e-01
4.769333333333333202e-01
4.753999999999999893e-01
4.756666666666666821e-01
4.756000000000000227e-01
4.773999999999999910e-01
4.792000000000000148e-01
4.765333333333333088e-01
4.772666666666666724e-01
4.774666666666666504e-01
4.772000000000000131e-01
4.783999999999999919e-01
4.787333333333333441e-01
4.793333333333333335e-01
4.812666666666666759e-01
4.798666666666666636e-01
4.801333333333333564e-01
4.803999999999999937e-01
4.815333333333333132e-01
4.796000000000000263e-01
4.796000000000000263e-01
4.744666666666666477e-01
4.822666666666666768e-01
4.759999999999999787e-01
4.787333333333333441e-01
4.784666666666666512e-01
4.810666666666666424e-01
4.788000000000000034e-01
4.792000000000000148e-01
4.844666666666666566e-01
4.788666666666666627e-01
4.802666666666666750e-01
4.815999999999999726e-01
4.819333333333333247e-01
4.789999999999999813e-01
4.849999999999999867e-01
4.822000000000000175e-01
4.820666666666666433e-01
4.849999999999999867e-01
4.828000000000000069e-01
4.816666666666666874e-01
4.803333333333333344e-01
4.833333333333333370e-01
4.851333333333333608e-01
4.838000000000000078e-01
4.832666666666666777e-01
4.793333333333333335e-01
4.859333333333333282e-01
4.831333333333333591e-01
4.794666666666666521e-01
4.885999999999999788e-01
4.835333333333333150e-01
4.832000000000000184e-01
4.843333333333333379e-01
4.870666666666666478e-01
4.821333333333333582e-01
4.853333333333333388e-01
4.906666666666666399e-01
4.876666666666666927e-01
4.852000000000000202e-01
4.905333333333333212e-01
4.868666666666666698e-01
4.873333333333333406e-01
4.868000000000000105e-01
4.865999999999999770e-01
4.878000000000000114e-01
4.865333333333333177e-01
4.862000000000000210e-01
4.891333333333333089e-01
4.838000000000000078e-01
4.883333333333333415e-01
4.868000000000000105e-01
4.863999999999999990e-01
4.864666666666666583e-01
4.871333333333333071e-01
4.915999999999999814e-01
4.875333333333333186e-01
4.884666666666666601e-01
4.895999999999999797e-01
4.866666666666666918e-01
4.917333333333333556e-01
4.928000000000000158e-01
4.865999999999999770e-01
4.894000000000000017e-01
4.899999999999999911e-01
4.862666666666666804e-01
4.922000000000000264e-01
4.925333333333333230e-01
4.881333333333333080e-01
4.873333333333333406e-01
4.882000000000000228e-01
4.928666666666666751e-01
4.920666666666666522e-01
4.935999999999999832e-01
4.931333333333333124e-01
4.915333333333333221e-01
4.909999999999999920e-01
4.904000000000000026e-01
4.916666666666666408e-01
4.867333333333333512e-01
4.917333333333333556e-01
4.941333333333333133e-01
4.918666666666666742e-01
4.908666666666666734e-01
4.922000000000000264e-01
4.948000000000000176e-01
4.922666666666666857e-01
4.927333333333333565e-01
4.920666666666666522e-01
4.959333333333333371e-01
4.941999999999999726e-01
4.948000000000000176e-01
4.932666666666666866e-01
4.939999999999999947e-01
4.988666666666666805e-01
4.882000000000000228e-01
4.949999999999999956e-01
4.891333333333333089e-01
4.898000000000000131e-01
4.976666666666666461e-01
4.938666666666666760e-01
4.914666666666666628e-01
4.948000000000000176e-01
4.938666666666666760e-01
5.008000000000000229e-01
4.948666666666666769e-01
4.962666666666666893e-01
4.978666666666666796e-01
5.013333333333332975e-01
4.984000000000000097e-01
4.976666666666666461e-01
4.945999999999999841e-01
4.976666666666666461e-01
4.985999999999999877e-01
4.966666666666666452e-01
4.973333333333333495e-01
4.965999999999999859e-01
4.962666666666666893e-01
4.945333333333333248e-01
4.995333333333333292e-01
4.954666666666666663e-01
4.948666666666666769e-01
4.959999999999999964e-01
4.950666666666666549e-01
4.986666666666666470e-01
5.014666666666666162e-01
4.978000000000000203e-01
4.953333333333333477e-01
4.981333333333333169e-01
4.961333333333333151e-01
4.974666666666666681e-01
4.957333333333333591e-01
4.979999999999999982e-01
4.978666666666666796e-01
5.001333333333333186e-01
4.998000000000000220e-01
4.981333333333333169e-01
5.007333333333333636e-01
4.998000000000000220e-01
4.986666666666666470e-01
5.010666666666666602e-01
5.016000000000000458e-01
5.031333333333333213e-01
4.995333333333333292e-01
5.017333333333333645e-01
5.003333333333332966e-01
5.035333333333333883e-01
5.005333333333333856e-01
5.018666666666666831e-01
5.014666666666666162e-01
5.011333333333333195e-01
5.013333333333332975e-01
5.050666666666666638e-01
5.016000000000000458e-01
5.008000000000000229e-01
5.014666666666666162e-01
5.031999999999999806e-01
5.041999999999999815e-01
5.033999999999999586e-01
5.016666666666667052e-01
5.047333333333333671e-01
5.047333333333333671e-01
4.999333333333333407e-01
5.011333333333333195e-01
5.016000000000000458e-01
5.046666666666667078e-01
5.046000000000000485e-01
5.056000000000000494e-01
5.042666666666666409e-01
5.037333333333333663e-01
5.063333333333333020e-01
5.029333333333333433e-01
5.046666666666667078e-01
5.054666666666666197e-01
5.037333333333333663e-01
5.046666666666667078e-01
5.041333333333333222e-01
5.020000000000000018e-01
5.048666666666666858e-01
5.047333333333333671e-01
5.059333333333333460e-01
5.038666666666666849e-01
5.055333333333332790e-01
5.113333333333333064e-01
5.042666666666666409e-01
5.041999999999999815e-01
5.042666666666666409e-01
5.033333333333332993e-01
5.051999999999999824e-01
5.058000000000000274e-01
5.045333333333332781e-01
5.060666666666666647e-01
5.056000000000000494e-01
5.051333333333333231e-01
5.093999999999999639e-01
5.036666666666667069e-01
5.058666666666666867e-01
5.058000000000000274e-01
5.048666666666666858e-01
5.053333333333333011e-01
5.040666666666666629e-01
5.051999999999999824e-01
5.034666666666666179e-01
5.060000000000000053e-01
5.015333333333333865e-01
5.091333333333333266e-01
5.081999999999999851e-01
5.045333333333332781e-01
5.083999999999999631e-01
5.083333333333333037e-01
5.070000000000000062e-01
5.130666666666666709e-01
5.106666666666667131e-01
5.076666666666667105e-01
5.071999999999999842e-01
5.113999999999999657e-01
5.050666666666666638e-01
5.096666666666667123e-01
5.083999999999999631e-01
5.063999999999999613e-01
5.101333333333333275e-01
5.088000000000000300e-01
5.095333333333332826e-01
5.094666666666666233e-01
5.088666666666666893e-01
5.100666666666666682e-01
5.116000000000000547e-01
5.098666666666666902e-01
5.112666666666666471e-01
5.084666666666666224e-01
5.070666666666666655e-01
5.113999999999999657e-01
5.074666666666666215e-01
5.088666666666666893e-01
5.096000000000000529e-01
5.091333333333333266e-01
5.097333333333333716e-01
5.091333333333333266e-01
5.093333333333333046e-01
5.085333333333332817e-01
5.102666666666666462e-01
5.110666666666666691e-01
5.111333333333333284e-01
5.070000000000000062e-01
5.096000000000000529e-01
5.106666666666667131e-01
5.102666666666666462e-01
5.130000000000000115e-01
5.129333333333333522e-01
5.107333333333333725e-01
5.131999999999999895e-01
5.098000000000000309e-01
5.128666666666666929e-01
5.116000000000000547e-01
5.110000000000000098e-01
5.155333333333332879e-01
5.132666666666666488e-01
5.114666666666666250e-01
5.114666666666666250e-01
5.141999999999999904e-01
5.107333333333333725e-01
5.140666666666666718e-01
5.135333333333332861e-01
5.128666666666666929e-01
5.117333333333333734e-01
5.106666666666667131e-01
5.121333333333333293e-01
5.130666666666666709e-01
5.156666666666667176e-01
5.162666666666666515e-01
5.173999999999999710e-01
5.177333333333333787e-01
5.135333333333332861e-01
5.130000000000000115e-01
5.138000000000000345e-01
5.111333333333333284e-01
5.144666666666666277e-01
5.098666666666666902e-01
5.101999999999999869e-01
5.129333333333333522e-01
5.147333333333333760e-01
5.125999999999999446e-01
5.165333333333332888e-01
5.167333333333333778e-01
5.153333333333333099e-01
5.162666666666666515e-01
5.164666666666666295e-01
5.155333333333332879e-01
5.143999999999999684e-01
5.103999999999999648e-01
5.158000000000000362e-01
5.168666666666666965e-01
5.174666666666666304e-01
5.158000000000000362e-01
5.151999999999999913e-01
5.121999999999999886e-01
5.153999999999999693e-01
5.180666666666666753e-01
5.160000000000000142e-01
5.131333333333333302e-01
5.154666666666666286e-01
5.205999999999999517e-01
5.180000000000000160e-01
5.149333333333333540e-01
5.163999999999999702e-01
5.170666666666666744e-01
5.184666666666666313e-01
5.178666666666666973e-01
5.103999999999999648e-01
5.228000000000000425e-01
5.187333333333333796e-01
5.180000000000000160e-01
5.185333333333332906e-01
5.140000000000000124e-01
5.191333333333333355e-01
5.195999999999999508e-01
5.189333333333333576e-01
5.161999999999999922e-01
5.181333333333333346e-01
5.204666666666666330e-01
5.167333333333333778e-01
5.160000000000000142e-01
5.207333333333333814e-01
5.155333333333332879e-01
5.168000000000000371e-01
5.212666666666666559e-01
5.187333333333333796e-01
5.148000000000000353e-01
5.185333333333332906e-01
5.228000000000000425e-01
5.196666666666667211e-01
5.200666666666666771e-01
5.133999999999999675e-01
5.195333333333332915e-01
5.192666666666666542e-01
5.181333333333333346e-01
5.226666666666666128e-01
5.188666666666666982e-01
5.201999999999999957e-01
5.182666666666666533e-01
5.191333333333333355e-01
5.178000000000000380e-01
5.200666666666666771e-01
5.192666666666666542e-01
5.215333333333332932e-01
5.236666666666666137e-01
5.205999999999999517e-01
5.208000000000000407e-01
5.198000000000000398e-01
5.185999999999999499e-01
5.178666666666666973e-01
5.188000000000000389e-01
5.169333333333333558e-01
5.206666666666667220e-01
5.234666666666666357e-01
5.219333333333333602e-01
5.214666666666666339e-01
5.180000000000000160e-01
5.198666666666666991e-01
5.208000000000000407e-01
5.199333333333333584e-01
5.214666666666666339e-01
5.155999999999999472e-01
5.197333333333333805e-01
5.213333333333333153e-01
5.208000000000000407e-01
5.205333333333332924e-01
5.221999999999999975e-01
5.202666666666666551e-01
5.218666666666667009e-01
5.183333333333333126e-01
5.247333333333333849e-01
5.209333333333333593e-01
5.211333333333333373e-01
5.216666666666666119e-01
5.203333333333333144e-01
5.197333333333333805e-01
5.191333333333333355e-01
5.195999999999999508e-01
5.191999999999999948e-01
5.202666666666666551e-01
5.215333333333332932e-01
5.236666666666666137e-01
5.281333333333333435e-01
5.223999999999999755e-01
5.211999999999999966e-01
5.201999999999999957e-01
5.195333333333332915e-01
5.250000000000000222e-01
5.218000000000000416e-01
5.225333333333332941e-01
5.254666666666666375e-01
5.234666666666666357e-01
5.225999999999999535e-01
5.203333333333333144e-01
5.243333333333333179e-01
5.223999999999999755e-01
5.208000000000000407e-01
5.230000000000000204e-01
5.240000000000000213e-01
5.237333333333333840e-01
5.231333333333333391e-01
5.238666666666667027e-01
5.258666666666667044e-01
5.221999999999999975e-01
5.230000000000000204e-01
5.253333333333333188e-01
5.263333333333333197e-01
5.240666666666666806e-01
5.231333333333333391e-01
5.233999999999999764e-01
5.241999999999999993e-01
5.260666666666666824e-01
5.241333333333333400e-01
5.263999999999999790e-01
5.249333333333333629e-01
5.229333333333333611e-01
5.284666666666666401e-01
5.253999999999999782e-01
5.217333333333333822e-01
5.263999999999999790e-01
5.277333333333333876e-01
5.251333333333333409e-01
5.240666666666666806e-01
5.259333333333333638e-01
5.293999999999999817e-01
5.240000000000000213e-01
5.254666666666666375e-01
5.272000000000000020e-01
5.254666666666666375e-01
5.283999999999999808e-01
5.229333333333333611e-01
5.266666666666666163e-01
5.300000000000000266e-01
5.273333333333333206e-01
5.262000000000000011e-01
5.274666666666666393e-01
5.268000000000000460e-01
5.267333333333333867e-01
5.243999999999999773e-01
5.289333333333333664e-01
5.272000000000000020e-01
5.270666666666666833e-01
5.303333333333333233e-01
5.300666666666666860e-01
5.238000000000000433e-01
5.231999999999999984e-01
5.255999999999999561e-01
5.282000000000000028e-01
5.274666666666666393e-01
5.303999999999999826e-01
5.323999999999999844e-01
5.305999999999999606e-01
5.292000000000000037e-01
5.244666666666666366e-01
5.292666666666666631e-01
5.255333333333332968e-01
5.288666666666667071e-01
5.280000000000000249e-01
5.278666666666667062e-01
