4.310666666666666536e-01
4.277333333333333543e-01
4.324666666666666659e-01
4.311333333333333129e-01
4.316666666666666430e-01
4.305333333333333234e-01
4.324666666666666659e-01
4.320666666666666544e-01
4.368666666666666809e-01
4.319999999999999951e-01
4.333333333333333481e-01
4.353333333333333499e-01
4.347333333333333605e-01
4.335999999999999854e-01
4.344666666666666677e-01
4.330666666666666553e-01
4.348666666666666791e-01
4.371999999999999775e-01
4.356666666666666465e-01
4.351333333333333164e-01
4.375333333333333297e-01
4.346666666666666456e-01
4.377333333333333076e-01
4.375333333333333297e-01
4.356666666666666465e-01
4.385333333333333306e-01
4.368666666666666809e-01
4.378000000000000225e-01
4.390000000000000013e-01
4.401333333333333209e-01
4.405999999999999917e-01
4.384666666666666712e-01
4.407333333333333103e-01
4.383333333333333526e-01
4.435999999999999943e-01
4.434000000000000163e-01
4.455333333333333368e-01
4.433333333333333570e-01
4.402666666666666395e-01
4.408666666666666845e-01
4.424666666666666748e-01
4.393333333333333535e-01
4.455333333333333368e-01
4.444000000000000172e-01
4.453333333333333588e-01
4.453333333333333588e-01
4.471999999999999864e-01
4.458666666666666889e-01
4.454666666666666774e-01
4.454000000000000181e-01
4.466666666666666563e-01
4.456666666666666554e-01
4.456666666666666554e-01
4.468666666666666898e-01
4.476666666666666572e-01
4.460666666666666669e-01
4.430000000000000049e-01
4.497999999999999776e-01
4.500666666666666704e-01
4.489333333333333509e-01
4.483333333333333059e-01
4.511333333333333306e-01
4.498666666666666925e-01
4.492666666666666475e-01
4.516666666666666607e-01
4.500000000000000111e-01
4.544666666666666854e-01
4.487999999999999767e-01
4.510000000000000120e-01
4.506000000000000005e-01
4.518666666666666942e-01
4.526000000000000023e-01
4.480000000000000093e-01
4.526000000000000023e-01
4.517999999999999794e-01
4.459333333333333482e-01
4.534000000000000252e-01
4.524000000000000243e-01
4.476666666666666572e-01
4.515333333333333421e-01
4.546000000000000041e-01
4.524000000000000243e-01
4.531999999999999917e-01
4.537333333333333218e-01
4.576666666666666661e-01
4.538666666666666405e-01
4.553333333333333122e-01
4.540666666666666740e-01
4.580000000000000182e-01
4.580000000000000182e-01
4.507333333333333192e-01
4.581999999999999962e-01
4.546666666666666634e-01
4.563333333333333131e-01
4.602666666666666573e-01
4.568666666666666432e-01
4.560666666666666758e-01
4.595333333333333492e-01
4.563999999999999724e-01
4.600000000000000200e-01
4.581333333333333369e-01
4.583999999999999742e-01
4.609333333333333060e-01
4.551333333333333342e-01
4.603999999999999759e-01
4.581999999999999962e-01
4.604666666666666908e-01
4.628666666666666485e-01
4.583333333333333148e-01
4.611999999999999988e-01
4.611999999999999988e-01
4.616666666666666696e-01
4.615333333333333510e-01
4.633999999999999786e-01
4.610666666666666802e-01
4.656666666666666732e-01
4.616666666666666696e-01
4.636666666666666714e-01
4.650666666666666837e-01
4.638666666666666494e-01
4.658666666666666512e-01
4.660666666666666846e-01
4.679333333333333123e-01
4.628666666666666485e-01
4.667999999999999927e-01
4.643333333333333202e-01
4.646666666666666723e-01
4.648666666666666503e-01
4.684666666666666424e-01
4.662000000000000033e-01
4.639333333333333087e-01
4.666000000000000147e-01
4.673333333333333228e-01
4.676666666666666750e-01
4.673333333333333228e-01
4.663999999999999813e-01
4.664666666666666406e-01
4.656666666666666732e-01
4.704666666666666441e-01
4.662666666666666626e-01
4.689999999999999725e-01
4.641333333333333422e-01
4.649333333333333096e-01
4.723999999999999866e-01
4.725333333333333607e-01
4.687999999999999945e-01
4.713999999999999857e-01
4.677999999999999936e-01
4.665333333333333554e-01
4.721333333333333493e-01
4.664666666666666406e-01
4.686000000000000165e-01
4.729999999999999760e-01
4.737333333333333396e-01
4.726000000000000201e-01
4.736666666666666803e-01
4.746666666666666812e-01
4.747333333333333405e-01
4.709999999999999742e-01
4.717333333333333378e-01
4.738666666666666583e-01
4.696666666666666767e-01
4.699999999999999734e-01
4.747999999999999998e-01
4.719333333333333158e-01
4.723333333333333273e-01
4.686000000000000165e-01
4.742000000000000104e-01
4.719999999999999751e-01
4.749333333333333185e-01
4.764666666666666495e-01
4.750666666666666926e-01
4.759999999999999787e-01
4.760666666666666935e-01
4.752666666666666706e-01
4.763333333333333308e-01
4.773333333333333317e-01
4.752000000000000113e-01
4.751333333333333520e-01
4.739999999999999769e-01
4.763333333333333308e-01
4.759999999999999787e-01
4.751333333333333520e-01
4.769333333333333202e-01
4.737999999999999989e-01
4.756666666666666821e-01
4.784666666666666512e-01
4.762666666666666715e-01
4.758000000000000007e-01
4.809999999999999831e-01
4.799999999999999822e-01
4.797333333333333449e-01
4.770666666666666944e-01
4.749333333333333185e-01
4.782666666666666733e-01
4.810666666666666424e-01
4.793999999999999928e-01
4.822666666666666768e-01
4.814666666666666539e-01
4.784666666666666512e-01
4.789333333333333220e-01
4.800666666666666416e-01
4.796000000000000263e-01
4.769999999999999796e-01
4.830666666666666442e-01
4.789333333333333220e-01
4.816666666666666874e-01
4.826666666666666883e-01
4.781333333333333546e-01
4.795333333333333115e-01
4.807333333333333458e-01
4.862666666666666804e-01
4.826666666666666883e-01
4.814666666666666539e-01
4.812666666666666759e-01
4.823999999999999955e-01
4.832000000000000184e-01
4.803333333333333344e-01
4.826666666666666883e-01
4.851333333333333608e-01
4.829999999999999849e-01
4.812000000000000166e-01
4.875333333333333186e-01
4.829999999999999849e-01
4.838666666666666671e-01
4.817333333333333467e-01
4.841333333333333599e-01
4.854666666666666575e-01
4.869333333333333291e-01
4.875999999999999779e-01
4.822000000000000175e-01
4.828666666666666663e-01
4.850666666666666460e-01
4.837333333333333485e-01
4.838666666666666671e-01
4.859333333333333282e-01
4.904666666666666619e-01
4.885999999999999788e-01
4.872666666666666813e-01
4.877333333333333520e-01
4.894000000000000017e-01
4.892666666666666830e-01
4.868000000000000105e-01
4.866666666666666918e-01
4.873333333333333406e-01
4.878000000000000114e-01
4.888000000000000123e-01
4.883333333333333415e-01
4.883333333333333415e-01
4.852666666666666795e-01
4.848000000000000087e-01
4.893333333333333424e-01
4.869333333333333291e-01
4.892666666666666830e-01
4.866666666666666918e-01
4.898666666666666725e-01
4.925999999999999823e-01
4.904000000000000026e-01
4.892666666666666830e-01
4.894666666666666610e-01
4.905333333333333212e-01
4.916666666666666408e-01
4.900666666666666504e-01
4.912666666666666848e-01
4.929999999999999938e-01
4.921333333333333115e-01
4.921333333333333115e-01
4.944000000000000061e-01
4.944666666666666655e-01
4.925999999999999823e-01
4.928000000000000158e-01
4.878666666666666707e-01
4.935999999999999832e-01
4.889999999999999902e-01
4.915333333333333221e-01
4.888000000000000123e-01
4.940666666666666540e-01
4.901333333333333098e-01
4.915333333333333221e-01
4.956666666666666443e-01
4.906666666666666399e-01
4.931333333333333124e-01
4.936666666666666425e-01
4.939999999999999947e-01
4.907333333333333547e-01
4.961999999999999744e-01
4.948000000000000176e-01
4.941333333333333133e-01
4.968000000000000194e-01
4.939999999999999947e-01
4.941333333333333133e-01
4.922666666666666857e-01
4.948000000000000176e-01
4.965999999999999859e-01
4.951999999999999735e-01
4.945333333333333248e-01
4.895999999999999797e-01
4.971999999999999753e-01
4.933333333333333459e-01
4.925333333333333230e-01
4.998666666666666814e-01
4.949999999999999956e-01
4.939999999999999947e-01
4.953333333333333477e-01
4.980666666666666575e-01
4.929333333333333345e-01
4.967333333333333600e-01
5.013999999999999568e-01
4.971999999999999753e-01
4.965999999999999859e-01
4.998666666666666814e-01
4.981333333333333169e-01
4.985333333333333283e-01
4.968000000000000194e-01
4.966666666666666452e-01
4.968666666666666787e-01
4.969333333333333380e-01
4.969999999999999973e-01
5.008666666666666822e-01
4.961999999999999744e-01
4.995999999999999885e-01
4.979999999999999982e-01
4.974666666666666681e-01
4.977333333333333609e-01
4.981999999999999762e-01
5.035333333333333883e-01
4.977333333333333609e-01
4.980666666666666575e-01
5.003999999999999559e-01
4.968000000000000194e-01
5.009333333333333416e-01
5.017333333333333645e-01
4.975999999999999868e-01
4.986666666666666470e-01
5.010000000000000009e-01
4.961999999999999744e-01
5.019333333333333425e-01
5.018666666666666831e-01
4.978000000000000203e-01
4.983333333333333504e-01
4.986666666666666470e-01
5.044666666666666188e-01
5.025333333333333874e-01
5.023333333333332984e-01
5.038000000000000256e-01
5.009333333333333416e-01
5.006666666666667043e-01
4.989333333333333398e-01
5.026000000000000467e-01
4.957333333333333591e-01
5.018000000000000238e-01
5.049333333333333451e-01
5.003999999999999559e-01
5.001999999999999780e-01
5.028000000000000247e-01
5.053333333333333011e-01
5.023999999999999577e-01
5.021333333333333204e-01
5.018000000000000238e-01
5.043333333333333002e-01
5.046000000000000485e-01
5.037333333333333663e-01
5.028666666666666840e-01
5.027333333333333654e-01
5.076000000000000512e-01
4.984666666666666690e-01
5.045333333333332781e-01
5.011999999999999789e-01
4.994666666666666699e-01
5.058000000000000274e-01
5.033333333333332993e-01
5.011333333333333195e-01
5.033333333333332993e-01
5.028000000000000247e-01
5.082666666666666444e-01
5.031999999999999806e-01
5.060000000000000053e-01
5.063999999999999613e-01
5.093999999999999639e-01
5.077333333333333698e-01
5.068000000000000282e-01
5.038000000000000256e-01
5.066666666666667096e-01
5.066666666666667096e-01
5.045333333333332781e-01
5.079333333333333478e-01
5.062666666666666426e-01
5.044666666666666188e-01
5.048666666666666858e-01
5.078666666666666885e-01
5.044666666666666188e-01
5.040000000000000036e-01
5.053999999999999604e-01
5.053333333333333011e-01
5.080000000000000071e-01
5.108000000000000318e-01
5.051999999999999824e-01
5.051333333333333231e-01
5.091999999999999860e-01
5.053333333333333011e-01
5.065333333333332799e-01
5.043999999999999595e-01
5.063333333333333020e-01
5.077333333333333698e-01
5.088000000000000300e-01
5.088666666666666893e-01
5.071999999999999842e-01
5.099333333333333496e-01
5.076000000000000512e-01
5.067333333333333689e-01
5.103333333333333055e-01
5.087333333333333707e-01
5.107333333333333725e-01
5.075333333333332808e-01
5.098666666666666902e-01
5.076666666666667105e-01
5.119333333333333513e-01
5.079333333333333478e-01
5.103999999999999648e-01
5.092666666666666453e-01
5.085333333333332817e-01
5.101333333333333275e-01
5.129333333333333522e-01
5.100666666666666682e-01
5.079333333333333478e-01
5.093333333333333046e-01
5.107333333333333725e-01
5.131999999999999895e-01
5.112666666666666471e-01
5.092666666666666453e-01
5.121333333333333293e-01
5.128666666666666929e-01
5.083999999999999631e-01
5.102666666666666462e-01
5.112666666666666471e-01
5.131999999999999895e-01
5.127333333333333742e-01
5.155999999999999472e-01
5.118666666666666920e-01
5.117333333333333734e-01
5.140000000000000124e-01
5.103333333333333055e-01
5.113999999999999657e-01
5.142666666666666497e-01
5.116000000000000547e-01
5.125999999999999446e-01
5.120666666666666700e-01
5.115333333333332844e-01
5.128000000000000336e-01
5.131999999999999895e-01
5.133999999999999675e-01
5.118000000000000327e-01
5.157333333333333769e-01
5.183999999999999719e-01
5.125333333333332853e-01
5.114666666666666250e-01
5.109333333333333504e-01
5.141999999999999904e-01
5.131333333333333302e-01
5.136666666666667158e-01
5.143999999999999684e-01
5.145999999999999464e-01
5.132666666666666488e-01
5.145999999999999464e-01
5.178000000000000380e-01
5.135333333333332861e-01
5.135333333333332861e-01
5.133999999999999675e-01
5.130666666666666709e-01
5.126666666666667149e-01
5.118666666666666920e-01
5.131333333333333302e-01
5.108000000000000318e-01
5.144666666666666277e-01
5.085333333333332817e-01
5.164666666666666295e-01
5.151333333333333320e-01
5.112666666666666471e-01
5.159333333333333549e-01
5.155333333333332879e-01
5.150666666666666726e-01
5.207333333333333814e-01
5.190000000000000169e-01
5.165333333333332888e-01
5.150666666666666726e-01
5.168666666666666965e-01
5.134666666666666268e-01
5.166666666666667185e-01
5.158000000000000362e-01
5.125333333333332853e-01
5.172666666666666524e-01
5.169333333333333558e-01
5.177333333333333787e-01
5.138666666666666938e-01
5.162666666666666515e-01
5.169333333333333558e-01
5.193333333333333135e-01
5.175333333333332897e-01
5.181333333333333346e-01
5.160000000000000142e-01
5.163333333333333108e-01
5.188666666666666982e-01
5.148000000000000353e-01
5.170000000000000151e-01
5.174666666666666304e-01
5.174666666666666304e-01
5.181333333333333346e-01
5.164666666666666295e-01
5.155333333333332879e-01
5.170000000000000151e-01
5.180666666666666753e-01
5.193999999999999728e-01
5.171999999999999931e-01
5.150666666666666726e-01
5.160000000000000142e-01
5.185333333333332906e-01
5.177333333333333787e-01
5.205999999999999517e-01
5.223999999999999755e-01
5.175333333333332897e-01
5.199333333333333584e-01
5.192666666666666542e-01
5.206666666666667220e-01
5.201333333333333364e-01
5.185999999999999499e-01
5.236666666666666137e-01
5.208666666666667000e-01
5.189333333333333576e-01
5.195999999999999508e-01
5.211999999999999966e-01
5.183999999999999719e-01
5.206666666666667220e-01
5.197333333333333805e-01
5.202666666666666551e-01
5.185999999999999499e-01
5.175333333333332897e-01
5.201333333333333364e-01
5.198666666666666991e-01
5.215333333333332932e-01
5.227333333333333831e-01
5.240000000000000213e-01
5.250000000000000222e-01
5.209333333333333593e-01
5.213333333333333153e-01
5.220666666666666789e-01
5.183333333333333126e-01
5.211999999999999966e-01
5.187333333333333796e-01
5.170000000000000151e-01
5.206666666666667220e-01
5.223999999999999755e-01
5.197333333333333805e-01
5.252666666666666595e-01
5.253999999999999782e-01
5.228000000000000425e-01
5.240000000000000213e-01
5.246666666666666146e-01
5.226666666666666128e-01
5.211333333333333373e-01
5.181999999999999940e-01
5.233333333333333171e-01
5.245333333333332959e-01
5.241999999999999993e-01
5.228666666666667018e-01
5.227333333333333831e-01
5.201333333333333364e-01
5.222666666666666568e-01
5.243999999999999773e-01
5.234666666666666357e-01
5.216666666666666119e-01
5.230666666666666798e-01
5.272000000000000020e-01
5.260666666666666824e-01
5.211999999999999966e-01
5.230666666666666798e-01
5.246666666666666146e-01
5.252000000000000002e-01
5.253333333333333188e-01
5.170000000000000151e-01
5.297333333333332783e-01
5.255999999999999561e-01
5.251333333333333409e-01
5.255999999999999561e-01
5.226666666666666128e-01
5.253999999999999782e-01
5.273333333333333206e-01
5.259333333333333638e-01
5.221333333333333382e-01
5.244666666666666366e-01
5.275333333333332986e-01
5.233999999999999764e-01
5.231333333333333391e-01
5.282000000000000028e-01
5.228666666666667018e-01
5.235333333333332950e-01
5.273999999999999799e-01
5.273333333333333206e-01
5.220000000000000195e-01
5.262000000000000011e-01
5.305999999999999606e-01
5.269333333333333647e-01
5.275333333333332986e-01
5.208000000000000407e-01
5.277333333333333876e-01
5.262666666666666604e-01
5.251333333333333409e-01
5.292666666666666631e-01
5.260000000000000231e-01
5.264666666666666384e-01
5.263999999999999790e-01
5.264666666666666384e-01
5.255999999999999561e-01
5.260000000000000231e-01
5.269333333333333647e-01
5.302000000000000046e-01
5.301333333333333453e-01
5.270666666666666833e-01
5.273333333333333206e-01
5.258000000000000451e-01
5.265333333333332977e-01
5.255999999999999561e-01
5.262666666666666604e-01
5.256666666666666154e-01
5.278666666666667062e-01
5.293333333333333224e-01
5.286666666666666181e-01
5.292000000000000037e-01
5.257333333333333858e-01
5.279333333333333655e-01
5.283333333333333215e-01
5.290666666666666851e-01
5.290666666666666851e-01
5.218000000000000416e-01
5.273333333333333206e-01
5.291333333333333444e-01
5.273333333333333206e-01
5.289333333333333664e-01
5.302666666666666639e-01
5.278666666666667062e-01
5.295999999999999597e-01
5.265999999999999570e-01
5.325999999999999623e-01
5.285999999999999588e-01
5.286666666666666181e-01
5.316666666666666208e-01
5.287333333333333885e-01
5.288666666666667071e-01
5.261333333333333417e-01
5.262666666666666604e-01
5.274666666666666393e-01
5.271333333333333426e-01
5.290666666666666851e-01
5.301333333333333453e-01
5.356666666666666243e-01
5.296666666666666190e-01
5.284666666666666401e-01
5.270666666666666833e-01
5.273999999999999799e-01
5.323333333333333250e-01
5.295999999999999597e-01
5.302000000000000046e-01
5.324666666666666437e-01
5.317333333333332801e-01
5.308000000000000496e-01
5.278000000000000469e-01
5.315333333333333021e-01
5.307333333333332792e-01
5.278000000000000469e-01
5.290666666666666851e-01
5.318666666666667098e-01
5.322000000000000064e-01
5.302000000000000046e-01
5.320000000000000284e-01
5.334666666666666446e-01
5.293999999999999817e-01
5.300666666666666860e-01
5.322666666666666657e-01
5.342000000000000082e-01
5.313999999999999835e-01
5.314666666666666428e-01
5.308666666666667089e-01
5.316666666666666208e-01
5.323999999999999844e-01
5.325999999999999623e-01
5.342000000000000082e-01
5.335333333333333039e-01
5.303333333333333233e-01
5.362000000000000099e-01
5.322000000000000064e-01
5.298000000000000487e-01
5.348000000000000531e-01
5.351333333333333497e-01
5.331333333333333480e-01
5.328666666666667107e-01
5.333999999999999853e-01
5.363333333333333286e-01
5.305999999999999606e-01
5.322666666666666657e-01
5.331333333333333480e-01
5.313999999999999835e-01
5.355999999999999650e-01
5.297333333333332783e-01
5.323333333333333250e-01
5.365333333333333066e-01
5.343999999999999861e-01
5.332666666666666666e-01
5.348000000000000531e-01
5.348000000000000531e-01
5.333333333333333259e-01
5.314666666666666428e-01
5.368666666666667142e-01
5.345999999999999641e-01
5.344666666666666455e-01
5.364666666666666472e-01
5.373333333333333295e-01
5.315333333333333021e-01
5.309333333333333682e-01
5.332000000000000073e-01
5.362000000000000099e-01
5.345999999999999641e-01
5.371333333333333515e-01
5.386666666666666270e-01
5.380000000000000338e-01
5.355999999999999650e-01
5.317333333333332801e-01
5.352000000000000091e-01
5.325333333333333030e-01
5.348000000000000531e-01
5.344666666666666455e-01
5.344666666666666455e-01
