4.390000000000000013e-01
4.346666666666666456e-01
4.386666666666666492e-01
4.393333333333333535e-01
4.388666666666666827e-01
4.371999999999999775e-01
4.388666666666666827e-01
4.394666666666666721e-01
4.422666666666666413e-01
4.375999999999999890e-01
4.391999999999999793e-01
4.412666666666666404e-01
4.409333333333333438e-01
4.398666666666666836e-01
4.402666666666666395e-01
4.393333333333333535e-01
4.406666666666666510e-01
4.424666666666666748e-01
4.417333333333333112e-01
4.414666666666666739e-01
4.441999999999999837e-01
4.395999999999999908e-01
4.435333333333333350e-01
4.429333333333333456e-01
4.418000000000000260e-01
4.440666666666666651e-01
4.425999999999999934e-01
4.434666666666666757e-01
4.445999999999999952e-01
4.450000000000000067e-01
4.464000000000000190e-01
4.440666666666666651e-01
4.459333333333333482e-01
4.430666666666666642e-01
4.493333333333333068e-01
4.476666666666666572e-01
4.510666666666666713e-01
4.484666666666666801e-01
4.450000000000000067e-01
4.467333333333333156e-01
4.478666666666666907e-01
4.436666666666666536e-01
4.500000000000000111e-01
4.489333333333333509e-01
4.497333333333333183e-01
4.514666666666666828e-01
4.520000000000000129e-01
4.513333333333333086e-01
4.505333333333333412e-01
4.505333333333333412e-01
4.521999999999999909e-01
4.507999999999999785e-01
4.510666666666666713e-01
4.514666666666666828e-01
4.520000000000000129e-01
4.516666666666666607e-01
4.481999999999999873e-01
4.544666666666666854e-01
4.537333333333333218e-01
4.540666666666666740e-01
4.537999999999999812e-01
4.561333333333333351e-01
4.544000000000000261e-01
4.535333333333333439e-01
4.563333333333333131e-01
4.550666666666666749e-01
4.590000000000000191e-01
4.537333333333333218e-01
4.556000000000000050e-01
4.547999999999999821e-01
4.570000000000000173e-01
4.568666666666666432e-01
4.532666666666666511e-01
4.567999999999999838e-01
4.556666666666666643e-01
4.506666666666666599e-01
4.575333333333333474e-01
4.571333333333333360e-01
4.520666666666666722e-01
4.563333333333333131e-01
4.597999999999999865e-01
4.570666666666666766e-01
4.573999999999999733e-01
4.573333333333333139e-01
4.615333333333333510e-01
4.582666666666666555e-01
4.591333333333333377e-01
4.587999999999999856e-01
4.633333333333333193e-01
4.617999999999999883e-01
4.548666666666666414e-01
4.622666666666666591e-01
4.598666666666666458e-01
4.598666666666666458e-01
4.643999999999999795e-01
4.606000000000000094e-01
4.606000000000000094e-01
4.642000000000000015e-01
4.598666666666666458e-01
4.642000000000000015e-01
4.620000000000000218e-01
4.631333333333333413e-01
4.654666666666666397e-01
4.592666666666666564e-01
4.649333333333333096e-01
4.632666666666666599e-01
4.643333333333333202e-01
4.676666666666666750e-01
4.632666666666666599e-01
4.646000000000000130e-01
4.646000000000000130e-01
4.656666666666666732e-01
4.653333333333333210e-01
4.676666666666666750e-01
4.650666666666666837e-01
4.697999999999999954e-01
4.648666666666666503e-01
4.672000000000000042e-01
4.670666666666666855e-01
4.670000000000000262e-01
4.691333333333333466e-01
4.694666666666666432e-01
4.705333333333333590e-01
4.660000000000000253e-01
4.702666666666666662e-01
4.673999999999999821e-01
4.685333333333333572e-01
4.683333333333333237e-01
4.722000000000000086e-01
4.697999999999999954e-01
4.672000000000000042e-01
4.705333333333333590e-01
4.702666666666666662e-01
4.707333333333333369e-01
4.707333333333333369e-01
4.699999999999999734e-01
4.695333333333333581e-01
4.687333333333333352e-01
4.743333333333333290e-01
4.699333333333333140e-01
4.725333333333333607e-01
4.680000000000000271e-01
4.685333333333333572e-01
4.751333333333333520e-01
4.757333333333333414e-01
4.717333333333333378e-01
4.737333333333333396e-01
4.706666666666666776e-01
4.694666666666666432e-01
4.750666666666666926e-01
4.687333333333333352e-01
4.718666666666666565e-01
4.759333333333333194e-01
4.770666666666666944e-01
4.757333333333333414e-01
4.764666666666666495e-01
4.773333333333333317e-01
4.772666666666666724e-01
4.743999999999999884e-01
4.741333333333333511e-01
4.771333333333333537e-01
4.724666666666666459e-01
4.736666666666666803e-01
4.773999999999999910e-01
4.742666666666666697e-01
4.753333333333333299e-01
4.713333333333333264e-01
4.766666666666666829e-01
4.747999999999999998e-01
4.780666666666666398e-01
4.801333333333333564e-01
4.777333333333333432e-01
4.784666666666666512e-01
4.790666666666666407e-01
4.783999999999999919e-01
4.795333333333333115e-01
4.803999999999999937e-01
4.780666666666666398e-01
4.776666666666666838e-01
4.773999999999999910e-01
4.788666666666666627e-01
4.779999999999999805e-01
4.783333333333333326e-01
4.796000000000000263e-01
4.766000000000000236e-01
4.783333333333333326e-01
4.815333333333333132e-01
4.801333333333333564e-01
4.786000000000000254e-01
4.833999999999999964e-01
4.829999999999999849e-01
4.819999999999999840e-01
4.802666666666666750e-01
4.777333333333333432e-01
4.813333333333333353e-01
4.837333333333333485e-01
4.817333333333333467e-01
4.842666666666666786e-01
4.843999999999999972e-01
4.821333333333333582e-01
4.807333333333333458e-01
4.820666666666666433e-01
4.822000000000000175e-01
4.805333333333333123e-01
4.852000000000000202e-01
4.815999999999999726e-01
4.842000000000000193e-01
4.863999999999999990e-01
4.808000000000000052e-01
4.819333333333333247e-01
4.839999999999999858e-01
4.884000000000000008e-01
4.857333333333333503e-01
4.839333333333333265e-01
4.833999999999999964e-01
4.852000000000000202e-01
4.856666666666666909e-01
4.835333333333333150e-01
4.848666666666666680e-01
4.868666666666666698e-01
4.856666666666666909e-01
4.839333333333333265e-01
4.892000000000000237e-01
4.842666666666666786e-01
4.864666666666666583e-01
4.835333333333333150e-01
4.869333333333333291e-01
4.869999999999999885e-01
4.891333333333333089e-01
4.888666666666666716e-01
4.835999999999999743e-01
4.858666666666666689e-01
4.868000000000000105e-01
4.859999999999999876e-01
4.853999999999999981e-01
4.881333333333333080e-01
4.926666666666666416e-01
4.899333333333333318e-01
4.890666666666666496e-01
4.897333333333333538e-01
4.906666666666666399e-01
4.911333333333333107e-01
4.892666666666666830e-01
4.890666666666666496e-01
4.892666666666666830e-01
4.899999999999999911e-01
4.910666666666666513e-01
4.913333333333333441e-01
4.890666666666666496e-01
4.876666666666666927e-01
4.870666666666666478e-01
4.912666666666666848e-01
4.885999999999999788e-01
4.919999999999999929e-01
4.894666666666666610e-01
4.918666666666666742e-01
4.949333333333333362e-01
4.918666666666666742e-01
4.913333333333333441e-01
4.915333333333333221e-01
4.923333333333333450e-01
4.939999999999999947e-01
4.909333333333333327e-01
4.926666666666666416e-01
4.943333333333333468e-01
4.942666666666666875e-01
4.947333333333333583e-01
4.964000000000000079e-01
4.959999999999999964e-01
4.949999999999999956e-01
4.958666666666666778e-01
4.899999999999999911e-01
4.954666666666666663e-01
4.909333333333333327e-01
4.940666666666666540e-01
4.912000000000000255e-01
4.954000000000000070e-01
4.925333333333333230e-01
4.931333333333333124e-01
4.971999999999999753e-01
4.923333333333333450e-01
4.950666666666666549e-01
4.960666666666666558e-01
4.962666666666666893e-01
4.922666666666666857e-01
4.990666666666666584e-01
4.972666666666666901e-01
4.957333333333333591e-01
4.985999999999999877e-01
4.960666666666666558e-01
4.962666666666666893e-01
4.942666666666666875e-01
4.970666666666666567e-01
4.988666666666666805e-01
4.975999999999999868e-01
4.968666666666666787e-01
4.917333333333333556e-01
4.989333333333333398e-01
4.952666666666666884e-01
4.952666666666666884e-01
5.011333333333333195e-01
4.974666666666666681e-01
4.954666666666666663e-01
4.971333333333333160e-01
4.999333333333333407e-01
4.955999999999999850e-01
4.982666666666666910e-01
5.036000000000000476e-01
4.992666666666666919e-01
4.985999999999999877e-01
5.018666666666666831e-01
5.002666666666666373e-01
5.012666666666666382e-01
4.984000000000000097e-01
4.983333333333333504e-01
4.998000000000000220e-01
4.982666666666666910e-01
4.988000000000000211e-01
5.024666666666666170e-01
4.971333333333333160e-01
5.011999999999999789e-01
5.000000000000000000e-01
4.991999999999999771e-01
4.988000000000000211e-01
5.001999999999999780e-01
5.053333333333333011e-01
4.995333333333333292e-01
5.009333333333333416e-01
5.028000000000000247e-01
4.985999999999999877e-01
5.030000000000000027e-01
5.033999999999999586e-01
4.994000000000000106e-01
5.006000000000000449e-01
5.020000000000000018e-01
4.979333333333333389e-01
5.042666666666666409e-01
5.035333333333333883e-01
4.991333333333333178e-01
4.988666666666666805e-01
5.001333333333333186e-01
5.060666666666666647e-01
5.046000000000000485e-01
5.037333333333333663e-01
5.048000000000000265e-01
5.026000000000000467e-01
5.026666666666667060e-01
5.007333333333333636e-01
5.036666666666667069e-01
4.975333333333333274e-01
5.033333333333332993e-01
5.061333333333333240e-01
5.018666666666666831e-01
5.008666666666666822e-01
5.041333333333333222e-01
5.066666666666667096e-01
5.033333333333332993e-01
5.036000000000000476e-01
5.036666666666667069e-01
5.063333333333333020e-01
5.063999999999999613e-01
5.053333333333333011e-01
5.040000000000000036e-01
5.044666666666666188e-01
5.085333333333332817e-01
4.997333333333333072e-01
5.057333333333333680e-01
5.028000000000000247e-01
5.013333333333332975e-01
5.074666666666666215e-01
5.054666666666666197e-01
5.026666666666667060e-01
5.046666666666667078e-01
5.037333333333333663e-01
5.094666666666666233e-01
5.042666666666666409e-01
5.077333333333333698e-01
5.086666666666667114e-01
5.106666666666667131e-01
5.090000000000000080e-01
5.083333333333333037e-01
5.050666666666666638e-01
5.084666666666666224e-01
5.080000000000000071e-01
5.064666666666666206e-01
5.096666666666667123e-01
5.079333333333333478e-01
5.055333333333332790e-01
5.069333333333333469e-01
5.098666666666666902e-01
5.059333333333333460e-01
5.046666666666667078e-01
5.073999999999999622e-01
5.061333333333333240e-01
5.084666666666666224e-01
5.128000000000000336e-01
5.063999999999999613e-01
5.066666666666667096e-01
5.107333333333333725e-01
5.066000000000000503e-01
5.075333333333332808e-01
5.055333333333332790e-01
5.080000000000000071e-01
5.090666666666666673e-01
5.103333333333333055e-01
5.106666666666667131e-01
5.078000000000000291e-01
5.106666666666667131e-01
5.096000000000000529e-01
5.083999999999999631e-01
5.111999999999999877e-01
5.095333333333332826e-01
5.116666666666667140e-01
5.096000000000000529e-01
5.110666666666666691e-01
5.091333333333333266e-01
5.137333333333333751e-01
5.094666666666666233e-01
5.107333333333333725e-01
5.109333333333333504e-01
5.103333333333333055e-01
5.118000000000000327e-01
5.144666666666666277e-01
5.116000000000000547e-01
5.086666666666667114e-01
5.101333333333333275e-01
5.120666666666666700e-01
5.142666666666666497e-01
5.122666666666666480e-01
5.105333333333332835e-01
5.135999999999999455e-01
5.135333333333332861e-01
5.097333333333333716e-01
5.114666666666666250e-01
5.125333333333332853e-01
5.147333333333333760e-01
5.143999999999999684e-01
5.170666666666666744e-01
5.123999999999999666e-01
5.136666666666667158e-01
5.158000000000000362e-01
5.116666666666667140e-01
5.130000000000000115e-01
5.154666666666666286e-01
5.128666666666666929e-01
5.138666666666666938e-01
5.132666666666666488e-01
5.125999999999999446e-01
5.141999999999999904e-01
5.145333333333332870e-01
5.141333333333333311e-01
5.130666666666666709e-01
5.169333333333333558e-01
5.200000000000000178e-01
5.128000000000000336e-01
5.126666666666667149e-01
5.116000000000000547e-01
5.151999999999999913e-01
5.143333333333333091e-01
5.148666666666666947e-01
5.153999999999999693e-01
5.160666666666666735e-01
5.149333333333333540e-01
5.149333333333333540e-01
5.185999999999999499e-01
5.150666666666666726e-01
5.147333333333333760e-01
5.143333333333333091e-01
5.141333333333333311e-01
5.144666666666666277e-01
5.133333333333333082e-01
5.148000000000000353e-01
5.123999999999999666e-01
5.156666666666667176e-01
5.094666666666666233e-01
5.169333333333333558e-01
5.169333333333333558e-01
5.130666666666666709e-01
5.170666666666666744e-01
5.169333333333333558e-01
5.160000000000000142e-01
5.215333333333332932e-01
5.200666666666666771e-01
5.180666666666666753e-01
5.162666666666666515e-01
5.178666666666666973e-01
5.157333333333333769e-01
5.175333333333332897e-01
5.181333333333333346e-01
5.141999999999999904e-01
5.184666666666666313e-01
5.188666666666666982e-01
5.190000000000000169e-01
5.162666666666666515e-01
5.174666666666666304e-01
5.185999999999999499e-01
5.205333333333332924e-01
5.188666666666666982e-01
5.196666666666667211e-01
5.174666666666666304e-01
5.180000000000000160e-01
5.198666666666666991e-01
5.165333333333332888e-01
5.185333333333332906e-01
5.190666666666666762e-01
5.191999999999999948e-01
5.193333333333333135e-01
5.178666666666666973e-01
5.164666666666666295e-01
5.185333333333332906e-01
5.204666666666666330e-01
5.209333333333333593e-01
5.186666666666667203e-01
5.159333333333333549e-01
5.170666666666666744e-01
5.194666666666666321e-01
5.189333333333333576e-01
5.215333333333332932e-01
5.229333333333333611e-01
5.186666666666667203e-01
5.208000000000000407e-01
5.196666666666667211e-01
5.213999999999999746e-01
5.217333333333333822e-01
5.195333333333332915e-01
5.250666666666666815e-01
5.220666666666666789e-01
5.203999999999999737e-01
5.211999999999999966e-01
5.226666666666666128e-01
5.203333333333333144e-01
5.216666666666666119e-01
5.208000000000000407e-01
5.220000000000000195e-01
5.199333333333333584e-01
5.191333333333333355e-01
5.215333333333332932e-01
5.213333333333333153e-01
5.232666666666666577e-01
5.242666666666666586e-01
5.252000000000000002e-01
5.262000000000000011e-01
5.222666666666666568e-01
5.228000000000000425e-01
5.230000000000000204e-01
5.200000000000000178e-01
5.219333333333333602e-01
5.203999999999999737e-01
5.182666666666666533e-01
5.218000000000000416e-01
5.239333333333333620e-01
5.215333333333332932e-01
5.262000000000000011e-01
5.264666666666666384e-01
5.236666666666666137e-01
5.249333333333333629e-01
5.257333333333333858e-01
5.237333333333333840e-01
5.223999999999999755e-01
5.193333333333333135e-01
5.245333333333332959e-01
5.254666666666666375e-01
5.255333333333332968e-01
5.238000000000000433e-01
5.237333333333333840e-01
5.207333333333333814e-01
5.233333333333333171e-01
5.258666666666667044e-01
5.239333333333333620e-01
5.221999999999999975e-01
5.237333333333333840e-01
5.278000000000000469e-01
5.268666666666667053e-01
5.227333333333333831e-01
5.243333333333333179e-01
5.255333333333332968e-01
5.258000000000000451e-01
5.268666666666667053e-01
5.177333333333333787e-01
5.310666666666666869e-01
5.270000000000000240e-01
5.265999999999999570e-01
5.268000000000000460e-01
5.241999999999999993e-01
5.271333333333333426e-01
5.289333333333333664e-01
5.273999999999999799e-01
5.235999999999999543e-01
5.258666666666667044e-01
5.290666666666666851e-01
5.252000000000000002e-01
5.248666666666667036e-01
5.294666666666666410e-01
5.237333333333333840e-01
5.241333333333333400e-01
5.285333333333332995e-01
5.285333333333332995e-01
5.240666666666666806e-01
5.272666666666666613e-01
5.323999999999999844e-01
5.278666666666667062e-01
5.275999999999999579e-01
5.224666666666666348e-01
5.292666666666666631e-01
5.276666666666666172e-01
5.265333333333332977e-01
5.303333333333333233e-01
5.273333333333333206e-01
5.280000000000000249e-01
5.274666666666666393e-01
5.278000000000000469e-01
5.266666666666666163e-01
5.277333333333333876e-01
5.282666666666666622e-01
5.308000000000000496e-01
5.313999999999999835e-01
5.280666666666666842e-01
5.285333333333332995e-01
5.273333333333333206e-01
5.273999999999999799e-01
5.268666666666667053e-01
5.272666666666666613e-01
5.273333333333333206e-01
5.293999999999999817e-01
5.305999999999999606e-01
5.302666666666666639e-01
5.303999999999999826e-01
5.267333333333333867e-01
5.290666666666666851e-01
5.293333333333333224e-01
5.302666666666666639e-01
5.303333333333333233e-01
5.233333333333333171e-01
5.288000000000000478e-01
5.300666666666666860e-01
5.283333333333333215e-01
5.306666666666666199e-01
5.307333333333332792e-01
5.288666666666667071e-01
5.302666666666666639e-01
5.282000000000000028e-01
5.331333333333333480e-01
5.294666666666666410e-01
5.301333333333333453e-01
5.325333333333333030e-01
5.296666666666666190e-01
5.303999999999999826e-01
5.275333333333332986e-01
5.273333333333333206e-01
5.287333333333333885e-01
5.285999999999999588e-01
5.310000000000000275e-01
5.307333333333332792e-01
5.366666666666666252e-01
5.313999999999999835e-01
5.301333333333333453e-01
5.282000000000000028e-01
5.286666666666666181e-01
5.333999999999999853e-01
5.304666666666666419e-01
5.316666666666666208e-01
5.333999999999999853e-01
5.326666666666666217e-01
5.314666666666666428e-01
5.290000000000000258e-01
5.324666666666666437e-01
5.317333333333332801e-01
5.285333333333332995e-01
5.302666666666666639e-01
5.332000000000000073e-01
5.333999999999999853e-01
5.308000000000000496e-01
5.328666666666667107e-01
5.343999999999999861e-01
5.301333333333333453e-01
5.313999999999999835e-01
5.333333333333333259e-01
5.353333333333333277e-01
5.320000000000000284e-01
5.325999999999999623e-01
5.315333333333333021e-01
5.327333333333332810e-01
5.334666666666666446e-01
5.333333333333333259e-01
5.350666666666666904e-01
5.343999999999999861e-01
5.313999999999999835e-01
5.373999999999999888e-01
5.331333333333333480e-01
5.305333333333333012e-01
5.355333333333333057e-01
5.363999999999999879e-01
5.336666666666666226e-01
5.335999999999999632e-01
5.339333333333333709e-01
5.372666666666666702e-01
5.315333333333333021e-01
5.330666666666666886e-01
5.340666666666666895e-01
5.322666666666666657e-01
5.368666666666667142e-01
5.302000000000000046e-01
5.335333333333333039e-01
5.378666666666667151e-01
5.350000000000000311e-01
5.342666666666666675e-01
5.352000000000000091e-01
5.355999999999999650e-01
5.343999999999999861e-01
5.321333333333333471e-01
5.380000000000000338e-01
5.351333333333333497e-01
5.352666666666666684e-01
5.373999999999999888e-01
5.386666666666666270e-01
5.328666666666667107e-01
5.312000000000000055e-01
5.335999999999999632e-01
5.372000000000000108e-01
5.357333333333332837e-01
5.382666666666666710e-01
5.397333333333332872e-01
5.384666666666666490e-01
5.365333333333333066e-01
5.325999999999999623e-01
5.359333333333333727e-01
5.333999999999999853e-01
5.353999999999999870e-01
5.356666666666666243e-01
5.353333333333333277e-01
