4.362666666666666915e-01
4.328000000000000180e-01
4.360666666666666580e-01
4.369333333333333402e-01
4.364000000000000101e-01
4.339333333333333376e-01
4.364666666666666694e-01
4.366666666666666474e-01
4.408666666666666845e-01
4.360666666666666580e-01
4.369333333333333402e-01
4.391333333333333200e-01
4.387333333333333085e-01
4.375333333333333297e-01
4.380666666666666598e-01
4.375999999999999890e-01
4.380000000000000004e-01
4.406666666666666510e-01
4.395333333333333314e-01
4.391999999999999793e-01
4.415333333333333332e-01
4.381999999999999784e-01
4.416666666666666519e-01
4.410000000000000031e-01
4.395333333333333314e-01
4.420000000000000040e-01
4.408666666666666845e-01
4.411999999999999811e-01
4.430000000000000049e-01
4.428666666666666862e-01
4.443333333333333579e-01
4.419333333333333447e-01
4.437333333333333130e-01
4.417333333333333112e-01
4.473333333333333606e-01
4.460666666666666669e-01
4.498666666666666925e-01
4.459333333333333482e-01
4.425999999999999934e-01
4.447999999999999732e-01
4.458666666666666889e-01
4.420000000000000040e-01
4.481333333333333280e-01
4.471999999999999864e-01
4.475333333333333385e-01
4.494000000000000217e-01
4.500000000000000111e-01
4.498666666666666925e-01
4.485999999999999988e-01
4.482666666666666466e-01
4.506000000000000005e-01
4.488666666666666916e-01
4.491999999999999882e-01
4.498666666666666925e-01
4.505333333333333412e-01
4.495333333333333403e-01
4.462666666666666448e-01
4.524666666666666837e-01
4.526000000000000023e-01
4.519333333333333536e-01
4.521333333333333315e-01
4.545333333333333448e-01
4.530000000000000138e-01
4.518666666666666942e-01
4.546666666666666634e-01
4.534000000000000252e-01
4.575333333333333474e-01
4.515333333333333421e-01
4.540000000000000147e-01
4.526666666666666616e-01
4.550000000000000155e-01
4.551999999999999935e-01
4.514000000000000234e-01
4.552666666666666528e-01
4.540666666666666740e-01
4.486666666666666581e-01
4.563333333333333131e-01
4.557333333333333236e-01
4.505333333333333412e-01
4.552666666666666528e-01
4.586000000000000076e-01
4.556666666666666643e-01
4.557999999999999829e-01
4.563999999999999724e-01
4.595333333333333492e-01
4.565333333333333465e-01
4.572666666666666546e-01
4.569333333333333580e-01
4.613333333333333175e-01
4.610000000000000209e-01
4.530666666666666731e-01
4.604666666666666908e-01
4.581333333333333369e-01
4.586000000000000076e-01
4.632000000000000006e-01
4.592666666666666564e-01
4.587333333333333263e-01
4.625333333333333519e-01
4.590000000000000191e-01
4.630666666666666820e-01
4.606666666666666687e-01
4.611333333333333395e-01
4.641333333333333422e-01
4.580666666666666775e-01
4.632666666666666599e-01
4.612666666666666582e-01
4.629333333333333078e-01
4.658666666666666512e-01
4.611999999999999988e-01
4.636666666666666714e-01
4.633999999999999786e-01
4.638666666666666494e-01
4.635333333333333528e-01
4.659333333333333105e-01
4.635333333333333528e-01
4.678666666666666529e-01
4.635333333333333528e-01
4.661333333333333440e-01
4.662666666666666626e-01
4.668666666666666520e-01
4.678666666666666529e-01
4.682666666666666644e-01
4.695333333333333581e-01
4.652000000000000024e-01
4.686666666666666758e-01
4.664666666666666406e-01
4.664666666666666406e-01
4.672000000000000042e-01
4.710666666666666891e-01
4.683999999999999830e-01
4.661333333333333440e-01
4.693999999999999839e-01
4.690666666666666873e-01
4.693333333333333246e-01
4.697333333333333361e-01
4.689999999999999725e-01
4.683999999999999830e-01
4.672666666666666635e-01
4.733999999999999875e-01
4.683999999999999830e-01
4.710666666666666891e-01
4.663333333333333219e-01
4.672666666666666635e-01
4.741333333333333511e-01
4.739999999999999769e-01
4.709999999999999742e-01
4.727999999999999980e-01
4.696666666666666767e-01
4.682666666666666644e-01
4.739999999999999769e-01
4.682000000000000051e-01
4.707333333333333369e-01
4.748666666666666591e-01
4.758000000000000007e-01
4.747333333333333405e-01
4.753999999999999893e-01
4.761333333333333528e-01
4.758666666666666600e-01
4.729999999999999760e-01
4.733999999999999875e-01
4.758666666666666600e-01
4.711333333333333484e-01
4.725333333333333607e-01
4.769333333333333202e-01
4.736000000000000210e-01
4.742000000000000104e-01
4.703333333333333255e-01
4.759999999999999787e-01
4.736000000000000210e-01
4.773333333333333317e-01
4.788000000000000034e-01
4.768666666666666609e-01
4.774666666666666504e-01
4.776666666666666838e-01
4.775333333333333097e-01
4.783333333333333326e-01
4.788000000000000034e-01
4.768666666666666609e-01
4.769999999999999796e-01
4.768000000000000016e-01
4.778000000000000025e-01
4.775333333333333097e-01
4.766000000000000236e-01
4.785333333333333106e-01
4.751333333333333520e-01
4.770666666666666944e-01
4.804666666666666530e-01
4.785333333333333106e-01
4.778000000000000025e-01
4.825999999999999734e-01
4.819999999999999840e-01
4.812000000000000166e-01
4.789999999999999813e-01
4.766000000000000236e-01
4.799333333333333229e-01
4.832000000000000184e-01
4.812000000000000166e-01
4.835999999999999743e-01
4.833999999999999964e-01
4.808000000000000052e-01
4.803333333333333344e-01
4.811333333333333573e-01
4.811333333333333573e-01
4.789999999999999813e-01
4.844666666666666566e-01
4.806666666666666865e-01
4.836666666666666892e-01
4.853333333333333388e-01
4.798000000000000043e-01
4.813999999999999946e-01
4.833333333333333370e-01
4.878000000000000114e-01
4.845999999999999752e-01
4.828000000000000069e-01
4.825333333333333141e-01
4.837333333333333485e-01
4.847333333333333494e-01
4.819999999999999840e-01
4.839333333333333265e-01
4.862666666666666804e-01
4.849999999999999867e-01
4.829333333333333256e-01
4.885333333333333194e-01
4.841333333333333599e-01
4.854666666666666575e-01
4.822000000000000175e-01
4.858666666666666689e-01
4.868000000000000105e-01
4.882666666666666822e-01
4.879999999999999893e-01
4.834666666666666557e-01
4.839999999999999858e-01
4.859999999999999876e-01
4.845999999999999752e-01
4.851333333333333608e-01
4.874666666666666592e-01
4.919333333333333336e-01
4.898000000000000131e-01
4.884666666666666601e-01
4.894666666666666610e-01
4.905333333333333212e-01
4.905333333333333212e-01
4.885999999999999788e-01
4.881333333333333080e-01
4.886666666666666936e-01
4.894000000000000017e-01
4.905999999999999805e-01
4.900666666666666504e-01
4.889333333333333309e-01
4.869999999999999885e-01
4.859333333333333282e-01
4.908000000000000140e-01
4.881333333333333080e-01
4.906666666666666399e-01
4.887333333333333529e-01
4.911333333333333107e-01
4.939999999999999947e-01
4.912666666666666848e-01
4.907333333333333547e-01
4.906666666666666399e-01
4.918000000000000149e-01
4.926666666666666416e-01
4.908666666666666734e-01
4.922666666666666857e-01
4.934666666666666646e-01
4.934000000000000052e-01
4.940666666666666540e-01
4.955999999999999850e-01
4.958000000000000185e-01
4.940666666666666540e-01
4.946666666666666434e-01
4.892666666666666830e-01
4.949999999999999956e-01
4.906666666666666399e-01
4.934666666666666646e-01
4.906666666666666399e-01
4.947333333333333583e-01
4.916666666666666408e-01
4.930666666666666531e-01
4.966666666666666452e-01
4.920666666666666522e-01
4.940666666666666540e-01
4.952666666666666884e-01
4.951999999999999735e-01
4.912000000000000255e-01
4.978666666666666796e-01
4.961333333333333151e-01
4.951333333333333142e-01
4.979999999999999982e-01
4.950666666666666549e-01
4.952666666666666884e-01
4.940666666666666540e-01
4.965999999999999859e-01
4.978666666666666796e-01
4.968666666666666787e-01
4.961333333333333151e-01
4.910666666666666513e-01
4.979999999999999982e-01
4.945999999999999841e-01
4.940666666666666540e-01
5.013333333333332975e-01
4.968000000000000194e-01
4.953333333333333477e-01
4.964666666666666672e-01
4.991999999999999771e-01
4.946666666666666434e-01
4.976666666666666461e-01
5.024666666666666170e-01
4.983333333333333504e-01
4.978000000000000203e-01
5.010000000000000009e-01
4.991333333333333178e-01
5.000666666666666593e-01
4.977333333333333609e-01
4.973333333333333495e-01
4.988666666666666805e-01
4.979333333333333389e-01
4.985333333333333283e-01
5.016666666666667052e-01
4.969999999999999973e-01
5.009333333333333416e-01
4.990666666666666584e-01
4.983333333333333504e-01
4.984666666666666690e-01
4.995333333333333292e-01
5.048000000000000265e-01
4.988000000000000211e-01
5.001333333333333186e-01
5.020000000000000018e-01
4.981333333333333169e-01
5.020666666666666611e-01
5.024666666666666170e-01
4.985999999999999877e-01
5.000666666666666593e-01
5.013333333333332975e-01
4.972666666666666901e-01
5.036000000000000476e-01
5.028000000000000247e-01
4.984666666666666690e-01
4.984000000000000097e-01
4.998000000000000220e-01
5.055333333333332790e-01
5.036000000000000476e-01
5.033999999999999586e-01
5.043333333333333002e-01
5.018000000000000238e-01
5.019333333333333425e-01
4.998666666666666814e-01
5.033333333333332993e-01
4.970666666666666567e-01
5.023333333333332984e-01
5.055333333333332790e-01
5.013333333333332975e-01
5.008000000000000229e-01
5.030666666666666620e-01
5.062666666666666426e-01
5.033333333333332993e-01
5.028000000000000247e-01
5.031999999999999806e-01
5.056000000000000494e-01
5.056666666666667087e-01
5.043999999999999595e-01
5.036666666666667069e-01
5.036666666666667069e-01
5.083333333333333037e-01
4.990666666666666584e-01
5.054666666666666197e-01
5.022666666666666391e-01
5.003999999999999559e-01
5.068000000000000282e-01
5.048000000000000265e-01
5.021999999999999797e-01
5.041333333333333222e-01
5.035333333333333883e-01
5.094666666666666233e-01
5.041999999999999815e-01
5.070000000000000062e-01
5.078000000000000291e-01
5.100000000000000089e-01
5.082666666666666444e-01
5.078666666666666885e-01
5.048000000000000265e-01
5.077333333333333698e-01
5.078666666666666885e-01
5.058666666666666867e-01
5.091333333333333266e-01
5.071333333333333249e-01
5.053333333333333011e-01
5.062666666666666426e-01
5.096000000000000529e-01
5.054666666666666197e-01
5.045333333333332781e-01
5.070666666666666655e-01
5.065333333333332799e-01
5.082666666666666444e-01
5.123333333333333073e-01
5.061999999999999833e-01
5.062666666666666426e-01
5.103333333333333055e-01
5.064666666666666206e-01
5.075333333333332808e-01
5.055333333333332790e-01
5.072666666666666435e-01
5.085333333333332817e-01
5.096000000000000529e-01
5.100000000000000089e-01
5.076666666666667105e-01
5.106000000000000538e-01
5.091333333333333266e-01
5.079333333333333478e-01
5.111333333333333284e-01
5.093999999999999639e-01
5.113333333333333064e-01
5.084666666666666224e-01
5.104666666666666242e-01
5.090000000000000080e-01
5.132666666666666488e-01
5.090666666666666673e-01
5.108666666666666911e-01
5.101999999999999869e-01
5.096666666666667123e-01
5.111333333333333284e-01
5.137333333333333751e-01
5.106000000000000538e-01
5.083999999999999631e-01
5.098000000000000309e-01
5.113999999999999657e-01
5.137333333333333751e-01
5.121333333333333293e-01
5.101999999999999869e-01
5.135999999999999455e-01
5.133999999999999675e-01
5.089333333333333487e-01
5.108666666666666911e-01
5.120000000000000107e-01
5.144666666666666277e-01
5.138000000000000345e-01
5.163333333333333108e-01
5.125333333333332853e-01
5.128000000000000336e-01
5.151999999999999913e-01
5.111333333333333284e-01
5.123999999999999666e-01
5.146666666666667167e-01
5.121999999999999886e-01
5.137333333333333751e-01
5.127333333333333742e-01
5.121999999999999886e-01
5.140000000000000124e-01
5.140000000000000124e-01
5.137333333333333751e-01
5.121333333333333293e-01
5.161333333333333329e-01
5.195999999999999508e-01
5.133333333333333082e-01
5.125999999999999446e-01
5.113333333333333064e-01
5.151999999999999913e-01
5.142666666666666497e-01
5.142666666666666497e-01
5.148000000000000353e-01
5.157333333333333769e-01
5.140666666666666718e-01
5.143333333333333091e-01
5.180666666666666753e-01
5.143333333333333091e-01
5.141999999999999904e-01
5.136666666666667158e-01
5.141999999999999904e-01
5.140666666666666718e-01
5.126666666666667149e-01
5.141999999999999904e-01
5.113999999999999657e-01
5.153333333333333099e-01
5.092666666666666453e-01
5.171333333333333337e-01
5.163333333333333108e-01
5.123999999999999666e-01
5.168666666666666965e-01
5.164666666666666295e-01
5.158000000000000362e-01
5.214666666666666339e-01
5.200666666666666771e-01
5.176666666666667194e-01
5.155333333333332879e-01
5.170000000000000151e-01
5.148000000000000353e-01
5.171999999999999931e-01
5.171333333333333337e-01
5.135333333333332861e-01
5.180666666666666753e-01
5.181999999999999940e-01
5.190000000000000169e-01
5.155999999999999472e-01
5.168666666666666965e-01
5.180000000000000160e-01
5.201333333333333364e-01
5.181999999999999940e-01
5.190666666666666762e-01
5.172666666666666524e-01
5.175999999999999490e-01
5.194666666666666321e-01
5.160000000000000142e-01
5.178666666666666973e-01
5.186666666666667203e-01
5.183333333333333126e-01
5.188666666666666982e-01
5.173333333333333117e-01
5.163333333333333108e-01
5.183333333333333126e-01
5.191999999999999948e-01
5.206666666666667220e-01
5.178000000000000380e-01
5.154666666666666286e-01
5.165333333333332888e-01
5.193999999999999728e-01
5.187333333333333796e-01
5.209333333333333593e-01
5.229333333333333611e-01
5.182666666666666533e-01
5.203999999999999737e-01
5.195333333333332915e-01
5.211999999999999966e-01
5.210000000000000187e-01
5.192666666666666542e-01
5.245999999999999552e-01
5.218666666666667009e-01
5.198666666666666991e-01
5.205999999999999517e-01
5.220666666666666789e-01
5.193999999999999728e-01
5.213333333333333153e-01
5.201999999999999957e-01
5.211999999999999966e-01
5.195333333333332915e-01
5.188666666666666982e-01
5.211999999999999966e-01
5.208666666666667000e-01
5.223333333333333162e-01
5.238000000000000433e-01
5.248666666666667036e-01
5.260666666666666824e-01
5.218666666666667009e-01
5.225333333333332941e-01
5.227333333333333831e-01
5.194666666666666321e-01
5.218000000000000416e-01
5.196666666666667211e-01
5.179333333333333567e-01
5.211333333333333373e-01
5.232666666666666577e-01
5.207333333333333814e-01
5.260000000000000231e-01
5.260000000000000231e-01
5.231333333333333391e-01
5.247333333333333849e-01
5.255999999999999561e-01
5.238000000000000433e-01
5.217333333333333822e-01
5.188000000000000389e-01
5.240000000000000213e-01
5.251333333333333409e-01
5.245333333333332959e-01
5.233999999999999764e-01
5.233333333333333171e-01
5.201999999999999957e-01
5.225999999999999535e-01
5.253333333333333188e-01
5.238666666666667027e-01
5.220666666666666789e-01
5.231333333333333391e-01
5.278666666666667062e-01
5.262666666666666604e-01
5.223999999999999755e-01
5.240666666666666806e-01
5.245999999999999552e-01
5.252000000000000002e-01
5.261333333333333417e-01
5.175999999999999490e-01
5.304666666666666419e-01
5.262666666666666604e-01
5.265333333333332977e-01
5.269333333333333647e-01
5.238666666666667027e-01
5.266666666666666163e-01
5.288000000000000478e-01
5.270000000000000240e-01
5.232666666666666577e-01
5.253333333333333188e-01
5.282666666666666622e-01
5.246666666666666146e-01
5.244666666666666366e-01
5.290000000000000258e-01
5.231999999999999984e-01
5.241999999999999993e-01
5.283333333333333215e-01
5.282000000000000028e-01
5.235333333333332950e-01
5.270666666666666833e-01
5.319333333333333691e-01
5.278000000000000469e-01
5.274666666666666393e-01
5.215999999999999526e-01
5.290666666666666851e-01
5.271333333333333426e-01
5.257333333333333858e-01
5.300000000000000266e-01
5.270000000000000240e-01
5.273333333333333206e-01
5.271333333333333426e-01
5.274666666666666393e-01
5.262666666666666604e-01
5.270000000000000240e-01
5.278666666666667062e-01
5.308000000000000496e-01
5.311333333333333462e-01
5.278000000000000469e-01
5.281333333333333435e-01
5.269333333333333647e-01
5.270000000000000240e-01
5.263333333333333197e-01
5.270000000000000240e-01
5.265999999999999570e-01
5.290000000000000258e-01
5.300000000000000266e-01
5.298666666666667080e-01
5.299333333333333673e-01
5.265999999999999570e-01
5.287333333333333885e-01
5.290000000000000258e-01
5.299333333333333673e-01
5.294666666666666410e-01
5.232666666666666577e-01
5.279333333333333655e-01
5.294666666666666410e-01
5.281333333333333435e-01
5.301333333333333453e-01
5.305999999999999606e-01
5.284666666666666401e-01
5.302666666666666639e-01
5.271333333333333426e-01
5.326666666666666217e-01
5.292666666666666631e-01
5.295333333333333004e-01
5.323333333333333250e-01
5.292000000000000037e-01
5.295999999999999597e-01
5.269333333333333647e-01
5.272000000000000020e-01
5.283333333333333215e-01
5.278000000000000469e-01
5.304666666666666419e-01
5.301333333333333453e-01
5.362666666666666693e-01
5.308000000000000496e-01
5.298000000000000487e-01
5.277333333333333876e-01
5.284666666666666401e-01
5.333333333333333259e-01
5.302666666666666639e-01
5.313999999999999835e-01
5.328666666666667107e-01
5.322000000000000064e-01
5.313333333333333242e-01
5.285333333333332995e-01
5.320666666666666877e-01
5.310000000000000275e-01
5.281333333333333435e-01
5.300000000000000266e-01
5.325999999999999623e-01
5.324666666666666437e-01
5.303999999999999826e-01
5.325999999999999623e-01
5.337333333333332819e-01
5.296666666666666190e-01
5.308000000000000496e-01
5.331333333333333480e-01
5.350666666666666904e-01
5.320000000000000284e-01
5.321333333333333471e-01
5.311333333333333462e-01
5.320666666666666877e-01
5.329333333333333700e-01
5.332000000000000073e-01
5.350000000000000311e-01
5.342666666666666675e-01
5.308666666666667089e-01
5.372000000000000108e-01
5.328000000000000513e-01
5.300000000000000266e-01
5.352000000000000091e-01
5.355999999999999650e-01
5.335999999999999632e-01
5.331333333333333480e-01
5.337333333333332819e-01
5.369333333333333735e-01
5.311333333333333462e-01
5.328000000000000513e-01
5.340666666666666895e-01
5.317333333333332801e-01
5.364666666666666472e-01
5.298000000000000487e-01
5.332666666666666666e-01
5.375999999999999668e-01
5.349333333333333718e-01
5.338000000000000522e-01
5.352666666666666684e-01
5.351333333333333497e-01
5.341333333333333488e-01
5.322000000000000064e-01
5.375999999999999668e-01
5.350666666666666904e-01
5.349333333333333718e-01
5.375333333333333075e-01
5.385333333333333083e-01
5.323333333333333250e-01
5.308666666666667089e-01
5.331333333333333480e-01
5.368000000000000549e-01
5.354666666666666464e-01
5.380000000000000338e-01
5.393333333333333313e-01
5.383999999999999897e-01
5.363333333333333286e-01
5.323333333333333250e-01
5.355999999999999650e-01
5.330666666666666886e-01
5.352666666666666684e-01
5.353999999999999870e-01
5.346666666666666234e-01
