4.359333333333333393e-01
4.326666666666666439e-01
4.355999999999999872e-01
4.365333333333333288e-01
4.359999999999999987e-01
4.341333333333333155e-01
4.360666666666666580e-01
4.359333333333333393e-01
4.401999999999999802e-01
4.357333333333333059e-01
4.363333333333333508e-01
4.388000000000000234e-01
4.388000000000000234e-01
4.371333333333333182e-01
4.378000000000000225e-01
4.368000000000000216e-01
4.376666666666666483e-01
4.407333333333333103e-01
4.390666666666666607e-01
4.390666666666666607e-01
4.409333333333333438e-01
4.379333333333333411e-01
4.414666666666666739e-01
4.408666666666666845e-01
4.390666666666666607e-01
4.415333333333333332e-01
4.405333333333333323e-01
4.407333333333333103e-01
4.425999999999999934e-01
4.425999999999999934e-01
4.437999999999999723e-01
4.414000000000000146e-01
4.433333333333333570e-01
4.414000000000000146e-01
4.471333333333333271e-01
4.458666666666666889e-01
4.487999999999999767e-01
4.456666666666666554e-01
4.424666666666666748e-01
4.445999999999999952e-01
4.456666666666666554e-01
4.418000000000000260e-01
4.479333333333333500e-01
4.471333333333333271e-01
4.474666666666666792e-01
4.491999999999999882e-01
4.497333333333333183e-01
4.490666666666666695e-01
4.483333333333333059e-01
4.477999999999999758e-01
4.504000000000000226e-01
4.482666666666666466e-01
4.487999999999999767e-01
4.496666666666666590e-01
4.502666666666666484e-01
4.484666666666666801e-01
4.460000000000000075e-01
4.521999999999999909e-01
4.524666666666666837e-01
4.516666666666666607e-01
4.519333333333333536e-01
4.542666666666666520e-01
4.525333333333333430e-01
4.515333333333333421e-01
4.544666666666666854e-01
4.529333333333333544e-01
4.571333333333333360e-01
4.513333333333333086e-01
4.537333333333333218e-01
4.521999999999999909e-01
4.547333333333333227e-01
4.551999999999999935e-01
4.512666666666666493e-01
4.550000000000000155e-01
4.538666666666666405e-01
4.481333333333333280e-01
4.559333333333333571e-01
4.556000000000000050e-01
4.506000000000000005e-01
4.547333333333333227e-01
4.582666666666666555e-01
4.554000000000000270e-01
4.556666666666666643e-01
4.557999999999999829e-01
4.594666666666666899e-01
4.561333333333333351e-01
4.573999999999999733e-01
4.569333333333333580e-01
4.612666666666666582e-01
4.605333333333333501e-01
4.528666666666666396e-01
4.603999999999999759e-01
4.578666666666666440e-01
4.580000000000000182e-01
4.630000000000000226e-01
4.593333333333333157e-01
4.583999999999999742e-01
4.623333333333333184e-01
4.585333333333333483e-01
4.630000000000000226e-01
4.604666666666666908e-01
4.608666666666666467e-01
4.637333333333333307e-01
4.580666666666666775e-01
4.630000000000000226e-01
4.610000000000000209e-01
4.626000000000000112e-01
4.654666666666666397e-01
4.607999999999999874e-01
4.634666666666666934e-01
4.630666666666666820e-01
4.633333333333333193e-01
4.637999999999999901e-01
4.657333333333333325e-01
4.635333333333333528e-01
4.678666666666666529e-01
4.635333333333333528e-01
4.656666666666666732e-01
4.659333333333333105e-01
4.662000000000000033e-01
4.678666666666666529e-01
4.680666666666666864e-01
4.692666666666666653e-01
4.651333333333333431e-01
4.687333333333333352e-01
4.662666666666666626e-01
4.666666666666666741e-01
4.669333333333333114e-01
4.707999999999999963e-01
4.682000000000000051e-01
4.662000000000000033e-01
4.689333333333333131e-01
4.689333333333333131e-01
4.690666666666666873e-01
4.696000000000000174e-01
4.689333333333333131e-01
4.682666666666666644e-01
4.671333333333333449e-01
4.732666666666666688e-01
4.681333333333333457e-01
4.709999999999999742e-01
4.660666666666666846e-01
4.671333333333333449e-01
4.739999999999999769e-01
4.738666666666666583e-01
4.707333333333333369e-01
4.728666666666666574e-01
4.694666666666666432e-01
4.678666666666666529e-01
4.737999999999999989e-01
4.679333333333333123e-01
4.706000000000000183e-01
4.751333333333333520e-01
4.756000000000000227e-01
4.743999999999999884e-01
4.752666666666666706e-01
4.758666666666666600e-01
4.757333333333333414e-01
4.724666666666666459e-01
4.732666666666666688e-01
4.757333333333333414e-01
4.710666666666666891e-01
4.722666666666666679e-01
4.766666666666666829e-01
4.733333333333333282e-01
4.741333333333333511e-01
4.702000000000000068e-01
4.753999999999999893e-01
4.736000000000000210e-01
4.773333333333333317e-01
4.785333333333333106e-01
4.769333333333333202e-01
4.775333333333333097e-01
4.777333333333333432e-01
4.773999999999999910e-01
4.782666666666666733e-01
4.787333333333333441e-01
4.768666666666666609e-01
4.765333333333333088e-01
4.763999999999999901e-01
4.776000000000000245e-01
4.773999999999999910e-01
4.767333333333333423e-01
4.783333333333333326e-01
4.747999999999999998e-01
4.768666666666666609e-01
4.803999999999999937e-01
4.782000000000000139e-01
4.776666666666666838e-01
4.825999999999999734e-01
4.819333333333333247e-01
4.812666666666666759e-01
4.789999999999999813e-01
4.766000000000000236e-01
4.799333333333333229e-01
4.830666666666666442e-01
4.812666666666666759e-01
4.835999999999999743e-01
4.833999999999999964e-01
4.806666666666666865e-01
4.802666666666666750e-01
4.810666666666666424e-01
4.809333333333333238e-01
4.788000000000000034e-01
4.843999999999999972e-01
4.807333333333333458e-01
4.835999999999999743e-01
4.851333333333333608e-01
4.796000000000000263e-01
4.812000000000000166e-01
4.829999999999999849e-01
4.875999999999999779e-01
4.842666666666666786e-01
4.823333333333333361e-01
4.825333333333333141e-01
4.837333333333333485e-01
4.845333333333333159e-01
4.820666666666666433e-01
4.835999999999999743e-01
4.862666666666666804e-01
4.849999999999999867e-01
4.823999999999999955e-01
4.881333333333333080e-01
4.835999999999999743e-01
4.852666666666666795e-01
4.828000000000000069e-01
4.858666666666666689e-01
4.867333333333333512e-01
4.884000000000000008e-01
4.880666666666666487e-01
4.832666666666666777e-01
4.838000000000000078e-01
4.860666666666666469e-01
4.851333333333333608e-01
4.851333333333333608e-01
4.873999999999999999e-01
4.918000000000000149e-01
4.897333333333333538e-01
4.883333333333333415e-01
4.893333333333333424e-01
4.902666666666666839e-01
4.905999999999999805e-01
4.882000000000000228e-01
4.880666666666666487e-01
4.885999999999999788e-01
4.891333333333333089e-01
4.902666666666666839e-01
4.898000000000000131e-01
4.890666666666666496e-01
4.868000000000000105e-01
4.858000000000000096e-01
4.905333333333333212e-01
4.878000000000000114e-01
4.905333333333333212e-01
4.885999999999999788e-01
4.907333333333333547e-01
4.937333333333333574e-01
4.912666666666666848e-01
4.904000000000000026e-01
4.904000000000000026e-01
4.918000000000000149e-01
4.925333333333333230e-01
4.909999999999999920e-01
4.922000000000000264e-01
4.933333333333333459e-01
4.932000000000000273e-01
4.940666666666666540e-01
4.955333333333333257e-01
4.955999999999999850e-01
4.940666666666666540e-01
4.945999999999999841e-01
4.890666666666666496e-01
4.946666666666666434e-01
4.905333333333333212e-01
4.932666666666666866e-01
4.904666666666666619e-01
4.947333333333333583e-01
4.915999999999999814e-01
4.930666666666666531e-01
4.964666666666666672e-01
4.916666666666666408e-01
4.942666666666666875e-01
4.952666666666666884e-01
4.948666666666666769e-01
4.915333333333333221e-01
4.978000000000000203e-01
4.959999999999999964e-01
4.950666666666666549e-01
4.980666666666666575e-01
4.949999999999999956e-01
4.953333333333333477e-01
4.937333333333333574e-01
4.965999999999999859e-01
4.979333333333333389e-01
4.968000000000000194e-01
4.959333333333333371e-01
4.909333333333333327e-01
4.979333333333333389e-01
4.941999999999999726e-01
4.937333333333333574e-01
5.009333333333333416e-01
4.965999999999999859e-01
4.952666666666666884e-01
4.965999999999999859e-01
4.992666666666666919e-01
4.945333333333333248e-01
4.976666666666666461e-01
5.020666666666666611e-01
4.987333333333333063e-01
4.978000000000000203e-01
5.010000000000000009e-01
4.991333333333333178e-01
4.999333333333333407e-01
4.976666666666666461e-01
4.974000000000000088e-01
4.986666666666666470e-01
4.978000000000000203e-01
4.983333333333333504e-01
5.017333333333333645e-01
4.969333333333333380e-01
5.007333333333333636e-01
4.989333333333333398e-01
4.985999999999999877e-01
4.986666666666666470e-01
4.992666666666666919e-01
5.042666666666666409e-01
4.988000000000000211e-01
4.998666666666666814e-01
5.018666666666666831e-01
4.980666666666666575e-01
5.021333333333333204e-01
5.025333333333333874e-01
4.986666666666666470e-01
4.999333333333333407e-01
5.011333333333333195e-01
4.971333333333333160e-01
5.033999999999999586e-01
5.026000000000000467e-01
4.988000000000000211e-01
4.982666666666666910e-01
4.995333333333333292e-01
5.056666666666667087e-01
5.037333333333333663e-01
5.031999999999999806e-01
5.043999999999999595e-01
5.017333333333333645e-01
5.019333333333333425e-01
4.997333333333333072e-01
5.032666666666666400e-01
4.969333333333333380e-01
5.026000000000000467e-01
5.056000000000000494e-01
5.010000000000000009e-01
5.006666666666667043e-01
5.034666666666666179e-01
5.060000000000000053e-01
5.034666666666666179e-01
5.030666666666666620e-01
5.028666666666666840e-01
5.053999999999999604e-01
5.054666666666666197e-01
5.043999999999999595e-01
5.038666666666666849e-01
5.033333333333332993e-01
5.081999999999999851e-01
4.992666666666666919e-01
5.052666666666666417e-01
5.021999999999999797e-01
5.003333333333332966e-01
5.068000000000000282e-01
5.043999999999999595e-01
5.020666666666666611e-01
5.040666666666666629e-01
5.035333333333333883e-01
5.091999999999999860e-01
5.040000000000000036e-01
5.068666666666666876e-01
5.076000000000000512e-01
5.101999999999999869e-01
5.082666666666666444e-01
5.078666666666666885e-01
5.047333333333333671e-01
5.078000000000000291e-01
5.078666666666666885e-01
5.060000000000000053e-01
5.091999999999999860e-01
5.071333333333333249e-01
5.050000000000000044e-01
5.061333333333333240e-01
5.093999999999999639e-01
5.053999999999999604e-01
5.042666666666666409e-01
5.070000000000000062e-01
5.062666666666666426e-01
5.084666666666666224e-01
5.123999999999999666e-01
5.061333333333333240e-01
5.061999999999999833e-01
5.102666666666666462e-01
5.063333333333333020e-01
5.073999999999999622e-01
5.053333333333333011e-01
5.073999999999999622e-01
5.084666666666666224e-01
5.097333333333333716e-01
5.100000000000000089e-01
5.077333333333333698e-01
5.105333333333332835e-01
5.089333333333333487e-01
5.079333333333333478e-01
5.108666666666666911e-01
5.091999999999999860e-01
5.111333333333333284e-01
5.084666666666666224e-01
5.105333333333332835e-01
5.087333333333333707e-01
5.131999999999999895e-01
5.090666666666666673e-01
5.108666666666666911e-01
5.100000000000000089e-01
5.098000000000000309e-01
5.111333333333333284e-01
5.138666666666666938e-01
5.108000000000000318e-01
5.086000000000000520e-01
5.098000000000000309e-01
5.112666666666666471e-01
5.137333333333333751e-01
5.120000000000000107e-01
5.101999999999999869e-01
5.136666666666667158e-01
5.133333333333333082e-01
5.088666666666666893e-01
5.110666666666666691e-01
5.121999999999999886e-01
5.142666666666666497e-01
5.136666666666667158e-01
5.164666666666666295e-01
5.122666666666666480e-01
5.128666666666666929e-01
5.153333333333333099e-01
5.112666666666666471e-01
5.120666666666666700e-01
5.146666666666667167e-01
5.116666666666667140e-01
5.135999999999999455e-01
5.125333333333332853e-01
5.119333333333333513e-01
5.139333333333333531e-01
5.139333333333333531e-01
5.138000000000000345e-01
5.124666666666666259e-01
5.160000000000000142e-01
5.192666666666666542e-01
5.130000000000000115e-01
5.125999999999999446e-01
5.114666666666666250e-01
5.152666666666666506e-01
5.141999999999999904e-01
5.143999999999999684e-01
5.148666666666666947e-01
5.156666666666667176e-01
5.143999999999999684e-01
5.145333333333332870e-01
5.178666666666666973e-01
5.143333333333333091e-01
5.140666666666666718e-01
5.138000000000000345e-01
5.141333333333333311e-01
5.136666666666667158e-01
5.125999999999999446e-01
5.141333333333333311e-01
5.115333333333332844e-01
5.151999999999999913e-01
5.094666666666666233e-01
5.168666666666666965e-01
5.162666666666666515e-01
5.123999999999999666e-01
5.165999999999999481e-01
5.163999999999999702e-01
5.155999999999999472e-01
5.214666666666666339e-01
5.198000000000000398e-01
5.175333333333332897e-01
5.157333333333333769e-01
5.169333333333333558e-01
5.145999999999999464e-01
5.170000000000000151e-01
5.166666666666667185e-01
5.132666666666666488e-01
5.181333333333333346e-01
5.181333333333333346e-01
5.188000000000000389e-01
5.155333333333332879e-01
5.170000000000000151e-01
5.179333333333333567e-01
5.201999999999999957e-01
5.183333333333333126e-01
5.190000000000000169e-01
5.173333333333333117e-01
5.173333333333333117e-01
5.194666666666666321e-01
5.158666666666666956e-01
5.178000000000000380e-01
5.184666666666666313e-01
5.180666666666666753e-01
5.190000000000000169e-01
5.175999999999999490e-01
5.163999999999999702e-01
5.181999999999999940e-01
5.193333333333333135e-01
5.206666666666667220e-01
5.176666666666667194e-01
5.151999999999999913e-01
5.164666666666666295e-01
5.193333333333333135e-01
5.184666666666666313e-01
5.210666666666666780e-01
5.228000000000000425e-01
5.183333333333333126e-01
5.201999999999999957e-01
5.195999999999999508e-01
5.212666666666666559e-01
5.208000000000000407e-01
5.193333333333333135e-01
5.245999999999999552e-01
5.219333333333333602e-01
5.195999999999999508e-01
5.205333333333332924e-01
5.218000000000000416e-01
5.190666666666666762e-01
5.213333333333333153e-01
5.204666666666666330e-01
5.210000000000000187e-01
5.196666666666667211e-01
5.186666666666667203e-01
5.211999999999999966e-01
5.210000000000000187e-01
5.223333333333333162e-01
5.238000000000000433e-01
5.246666666666666146e-01
5.258666666666667044e-01
5.218000000000000416e-01
5.224666666666666348e-01
5.225999999999999535e-01
5.191999999999999948e-01
5.218000000000000416e-01
5.194666666666666321e-01
5.180000000000000160e-01
5.210666666666666780e-01
5.231333333333333391e-01
5.207333333333333814e-01
5.261333333333333417e-01
5.261333333333333417e-01
5.230666666666666798e-01
5.244666666666666366e-01
5.250666666666666815e-01
5.238666666666667027e-01
5.216666666666666119e-01
5.185999999999999499e-01
5.238666666666667027e-01
5.250000000000000222e-01
5.246666666666666146e-01
5.233333333333333171e-01
5.232666666666666577e-01
5.203333333333333144e-01
5.225999999999999535e-01
5.252666666666666595e-01
5.240666666666666806e-01
5.221999999999999975e-01
5.234666666666666357e-01
5.277333333333333876e-01
5.262000000000000011e-01
5.223333333333333162e-01
5.238666666666667027e-01
5.248000000000000442e-01
5.252666666666666595e-01
5.260000000000000231e-01
5.175333333333332897e-01
5.303333333333333233e-01
5.263999999999999790e-01
5.263999999999999790e-01
5.268000000000000460e-01
5.236666666666666137e-01
5.263999999999999790e-01
5.286666666666666181e-01
5.268000000000000460e-01
5.231333333333333391e-01
5.253333333333333188e-01
5.283333333333333215e-01
5.245333333333332959e-01
5.242666666666666586e-01
5.290666666666666851e-01
5.232666666666666577e-01
5.241333333333333400e-01
5.282000000000000028e-01
5.285333333333332995e-01
5.235333333333332950e-01
5.267333333333333867e-01
5.317333333333332801e-01
5.276666666666666172e-01
5.275999999999999579e-01
5.215333333333332932e-01
5.289333333333333664e-01
5.272000000000000020e-01
5.255999999999999561e-01
5.300666666666666860e-01
5.269333333333333647e-01
5.275333333333332986e-01
5.272000000000000020e-01
5.273999999999999799e-01
5.263333333333333197e-01
5.270666666666666833e-01
5.278000000000000469e-01
5.307333333333332792e-01
5.310000000000000275e-01
5.276666666666666172e-01
5.275999999999999579e-01
5.268000000000000460e-01
5.268666666666667053e-01
5.262666666666666604e-01
5.268666666666667053e-01
5.263999999999999790e-01
5.288000000000000478e-01
5.299333333333333673e-01
5.296666666666666190e-01
5.300666666666666860e-01
5.263333333333333197e-01
5.287333333333333885e-01
5.292000000000000037e-01
5.298666666666667080e-01
5.293999999999999817e-01
5.228666666666667018e-01
5.280000000000000249e-01
5.292666666666666631e-01
5.283333333333333215e-01
5.300000000000000266e-01
5.303999999999999826e-01
5.283333333333333215e-01
5.299333333333333673e-01
5.270666666666666833e-01
5.328000000000000513e-01
5.290000000000000258e-01
5.293333333333333224e-01
5.325333333333333030e-01
5.293333333333333224e-01
5.295333333333333004e-01
5.272000000000000020e-01
5.270666666666666833e-01
5.283333333333333215e-01
5.277333333333333876e-01
5.305333333333333012e-01
5.302000000000000046e-01
5.363333333333333286e-01
5.309333333333333682e-01
5.298000000000000487e-01
5.275999999999999579e-01
5.283999999999999808e-01
5.333999999999999853e-01
5.301333333333333453e-01
5.312000000000000055e-01
5.327333333333332810e-01
5.320000000000000284e-01
5.313999999999999835e-01
5.283999999999999808e-01
5.318666666666667098e-01
5.312666666666666648e-01
5.282000000000000028e-01
5.296666666666666190e-01
5.325333333333333030e-01
5.323333333333333250e-01
5.303999999999999826e-01
5.322666666666666657e-01
5.338000000000000522e-01
5.296666666666666190e-01
5.308000000000000496e-01
5.330666666666666886e-01
5.352666666666666684e-01
5.318666666666667098e-01
5.321333333333333471e-01
5.313333333333333242e-01
5.323333333333333250e-01
5.332000000000000073e-01
5.332666666666666666e-01
5.350000000000000311e-01
5.341333333333333488e-01
5.306666666666666199e-01
5.372000000000000108e-01
5.328000000000000513e-01
5.301333333333333453e-01
5.352666666666666684e-01
5.353999999999999870e-01
5.335333333333333039e-01
5.332666666666666666e-01
5.338666666666667115e-01
5.370666666666666922e-01
5.310000000000000275e-01
5.329333333333333700e-01
5.343333333333333268e-01
5.318000000000000504e-01
5.363333333333333286e-01
5.298000000000000487e-01
5.330666666666666886e-01
5.376666666666666261e-01
5.349333333333333718e-01
5.337333333333332819e-01
5.352666666666666684e-01
5.351333333333333497e-01
5.341333333333333488e-01
5.322000000000000064e-01
5.374666666666666481e-01
5.352000000000000091e-01
5.350666666666666904e-01
5.375333333333333075e-01
5.384666666666666490e-01
5.323333333333333250e-01
5.308666666666667089e-01
5.332000000000000073e-01
5.369333333333333735e-01
5.354666666666666464e-01
5.377999999999999448e-01
5.392000000000000126e-01
5.382666666666666710e-01
5.362000000000000099e-01
5.323333333333333250e-01
5.358000000000000540e-01
5.327333333333332810e-01
5.352000000000000091e-01
5.352666666666666684e-01
5.345333333333333048e-01
