4.420000000000000040e-01
4.367333333333333067e-01
4.418000000000000260e-01
4.410666666666666624e-01
4.415999999999999925e-01
4.401999999999999802e-01
4.411333333333333218e-01
4.420000000000000040e-01
4.437999999999999723e-01
4.403333333333333544e-01
4.408000000000000251e-01
4.448666666666666880e-01
4.433333333333333570e-01
4.419333333333333447e-01
4.429333333333333456e-01
4.413333333333333552e-01
4.437333333333333130e-01
4.451999999999999846e-01
4.440666666666666651e-01
4.443333333333333579e-01
4.467333333333333156e-01
4.424000000000000155e-01
4.469333333333333491e-01
4.457333333333333147e-01
4.445999999999999952e-01
4.471333333333333271e-01
4.449333333333333473e-01
4.455333333333333368e-01
4.474000000000000199e-01
4.475999999999999979e-01
4.490666666666666695e-01
4.467999999999999750e-01
4.480000000000000093e-01
4.451333333333333253e-01
4.522666666666666502e-01
4.507333333333333192e-01
4.536666666666666625e-01
4.514000000000000234e-01
4.480666666666666687e-01
4.495333333333333403e-01
4.502666666666666484e-01
4.463333333333333597e-01
4.524000000000000243e-01
4.513333333333333086e-01
4.515333333333333421e-01
4.541999999999999926e-01
4.548666666666666414e-01
4.534000000000000252e-01
4.530666666666666731e-01
4.530666666666666731e-01
4.551333333333333342e-01
4.534666666666666845e-01
4.540000000000000147e-01
4.537999999999999812e-01
4.537999999999999812e-01
4.540666666666666740e-01
4.511999999999999900e-01
4.569333333333333580e-01
4.562666666666666537e-01
4.564666666666666872e-01
4.570000000000000173e-01
4.576000000000000068e-01
4.564666666666666872e-01
4.565333333333333465e-01
4.580000000000000182e-01
4.567333333333333245e-01
4.611999999999999988e-01
4.560000000000000164e-01
4.573333333333333139e-01
4.570666666666666766e-01
4.591333333333333377e-01
4.590666666666666784e-01
4.558666666666666423e-01
4.593999999999999750e-01
4.571999999999999953e-01
4.532666666666666511e-01
4.601999999999999980e-01
4.590000000000000191e-01
4.541333333333333333e-01
4.574666666666666881e-01
4.618666666666666476e-01
4.593333333333333157e-01
4.596666666666666679e-01
4.593333333333333157e-01
4.632666666666666599e-01
4.598666666666666458e-01
4.610000000000000209e-01
4.603333333333333166e-01
4.652000000000000024e-01
4.633999999999999786e-01
4.567333333333333245e-01
4.640000000000000235e-01
4.618666666666666476e-01
4.622666666666666591e-01
4.662000000000000033e-01
4.631333333333333413e-01
4.623333333333333184e-01
4.660666666666666846e-01
4.617333333333333290e-01
4.663999999999999813e-01
4.640666666666666829e-01
4.653333333333333210e-01
4.672000000000000042e-01
4.610666666666666802e-01
4.676000000000000156e-01
4.642000000000000015e-01
4.660666666666666846e-01
4.697999999999999954e-01
4.651333333333333431e-01
4.669333333333333114e-01
4.663333333333333219e-01
4.681333333333333457e-01
4.675333333333333563e-01
4.697999999999999954e-01
4.669333333333333114e-01
4.714666666666666450e-01
4.668666666666666520e-01
4.701333333333333475e-01
4.699333333333333140e-01
4.688666666666666538e-01
4.712000000000000077e-01
4.706666666666666776e-01
4.719333333333333158e-01
4.679333333333333123e-01
4.718666666666666565e-01
4.706000000000000183e-01
4.689333333333333131e-01
4.696000000000000174e-01
4.736666666666666803e-01
4.713333333333333264e-01
4.681333333333333457e-01
4.727333333333333387e-01
4.715333333333333599e-01
4.725333333333333607e-01
4.717999999999999972e-01
4.717333333333333378e-01
4.710666666666666891e-01
4.703999999999999848e-01
4.759999999999999787e-01
4.708666666666666556e-01
4.738666666666666583e-01
4.694666666666666432e-01
4.703333333333333255e-01
4.764666666666666495e-01
4.768666666666666609e-01
4.736000000000000210e-01
4.747999999999999998e-01
4.717333333333333378e-01
4.706666666666666776e-01
4.766000000000000236e-01
4.697999999999999954e-01
4.743333333333333290e-01
4.782666666666666733e-01
4.782666666666666733e-01
4.769333333333333202e-01
4.778000000000000025e-01
4.783333333333333326e-01
4.786000000000000254e-01
4.756666666666666821e-01
4.759999999999999787e-01
4.782666666666666733e-01
4.737333333333333396e-01
4.752666666666666706e-01
4.791333333333333555e-01
4.752666666666666706e-01
4.774666666666666504e-01
4.730666666666666909e-01
4.782000000000000139e-01
4.759333333333333194e-01
4.799333333333333229e-01
4.818000000000000060e-01
4.789333333333333220e-01
4.798666666666666636e-01
4.806000000000000272e-01
4.798000000000000043e-01
4.811333333333333573e-01
4.812666666666666759e-01
4.789333333333333220e-01
4.790666666666666407e-01
4.788000000000000034e-01
4.802666666666666750e-01
4.796000000000000263e-01
4.792000000000000148e-01
4.810666666666666424e-01
4.780666666666666398e-01
4.792000000000000148e-01
4.828666666666666663e-01
4.817333333333333467e-01
4.798666666666666636e-01
4.845333333333333159e-01
4.841333333333333599e-01
4.839333333333333265e-01
4.808666666666666645e-01
4.789999999999999813e-01
4.822000000000000175e-01
4.850666666666666460e-01
4.828000000000000069e-01
4.854666666666666575e-01
4.853999999999999981e-01
4.834666666666666557e-01
4.822666666666666768e-01
4.835333333333333150e-01
4.836666666666666892e-01
4.813999999999999946e-01
4.863333333333333397e-01
4.828000000000000069e-01
4.855333333333333168e-01
4.878666666666666707e-01
4.827333333333333476e-01
4.831333333333333591e-01
4.852666666666666795e-01
4.894666666666666610e-01
4.871333333333333071e-01
4.851333333333333608e-01
4.842000000000000193e-01
4.858666666666666689e-01
4.868000000000000105e-01
4.851333333333333608e-01
4.859333333333333282e-01
4.884000000000000008e-01
4.865999999999999770e-01
4.852000000000000202e-01
4.909999999999999920e-01
4.856666666666666909e-01
4.874666666666666592e-01
4.848000000000000087e-01
4.879333333333333300e-01
4.879333333333333300e-01
4.901333333333333098e-01
4.902000000000000246e-01
4.849999999999999867e-01
4.865333333333333177e-01
4.879999999999999893e-01
4.873333333333333406e-01
4.869999999999999885e-01
4.894000000000000017e-01
4.935999999999999832e-01
4.918666666666666742e-01
4.903333333333333433e-01
4.913333333333333441e-01
4.919333333333333336e-01
4.919333333333333336e-01
4.903333333333333433e-01
4.900666666666666504e-01
4.906666666666666399e-01
4.914000000000000035e-01
4.919333333333333336e-01
4.915999999999999814e-01
4.900666666666666504e-01
4.886666666666666936e-01
4.878000000000000114e-01
4.919333333333333336e-01
4.894666666666666610e-01
4.927333333333333565e-01
4.898666666666666725e-01
4.928666666666666751e-01
4.950666666666666549e-01
4.928000000000000158e-01
4.924000000000000044e-01
4.924666666666666637e-01
4.929333333333333345e-01
4.947333333333333583e-01
4.920666666666666522e-01
4.935999999999999832e-01
4.951333333333333142e-01
4.953333333333333477e-01
4.957333333333333591e-01
4.965333333333333266e-01
4.968666666666666787e-01
4.959333333333333371e-01
4.968666666666666787e-01
4.912666666666666848e-01
4.961999999999999744e-01
4.920666666666666522e-01
4.948666666666666769e-01
4.924666666666666637e-01
4.959333333333333371e-01
4.934000000000000052e-01
4.944000000000000061e-01
4.981333333333333169e-01
4.935999999999999832e-01
4.959333333333333371e-01
4.965999999999999859e-01
4.970666666666666567e-01
4.931333333333333124e-01
4.994666666666666699e-01
4.977333333333333609e-01
4.965333333333333266e-01
4.993333333333333512e-01
4.964666666666666672e-01
4.974666666666666681e-01
4.961333333333333151e-01
4.977333333333333609e-01
4.997333333333333072e-01
4.985333333333333283e-01
4.977333333333333609e-01
4.929333333333333345e-01
4.993333333333333512e-01
4.964000000000000079e-01
4.958666666666666778e-01
5.023333333333332984e-01
4.985999999999999877e-01
4.958000000000000185e-01
4.976666666666666461e-01
5.010000000000000009e-01
4.964000000000000079e-01
4.988666666666666805e-01
5.043999999999999595e-01
5.000666666666666593e-01
4.995999999999999885e-01
5.028000000000000247e-01
5.010666666666666602e-01
5.022666666666666391e-01
4.992666666666666919e-01
4.998666666666666814e-01
5.000000000000000000e-01
4.991333333333333178e-01
5.004666666666666153e-01
5.038000000000000256e-01
4.984666666666666690e-01
5.022666666666666391e-01
5.016000000000000458e-01
4.996666666666666479e-01
4.994000000000000106e-01
5.012666666666666382e-01
5.059333333333333460e-01
5.006666666666667043e-01
5.016666666666667052e-01
5.033999999999999586e-01
4.990666666666666584e-01
5.039333333333333442e-01
5.041333333333333222e-01
5.001999999999999780e-01
5.011999999999999789e-01
5.028666666666666840e-01
4.990666666666666584e-01
5.050666666666666638e-01
5.044666666666666188e-01
5.003333333333332966e-01
4.994000000000000106e-01
5.010666666666666602e-01
5.073333333333333028e-01
5.053333333333333011e-01
5.043999999999999595e-01
5.061333333333333240e-01
5.039333333333333442e-01
5.035333333333333883e-01
5.016000000000000458e-01
5.038666666666666849e-01
4.982666666666666910e-01
5.040666666666666629e-01
5.073999999999999622e-01
5.026666666666667060e-01
5.020666666666666611e-01
5.047333333333333671e-01
5.080000000000000071e-01
5.045333333333332781e-01
5.043999999999999595e-01
5.040666666666666629e-01
5.076000000000000512e-01
5.069333333333333469e-01
5.066666666666667096e-01
5.051333333333333231e-01
5.054666666666666197e-01
5.097333333333333716e-01
5.007333333333333636e-01
5.066000000000000503e-01
5.039333333333333442e-01
5.022666666666666391e-01
5.083999999999999631e-01
5.066000000000000503e-01
5.035333333333333883e-01
5.059333333333333460e-01
5.049333333333333451e-01
5.103333333333333055e-01
5.054666666666666197e-01
5.083333333333333037e-01
5.090666666666666673e-01
5.110666666666666691e-01
5.093333333333333046e-01
5.091333333333333266e-01
5.061999999999999833e-01
5.088666666666666893e-01
5.093999999999999639e-01
5.074666666666666215e-01
5.106666666666667131e-01
5.086000000000000520e-01
5.065333333333332799e-01
5.074666666666666215e-01
5.102666666666666462e-01
5.062666666666666426e-01
5.057333333333333680e-01
5.081999999999999851e-01
5.073333333333333028e-01
5.090000000000000080e-01
5.136666666666667158e-01
5.071333333333333249e-01
5.074666666666666215e-01
5.111999999999999877e-01
5.075333333333332808e-01
5.085333333333332817e-01
5.066666666666667096e-01
5.088666666666666893e-01
5.093999999999999639e-01
5.110000000000000098e-01
5.112666666666666471e-01
5.083333333333333037e-01
5.116000000000000547e-01
5.104666666666666242e-01
5.087333333333333707e-01
5.116000000000000547e-01
5.099333333333333496e-01
5.121999999999999886e-01
5.100666666666666682e-01
5.120666666666666700e-01
5.103333333333333055e-01
5.145333333333332870e-01
5.101333333333333275e-01
5.113333333333333064e-01
5.116666666666667140e-01
5.106666666666667131e-01
5.120000000000000107e-01
5.144666666666666277e-01
5.120666666666666700e-01
5.093333333333333046e-01
5.106000000000000538e-01
5.131333333333333302e-01
5.156666666666667176e-01
5.126666666666667149e-01
5.116000000000000547e-01
5.143333333333333091e-01
5.144666666666666277e-01
5.104666666666666242e-01
5.127333333333333742e-01
5.131999999999999895e-01
5.151333333333333320e-01
5.147333333333333760e-01
5.178666666666666973e-01
5.132666666666666488e-01
5.145333333333332870e-01
5.158000000000000362e-01
5.123333333333333073e-01
5.134666666666666268e-01
5.157333333333333769e-01
5.132666666666666488e-01
5.146666666666667167e-01
5.139333333333333531e-01
5.133333333333333082e-01
5.148666666666666947e-01
5.146666666666667167e-01
5.146666666666667167e-01
5.140666666666666718e-01
5.173333333333333117e-01
5.201999999999999957e-01
5.138666666666666938e-01
5.133333333333333082e-01
5.125999999999999446e-01
5.158666666666666956e-01
5.153999999999999693e-01
5.154666666666666286e-01
5.160666666666666735e-01
5.168000000000000371e-01
5.153333333333333099e-01
5.153999999999999693e-01
5.191999999999999948e-01
5.154666666666666286e-01
5.158666666666666956e-01
5.148666666666666947e-01
5.151999999999999913e-01
5.150666666666666726e-01
5.142666666666666497e-01
5.156666666666667176e-01
5.128000000000000336e-01
5.163999999999999702e-01
5.100000000000000089e-01
5.178000000000000380e-01
5.169333333333333558e-01
5.137333333333333751e-01
5.178666666666666973e-01
5.178666666666666973e-01
5.168666666666666965e-01
5.229333333333333611e-01
5.210666666666666780e-01
5.186666666666667203e-01
5.170000000000000151e-01
5.188000000000000389e-01
5.163333333333333108e-01
5.185333333333332906e-01
5.187333333333333796e-01
5.155333333333332879e-01
5.193333333333333135e-01
5.200000000000000178e-01
5.201333333333333364e-01
5.165333333333332888e-01
5.180000000000000160e-01
5.193333333333333135e-01
5.213333333333333153e-01
5.195333333333332915e-01
5.206666666666667220e-01
5.190000000000000169e-01
5.185333333333332906e-01
5.207333333333333814e-01
5.173333333333333117e-01
5.183999999999999719e-01
5.191999999999999948e-01
5.199333333333333584e-01
5.198666666666666991e-01
5.183333333333333126e-01
5.172666666666666524e-01
5.183999999999999719e-01
5.205999999999999517e-01
5.210666666666666780e-01
5.200000000000000178e-01
5.161333333333333329e-01
5.172666666666666524e-01
5.203333333333333144e-01
5.193999999999999728e-01
5.219333333333333602e-01
5.235333333333332950e-01
5.194666666666666321e-01
5.213999999999999746e-01
5.203333333333333144e-01
5.223999999999999755e-01
5.225333333333332941e-01
5.198000000000000398e-01
5.253333333333333188e-01
5.228000000000000425e-01
5.211999999999999966e-01
5.216666666666666119e-01
5.233333333333333171e-01
5.206666666666667220e-01
5.217333333333333822e-01
5.216666666666666119e-01
5.227333333333333831e-01
5.204666666666666330e-01
5.195333333333332915e-01
5.221999999999999975e-01
5.225999999999999535e-01
5.239333333333333620e-01
5.248666666666667036e-01
5.258000000000000451e-01
5.268666666666667053e-01
5.229333333333333611e-01
5.235999999999999543e-01
5.240000000000000213e-01
5.207333333333333814e-01
5.227333333333333831e-01
5.205999999999999517e-01
5.185333333333332906e-01
5.223333333333333162e-01
5.244666666666666366e-01
5.215333333333332932e-01
5.270000000000000240e-01
5.270000000000000240e-01
5.241333333333333400e-01
5.252000000000000002e-01
5.260000000000000231e-01
5.242666666666666586e-01
5.225999999999999535e-01
5.195999999999999508e-01
5.252000000000000002e-01
5.261333333333333417e-01
5.260666666666666824e-01
5.252000000000000002e-01
5.243999999999999773e-01
5.213333333333333153e-01
5.240666666666666806e-01
5.262000000000000011e-01
5.245999999999999552e-01
5.225999999999999535e-01
5.249333333333333629e-01
5.286666666666666181e-01
5.273999999999999799e-01
5.233333333333333171e-01
5.246666666666666146e-01
5.260666666666666824e-01
5.264666666666666384e-01
5.277333333333333876e-01
5.182666666666666533e-01
5.316666666666666208e-01
5.271333333333333426e-01
5.270666666666666833e-01
5.272000000000000020e-01
5.250666666666666815e-01
5.280000000000000249e-01
5.292000000000000037e-01
5.282666666666666622e-01
5.246666666666666146e-01
5.267333333333333867e-01
5.302000000000000046e-01
5.257333333333333858e-01
5.245333333333332959e-01
5.298666666666667080e-01
5.250666666666666815e-01
5.248000000000000442e-01
5.292666666666666631e-01
5.292666666666666631e-01
5.245999999999999552e-01
5.279333333333333655e-01
5.330000000000000293e-01
5.285333333333332995e-01
5.287333333333333885e-01
5.225999999999999535e-01
5.300000000000000266e-01
5.287333333333333885e-01
5.266666666666666163e-01
5.309333333333333682e-01
5.276666666666666172e-01
5.285999999999999588e-01
5.282000000000000028e-01
5.286666666666666181e-01
5.273999999999999799e-01
5.283999999999999808e-01
5.292666666666666631e-01
5.314666666666666428e-01
5.319333333333333691e-01
5.284666666666666401e-01
5.294666666666666410e-01
5.284666666666666401e-01
5.283333333333333215e-01
5.276666666666666172e-01
5.278000000000000469e-01
5.280000000000000249e-01
5.305999999999999606e-01
5.306666666666666199e-01
5.308666666666667089e-01
5.314666666666666428e-01
5.267333333333333867e-01
5.294666666666666410e-01
5.295333333333333004e-01
5.303999999999999826e-01
5.306666666666666199e-01
5.238000000000000433e-01
5.292000000000000037e-01
5.308000000000000496e-01
5.287333333333333885e-01
5.309333333333333682e-01
5.315999999999999615e-01
5.292000000000000037e-01
5.315333333333333021e-01
5.286666666666666181e-01
5.338666666666667115e-01
5.298666666666667080e-01
5.305333333333333012e-01
5.328000000000000513e-01
5.303333333333333233e-01
5.308666666666667089e-01
5.283999999999999808e-01
5.278666666666667062e-01
5.290666666666666851e-01
5.286666666666666181e-01
5.315999999999999615e-01
5.312000000000000055e-01
5.372000000000000108e-01
5.315999999999999615e-01
5.311333333333333462e-01
5.286666666666666181e-01
5.290666666666666851e-01
5.333999999999999853e-01
5.306666666666666199e-01
5.322666666666666657e-01
5.336666666666666226e-01
5.332000000000000073e-01
5.320666666666666877e-01
5.294666666666666410e-01
5.330666666666666886e-01
5.323333333333333250e-01
5.289333333333333664e-01
5.308666666666667089e-01
5.334666666666666446e-01
5.340666666666666895e-01
5.312000000000000055e-01
5.333333333333333259e-01
5.350666666666666904e-01
5.302000000000000046e-01
5.318666666666667098e-01
5.340000000000000302e-01
5.361333333333333506e-01
5.328000000000000513e-01
5.330000000000000293e-01
5.322000000000000064e-01
5.334666666666666446e-01
5.337333333333332819e-01
5.340666666666666895e-01
5.356666666666666243e-01
5.344666666666666455e-01
5.320666666666666877e-01
5.377999999999999448e-01
5.333333333333333259e-01
5.310666666666666869e-01
5.353333333333333277e-01
5.361333333333333506e-01
5.340000000000000302e-01
5.335999999999999632e-01
5.344666666666666455e-01
5.377333333333332854e-01
5.319333333333333691e-01
5.333333333333333259e-01
5.344666666666666455e-01
5.331333333333333480e-01
5.378666666666667151e-01
5.309333333333333682e-01
5.342000000000000082e-01
5.380666666666666931e-01
5.350666666666666904e-01
5.348666666666667124e-01
5.356666666666666243e-01
5.362000000000000099e-01
5.350000000000000311e-01
5.326666666666666217e-01
5.383999999999999897e-01
5.359333333333333727e-01
5.360000000000000320e-01
5.385999999999999677e-01
5.393333333333333313e-01
5.338000000000000522e-01
5.318000000000000504e-01
5.342000000000000082e-01
5.378666666666667151e-01
5.359333333333333727e-01
5.390666666666666940e-01
5.401333333333333542e-01
5.387999999999999456e-01
5.373333333333333295e-01
5.335999999999999632e-01
5.362666666666666693e-01
5.338000000000000522e-01
5.363333333333333286e-01
5.365999999999999659e-01
5.355999999999999650e-01
