4.472666666666666457e-01
4.431333333333333235e-01
4.461333333333333262e-01
4.451999999999999846e-01
4.458666666666666889e-01
4.455333333333333368e-01
4.467999999999999750e-01
4.467333333333333156e-01
4.493333333333333068e-01
4.450000000000000067e-01
4.457333333333333147e-01
4.492666666666666475e-01
4.485999999999999988e-01
4.468666666666666898e-01
4.485999999999999988e-01
4.464000000000000190e-01
4.485999999999999988e-01
4.501999999999999891e-01
4.489333333333333509e-01
4.477999999999999758e-01
4.520666666666666722e-01
4.475999999999999979e-01
4.506000000000000005e-01
4.509333333333333527e-01
4.490000000000000102e-01
4.519333333333333536e-01
4.502666666666666484e-01
4.497999999999999776e-01
4.526666666666666616e-01
4.514666666666666828e-01
4.530000000000000138e-01
4.520000000000000129e-01
4.519333333333333536e-01
4.507333333333333192e-01
4.573333333333333139e-01
4.551999999999999935e-01
4.586666666666666670e-01
4.569333333333333580e-01
4.527999999999999803e-01
4.535333333333333439e-01
4.544000000000000261e-01
4.511333333333333306e-01
4.577333333333333254e-01
4.555333333333333456e-01
4.566000000000000059e-01
4.590666666666666784e-01
4.590000000000000191e-01
4.578666666666666440e-01
4.566000000000000059e-01
4.583333333333333148e-01
4.587999999999999856e-01
4.581333333333333369e-01
4.578666666666666440e-01
4.578666666666666440e-01
4.591999999999999971e-01
4.578666666666666440e-01
4.551999999999999935e-01
4.604666666666666908e-01
4.607999999999999874e-01
4.607333333333333281e-01
4.612666666666666582e-01
4.613999999999999768e-01
4.604666666666666908e-01
4.607999999999999874e-01
4.617333333333333290e-01
4.616000000000000103e-01
4.653333333333333210e-01
4.613999999999999768e-01
4.621999999999999997e-01
4.608666666666666467e-01
4.627999999999999892e-01
4.632000000000000006e-01
4.600000000000000200e-01
4.623333333333333184e-01
4.607999999999999874e-01
4.570666666666666766e-01
4.632000000000000006e-01
4.626666666666666705e-01
4.577333333333333254e-01
4.619333333333333069e-01
4.650666666666666837e-01
4.631333333333333413e-01
4.627999999999999892e-01
4.627999999999999892e-01
4.664666666666666406e-01
4.633999999999999786e-01
4.643999999999999795e-01
4.639333333333333087e-01
4.686666666666666758e-01
4.666000000000000147e-01
4.597333333333333272e-01
4.667999999999999927e-01
4.652666666666666617e-01
4.657999999999999918e-01
4.696666666666666767e-01
4.657999999999999918e-01
4.656000000000000139e-01
4.690666666666666873e-01
4.656000000000000139e-01
4.696000000000000174e-01
4.662666666666666626e-01
4.682000000000000051e-01
4.705333333333333590e-01
4.647999999999999909e-01
4.714666666666666450e-01
4.679333333333333123e-01
4.691333333333333466e-01
4.729999999999999760e-01
4.684666666666666424e-01
4.702666666666666662e-01
4.690666666666666873e-01
4.714666666666666450e-01
4.713999999999999857e-01
4.732000000000000095e-01
4.704666666666666441e-01
4.742000000000000104e-01
4.693333333333333246e-01
4.731333333333333502e-01
4.723333333333333273e-01
4.713999999999999857e-01
4.744666666666666477e-01
4.733333333333333282e-01
4.752000000000000113e-01
4.716666666666666785e-01
4.752666666666666706e-01
4.734666666666666468e-01
4.718666666666666565e-01
4.733999999999999875e-01
4.765333333333333088e-01
4.739999999999999769e-01
4.714666666666666450e-01
4.755333333333333079e-01
4.740666666666666917e-01
4.745333333333333070e-01
4.743999999999999884e-01
4.746000000000000218e-01
4.746000000000000218e-01
4.738666666666666583e-01
4.782000000000000139e-01
4.733999999999999875e-01
4.769333333333333202e-01
4.713999999999999857e-01
4.726666666666666794e-01
4.783999999999999919e-01
4.796666666666666856e-01
4.768666666666666609e-01
4.772000000000000131e-01
4.747999999999999998e-01
4.734666666666666468e-01
4.801333333333333564e-01
4.726000000000000201e-01
4.771333333333333537e-01
4.811333333333333573e-01
4.806666666666666865e-01
4.796000000000000263e-01
4.808000000000000052e-01
4.805333333333333123e-01
4.813999999999999946e-01
4.785333333333333106e-01
4.788666666666666627e-01
4.810666666666666424e-01
4.763999999999999901e-01
4.780666666666666398e-01
4.823999999999999955e-01
4.777333333333333432e-01
4.795333333333333115e-01
4.751333333333333520e-01
4.798666666666666636e-01
4.783999999999999919e-01
4.823333333333333361e-01
4.838000000000000078e-01
4.815333333333333132e-01
4.828000000000000069e-01
4.828666666666666663e-01
4.823999999999999955e-01
4.838666666666666671e-01
4.832666666666666777e-01
4.811333333333333573e-01
4.812000000000000166e-01
4.813999999999999946e-01
4.825999999999999734e-01
4.823999999999999955e-01
4.811333333333333573e-01
4.828666666666666663e-01
4.799999999999999822e-01
4.812000000000000166e-01
4.850666666666666460e-01
4.843333333333333379e-01
4.825333333333333141e-01
4.872000000000000219e-01
4.863999999999999990e-01
4.857333333333333503e-01
4.832666666666666777e-01
4.812000000000000166e-01
4.839999999999999858e-01
4.879999999999999893e-01
4.852666666666666795e-01
4.878000000000000114e-01
4.871333333333333071e-01
4.852000000000000202e-01
4.849999999999999867e-01
4.859999999999999876e-01
4.851333333333333608e-01
4.835333333333333150e-01
4.895999999999999797e-01
4.857333333333333503e-01
4.876666666666666927e-01
4.891333333333333089e-01
4.845333333333333159e-01
4.852000000000000202e-01
4.868000000000000105e-01
4.909999999999999920e-01
4.895333333333333203e-01
4.870666666666666478e-01
4.861333333333333062e-01
4.878666666666666707e-01
4.887333333333333529e-01
4.868666666666666698e-01
4.875999999999999779e-01
4.915999999999999814e-01
4.889333333333333309e-01
4.868000000000000105e-01
4.928000000000000158e-01
4.874666666666666592e-01
4.900666666666666504e-01
4.865333333333333177e-01
4.908666666666666734e-01
4.904666666666666619e-01
4.917333333333333556e-01
4.918666666666666742e-01
4.878666666666666707e-01
4.882666666666666822e-01
4.888666666666666716e-01
4.894666666666666610e-01
4.879999999999999893e-01
4.914666666666666628e-01
4.955333333333333257e-01
4.935333333333333239e-01
4.927333333333333565e-01
4.926666666666666416e-01
4.947333333333333583e-01
4.937333333333333574e-01
4.924000000000000044e-01
4.918000000000000149e-01
4.928000000000000158e-01
4.938000000000000167e-01
4.934000000000000052e-01
4.933333333333333459e-01
4.922666666666666857e-01
4.905999999999999805e-01
4.888000000000000123e-01
4.942666666666666875e-01
4.912666666666666848e-01
4.944000000000000061e-01
4.918000000000000149e-01
4.944000000000000061e-01
4.967333333333333600e-01
4.946666666666666434e-01
4.941999999999999726e-01
4.945333333333333248e-01
4.941999999999999726e-01
4.957333333333333591e-01
4.938000000000000167e-01
4.955999999999999850e-01
4.977333333333333609e-01
4.971999999999999753e-01
4.978666666666666796e-01
4.989333333333333398e-01
4.985999999999999877e-01
4.979333333333333389e-01
4.979333333333333389e-01
4.924000000000000044e-01
4.972666666666666901e-01
4.944666666666666655e-01
4.959333333333333371e-01
4.938000000000000167e-01
4.980666666666666575e-01
4.947333333333333583e-01
4.955333333333333257e-01
4.989333333333333398e-01
4.953333333333333477e-01
4.978000000000000203e-01
4.979999999999999982e-01
4.984000000000000097e-01
4.944000000000000061e-01
5.013999999999999568e-01
4.993333333333333512e-01
4.978666666666666796e-01
5.011333333333333195e-01
4.985999999999999877e-01
4.987333333333333063e-01
4.975999999999999868e-01
4.994666666666666699e-01
5.012666666666666382e-01
4.998666666666666814e-01
4.988666666666666805e-01
4.945333333333333248e-01
5.008666666666666822e-01
4.970666666666666567e-01
4.970666666666666567e-01
5.038666666666666849e-01
4.998000000000000220e-01
4.976666666666666461e-01
4.987333333333333063e-01
5.020666666666666611e-01
4.979999999999999982e-01
5.006666666666667043e-01
5.057333333333333680e-01
5.013333333333332975e-01
5.012666666666666382e-01
5.041333333333333222e-01
5.026000000000000467e-01
5.036666666666667069e-01
5.008666666666666822e-01
5.018000000000000238e-01
5.018666666666666831e-01
5.008000000000000229e-01
5.020666666666666611e-01
5.046000000000000485e-01
4.999333333333333407e-01
5.041333333333333222e-01
5.033333333333332993e-01
5.011333333333333195e-01
5.011333333333333195e-01
5.029333333333333433e-01
5.078000000000000291e-01
5.023999999999999577e-01
5.038000000000000256e-01
5.043999999999999595e-01
5.006000000000000449e-01
5.053999999999999604e-01
5.049333333333333451e-01
5.019333333333333425e-01
5.028000000000000247e-01
5.040000000000000036e-01
5.001999999999999780e-01
5.060000000000000053e-01
5.061333333333333240e-01
5.011999999999999789e-01
5.010666666666666602e-01
5.031999999999999806e-01
5.082666666666666444e-01
5.068000000000000282e-01
5.060666666666666647e-01
5.076000000000000512e-01
5.050666666666666638e-01
5.054666666666666197e-01
5.035333333333333883e-01
5.051999999999999824e-01
4.992666666666666919e-01
5.051333333333333231e-01
5.090000000000000080e-01
5.039333333333333442e-01
5.033333333333332993e-01
5.058000000000000274e-01
5.093333333333333046e-01
5.049333333333333451e-01
5.065333333333332799e-01
5.055333333333332790e-01
5.088000000000000300e-01
5.081999999999999851e-01
5.078000000000000291e-01
5.073333333333333028e-01
5.073333333333333028e-01
5.104666666666666242e-01
5.023333333333332984e-01
5.087333333333333707e-01
5.055333333333332790e-01
5.032666666666666400e-01
5.099333333333333496e-01
5.074666666666666215e-01
5.053333333333333011e-01
5.068000000000000282e-01
5.063999999999999613e-01
5.113999999999999657e-01
5.072666666666666435e-01
5.098000000000000309e-01
5.103333333333333055e-01
5.128666666666666929e-01
5.111333333333333284e-01
5.101999999999999869e-01
5.078666666666666885e-01
5.100666666666666682e-01
5.110666666666666691e-01
5.089333333333333487e-01
5.122666666666666480e-01
5.101333333333333275e-01
5.079333333333333478e-01
5.088666666666666893e-01
5.118666666666666920e-01
5.076666666666667105e-01
5.073999999999999622e-01
5.091333333333333266e-01
5.085333333333332817e-01
5.103999999999999648e-01
5.145999999999999464e-01
5.079333333333333478e-01
5.089333333333333487e-01
5.125333333333332853e-01
5.086000000000000520e-01
5.101333333333333275e-01
5.081999999999999851e-01
5.101999999999999869e-01
5.110000000000000098e-01
5.121333333333333293e-01
5.123333333333333073e-01
5.093333333333333046e-01
5.117333333333333734e-01
5.113999999999999657e-01
5.098000000000000309e-01
5.125333333333332853e-01
5.110666666666666691e-01
5.131999999999999895e-01
5.123333333333333073e-01
5.128666666666666929e-01
5.113333333333333064e-01
5.156666666666667176e-01
5.114666666666666250e-01
5.131999999999999895e-01
5.125333333333332853e-01
5.120666666666666700e-01
5.134666666666666268e-01
5.155999999999999472e-01
5.132666666666666488e-01
5.108666666666666911e-01
5.111999999999999877e-01
5.148666666666666947e-01
5.166666666666667185e-01
5.138666666666666938e-01
5.123999999999999666e-01
5.149333333333333540e-01
5.160666666666666735e-01
5.111999999999999877e-01
5.138666666666666938e-01
5.135999999999999455e-01
5.165999999999999481e-01
5.159333333333333549e-01
5.184666666666666313e-01
5.140666666666666718e-01
5.153999999999999693e-01
5.168000000000000371e-01
5.141333333333333311e-01
5.153333333333333099e-01
5.171999999999999931e-01
5.140000000000000124e-01
5.150000000000000133e-01
5.155999999999999472e-01
5.153333333333333099e-01
5.163333333333333108e-01
5.162666666666666515e-01
5.159333333333333549e-01
5.155999999999999472e-01
5.185999999999999499e-01
5.220666666666666789e-01
5.145333333333332870e-01
5.151999999999999913e-01
5.142666666666666497e-01
5.171333333333333337e-01
5.173999999999999710e-01
5.165999999999999481e-01
5.169333333333333558e-01
5.178000000000000380e-01
5.170000000000000151e-01
5.170000000000000151e-01
5.208666666666667000e-01
5.166666666666667185e-01
5.171999999999999931e-01
5.163999999999999702e-01
5.165999999999999481e-01
5.160666666666666735e-01
5.157333333333333769e-01
5.171333333333333337e-01
5.137333333333333751e-01
5.173999999999999710e-01
5.111999999999999877e-01
5.188000000000000389e-01
5.185999999999999499e-01
5.150666666666666726e-01
5.195999999999999508e-01
5.187333333333333796e-01
5.175333333333332897e-01
5.241333333333333400e-01
5.223999999999999755e-01
5.200666666666666771e-01
5.180000000000000160e-01
5.198000000000000398e-01
5.173999999999999710e-01
5.193999999999999728e-01
5.195999999999999508e-01
5.163333333333333108e-01
5.208000000000000407e-01
5.212666666666666559e-01
5.211999999999999966e-01
5.175333333333332897e-01
5.190000000000000169e-01
5.200000000000000178e-01
5.224666666666666348e-01
5.201333333333333364e-01
5.213999999999999746e-01
5.195333333333332915e-01
5.194666666666666321e-01
5.217333333333333822e-01
5.178666666666666973e-01
5.199333333333333584e-01
5.205333333333332924e-01
5.218666666666667009e-01
5.218666666666667009e-01
5.196666666666667211e-01
5.188666666666666982e-01
5.205333333333332924e-01
5.212666666666666559e-01
5.223333333333333162e-01
5.208666666666667000e-01
5.173999999999999710e-01
5.193333333333333135e-01
5.213999999999999746e-01
5.205999999999999517e-01
5.230666666666666798e-01
5.247333333333333849e-01
5.200666666666666771e-01
5.226666666666666128e-01
5.215333333333332932e-01
5.235333333333332950e-01
5.231999999999999984e-01
5.201999999999999957e-01
5.260000000000000231e-01
5.240000000000000213e-01
5.226666666666666128e-01
5.231333333333333391e-01
5.235333333333332950e-01
5.216666666666666119e-01
5.233333333333333171e-01
5.234666666666666357e-01
5.239333333333333620e-01
5.213999999999999746e-01
5.208666666666667000e-01
5.228666666666667018e-01
5.230666666666666798e-01
5.245333333333332959e-01
5.260000000000000231e-01
5.265333333333332977e-01
5.275333333333332986e-01
5.238000000000000433e-01
5.242666666666666586e-01
5.244666666666666366e-01
5.220000000000000195e-01
5.234666666666666357e-01
5.219333333333333602e-01
5.199333333333333584e-01
5.232666666666666577e-01
5.252000000000000002e-01
5.225999999999999535e-01
5.282000000000000028e-01
5.284666666666666401e-01
5.255999999999999561e-01
5.265333333333332977e-01
5.266666666666666163e-01
5.256666666666666154e-01
5.237333333333333840e-01
5.211333333333333373e-01
5.261333333333333417e-01
5.276666666666666172e-01
5.271333333333333426e-01
5.261333333333333417e-01
5.259333333333333638e-01
5.225999999999999535e-01
5.245333333333332959e-01
5.274666666666666393e-01
5.253333333333333188e-01
5.235333333333332950e-01
5.258000000000000451e-01
5.294666666666666410e-01
5.285333333333332995e-01
5.244666666666666366e-01
5.262000000000000011e-01
5.276666666666666172e-01
5.280000000000000249e-01
5.290666666666666851e-01
5.193333333333333135e-01
5.320666666666666877e-01
5.284666666666666401e-01
5.282000000000000028e-01
5.276666666666666172e-01
5.265333333333332977e-01
5.284666666666666401e-01
5.308666666666667089e-01
5.292666666666666631e-01
5.258000000000000451e-01
5.279333333333333655e-01
5.310666666666666869e-01
5.270666666666666833e-01
5.256666666666666154e-01
5.310666666666666869e-01
5.263999999999999790e-01
5.257333333333333858e-01
5.304666666666666419e-01
5.308000000000000496e-01
5.257333333333333858e-01
5.290666666666666851e-01
5.338000000000000522e-01
5.295333333333333004e-01
5.296666666666666190e-01
5.231333333333333391e-01
5.304666666666666419e-01
5.301333333333333453e-01
5.271333333333333426e-01
5.314666666666666428e-01
5.286666666666666181e-01
5.293999999999999817e-01
5.285999999999999588e-01
5.288000000000000478e-01
5.282000000000000028e-01
5.295999999999999597e-01
5.300000000000000266e-01
5.322000000000000064e-01
5.324666666666666437e-01
5.298666666666667080e-01
5.308000000000000496e-01
5.296666666666666190e-01
5.295999999999999597e-01
5.291333333333333444e-01
5.291333333333333444e-01
5.293333333333333224e-01
5.313999999999999835e-01
5.322000000000000064e-01
5.317333333333332801e-01
5.318000000000000504e-01
5.280000000000000249e-01
5.296666666666666190e-01
5.306666666666666199e-01
5.318000000000000504e-01
5.322666666666666657e-01
5.253333333333333188e-01
5.304666666666666419e-01
5.322666666666666657e-01
5.297333333333332783e-01
5.318666666666667098e-01
5.326666666666666217e-01
5.300666666666666860e-01
5.319333333333333691e-01
5.295999999999999597e-01
5.348666666666667124e-01
5.302666666666666639e-01
5.310000000000000275e-01
5.342000000000000082e-01
5.315333333333333021e-01
5.311333333333333462e-01
5.297333333333332783e-01
5.284666666666666401e-01
5.298666666666667080e-01
5.298666666666667080e-01
5.321333333333333471e-01
5.314666666666666428e-01
5.378666666666667151e-01
5.324666666666666437e-01
5.317333333333332801e-01
5.295999999999999597e-01
5.293999999999999817e-01
5.335333333333333039e-01
5.311333333333333462e-01
5.326666666666666217e-01
5.345999999999999641e-01
5.340666666666666895e-01
5.321333333333333471e-01
5.301333333333333453e-01
5.336666666666666226e-01
5.331333333333333480e-01
5.297333333333332783e-01
5.309333333333333682e-01
5.344666666666666455e-01
5.342000000000000082e-01
5.324666666666666437e-01
5.344666666666666455e-01
5.350666666666666904e-01
5.314666666666666428e-01
5.329333333333333700e-01
5.350000000000000311e-01
5.373333333333333295e-01
5.337333333333332819e-01
5.343999999999999861e-01
5.328000000000000513e-01
5.346666666666666234e-01
5.346666666666666234e-01
5.344666666666666455e-01
5.359333333333333727e-01
5.350666666666666904e-01
5.325333333333333030e-01
5.384666666666666490e-01
5.339333333333333709e-01
5.316666666666666208e-01
5.361333333333333506e-01
5.367333333333332845e-01
5.346666666666666234e-01
5.350000000000000311e-01
5.351333333333333497e-01
5.383999999999999897e-01
5.329333333333333700e-01
5.340666666666666895e-01
5.352666666666666684e-01
5.336666666666666226e-01
5.383333333333333304e-01
5.320000000000000284e-01
5.344666666666666455e-01
5.388666666666667160e-01
5.363333333333333286e-01
5.350666666666666904e-01
5.369333333333333735e-01
5.364666666666666472e-01
5.363333333333333286e-01
5.333999999999999853e-01
5.392666666666666719e-01
5.369333333333333735e-01
5.370000000000000329e-01
5.397333333333332872e-01
5.405333333333333101e-01
5.344666666666666455e-01
5.325999999999999623e-01
5.348000000000000531e-01
5.384666666666666490e-01
5.368666666666667142e-01
5.400666666666666949e-01
5.407333333333332881e-01
5.394666666666666499e-01
5.389333333333333753e-01
5.350000000000000311e-01
5.370666666666666922e-01
5.347333333333332828e-01
5.368000000000000549e-01
5.372666666666666702e-01
5.369333333333333735e-01
