4.476666666666666572e-01
4.445333333333333359e-01
4.475999999999999979e-01
4.467999999999999750e-01
4.465333333333333377e-01
4.468666666666666898e-01
4.475333333333333385e-01
4.472666666666666457e-01
4.504000000000000226e-01
4.459333333333333482e-01
4.471333333333333271e-01
4.501999999999999891e-01
4.494000000000000217e-01
4.481333333333333280e-01
4.496666666666666590e-01
4.477999999999999758e-01
4.500666666666666704e-01
4.514666666666666828e-01
4.500000000000000111e-01
4.492666666666666475e-01
4.533333333333333104e-01
4.487999999999999767e-01
4.512666666666666493e-01
4.525333333333333430e-01
4.495999999999999996e-01
4.537333333333333218e-01
4.514666666666666828e-01
4.511999999999999900e-01
4.535333333333333439e-01
4.526666666666666616e-01
4.540666666666666740e-01
4.536000000000000032e-01
4.530000000000000138e-01
4.519333333333333536e-01
4.580666666666666775e-01
4.562666666666666537e-01
4.600000000000000200e-01
4.580666666666666775e-01
4.537999999999999812e-01
4.546666666666666634e-01
4.552666666666666528e-01
4.520666666666666722e-01
4.589333333333333598e-01
4.566000000000000059e-01
4.573333333333333139e-01
4.601999999999999980e-01
4.600666666666666793e-01
4.591333333333333377e-01
4.576666666666666661e-01
4.591999999999999971e-01
4.596000000000000085e-01
4.596000000000000085e-01
4.591999999999999971e-01
4.585333333333333483e-01
4.599333333333333607e-01
4.584666666666666890e-01
4.565333333333333465e-01
4.616666666666666696e-01
4.617999999999999883e-01
4.617333333333333290e-01
4.625333333333333519e-01
4.617999999999999883e-01
4.612666666666666582e-01
4.612666666666666582e-01
4.624666666666666925e-01
4.628666666666666485e-01
4.661333333333333440e-01
4.622666666666666591e-01
4.630666666666666820e-01
4.614666666666666917e-01
4.641333333333333422e-01
4.647999999999999909e-01
4.613999999999999768e-01
4.632666666666666599e-01
4.615333333333333510e-01
4.582666666666666555e-01
4.640666666666666829e-01
4.637999999999999901e-01
4.589333333333333598e-01
4.627999999999999892e-01
4.654666666666666397e-01
4.637333333333333307e-01
4.636666666666666714e-01
4.634666666666666934e-01
4.676000000000000156e-01
4.643333333333333202e-01
4.653999999999999804e-01
4.647333333333333316e-01
4.692666666666666653e-01
4.671333333333333449e-01
4.607333333333333281e-01
4.672000000000000042e-01
4.661333333333333440e-01
4.666666666666666741e-01
4.702000000000000068e-01
4.666666666666666741e-01
4.662666666666666626e-01
4.699999999999999734e-01
4.664666666666666406e-01
4.703333333333333255e-01
4.677333333333333343e-01
4.690666666666666873e-01
4.716000000000000192e-01
4.657999999999999918e-01
4.720666666666666900e-01
4.687333333333333352e-01
4.699999999999999734e-01
4.738666666666666583e-01
4.689333333333333131e-01
4.706000000000000183e-01
4.696000000000000174e-01
4.723999999999999866e-01
4.717333333333333378e-01
4.740666666666666917e-01
4.709333333333333149e-01
4.747999999999999998e-01
4.695333333333333581e-01
4.741333333333333511e-01
4.727333333333333387e-01
4.719999999999999751e-01
4.749999999999999778e-01
4.741333333333333511e-01
4.762666666666666715e-01
4.720666666666666900e-01
4.757333333333333414e-01
4.742000000000000104e-01
4.726666666666666794e-01
4.740666666666666917e-01
4.772000000000000131e-01
4.750666666666666926e-01
4.726000000000000201e-01
4.763999999999999901e-01
4.750666666666666926e-01
4.755333333333333079e-01
4.748666666666666591e-01
4.756666666666666821e-01
4.754666666666666486e-01
4.742666666666666697e-01
4.796000000000000263e-01
4.744666666666666477e-01
4.778000000000000025e-01
4.726666666666666794e-01
4.737333333333333396e-01
4.792000000000000148e-01
4.802000000000000157e-01
4.766666666666666829e-01
4.781333333333333546e-01
4.752000000000000113e-01
4.742000000000000104e-01
4.807333333333333458e-01
4.728666666666666574e-01
4.773333333333333317e-01
4.817333333333333467e-01
4.812666666666666759e-01
4.806666666666666865e-01
4.813999999999999946e-01
4.813333333333333353e-01
4.821333333333333582e-01
4.795333333333333115e-01
4.799999999999999822e-01
4.819333333333333247e-01
4.766666666666666829e-01
4.787333333333333441e-01
4.830666666666666442e-01
4.783999999999999919e-01
4.803999999999999937e-01
4.761333333333333528e-01
4.803333333333333344e-01
4.788666666666666627e-01
4.826666666666666883e-01
4.846666666666666901e-01
4.823999999999999955e-01
4.835333333333333150e-01
4.839333333333333265e-01
4.828666666666666663e-01
4.848000000000000087e-01
4.842000000000000193e-01
4.815333333333333132e-01
4.813333333333333353e-01
4.821333333333333582e-01
4.829333333333333256e-01
4.828666666666666663e-01
4.819999999999999840e-01
4.833333333333333370e-01
4.805333333333333123e-01
4.815999999999999726e-01
4.859999999999999876e-01
4.848000000000000087e-01
4.832000000000000184e-01
4.879999999999999893e-01
4.869999999999999885e-01
4.863999999999999990e-01
4.838000000000000078e-01
4.816666666666666874e-01
4.840666666666666451e-01
4.882000000000000228e-01
4.860666666666666469e-01
4.884000000000000008e-01
4.875999999999999779e-01
4.858666666666666689e-01
4.850666666666666460e-01
4.866666666666666918e-01
4.859999999999999876e-01
4.842000000000000193e-01
4.905333333333333212e-01
4.866666666666666918e-01
4.886666666666666936e-01
4.902666666666666839e-01
4.855333333333333168e-01
4.859333333333333282e-01
4.878666666666666707e-01
4.913333333333333441e-01
4.903333333333333433e-01
4.875999999999999779e-01
4.866666666666666918e-01
4.884666666666666601e-01
4.891333333333333089e-01
4.874666666666666592e-01
4.881333333333333080e-01
4.921333333333333115e-01
4.894000000000000017e-01
4.870666666666666478e-01
4.929333333333333345e-01
4.879999999999999893e-01
4.902000000000000246e-01
4.872000000000000219e-01
4.909999999999999920e-01
4.908666666666666734e-01
4.919333333333333336e-01
4.926666666666666416e-01
4.883333333333333415e-01
4.892666666666666830e-01
4.898666666666666725e-01
4.903333333333333433e-01
4.885333333333333194e-01
4.922666666666666857e-01
4.961999999999999744e-01
4.936666666666666425e-01
4.932666666666666866e-01
4.930666666666666531e-01
4.951999999999999735e-01
4.943333333333333468e-01
4.927333333333333565e-01
4.918000000000000149e-01
4.933333333333333459e-01
4.939999999999999947e-01
4.941333333333333133e-01
4.934666666666666646e-01
4.922000000000000264e-01
4.909999999999999920e-01
4.895999999999999797e-01
4.949333333333333362e-01
4.918000000000000149e-01
4.946666666666666434e-01
4.921333333333333115e-01
4.948666666666666769e-01
4.973333333333333495e-01
4.950666666666666549e-01
4.949333333333333362e-01
4.953333333333333477e-01
4.946666666666666434e-01
4.965333333333333266e-01
4.940666666666666540e-01
4.959999999999999964e-01
4.985333333333333283e-01
4.975999999999999868e-01
4.985999999999999877e-01
4.992666666666666919e-01
4.990666666666666584e-01
4.982666666666666910e-01
4.984666666666666690e-01
4.931333333333333124e-01
4.977333333333333609e-01
4.951999999999999735e-01
4.969333333333333380e-01
4.944666666666666655e-01
4.989333333333333398e-01
4.954666666666666663e-01
4.965999999999999859e-01
4.994000000000000106e-01
4.957333333333333591e-01
4.983333333333333504e-01
4.985333333333333283e-01
4.995333333333333292e-01
4.948666666666666769e-01
5.016666666666667052e-01
4.996666666666666479e-01
4.983333333333333504e-01
5.010666666666666602e-01
4.988666666666666805e-01
4.988000000000000211e-01
4.978000000000000203e-01
4.999333333333333407e-01
5.017333333333333645e-01
5.003999999999999559e-01
4.992666666666666919e-01
4.945999999999999841e-01
5.010000000000000009e-01
4.976666666666666461e-01
4.974666666666666681e-01
5.043333333333333002e-01
5.001999999999999780e-01
4.985333333333333283e-01
4.994000000000000106e-01
5.025333333333333874e-01
4.984666666666666690e-01
5.009333333333333416e-01
5.063999999999999613e-01
5.016000000000000458e-01
5.021333333333333204e-01
5.043999999999999595e-01
5.026666666666667060e-01
5.042666666666666409e-01
5.010666666666666602e-01
5.021999999999999797e-01
5.026666666666667060e-01
5.008000000000000229e-01
5.024666666666666170e-01
5.051333333333333231e-01
5.003999999999999559e-01
5.041999999999999815e-01
5.038000000000000256e-01
5.013333333333332975e-01
5.013333333333332975e-01
5.033333333333332993e-01
5.083333333333333037e-01
5.027333333333333654e-01
5.040666666666666629e-01
5.048000000000000265e-01
5.008000000000000229e-01
5.058666666666666867e-01
5.054666666666666197e-01
5.024666666666666170e-01
5.030666666666666620e-01
5.041999999999999815e-01
5.005333333333333856e-01
5.063999999999999613e-01
5.063999999999999613e-01
5.015333333333333865e-01
5.011333333333333195e-01
5.038000000000000256e-01
5.081999999999999851e-01
5.070666666666666655e-01
5.064666666666666206e-01
5.078666666666666885e-01
5.052666666666666417e-01
5.059333333333333460e-01
5.038666666666666849e-01
5.056000000000000494e-01
4.998666666666666814e-01
5.063999999999999613e-01
5.096666666666667123e-01
5.043333333333333002e-01
5.034666666666666179e-01
5.063999999999999613e-01
5.096000000000000529e-01
5.051999999999999824e-01
5.069333333333333469e-01
5.060666666666666647e-01
5.093999999999999639e-01
5.087333333333333707e-01
5.081333333333333258e-01
5.077333333333333698e-01
5.076000000000000512e-01
5.108000000000000318e-01
5.026000000000000467e-01
5.092666666666666453e-01
5.060000000000000053e-01
5.036666666666667069e-01
5.101333333333333275e-01
5.078000000000000291e-01
5.054666666666666197e-01
5.074666666666666215e-01
5.065333333333332799e-01
5.116666666666667140e-01
5.078000000000000291e-01
5.100666666666666682e-01
5.110666666666666691e-01
5.133999999999999675e-01
5.113999999999999657e-01
5.110666666666666691e-01
5.080666666666666664e-01
5.100666666666666682e-01
5.113999999999999657e-01
5.091333333333333266e-01
5.124666666666666259e-01
5.105333333333332835e-01
5.086666666666667114e-01
5.092666666666666453e-01
5.120000000000000107e-01
5.081333333333333258e-01
5.078000000000000291e-01
5.094666666666666233e-01
5.090000000000000080e-01
5.108000000000000318e-01
5.150666666666666726e-01
5.086666666666667114e-01
5.091999999999999860e-01
5.132666666666666488e-01
5.091333333333333266e-01
5.105333333333332835e-01
5.084666666666666224e-01
5.103999999999999648e-01
5.116000000000000547e-01
5.123333333333333073e-01
5.126666666666667149e-01
5.102666666666666462e-01
5.118000000000000327e-01
5.118666666666666920e-01
5.103333333333333055e-01
5.130666666666666709e-01
5.115333333333332844e-01
5.138000000000000345e-01
5.123999999999999666e-01
5.130000000000000115e-01
5.116666666666667140e-01
5.162666666666666515e-01
5.120000000000000107e-01
5.136666666666667158e-01
5.129333333333333522e-01
5.128000000000000336e-01
5.142666666666666497e-01
5.161333333333333329e-01
5.138666666666666938e-01
5.115333333333332844e-01
5.118000000000000327e-01
5.151999999999999913e-01
5.171333333333333337e-01
5.141333333333333311e-01
5.128000000000000336e-01
5.150666666666666726e-01
5.161333333333333329e-01
5.111999999999999877e-01
5.138666666666666938e-01
5.140000000000000124e-01
5.168666666666666965e-01
5.163999999999999702e-01
5.188000000000000389e-01
5.147333333333333760e-01
5.158666666666666956e-01
5.174666666666666304e-01
5.146666666666667167e-01
5.153999999999999693e-01
5.171999999999999931e-01
5.139333333333333531e-01
5.150666666666666726e-01
5.153999999999999693e-01
5.153999999999999693e-01
5.165333333333332888e-01
5.166666666666667185e-01
5.163999999999999702e-01
5.157333333333333769e-01
5.193999999999999728e-01
5.219333333333333602e-01
5.145999999999999464e-01
5.157333333333333769e-01
5.145333333333332870e-01
5.175333333333332897e-01
5.174666666666666304e-01
5.171333333333333337e-01
5.173333333333333117e-01
5.179333333333333567e-01
5.171999999999999931e-01
5.170000000000000151e-01
5.210000000000000187e-01
5.170000000000000151e-01
5.177333333333333787e-01
5.171999999999999931e-01
5.170666666666666744e-01
5.161999999999999922e-01
5.161333333333333329e-01
5.175999999999999490e-01
5.139333333333333531e-01
5.178000000000000380e-01
5.112666666666666471e-01
5.193333333333333135e-01
5.184666666666666313e-01
5.151999999999999913e-01
5.198666666666666991e-01
5.189333333333333576e-01
5.175999999999999490e-01
5.244666666666666366e-01
5.225999999999999535e-01
5.204666666666666330e-01
5.178666666666666973e-01
5.200666666666666771e-01
5.175999999999999490e-01
5.198000000000000398e-01
5.197333333333333805e-01
5.168666666666666965e-01
5.208666666666667000e-01
5.212666666666666559e-01
5.215333333333332932e-01
5.174666666666666304e-01
5.194666666666666321e-01
5.203999999999999737e-01
5.231999999999999984e-01
5.209333333333333593e-01
5.218000000000000416e-01
5.201999999999999957e-01
5.199333333333333584e-01
5.222666666666666568e-01
5.184666666666666313e-01
5.198666666666666991e-01
5.206666666666667220e-01
5.221999999999999975e-01
5.220000000000000195e-01
5.199333333333333584e-01
5.193333333333333135e-01
5.208000000000000407e-01
5.215333333333332932e-01
5.225333333333332941e-01
5.210000000000000187e-01
5.173999999999999710e-01
5.196666666666667211e-01
5.218666666666667009e-01
5.211333333333333373e-01
5.233999999999999764e-01
5.250000000000000222e-01
5.202666666666666551e-01
5.229333333333333611e-01
5.220666666666666789e-01
5.240000000000000213e-01
5.238000000000000433e-01
5.208000000000000407e-01
5.265333333333332977e-01
5.241999999999999993e-01
5.228666666666667018e-01
5.233333333333333171e-01
5.236666666666666137e-01
5.221333333333333382e-01
5.236666666666666137e-01
5.235999999999999543e-01
5.238666666666667027e-01
5.216666666666666119e-01
5.208666666666667000e-01
5.233999999999999764e-01
5.232666666666666577e-01
5.247333333333333849e-01
5.263999999999999790e-01
5.268000000000000460e-01
5.280000000000000249e-01
5.240666666666666806e-01
5.243999999999999773e-01
5.247333333333333849e-01
5.223333333333333162e-01
5.235333333333332950e-01
5.223333333333333162e-01
5.203999999999999737e-01
5.239333333333333620e-01
5.253333333333333188e-01
5.231999999999999984e-01
5.288666666666667071e-01
5.284666666666666401e-01
5.258000000000000451e-01
5.269333333333333647e-01
5.270666666666666833e-01
5.258666666666667044e-01
5.243999999999999773e-01
5.211999999999999966e-01
5.268000000000000460e-01
5.278000000000000469e-01
5.278000000000000469e-01
5.266666666666666163e-01
5.261333333333333417e-01
5.230000000000000204e-01
5.250000000000000222e-01
5.276666666666666172e-01
5.258000000000000451e-01
5.240666666666666806e-01
5.258666666666667044e-01
5.298000000000000487e-01
5.285999999999999588e-01
5.245333333333332959e-01
5.261333333333333417e-01
5.275999999999999579e-01
5.280666666666666842e-01
5.292666666666666631e-01
5.193999999999999728e-01
5.322000000000000064e-01
5.285999999999999588e-01
5.281333333333333435e-01
5.280666666666666842e-01
5.270000000000000240e-01
5.282000000000000028e-01
5.308000000000000496e-01
5.295333333333333004e-01
5.260000000000000231e-01
5.281333333333333435e-01
5.315333333333333021e-01
5.274666666666666393e-01
5.256666666666666154e-01
5.311333333333333462e-01
5.266666666666666163e-01
5.258666666666667044e-01
5.303333333333333233e-01
5.310666666666666869e-01
5.260000000000000231e-01
5.294666666666666410e-01
5.342666666666666675e-01
5.293999999999999817e-01
5.300666666666666860e-01
5.234666666666666357e-01
5.306666666666666199e-01
5.300000000000000266e-01
5.275999999999999579e-01
5.319333333333333691e-01
5.290000000000000258e-01
5.298000000000000487e-01
5.289333333333333664e-01
5.292000000000000037e-01
5.283333333333333215e-01
5.297333333333332783e-01
5.303999999999999826e-01
5.326666666666666217e-01
5.326666666666666217e-01
5.298666666666667080e-01
5.310000000000000275e-01
5.298666666666667080e-01
5.296666666666666190e-01
5.292666666666666631e-01
5.291333333333333444e-01
5.293999999999999817e-01
5.315333333333333021e-01
5.323999999999999844e-01
5.322000000000000064e-01
5.323999999999999844e-01
5.280666666666666842e-01
5.302000000000000046e-01
5.310666666666666869e-01
5.320666666666666877e-01
5.328000000000000513e-01
5.255333333333332968e-01
5.305999999999999606e-01
5.324666666666666437e-01
5.298000000000000487e-01
5.319333333333333691e-01
5.328000000000000513e-01
5.301333333333333453e-01
5.326666666666666217e-01
5.298000000000000487e-01
5.352000000000000091e-01
5.306666666666666199e-01
5.312666666666666648e-01
5.343999999999999861e-01
5.314666666666666428e-01
5.311333333333333462e-01
5.295999999999999597e-01
5.288000000000000478e-01
5.302000000000000046e-01
5.302000000000000046e-01
5.325333333333333030e-01
5.322000000000000064e-01
5.382666666666666710e-01
5.327333333333332810e-01
5.315999999999999615e-01
5.298000000000000487e-01
5.300000000000000266e-01
5.335999999999999632e-01
5.316666666666666208e-01
5.330000000000000293e-01
5.345999999999999641e-01
5.343333333333333268e-01
5.323333333333333250e-01
5.303999999999999826e-01
5.341333333333333488e-01
5.334666666666666446e-01
5.298666666666667080e-01
5.312666666666666648e-01
5.349333333333333718e-01
5.345999999999999641e-01
5.331333333333333480e-01
5.345999999999999641e-01
5.352666666666666684e-01
5.316666666666666208e-01
5.331333333333333480e-01
5.350666666666666904e-01
5.371333333333333515e-01
5.338000000000000522e-01
5.345999999999999641e-01
5.325333333333333030e-01
5.345333333333333048e-01
5.347333333333332828e-01
5.345999999999999641e-01
5.362666666666666693e-01
5.354666666666666464e-01
5.330000000000000293e-01
5.389333333333333753e-01
5.346666666666666234e-01
5.321333333333333471e-01
5.364666666666666472e-01
5.368666666666667142e-01
5.347333333333332828e-01
5.352000000000000091e-01
5.351333333333333497e-01
5.388666666666667160e-01
5.334666666666666446e-01
5.347333333333332828e-01
5.355333333333333057e-01
5.344666666666666455e-01
5.391333333333333533e-01
5.325333333333333030e-01
5.348666666666667124e-01
5.395333333333333092e-01
5.365999999999999659e-01
5.352000000000000091e-01
5.372666666666666702e-01
5.369333333333333735e-01
5.365999999999999659e-01
5.336666666666666226e-01
5.397999999999999465e-01
5.368666666666667142e-01
5.370000000000000329e-01
5.400666666666666949e-01
5.407333333333332881e-01
5.349333333333333718e-01
5.330666666666666886e-01
5.351333333333333497e-01
5.385999999999999677e-01
5.367333333333332845e-01
5.399333333333333762e-01
5.407333333333332881e-01
5.396666666666666279e-01
5.391333333333333533e-01
5.351333333333333497e-01
5.373999999999999888e-01
5.350000000000000311e-01
5.369333333333333735e-01
5.371333333333333515e-01
5.373333333333333295e-01
