4.365333333333333288e-01
4.324666666666666659e-01
4.364666666666666694e-01
4.373333333333333517e-01
4.364666666666666694e-01
4.348000000000000198e-01
4.368000000000000216e-01
4.369999999999999996e-01
4.408000000000000251e-01
4.359333333333333393e-01
4.374000000000000110e-01
4.395333333333333314e-01
4.389333333333333420e-01
4.385333333333333306e-01
4.387333333333333085e-01
4.378666666666666818e-01
4.383333333333333526e-01
4.410666666666666624e-01
4.395999999999999908e-01
4.396666666666666501e-01
4.418000000000000260e-01
4.384666666666666712e-01
4.421333333333333226e-01
4.414666666666666739e-01
4.398000000000000242e-01
4.422666666666666413e-01
4.411333333333333218e-01
4.415333333333333332e-01
4.431333333333333235e-01
4.434000000000000163e-01
4.445333333333333359e-01
4.424666666666666748e-01
4.443333333333333579e-01
4.421999999999999820e-01
4.477999999999999758e-01
4.462666666666666448e-01
4.501999999999999891e-01
4.462666666666666448e-01
4.426666666666666528e-01
4.450000000000000067e-01
4.459333333333333482e-01
4.424666666666666748e-01
4.484000000000000208e-01
4.474000000000000199e-01
4.480000000000000093e-01
4.495333333333333403e-01
4.501333333333333298e-01
4.500666666666666704e-01
4.486666666666666581e-01
4.487333333333333174e-01
4.511333333333333306e-01
4.491999999999999882e-01
4.497333333333333183e-01
4.501333333333333298e-01
4.504666666666666819e-01
4.497999999999999776e-01
4.459333333333333482e-01
4.526000000000000023e-01
4.525333333333333430e-01
4.521333333333333315e-01
4.526666666666666616e-01
4.547999999999999821e-01
4.532666666666666511e-01
4.521999999999999909e-01
4.548666666666666414e-01
4.536666666666666625e-01
4.574666666666666881e-01
4.521333333333333315e-01
4.542666666666666520e-01
4.531999999999999917e-01
4.552666666666666528e-01
4.554666666666666863e-01
4.517999999999999794e-01
4.554000000000000270e-01
4.544000000000000261e-01
4.490000000000000102e-01
4.562666666666666537e-01
4.556666666666666643e-01
4.507999999999999785e-01
4.555333333333333456e-01
4.588666666666666449e-01
4.559333333333333571e-01
4.561999999999999944e-01
4.566666666666666652e-01
4.603333333333333166e-01
4.566666666666666652e-01
4.577333333333333254e-01
4.576000000000000068e-01
4.617333333333333290e-01
4.609333333333333060e-01
4.533333333333333104e-01
4.606666666666666687e-01
4.581333333333333369e-01
4.589333333333333598e-01
4.633333333333333193e-01
4.599333333333333607e-01
4.588666666666666449e-01
4.628666666666666485e-01
4.589333333333333598e-01
4.631333333333333413e-01
4.610666666666666802e-01
4.616000000000000103e-01
4.644666666666666943e-01
4.584666666666666890e-01
4.637333333333333307e-01
4.614666666666666917e-01
4.636666666666666714e-01
4.662666666666666626e-01
4.615333333333333510e-01
4.641333333333333422e-01
4.636000000000000121e-01
4.644666666666666943e-01
4.643333333333333202e-01
4.651333333333333431e-01
4.636000000000000121e-01
4.681333333333333457e-01
4.637333333333333307e-01
4.658666666666666512e-01
4.666666666666666741e-01
4.666000000000000147e-01
4.683333333333333237e-01
4.683999999999999830e-01
4.697333333333333361e-01
4.653333333333333210e-01
4.688666666666666538e-01
4.668666666666666520e-01
4.667333333333333334e-01
4.673999999999999821e-01
4.713999999999999857e-01
4.686000000000000165e-01
4.662666666666666626e-01
4.693333333333333246e-01
4.691333333333333466e-01
4.696000000000000174e-01
4.698666666666666547e-01
4.693333333333333246e-01
4.684666666666666424e-01
4.676666666666666750e-01
4.733333333333333282e-01
4.687999999999999945e-01
4.714666666666666450e-01
4.663333333333333219e-01
4.673333333333333228e-01
4.740666666666666917e-01
4.743999999999999884e-01
4.713999999999999857e-01
4.730666666666666909e-01
4.699333333333333140e-01
4.684666666666666424e-01
4.740666666666666917e-01
4.683333333333333237e-01
4.707333333333333369e-01
4.748666666666666591e-01
4.759999999999999787e-01
4.747999999999999998e-01
4.758000000000000007e-01
4.761333333333333528e-01
4.764666666666666495e-01
4.730666666666666909e-01
4.736000000000000210e-01
4.760666666666666935e-01
4.713999999999999857e-01
4.728666666666666574e-01
4.771333333333333537e-01
4.736666666666666803e-01
4.743999999999999884e-01
4.706666666666666776e-01
4.762000000000000122e-01
4.739333333333333176e-01
4.776000000000000245e-01
4.789333333333333220e-01
4.768666666666666609e-01
4.775333333333333097e-01
4.778666666666666618e-01
4.776666666666666838e-01
4.786000000000000254e-01
4.792000000000000148e-01
4.771333333333333537e-01
4.770666666666666944e-01
4.768666666666666609e-01
4.779999999999999805e-01
4.776666666666666838e-01
4.768666666666666609e-01
4.787333333333333441e-01
4.753999999999999893e-01
4.772666666666666724e-01
4.809333333333333238e-01
4.786000000000000254e-01
4.779999999999999805e-01
4.829333333333333256e-01
4.823999999999999955e-01
4.813333333333333353e-01
4.788666666666666627e-01
4.768666666666666609e-01
4.803999999999999937e-01
4.835333333333333150e-01
4.816666666666666874e-01
4.839333333333333265e-01
4.834666666666666557e-01
4.809333333333333238e-01
4.805333333333333123e-01
4.813333333333333353e-01
4.813333333333333353e-01
4.793333333333333335e-01
4.843999999999999972e-01
4.808000000000000052e-01
4.839333333333333265e-01
4.856666666666666909e-01
4.799999999999999822e-01
4.816666666666666874e-01
4.833999999999999964e-01
4.879999999999999893e-01
4.848666666666666680e-01
4.829999999999999849e-01
4.829333333333333256e-01
4.839999999999999858e-01
4.846666666666666901e-01
4.823999999999999955e-01
4.839999999999999858e-01
4.865333333333333177e-01
4.852000000000000202e-01
4.832000000000000184e-01
4.885999999999999788e-01
4.842666666666666786e-01
4.858666666666666689e-01
4.828000000000000069e-01
4.858666666666666689e-01
4.863333333333333397e-01
4.880666666666666487e-01
4.879333333333333300e-01
4.832000000000000184e-01
4.845999999999999752e-01
4.859999999999999876e-01
4.851333333333333608e-01
4.852000000000000202e-01
4.875333333333333186e-01
4.924000000000000044e-01
4.903333333333333433e-01
4.888000000000000123e-01
4.894666666666666610e-01
4.905999999999999805e-01
4.908666666666666734e-01
4.888000000000000123e-01
4.884666666666666601e-01
4.886666666666666936e-01
4.895999999999999797e-01
4.905333333333333212e-01
4.899999999999999911e-01
4.889333333333333309e-01
4.872666666666666813e-01
4.861333333333333062e-01
4.906666666666666399e-01
4.881333333333333080e-01
4.909333333333333327e-01
4.886666666666666936e-01
4.910666666666666513e-01
4.939999999999999947e-01
4.912666666666666848e-01
4.908666666666666734e-01
4.911333333333333107e-01
4.918000000000000149e-01
4.930666666666666531e-01
4.910666666666666513e-01
4.925999999999999823e-01
4.935999999999999832e-01
4.932666666666666866e-01
4.941999999999999726e-01
4.954000000000000070e-01
4.957333333333333591e-01
4.941333333333333133e-01
4.948666666666666769e-01
4.894000000000000017e-01
4.950666666666666549e-01
4.907333333333333547e-01
4.934666666666666646e-01
4.908666666666666734e-01
4.949999999999999956e-01
4.918666666666666742e-01
4.932000000000000273e-01
4.965999999999999859e-01
4.921333333333333115e-01
4.944000000000000061e-01
4.954000000000000070e-01
4.951999999999999735e-01
4.917333333333333556e-01
4.981333333333333169e-01
4.961999999999999744e-01
4.951999999999999735e-01
4.979333333333333389e-01
4.951999999999999735e-01
4.956666666666666443e-01
4.940666666666666540e-01
4.967333333333333600e-01
4.980666666666666575e-01
4.969333333333333380e-01
4.963333333333333486e-01
4.914000000000000035e-01
4.982666666666666910e-01
4.945999999999999841e-01
4.941333333333333133e-01
5.016000000000000458e-01
4.968666666666666787e-01
4.954000000000000070e-01
4.967333333333333600e-01
4.993333333333333512e-01
4.945999999999999841e-01
4.977333333333333609e-01
5.023999999999999577e-01
4.987333333333333063e-01
4.979999999999999982e-01
5.012666666666666382e-01
4.994666666666666699e-01
5.001999999999999780e-01
4.979999999999999982e-01
4.977333333333333609e-01
4.991333333333333178e-01
4.982666666666666910e-01
4.984666666666666690e-01
5.016666666666667052e-01
4.969999999999999973e-01
5.009333333333333416e-01
4.992666666666666919e-01
4.985333333333333283e-01
4.984666666666666690e-01
4.998666666666666814e-01
5.049333333333333451e-01
4.989333333333333398e-01
5.002666666666666373e-01
5.019333333333333425e-01
4.981333333333333169e-01
5.024666666666666170e-01
5.028666666666666840e-01
4.989999999999999991e-01
5.003333333333332966e-01
5.015333333333333865e-01
4.975333333333333274e-01
5.038000000000000256e-01
5.029333333333333433e-01
4.991333333333333178e-01
4.985999999999999877e-01
4.995999999999999885e-01
5.051333333333333231e-01
5.037333333333333663e-01
5.033999999999999586e-01
5.045333333333332781e-01
5.019333333333333425e-01
5.017333333333333645e-01
5.000000000000000000e-01
5.032666666666666400e-01
4.971999999999999753e-01
5.026666666666667060e-01
5.058000000000000274e-01
5.013999999999999568e-01
5.006000000000000449e-01
5.033333333333332993e-01
5.061999999999999833e-01
5.033999999999999586e-01
5.030666666666666620e-01
5.031333333333333213e-01
5.058000000000000274e-01
5.058000000000000274e-01
5.046000000000000485e-01
5.038666666666666849e-01
5.038000000000000256e-01
5.083999999999999631e-01
4.991333333333333178e-01
5.056000000000000494e-01
5.023999999999999577e-01
5.006000000000000449e-01
5.066666666666667096e-01
5.050666666666666638e-01
5.023999999999999577e-01
5.043999999999999595e-01
5.036666666666667069e-01
5.094666666666666233e-01
5.041999999999999815e-01
5.070666666666666655e-01
5.080000000000000071e-01
5.100000000000000089e-01
5.084666666666666224e-01
5.078666666666666885e-01
5.048000000000000265e-01
5.080666666666666664e-01
5.077333333333333698e-01
5.060666666666666647e-01
5.095333333333332826e-01
5.072666666666666435e-01
5.053333333333333011e-01
5.062666666666666426e-01
5.094666666666666233e-01
5.055333333333332790e-01
5.044666666666666188e-01
5.070666666666666655e-01
5.065333333333332799e-01
5.082666666666666444e-01
5.123999999999999666e-01
5.061999999999999833e-01
5.061999999999999833e-01
5.103999999999999648e-01
5.065333333333332799e-01
5.072666666666666435e-01
5.053333333333333011e-01
5.073999999999999622e-01
5.087333333333333707e-01
5.098000000000000309e-01
5.101999999999999869e-01
5.077333333333333698e-01
5.106666666666667131e-01
5.092666666666666453e-01
5.080666666666666664e-01
5.110000000000000098e-01
5.093333333333333046e-01
5.113999999999999657e-01
5.087333333333333707e-01
5.106000000000000538e-01
5.091333333333333266e-01
5.131999999999999895e-01
5.090666666666666673e-01
5.106666666666667131e-01
5.103999999999999648e-01
5.098000000000000309e-01
5.113333333333333064e-01
5.138666666666666938e-01
5.110000000000000098e-01
5.087333333333333707e-01
5.100000000000000089e-01
5.113333333333333064e-01
5.141999999999999904e-01
5.123333333333333073e-01
5.102666666666666462e-01
5.137333333333333751e-01
5.133999999999999675e-01
5.090000000000000080e-01
5.113999999999999657e-01
5.120666666666666700e-01
5.143333333333333091e-01
5.138666666666666938e-01
5.163999999999999702e-01
5.124666666666666259e-01
5.130000000000000115e-01
5.153333333333333099e-01
5.110666666666666691e-01
5.125333333333332853e-01
5.149333333333333540e-01
5.124666666666666259e-01
5.140666666666666718e-01
5.130666666666666709e-01
5.121999999999999886e-01
5.140666666666666718e-01
5.141999999999999904e-01
5.139333333333333531e-01
5.127333333333333742e-01
5.165999999999999481e-01
5.197333333333333805e-01
5.131333333333333302e-01
5.122666666666666480e-01
5.112666666666666471e-01
5.153333333333333099e-01
5.140666666666666718e-01
5.142666666666666497e-01
5.148000000000000353e-01
5.154666666666666286e-01
5.144666666666666277e-01
5.146666666666667167e-01
5.181333333333333346e-01
5.141999999999999904e-01
5.142666666666666497e-01
5.140000000000000124e-01
5.139333333333333531e-01
5.138666666666666938e-01
5.128000000000000336e-01
5.143333333333333091e-01
5.116666666666667140e-01
5.152666666666666506e-01
5.094666666666666233e-01
5.173999999999999710e-01
5.163999999999999702e-01
5.124666666666666259e-01
5.171333333333333337e-01
5.165333333333332888e-01
5.158666666666666956e-01
5.217333333333333822e-01
5.203333333333333144e-01
5.179333333333333567e-01
5.155999999999999472e-01
5.172666666666666524e-01
5.148666666666666947e-01
5.171333333333333337e-01
5.171999999999999931e-01
5.139333333333333531e-01
5.182666666666666533e-01
5.183999999999999719e-01
5.188666666666666982e-01
5.155999999999999472e-01
5.167333333333333778e-01
5.181999999999999940e-01
5.201333333333333364e-01
5.183333333333333126e-01
5.192666666666666542e-01
5.175333333333332897e-01
5.175333333333332897e-01
5.194666666666666321e-01
5.161999999999999922e-01
5.180000000000000160e-01
5.188000000000000389e-01
5.186666666666667203e-01
5.188666666666666982e-01
5.175333333333332897e-01
5.162666666666666515e-01
5.184666666666666313e-01
5.194666666666666321e-01
5.206666666666667220e-01
5.176666666666667194e-01
5.155999999999999472e-01
5.167333333333333778e-01
5.190666666666666762e-01
5.189333333333333576e-01
5.208666666666667000e-01
5.228666666666667018e-01
5.183999999999999719e-01
5.205999999999999517e-01
5.195999999999999508e-01
5.212666666666666559e-01
5.210666666666666780e-01
5.193999999999999728e-01
5.246666666666666146e-01
5.218000000000000416e-01
5.198666666666666991e-01
5.206666666666667220e-01
5.221999999999999975e-01
5.195999999999999508e-01
5.213999999999999746e-01
5.203333333333333144e-01
5.214666666666666339e-01
5.197333333333333805e-01
5.188666666666666982e-01
5.211999999999999966e-01
5.209333333333333593e-01
5.227333333333333831e-01
5.238666666666667027e-01
5.250000000000000222e-01
5.261333333333333417e-01
5.220000000000000195e-01
5.223333333333333162e-01
5.228666666666667018e-01
5.197333333333333805e-01
5.219333333333333602e-01
5.199333333333333584e-01
5.181999999999999940e-01
5.211999999999999966e-01
5.233333333333333171e-01
5.208000000000000407e-01
5.260000000000000231e-01
5.261333333333333417e-01
5.235333333333332950e-01
5.249333333333333629e-01
5.255999999999999561e-01
5.237333333333333840e-01
5.219333333333333602e-01
5.190000000000000169e-01
5.240666666666666806e-01
5.253333333333333188e-01
5.250666666666666815e-01
5.234666666666666357e-01
5.235333333333332950e-01
5.204666666666666330e-01
5.225999999999999535e-01
5.253999999999999782e-01
5.239333333333333620e-01
5.218666666666667009e-01
5.231999999999999984e-01
5.277333333333333876e-01
5.263333333333333197e-01
5.220666666666666789e-01
5.237333333333333840e-01
5.244666666666666366e-01
5.252666666666666595e-01
5.261333333333333417e-01
5.174666666666666304e-01
5.305333333333333012e-01
5.265333333333332977e-01
5.263999999999999790e-01
5.270000000000000240e-01
5.239333333333333620e-01
5.267333333333333867e-01
5.285999999999999588e-01
5.271333333333333426e-01
5.232666666666666577e-01
5.254666666666666375e-01
5.283333333333333215e-01
5.248000000000000442e-01
5.245999999999999552e-01
5.290666666666666851e-01
5.231333333333333391e-01
5.243333333333333179e-01
5.284666666666666401e-01
5.282666666666666622e-01
5.235333333333332950e-01
5.269333333333333647e-01
5.320000000000000284e-01
5.278666666666667062e-01
5.276666666666666172e-01
5.215999999999999526e-01
5.292000000000000037e-01
5.271333333333333426e-01
5.260000000000000231e-01
5.300000000000000266e-01
5.269333333333333647e-01
5.271333333333333426e-01
5.272000000000000020e-01
5.275999999999999579e-01
5.263999999999999790e-01
5.271333333333333426e-01
5.281333333333333435e-01
5.307333333333332792e-01
5.310666666666666869e-01
5.278000000000000469e-01
5.281333333333333435e-01
5.269333333333333647e-01
5.271333333333333426e-01
5.264666666666666384e-01
5.269333333333333647e-01
5.265999999999999570e-01
5.290000000000000258e-01
5.298666666666667080e-01
5.298000000000000487e-01
5.302000000000000046e-01
5.265999999999999570e-01
5.290666666666666851e-01
5.290666666666666851e-01
5.300000000000000266e-01
5.295999999999999597e-01
5.231999999999999984e-01
5.282666666666666622e-01
5.298666666666667080e-01
5.282000000000000028e-01
5.303999999999999826e-01
5.307333333333332792e-01
5.286666666666666181e-01
5.303333333333333233e-01
5.272666666666666613e-01
5.328666666666667107e-01
5.293333333333333224e-01
5.297333333333332783e-01
5.321333333333333471e-01
5.294666666666666410e-01
5.300666666666666860e-01
5.273333333333333206e-01
5.273999999999999799e-01
5.284666666666666401e-01
5.282000000000000028e-01
5.308000000000000496e-01
5.303333333333333233e-01
5.365999999999999659e-01
5.308000000000000496e-01
5.299333333333333673e-01
5.274666666666666393e-01
5.283333333333333215e-01
5.332666666666666666e-01
5.302000000000000046e-01
5.313999999999999835e-01
5.328666666666667107e-01
5.322000000000000064e-01
5.313999999999999835e-01
5.287333333333333885e-01
5.320000000000000284e-01
5.313333333333333242e-01
5.282666666666666622e-01
5.300666666666666860e-01
5.327333333333332810e-01
5.327333333333332810e-01
5.309333333333333682e-01
5.325333333333333030e-01
5.339333333333333709e-01
5.298000000000000487e-01
5.312666666666666648e-01
5.331333333333333480e-01
5.354666666666666464e-01
5.320666666666666877e-01
5.322000000000000064e-01
5.312666666666666648e-01
5.325333333333333030e-01
5.331333333333333480e-01
5.332000000000000073e-01
5.349333333333333718e-01
5.343999999999999861e-01
5.309333333333333682e-01
5.370000000000000329e-01
5.327333333333332810e-01
5.301333333333333453e-01
5.350000000000000311e-01
5.356666666666666243e-01
5.333999999999999853e-01
5.331333333333333480e-01
5.336666666666666226e-01
5.370666666666666922e-01
5.312666666666666648e-01
5.328000000000000513e-01
5.341333333333333488e-01
5.318000000000000504e-01
5.365333333333333066e-01
5.297333333333332783e-01
5.334666666666666446e-01
5.375999999999999668e-01
5.350000000000000311e-01
5.340000000000000302e-01
5.352666666666666684e-01
5.354666666666666464e-01
5.340666666666666895e-01
5.323999999999999844e-01
5.377999999999999448e-01
5.349333333333333718e-01
5.348666666666667124e-01
5.375999999999999668e-01
5.387333333333332863e-01
5.325333333333333030e-01
5.309333333333333682e-01
5.332000000000000073e-01
5.369333333333333735e-01
5.355333333333333057e-01
5.380000000000000338e-01
5.390666666666666940e-01
5.381333333333333524e-01
5.364666666666666472e-01
5.325999999999999623e-01
5.355333333333333057e-01
5.328000000000000513e-01
5.350000000000000311e-01
5.356666666666666243e-01
5.347333333333332828e-01
