4.457333333333333147e-01
4.419333333333333447e-01
4.447999999999999732e-01
4.437333333333333130e-01
4.453333333333333588e-01
4.449333333333333473e-01
4.456666666666666554e-01
4.458666666666666889e-01
4.484666666666666801e-01
4.447333333333333139e-01
4.451333333333333253e-01
4.484666666666666801e-01
4.475333333333333385e-01
4.451999999999999846e-01
4.474000000000000199e-01
4.455999999999999961e-01
4.474000000000000199e-01
4.495999999999999996e-01
4.485333333333333394e-01
4.472666666666666457e-01
4.511333333333333306e-01
4.466666666666666563e-01
4.502666666666666484e-01
4.500666666666666704e-01
4.482666666666666466e-01
4.508666666666666933e-01
4.493333333333333068e-01
4.491333333333333289e-01
4.515333333333333421e-01
4.506666666666666599e-01
4.520000000000000129e-01
4.511333333333333306e-01
4.511333333333333306e-01
4.498666666666666925e-01
4.567333333333333245e-01
4.541999999999999926e-01
4.577333333333333254e-01
4.552666666666666528e-01
4.517333333333333201e-01
4.527999999999999803e-01
4.534000000000000252e-01
4.503333333333333077e-01
4.566666666666666652e-01
4.549333333333333562e-01
4.557333333333333236e-01
4.584666666666666890e-01
4.581999999999999962e-01
4.571333333333333360e-01
4.555333333333333456e-01
4.576666666666666661e-01
4.580666666666666775e-01
4.573333333333333139e-01
4.572666666666666546e-01
4.569333333333333580e-01
4.580666666666666775e-01
4.568666666666666432e-01
4.545333333333333448e-01
4.601333333333333386e-01
4.602666666666666573e-01
4.596666666666666679e-01
4.606000000000000094e-01
4.603333333333333166e-01
4.596000000000000085e-01
4.600000000000000200e-01
4.610666666666666802e-01
4.609333333333333060e-01
4.643999999999999795e-01
4.608666666666666467e-01
4.613333333333333175e-01
4.600666666666666793e-01
4.623333333333333184e-01
4.622666666666666591e-01
4.591333333333333377e-01
4.617999999999999883e-01
4.597999999999999865e-01
4.558666666666666423e-01
4.626666666666666705e-01
4.620666666666666811e-01
4.571999999999999953e-01
4.612666666666666582e-01
4.645333333333333536e-01
4.620666666666666811e-01
4.622666666666666591e-01
4.620000000000000218e-01
4.657999999999999918e-01
4.627333333333333298e-01
4.640000000000000235e-01
4.637333333333333307e-01
4.678666666666666529e-01
4.658666666666666512e-01
4.590000000000000191e-01
4.665333333333333554e-01
4.646000000000000130e-01
4.651333333333333431e-01
4.688666666666666538e-01
4.650000000000000244e-01
4.650000000000000244e-01
4.680000000000000271e-01
4.646000000000000130e-01
4.689333333333333131e-01
4.660666666666666846e-01
4.680000000000000271e-01
4.696666666666666767e-01
4.639333333333333087e-01
4.704666666666666441e-01
4.672666666666666635e-01
4.682666666666666644e-01
4.718666666666666565e-01
4.679333333333333123e-01
4.699999999999999734e-01
4.686000000000000165e-01
4.707333333333333369e-01
4.706666666666666776e-01
4.723999999999999866e-01
4.699333333333333140e-01
4.735333333333333061e-01
4.687999999999999945e-01
4.726000000000000201e-01
4.720666666666666900e-01
4.710666666666666891e-01
4.739333333333333176e-01
4.726666666666666794e-01
4.745333333333333070e-01
4.709333333333333149e-01
4.746666666666666812e-01
4.727333333333333387e-01
4.713333333333333264e-01
4.726666666666666794e-01
4.758000000000000007e-01
4.731333333333333502e-01
4.702666666666666662e-01
4.750666666666666926e-01
4.737999999999999989e-01
4.746000000000000218e-01
4.736666666666666803e-01
4.740666666666666917e-01
4.739999999999999769e-01
4.732000000000000095e-01
4.768666666666666609e-01
4.729333333333333167e-01
4.761333333333333528e-01
4.711333333333333484e-01
4.719999999999999751e-01
4.778000000000000025e-01
4.792000000000000148e-01
4.765333333333333088e-01
4.766666666666666829e-01
4.746666666666666812e-01
4.726000000000000201e-01
4.797333333333333449e-01
4.718666666666666565e-01
4.767333333333333423e-01
4.808666666666666645e-01
4.799333333333333229e-01
4.791333333333333555e-01
4.801333333333333564e-01
4.800666666666666416e-01
4.808666666666666645e-01
4.776666666666666838e-01
4.786666666666666847e-01
4.802000000000000157e-01
4.759333333333333194e-01
4.773999999999999910e-01
4.819999999999999840e-01
4.770666666666666944e-01
4.792000000000000148e-01
4.747999999999999998e-01
4.793999999999999928e-01
4.782666666666666733e-01
4.817333333333333467e-01
4.834666666666666557e-01
4.812000000000000166e-01
4.824666666666666548e-01
4.827333333333333476e-01
4.813333333333333353e-01
4.833333333333333370e-01
4.830666666666666442e-01
4.807333333333333458e-01
4.809333333333333238e-01
4.808000000000000052e-01
4.823999999999999955e-01
4.814666666666666539e-01
4.809333333333333238e-01
4.824666666666666548e-01
4.793333333333333335e-01
4.808666666666666645e-01
4.844666666666666566e-01
4.835333333333333150e-01
4.819333333333333247e-01
4.862666666666666804e-01
4.860666666666666469e-01
4.854666666666666575e-01
4.828666666666666663e-01
4.808000000000000052e-01
4.835333333333333150e-01
4.873999999999999999e-01
4.848666666666666680e-01
4.868000000000000105e-01
4.867333333333333512e-01
4.848666666666666680e-01
4.845333333333333159e-01
4.853999999999999981e-01
4.849333333333333274e-01
4.829999999999999849e-01
4.888666666666666716e-01
4.850666666666666460e-01
4.871333333333333071e-01
4.886666666666666936e-01
4.841333333333333599e-01
4.847333333333333494e-01
4.863333333333333397e-01
4.906666666666666399e-01
4.889999999999999902e-01
4.865333333333333177e-01
4.855999999999999761e-01
4.877333333333333520e-01
4.885999999999999788e-01
4.865999999999999770e-01
4.872000000000000219e-01
4.908666666666666734e-01
4.884000000000000008e-01
4.865333333333333177e-01
4.924000000000000044e-01
4.865999999999999770e-01
4.895333333333333203e-01
4.864666666666666583e-01
4.905999999999999805e-01
4.898666666666666725e-01
4.915333333333333221e-01
4.914666666666666628e-01
4.875333333333333186e-01
4.880666666666666487e-01
4.891333333333333089e-01
4.890666666666666496e-01
4.878666666666666707e-01
4.908666666666666734e-01
4.949333333333333362e-01
4.929999999999999938e-01
4.924666666666666637e-01
4.921333333333333115e-01
4.941999999999999726e-01
4.934000000000000052e-01
4.918000000000000149e-01
4.913333333333333441e-01
4.923333333333333450e-01
4.935999999999999832e-01
4.930666666666666531e-01
4.930666666666666531e-01
4.917333333333333556e-01
4.900666666666666504e-01
4.888000000000000123e-01
4.938666666666666760e-01
4.910666666666666513e-01
4.941999999999999726e-01
4.916666666666666408e-01
4.941333333333333133e-01
4.965333333333333266e-01
4.945999999999999841e-01
4.939333333333333353e-01
4.939999999999999947e-01
4.938000000000000167e-01
4.955999999999999850e-01
4.931333333333333124e-01
4.949333333333333362e-01
4.975333333333333274e-01
4.966666666666666452e-01
4.968666666666666787e-01
4.985999999999999877e-01
4.979999999999999982e-01
4.974000000000000088e-01
4.979333333333333389e-01
4.919333333333333336e-01
4.970666666666666567e-01
4.940666666666666540e-01
4.961333333333333151e-01
4.933333333333333459e-01
4.974666666666666681e-01
4.938666666666666760e-01
4.948666666666666769e-01
4.985999999999999877e-01
4.948666666666666769e-01
4.971333333333333160e-01
4.974666666666666681e-01
4.980666666666666575e-01
4.939999999999999947e-01
5.011333333333333195e-01
4.989333333333333398e-01
4.978000000000000203e-01
5.008666666666666822e-01
4.984000000000000097e-01
4.984000000000000097e-01
4.974666666666666681e-01
4.994666666666666699e-01
5.010000000000000009e-01
4.999333333333333407e-01
4.989333333333333398e-01
4.939999999999999947e-01
5.006666666666667043e-01
4.969333333333333380e-01
4.969333333333333380e-01
5.033999999999999586e-01
4.997333333333333072e-01
4.973333333333333495e-01
4.986666666666666470e-01
5.020000000000000018e-01
4.976666666666666461e-01
5.005333333333333856e-01
5.056666666666667087e-01
5.007333333333333636e-01
5.008666666666666822e-01
5.036666666666667069e-01
5.022666666666666391e-01
5.034666666666666179e-01
5.001999999999999780e-01
5.016000000000000458e-01
5.018000000000000238e-01
5.005333333333333856e-01
5.016666666666667052e-01
5.047333333333333671e-01
4.996666666666666479e-01
5.038666666666666849e-01
5.030000000000000027e-01
5.012666666666666382e-01
5.008000000000000229e-01
5.024666666666666170e-01
5.074666666666666215e-01
5.020000000000000018e-01
5.034666666666666179e-01
5.044666666666666188e-01
5.001999999999999780e-01
5.053333333333333011e-01
5.046666666666667078e-01
5.014666666666666162e-01
5.021999999999999797e-01
5.036666666666667069e-01
5.001999999999999780e-01
5.058666666666666867e-01
5.055333333333332790e-01
5.007333333333333636e-01
5.006000000000000449e-01
5.026666666666667060e-01
5.081999999999999851e-01
5.061333333333333240e-01
5.060666666666666647e-01
5.073333333333333028e-01
5.047333333333333671e-01
5.051333333333333231e-01
5.035333333333333883e-01
5.050666666666666638e-01
4.988666666666666805e-01
5.050666666666666638e-01
5.086666666666667114e-01
5.037333333333333663e-01
5.027333333333333654e-01
5.056666666666667087e-01
5.090666666666666673e-01
5.050666666666666638e-01
5.062666666666666426e-01
5.052666666666666417e-01
5.084666666666666224e-01
5.083333333333333037e-01
5.074666666666666215e-01
5.072666666666666435e-01
5.070666666666666655e-01
5.099333333333333496e-01
5.018000000000000238e-01
5.082666666666666444e-01
5.049333333333333451e-01
5.026666666666667060e-01
5.095333333333332826e-01
5.074666666666666215e-01
5.046000000000000485e-01
5.065333333333332799e-01
5.064666666666666206e-01
5.114666666666666250e-01
5.070000000000000062e-01
5.093333333333333046e-01
5.106000000000000538e-01
5.124666666666666259e-01
5.108000000000000318e-01
5.101999999999999869e-01
5.078000000000000291e-01
5.097333333333333716e-01
5.106000000000000538e-01
5.084666666666666224e-01
5.121999999999999886e-01
5.098000000000000309e-01
5.073999999999999622e-01
5.087333333333333707e-01
5.115333333333332844e-01
5.070666666666666655e-01
5.070666666666666655e-01
5.089333333333333487e-01
5.080666666666666664e-01
5.100666666666666682e-01
5.143999999999999684e-01
5.077333333333333698e-01
5.086000000000000520e-01
5.121333333333333293e-01
5.083999999999999631e-01
5.091999999999999860e-01
5.078666666666666885e-01
5.101999999999999869e-01
5.106000000000000538e-01
5.120666666666666700e-01
5.123333333333333073e-01
5.093999999999999639e-01
5.116666666666667140e-01
5.115333333333332844e-01
5.093333333333333046e-01
5.124666666666666259e-01
5.108000000000000318e-01
5.130666666666666709e-01
5.114666666666666250e-01
5.123333333333333073e-01
5.110000000000000098e-01
5.153999999999999693e-01
5.106000000000000538e-01
5.125999999999999446e-01
5.124666666666666259e-01
5.118000000000000327e-01
5.133333333333333082e-01
5.153333333333333099e-01
5.132666666666666488e-01
5.106000000000000538e-01
5.109333333333333504e-01
5.146666666666667167e-01
5.166666666666667185e-01
5.138666666666666938e-01
5.121999999999999886e-01
5.149333333333333540e-01
5.159333333333333549e-01
5.111333333333333284e-01
5.136666666666667158e-01
5.138666666666666938e-01
5.163999999999999702e-01
5.158666666666666956e-01
5.186666666666667203e-01
5.142666666666666497e-01
5.153999999999999693e-01
5.168000000000000371e-01
5.138000000000000345e-01
5.148000000000000353e-01
5.168000000000000371e-01
5.138666666666666938e-01
5.150000000000000133e-01
5.154666666666666286e-01
5.147333333333333760e-01
5.158000000000000362e-01
5.159333333333333549e-01
5.158666666666666956e-01
5.151999999999999913e-01
5.186666666666667203e-01
5.216666666666666119e-01
5.142666666666666497e-01
5.145999999999999464e-01
5.140000000000000124e-01
5.168000000000000371e-01
5.171333333333333337e-01
5.162666666666666515e-01
5.168666666666666965e-01
5.177333333333333787e-01
5.165333333333332888e-01
5.162666666666666515e-01
5.204666666666666330e-01
5.159333333333333549e-01
5.164666666666666295e-01
5.160666666666666735e-01
5.161333333333333329e-01
5.158000000000000362e-01
5.152666666666666506e-01
5.173333333333333117e-01
5.134666666666666268e-01
5.170000000000000151e-01
5.109333333333333504e-01
5.183999999999999719e-01
5.182666666666666533e-01
5.148000000000000353e-01
5.190666666666666762e-01
5.182666666666666533e-01
5.177333333333333787e-01
5.241333333333333400e-01
5.219333333333333602e-01
5.198000000000000398e-01
5.180666666666666753e-01
5.195333333333332915e-01
5.168666666666666965e-01
5.193333333333333135e-01
5.196666666666667211e-01
5.162666666666666515e-01
5.205333333333332924e-01
5.208000000000000407e-01
5.210666666666666780e-01
5.174666666666666304e-01
5.184666666666666313e-01
5.201333333333333364e-01
5.226666666666666128e-01
5.202666666666666551e-01
5.213333333333333153e-01
5.196666666666667211e-01
5.195333333333332915e-01
5.214666666666666339e-01
5.176666666666667194e-01
5.193333333333333135e-01
5.203333333333333144e-01
5.219333333333333602e-01
5.215333333333332932e-01
5.195999999999999508e-01
5.183333333333333126e-01
5.202666666666666551e-01
5.210666666666666780e-01
5.219333333333333602e-01
5.208666666666667000e-01
5.169333333333333558e-01
5.187333333333333796e-01
5.211999999999999966e-01
5.201999999999999957e-01
5.231999999999999984e-01
5.243999999999999773e-01
5.197333333333333805e-01
5.225333333333332941e-01
5.211999999999999966e-01
5.230666666666666798e-01
5.229333333333333611e-01
5.201333333333333364e-01
5.258000000000000451e-01
5.236666666666666137e-01
5.221333333333333382e-01
5.227333333333333831e-01
5.230666666666666798e-01
5.213999999999999746e-01
5.228666666666667018e-01
5.226666666666666128e-01
5.235333333333332950e-01
5.207333333333333814e-01
5.203999999999999737e-01
5.227333333333333831e-01
5.228666666666667018e-01
5.242666666666666586e-01
5.255333333333332968e-01
5.262666666666666604e-01
5.273999999999999799e-01
5.231999999999999984e-01
5.240666666666666806e-01
5.241999999999999993e-01
5.218000000000000416e-01
5.231999999999999984e-01
5.218000000000000416e-01
5.200000000000000178e-01
5.231999999999999984e-01
5.245999999999999552e-01
5.228666666666667018e-01
5.278666666666667062e-01
5.281333333333333435e-01
5.250666666666666815e-01
5.260666666666666824e-01
5.265333333333332977e-01
5.252000000000000002e-01
5.235999999999999543e-01
5.210666666666666780e-01
5.261333333333333417e-01
5.274666666666666393e-01
5.269333333333333647e-01
5.257333333333333858e-01
5.254666666666666375e-01
5.222666666666666568e-01
5.241999999999999993e-01
5.270000000000000240e-01
5.253999999999999782e-01
5.233999999999999764e-01
5.254666666666666375e-01
5.292666666666666631e-01
5.282666666666666622e-01
5.241999999999999993e-01
5.259333333333333638e-01
5.273333333333333206e-01
5.277333333333333876e-01
5.287333333333333885e-01
5.191999999999999948e-01
5.322000000000000064e-01
5.284666666666666401e-01
5.279333333333333655e-01
5.278666666666667062e-01
5.262666666666666604e-01
5.283999999999999808e-01
5.303999999999999826e-01
5.293333333333333224e-01
5.254666666666666375e-01
5.280666666666666842e-01
5.308000000000000496e-01
5.270000000000000240e-01
5.253999999999999782e-01
5.308000000000000496e-01
5.260000000000000231e-01
5.256666666666666154e-01
5.302666666666666639e-01
5.305333333333333012e-01
5.254666666666666375e-01
5.287333333333333885e-01
5.338666666666667115e-01
5.294666666666666410e-01
5.295333333333333004e-01
5.230000000000000204e-01
5.303333333333333233e-01
5.296666666666666190e-01
5.270666666666666833e-01
5.313333333333333242e-01
5.283333333333333215e-01
5.292000000000000037e-01
5.289333333333333664e-01
5.289333333333333664e-01
5.281333333333333435e-01
5.295999999999999597e-01
5.295999999999999597e-01
5.319333333333333691e-01
5.322000000000000064e-01
5.292000000000000037e-01
5.305333333333333012e-01
5.292666666666666631e-01
5.292000000000000037e-01
5.290000000000000258e-01
5.288666666666667071e-01
5.290000000000000258e-01
5.313999999999999835e-01
5.318000000000000504e-01
5.315333333333333021e-01
5.318000000000000504e-01
5.277333333333333876e-01
5.297333333333332783e-01
5.305999999999999606e-01
5.313333333333333242e-01
5.321333333333333471e-01
5.253999999999999782e-01
5.305999999999999606e-01
5.319333333333333691e-01
5.295999999999999597e-01
5.315999999999999615e-01
5.322666666666666657e-01
5.302000000000000046e-01
5.318666666666667098e-01
5.295999999999999597e-01
5.348000000000000531e-01
5.305333333333333012e-01
5.312000000000000055e-01
5.337333333333332819e-01
5.312666666666666648e-01
5.309333333333333682e-01
5.297333333333332783e-01
5.281333333333333435e-01
5.295999999999999597e-01
5.294666666666666410e-01
5.316666666666666208e-01
5.314666666666666428e-01
5.377999999999999448e-01
5.324666666666666437e-01
5.316666666666666208e-01
5.292666666666666631e-01
5.293999999999999817e-01
5.333999999999999853e-01
5.312000000000000055e-01
5.327333333333332810e-01
5.343999999999999861e-01
5.337333333333332819e-01
5.323333333333333250e-01
5.300666666666666860e-01
5.336666666666666226e-01
5.329333333333333700e-01
5.298000000000000487e-01
5.308666666666667089e-01
5.340000000000000302e-01
5.343999999999999861e-01
5.322000000000000064e-01
5.341333333333333488e-01
5.349333333333333718e-01
5.309333333333333682e-01
5.320000000000000284e-01
5.343333333333333268e-01
5.371333333333333515e-01
5.331333333333333480e-01
5.342000000000000082e-01
5.328000000000000513e-01
5.344666666666666455e-01
5.346666666666666234e-01
5.343333333333333268e-01
5.358666666666667133e-01
5.349333333333333718e-01
5.325333333333333030e-01
5.382000000000000117e-01
5.338000000000000522e-01
5.314666666666666428e-01
5.360000000000000320e-01
5.366666666666666252e-01
5.348000000000000531e-01
5.345999999999999641e-01
5.345999999999999641e-01
5.377999999999999448e-01
5.325999999999999623e-01
5.340000000000000302e-01
5.352666666666666684e-01
5.338666666666667115e-01
5.384666666666666490e-01
5.316666666666666208e-01
5.343333333333333268e-01
5.387999999999999456e-01
5.360666666666666913e-01
5.346666666666666234e-01
5.363333333333333286e-01
5.362666666666666693e-01
5.361333333333333506e-01
5.334666666666666446e-01
5.390000000000000346e-01
5.367333333333332845e-01
5.370666666666666922e-01
5.397333333333332872e-01
5.402666666666666728e-01
5.345999999999999641e-01
5.323333333333333250e-01
5.347333333333332828e-01
5.383333333333333304e-01
5.368000000000000549e-01
5.400000000000000355e-01
5.407333333333332881e-01
5.395333333333333092e-01
5.385999999999999677e-01
5.350000000000000311e-01
5.368000000000000549e-01
5.346666666666666234e-01
5.365999999999999659e-01
5.372666666666666702e-01
5.367333333333332845e-01
