4.439333333333333464e-01
4.406666666666666510e-01
4.441333333333333244e-01
4.434666666666666757e-01
4.440000000000000058e-01
4.436666666666666536e-01
4.444000000000000172e-01
4.450666666666666660e-01
4.477333333333333165e-01
4.437999999999999723e-01
4.443333333333333579e-01
4.475999999999999979e-01
4.470000000000000084e-01
4.449333333333333473e-01
4.468666666666666898e-01
4.449333333333333473e-01
4.460666666666666669e-01
4.482666666666666466e-01
4.476666666666666572e-01
4.467333333333333156e-01
4.504666666666666819e-01
4.456666666666666554e-01
4.497333333333333183e-01
4.493333333333333068e-01
4.475999999999999979e-01
4.500666666666666704e-01
4.485333333333333394e-01
4.487333333333333174e-01
4.511999999999999900e-01
4.503333333333333077e-01
4.516000000000000014e-01
4.505333333333333412e-01
4.506666666666666599e-01
4.488666666666666916e-01
4.560000000000000164e-01
4.536666666666666625e-01
4.566666666666666652e-01
4.546666666666666634e-01
4.512666666666666493e-01
4.521333333333333315e-01
4.530666666666666731e-01
4.499333333333333518e-01
4.556666666666666643e-01
4.541333333333333333e-01
4.550000000000000155e-01
4.578666666666666440e-01
4.576000000000000068e-01
4.566000000000000059e-01
4.551333333333333342e-01
4.567999999999999838e-01
4.579333333333333589e-01
4.566666666666666652e-01
4.565333333333333465e-01
4.564666666666666872e-01
4.575333333333333474e-01
4.563999999999999724e-01
4.537333333333333218e-01
4.595333333333333492e-01
4.593999999999999750e-01
4.589333333333333598e-01
4.596000000000000085e-01
4.597333333333333272e-01
4.589333333333333598e-01
4.592666666666666564e-01
4.607333333333333281e-01
4.597333333333333272e-01
4.636000000000000121e-01
4.600000000000000200e-01
4.602666666666666573e-01
4.593999999999999750e-01
4.617333333333333290e-01
4.615333333333333510e-01
4.584666666666666890e-01
4.613333333333333175e-01
4.593333333333333157e-01
4.555333333333333456e-01
4.620666666666666811e-01
4.612666666666666582e-01
4.566666666666666652e-01
4.603999999999999759e-01
4.642000000000000015e-01
4.615333333333333510e-01
4.618666666666666476e-01
4.613999999999999768e-01
4.652666666666666617e-01
4.620000000000000218e-01
4.634666666666666934e-01
4.633333333333333193e-01
4.675333333333333563e-01
4.655333333333333545e-01
4.586666666666666670e-01
4.663333333333333219e-01
4.642666666666666608e-01
4.650000000000000244e-01
4.684666666666666424e-01
4.648666666666666503e-01
4.643333333333333202e-01
4.681333333333333457e-01
4.643333333333333202e-01
4.682000000000000051e-01
4.656666666666666732e-01
4.675333333333333563e-01
4.687999999999999945e-01
4.633999999999999786e-01
4.695333333333333581e-01
4.667333333333333334e-01
4.679333333333333123e-01
4.709999999999999742e-01
4.670000000000000262e-01
4.689999999999999725e-01
4.683333333333333237e-01
4.704666666666666441e-01
4.702666666666666662e-01
4.721333333333333493e-01
4.693999999999999839e-01
4.733333333333333282e-01
4.682000000000000051e-01
4.722000000000000086e-01
4.716666666666666785e-01
4.706000000000000183e-01
4.733333333333333282e-01
4.726000000000000201e-01
4.742666666666666697e-01
4.706666666666666776e-01
4.746666666666666812e-01
4.725333333333333607e-01
4.712000000000000077e-01
4.717333333333333378e-01
4.753999999999999893e-01
4.729333333333333167e-01
4.699999999999999734e-01
4.745333333333333070e-01
4.736000000000000210e-01
4.737999999999999989e-01
4.729333333333333167e-01
4.733333333333333282e-01
4.724666666666666459e-01
4.726666666666666794e-01
4.772666666666666724e-01
4.726666666666666794e-01
4.757333333333333414e-01
4.707999999999999963e-01
4.717999999999999972e-01
4.775333333333333097e-01
4.785333333333333106e-01
4.758000000000000007e-01
4.765333333333333088e-01
4.742666666666666697e-01
4.723999999999999866e-01
4.793333333333333335e-01
4.714666666666666450e-01
4.766000000000000236e-01
4.807333333333333458e-01
4.798666666666666636e-01
4.788000000000000034e-01
4.795333333333333115e-01
4.798666666666666636e-01
4.802000000000000157e-01
4.776000000000000245e-01
4.779999999999999805e-01
4.799333333333333229e-01
4.755333333333333079e-01
4.768000000000000016e-01
4.816666666666666874e-01
4.763999999999999901e-01
4.789999999999999813e-01
4.744666666666666477e-01
4.793999999999999928e-01
4.778000000000000025e-01
4.813333333333333353e-01
4.830666666666666442e-01
4.806666666666666865e-01
4.819999999999999840e-01
4.822666666666666768e-01
4.811333333333333573e-01
4.830666666666666442e-01
4.826666666666666883e-01
4.800666666666666416e-01
4.803999999999999937e-01
4.807333333333333458e-01
4.817333333333333467e-01
4.809333333333333238e-01
4.802666666666666750e-01
4.820666666666666433e-01
4.791333333333333555e-01
4.807333333333333458e-01
4.844666666666666566e-01
4.833333333333333370e-01
4.817333333333333467e-01
4.854666666666666575e-01
4.857333333333333503e-01
4.851333333333333608e-01
4.828666666666666663e-01
4.800666666666666416e-01
4.831333333333333591e-01
4.871333333333333071e-01
4.845999999999999752e-01
4.865333333333333177e-01
4.865999999999999770e-01
4.845333333333333159e-01
4.838666666666666671e-01
4.849333333333333274e-01
4.847333333333333494e-01
4.823999999999999955e-01
4.886666666666666936e-01
4.847333333333333494e-01
4.865333333333333177e-01
4.887333333333333529e-01
4.836666666666666892e-01
4.842000000000000193e-01
4.860666666666666469e-01
4.905333333333333212e-01
4.889333333333333309e-01
4.866666666666666918e-01
4.855999999999999761e-01
4.874666666666666592e-01
4.880666666666666487e-01
4.863999999999999990e-01
4.871333333333333071e-01
4.905999999999999805e-01
4.879999999999999893e-01
4.861333333333333062e-01
4.922666666666666857e-01
4.864666666666666583e-01
4.889333333333333309e-01
4.860666666666666469e-01
4.902000000000000246e-01
4.895999999999999797e-01
4.912666666666666848e-01
4.914666666666666628e-01
4.873999999999999999e-01
4.878000000000000114e-01
4.889999999999999902e-01
4.885333333333333194e-01
4.873999999999999999e-01
4.905333333333333212e-01
4.948666666666666769e-01
4.927333333333333565e-01
4.918666666666666742e-01
4.919333333333333336e-01
4.939999999999999947e-01
4.928000000000000158e-01
4.916666666666666408e-01
4.909333333333333327e-01
4.919333333333333336e-01
4.935333333333333239e-01
4.928000000000000158e-01
4.928666666666666751e-01
4.913333333333333441e-01
4.899333333333333318e-01
4.888666666666666716e-01
4.934666666666666646e-01
4.907333333333333547e-01
4.938666666666666760e-01
4.913333333333333441e-01
4.938000000000000167e-01
4.962666666666666893e-01
4.945333333333333248e-01
4.937333333333333574e-01
4.938000000000000167e-01
4.935333333333333239e-01
4.957333333333333591e-01
4.926666666666666416e-01
4.947333333333333583e-01
4.969333333333333380e-01
4.965999999999999859e-01
4.968000000000000194e-01
4.979999999999999982e-01
4.977333333333333609e-01
4.969999999999999973e-01
4.978000000000000203e-01
4.914666666666666628e-01
4.968666666666666787e-01
4.929333333333333345e-01
4.959333333333333371e-01
4.929999999999999938e-01
4.970666666666666567e-01
4.944000000000000061e-01
4.951333333333333142e-01
4.984666666666666690e-01
4.947333333333333583e-01
4.969333333333333380e-01
4.972666666666666901e-01
4.981333333333333169e-01
4.938000000000000167e-01
5.010666666666666602e-01
4.986666666666666470e-01
4.973333333333333495e-01
5.008000000000000229e-01
4.981333333333333169e-01
4.979333333333333389e-01
4.971333333333333160e-01
4.991333333333333178e-01
5.007333333333333636e-01
4.996666666666666479e-01
4.987333333333333063e-01
4.937333333333333574e-01
5.003999999999999559e-01
4.968000000000000194e-01
4.965333333333333266e-01
5.031999999999999806e-01
4.994666666666666699e-01
4.972666666666666901e-01
4.983333333333333504e-01
5.018666666666666831e-01
4.974666666666666681e-01
5.000666666666666593e-01
5.054666666666666197e-01
5.001999999999999780e-01
5.006000000000000449e-01
5.033333333333332993e-01
5.020666666666666611e-01
5.031999999999999806e-01
5.002666666666666373e-01
5.011999999999999789e-01
5.013333333333332975e-01
5.002666666666666373e-01
5.014666666666666162e-01
5.044666666666666188e-01
4.994666666666666699e-01
5.038000000000000256e-01
5.026666666666667060e-01
5.011999999999999789e-01
5.006666666666667043e-01
5.026000000000000467e-01
5.071333333333333249e-01
5.013999999999999568e-01
5.031999999999999806e-01
5.041999999999999815e-01
5.001999999999999780e-01
5.050666666666666638e-01
5.046000000000000485e-01
5.013999999999999568e-01
5.019333333333333425e-01
5.038000000000000256e-01
5.000000000000000000e-01
5.056666666666667087e-01
5.054666666666666197e-01
5.007333333333333636e-01
5.005333333333333856e-01
5.023333333333332984e-01
5.080666666666666664e-01
5.060000000000000053e-01
5.057333333333333680e-01
5.067333333333333689e-01
5.047333333333333671e-01
5.049333333333333451e-01
5.031999999999999806e-01
5.047333333333333671e-01
4.986666666666666470e-01
5.046666666666667078e-01
5.083999999999999631e-01
5.035333333333333883e-01
5.026000000000000467e-01
5.053333333333333011e-01
5.088666666666666893e-01
5.048000000000000265e-01
5.059333333333333460e-01
5.049333333333333451e-01
5.082666666666666444e-01
5.080000000000000071e-01
5.072666666666666435e-01
5.066000000000000503e-01
5.068000000000000282e-01
5.096666666666667123e-01
5.018000000000000238e-01
5.080000000000000071e-01
5.047333333333333671e-01
5.027333333333333654e-01
5.096000000000000529e-01
5.071999999999999842e-01
5.046000000000000485e-01
5.063999999999999613e-01
5.061333333333333240e-01
5.111999999999999877e-01
5.066666666666667096e-01
5.090666666666666673e-01
5.103999999999999648e-01
5.121999999999999886e-01
5.106666666666667131e-01
5.099333333333333496e-01
5.072666666666666435e-01
5.097333333333333716e-01
5.105333333333332835e-01
5.083333333333333037e-01
5.122666666666666480e-01
5.097333333333333716e-01
5.071333333333333249e-01
5.086666666666667114e-01
5.112666666666666471e-01
5.069333333333333469e-01
5.070666666666666655e-01
5.086666666666667114e-01
5.080000000000000071e-01
5.098666666666666902e-01
5.140000000000000124e-01
5.076000000000000512e-01
5.085333333333332817e-01
5.121999999999999886e-01
5.083333333333333037e-01
5.096000000000000529e-01
5.078666666666666885e-01
5.093999999999999639e-01
5.101999999999999869e-01
5.116666666666667140e-01
5.120666666666666700e-01
5.089333333333333487e-01
5.114666666666666250e-01
5.110666666666666691e-01
5.091333333333333266e-01
5.118000000000000327e-01
5.105333333333332835e-01
5.131999999999999895e-01
5.116000000000000547e-01
5.124666666666666259e-01
5.106666666666667131e-01
5.158000000000000362e-01
5.106000000000000538e-01
5.125999999999999446e-01
5.121999999999999886e-01
5.114666666666666250e-01
5.128666666666666929e-01
5.154666666666666286e-01
5.125333333333332853e-01
5.110000000000000098e-01
5.109333333333333504e-01
5.142666666666666497e-01
5.161333333333333329e-01
5.131999999999999895e-01
5.120666666666666700e-01
5.149333333333333540e-01
5.153999999999999693e-01
5.111999999999999877e-01
5.135333333333332861e-01
5.137333333333333751e-01
5.159333333333333549e-01
5.157333333333333769e-01
5.185333333333332906e-01
5.140000000000000124e-01
5.149333333333333540e-01
5.166666666666667185e-01
5.135999999999999455e-01
5.145999999999999464e-01
5.163999999999999702e-01
5.135999999999999455e-01
5.146666666666667167e-01
5.148000000000000353e-01
5.145333333333332870e-01
5.156666666666667176e-01
5.160666666666666735e-01
5.155999999999999472e-01
5.150000000000000133e-01
5.183999999999999719e-01
5.213333333333333153e-01
5.141999999999999904e-01
5.146666666666667167e-01
5.136666666666667158e-01
5.163999999999999702e-01
5.168000000000000371e-01
5.161333333333333329e-01
5.170000000000000151e-01
5.173999999999999710e-01
5.161333333333333329e-01
5.161999999999999922e-01
5.201333333333333364e-01
5.158000000000000362e-01
5.163999999999999702e-01
5.159333333333333549e-01
5.160666666666666735e-01
5.156666666666667176e-01
5.150666666666666726e-01
5.169333333333333558e-01
5.134666666666666268e-01
5.169333333333333558e-01
5.108666666666666911e-01
5.179333333333333567e-01
5.181333333333333346e-01
5.145333333333332870e-01
5.182666666666666533e-01
5.181333333333333346e-01
5.170666666666666744e-01
5.238666666666667027e-01
5.218000000000000416e-01
5.193999999999999728e-01
5.180000000000000160e-01
5.193999999999999728e-01
5.167333333333333778e-01
5.191999999999999948e-01
5.195999999999999508e-01
5.160000000000000142e-01
5.201999999999999957e-01
5.205333333333332924e-01
5.211999999999999966e-01
5.173999999999999710e-01
5.184666666666666313e-01
5.199333333333333584e-01
5.224666666666666348e-01
5.203999999999999737e-01
5.210666666666666780e-01
5.191999999999999948e-01
5.191333333333333355e-01
5.211999999999999966e-01
5.175333333333332897e-01
5.190666666666666762e-01
5.203999999999999737e-01
5.215333333333332932e-01
5.211999999999999966e-01
5.193333333333333135e-01
5.182666666666666533e-01
5.200000000000000178e-01
5.209333333333333593e-01
5.218000000000000416e-01
5.206666666666667220e-01
5.166666666666667185e-01
5.183999999999999719e-01
5.211333333333333373e-01
5.201333333333333364e-01
5.229333333333333611e-01
5.243333333333333179e-01
5.198000000000000398e-01
5.224666666666666348e-01
5.210666666666666780e-01
5.228000000000000425e-01
5.230000000000000204e-01
5.200666666666666771e-01
5.254666666666666375e-01
5.236666666666666137e-01
5.221333333333333382e-01
5.225333333333332941e-01
5.231999999999999984e-01
5.213999999999999746e-01
5.228666666666667018e-01
5.226666666666666128e-01
5.233999999999999764e-01
5.206666666666667220e-01
5.203999999999999737e-01
5.224666666666666348e-01
5.228666666666667018e-01
5.243999999999999773e-01
5.252000000000000002e-01
5.260666666666666824e-01
5.271333333333333426e-01
5.228666666666667018e-01
5.234666666666666357e-01
5.239333333333333620e-01
5.210666666666666780e-01
5.229333333333333611e-01
5.208666666666667000e-01
5.194666666666666321e-01
5.229333333333333611e-01
5.248666666666667036e-01
5.222666666666666568e-01
5.274666666666666393e-01
5.278666666666667062e-01
5.247333333333333849e-01
5.261333333333333417e-01
5.263999999999999790e-01
5.248000000000000442e-01
5.232666666666666577e-01
5.208000000000000407e-01
5.258666666666667044e-01
5.272666666666666613e-01
5.268666666666667053e-01
5.255999999999999561e-01
5.251333333333333409e-01
5.220666666666666789e-01
5.241333333333333400e-01
5.267333333333333867e-01
5.249333333333333629e-01
5.232666666666666577e-01
5.253333333333333188e-01
5.292000000000000037e-01
5.282666666666666622e-01
5.239333333333333620e-01
5.255333333333332968e-01
5.272666666666666613e-01
5.275333333333332986e-01
5.284666666666666401e-01
5.190000000000000169e-01
5.319333333333333691e-01
5.280666666666666842e-01
5.275333333333332986e-01
5.275999999999999579e-01
5.258000000000000451e-01
5.283999999999999808e-01
5.302000000000000046e-01
5.290000000000000258e-01
5.253999999999999782e-01
5.280000000000000249e-01
5.306666666666666199e-01
5.267333333333333867e-01
5.252000000000000002e-01
5.305333333333333012e-01
5.258666666666667044e-01
5.253999999999999782e-01
5.303333333333333233e-01
5.302000000000000046e-01
5.251333333333333409e-01
5.284666666666666401e-01
5.330666666666666886e-01
5.292000000000000037e-01
5.292666666666666631e-01
5.230666666666666798e-01
5.302666666666666639e-01
5.293999999999999817e-01
5.267333333333333867e-01
5.312000000000000055e-01
5.285999999999999588e-01
5.292666666666666631e-01
5.287333333333333885e-01
5.288666666666667071e-01
5.278000000000000469e-01
5.291333333333333444e-01
5.295999999999999597e-01
5.320000000000000284e-01
5.319333333333333691e-01
5.292000000000000037e-01
5.300000000000000266e-01
5.294666666666666410e-01
5.290666666666666851e-01
5.284666666666666401e-01
5.285999999999999588e-01
5.287333333333333885e-01
5.311333333333333462e-01
5.315999999999999615e-01
5.313999999999999835e-01
5.318000000000000504e-01
5.275999999999999579e-01
5.294666666666666410e-01
5.305333333333333012e-01
5.313333333333333242e-01
5.322000000000000064e-01
5.254666666666666375e-01
5.303999999999999826e-01
5.314666666666666428e-01
5.293999999999999817e-01
5.316666666666666208e-01
5.320000000000000284e-01
5.298000000000000487e-01
5.315333333333333021e-01
5.293333333333333224e-01
5.346666666666666234e-01
5.303333333333333233e-01
5.312666666666666648e-01
5.335333333333333039e-01
5.310666666666666869e-01
5.310666666666666869e-01
5.294666666666666410e-01
5.278666666666667062e-01
5.295333333333333004e-01
5.292666666666666631e-01
5.314666666666666428e-01
5.313333333333333242e-01
5.374666666666666481e-01
5.322666666666666657e-01
5.313999999999999835e-01
5.292000000000000037e-01
5.292000000000000037e-01
5.335999999999999632e-01
5.311333333333333462e-01
5.325333333333333030e-01
5.342666666666666675e-01
5.335333333333333039e-01
5.323333333333333250e-01
5.298000000000000487e-01
5.333999999999999853e-01
5.325333333333333030e-01
5.295999999999999597e-01
5.307333333333332792e-01
5.340666666666666895e-01
5.342000000000000082e-01
5.322666666666666657e-01
5.338666666666667115e-01
5.347333333333332828e-01
5.310000000000000275e-01
5.321333333333333471e-01
5.338000000000000522e-01
5.368000000000000549e-01
5.330000000000000293e-01
5.337333333333332819e-01
5.323999999999999844e-01
5.342666666666666675e-01
5.345999999999999641e-01
5.341333333333333488e-01
5.353333333333333277e-01
5.347333333333332828e-01
5.325333333333333030e-01
5.381333333333333524e-01
5.338000000000000522e-01
5.310666666666666869e-01
5.359333333333333727e-01
5.363333333333333286e-01
5.345999999999999641e-01
5.346666666666666234e-01
5.346666666666666234e-01
5.380666666666666931e-01
5.325999999999999623e-01
5.339333333333333709e-01
5.352000000000000091e-01
5.339333333333333709e-01
5.383333333333333304e-01
5.310666666666666869e-01
5.344666666666666455e-01
5.383333333333333304e-01
5.358000000000000540e-01
5.345999999999999641e-01
5.360666666666666913e-01
5.359333333333333727e-01
5.360000000000000320e-01
5.329333333333333700e-01
5.385333333333333083e-01
5.365333333333333066e-01
5.366666666666666252e-01
5.396666666666666279e-01
5.403333333333333321e-01
5.343999999999999861e-01
5.322000000000000064e-01
5.344666666666666455e-01
5.381333333333333524e-01
5.362666666666666693e-01
5.396666666666666279e-01
5.403999999999999915e-01
5.392666666666666719e-01
5.382000000000000117e-01
5.346666666666666234e-01
5.369333333333333735e-01
5.347333333333332828e-01
5.365999999999999659e-01
5.370000000000000329e-01
5.368000000000000549e-01
