3.505333333333333079e-01
3.499999999999999778e-01
3.542666666666666742e-01
3.560666666666666424e-01
3.577333333333333476e-01
3.586666666666666892e-01
3.576666666666666883e-01
3.602000000000000202e-01
3.634666666666666601e-01
3.628666666666666707e-01
3.637333333333333529e-01
3.709333333333333371e-01
3.713333333333333486e-01
3.690666666666666540e-01
3.710666666666666558e-01
3.688000000000000167e-01
3.736666666666666470e-01
3.771999999999999797e-01
3.770000000000000018e-01
3.751999999999999780e-01
3.795999999999999930e-01
3.793333333333333557e-01
3.841333333333333266e-01
3.818666666666666876e-01
3.841999999999999860e-01
3.850000000000000089e-01
3.849333333333333496e-01
3.855333333333333390e-01
3.897333333333333205e-01
3.906000000000000028e-01
3.897333333333333205e-01
3.926000000000000045e-01
3.926666666666666639e-01
3.907999999999999807e-01
3.971333333333333382e-01
3.980000000000000204e-01
4.023333333333333206e-01
3.997333333333333294e-01
3.970000000000000195e-01
3.965333333333333488e-01
4.000666666666666815e-01
3.960666666666666780e-01
4.023999999999999799e-01
4.027333333333333321e-01
4.037333333333333329e-01
4.063333333333333242e-01
4.057333333333333347e-01
4.060666666666666869e-01
4.079999999999999738e-01
4.089999999999999747e-01
4.076000000000000179e-01
4.085333333333333594e-01
4.073999999999999844e-01
4.111333333333333506e-01
4.106000000000000205e-01
4.112666666666666693e-01
4.090666666666666895e-01
4.160666666666666402e-01
4.146000000000000241e-01
4.133333333333333304e-01
4.179999999999999827e-01
4.182666666666666755e-01
4.166666666666666852e-01
4.165333333333333110e-01
4.186000000000000276e-01
4.180666666666666420e-01
4.226666666666666905e-01
4.172666666666666746e-01
4.198666666666666658e-01
4.198000000000000065e-01
4.215999999999999748e-01
4.233999999999999986e-01
4.195333333333333137e-01
4.218666666666666676e-01
4.208000000000000074e-01
4.184666666666666535e-01
4.236666666666666914e-01
4.226666666666666905e-01
4.193999999999999950e-01
4.215999999999999748e-01
4.232666666666666799e-01
4.232666666666666799e-01
4.239999999999999880e-01
4.259333333333333305e-01
4.295999999999999819e-01
4.265999999999999792e-01
4.283333333333333437e-01
4.274666666666666615e-01
4.314666666666666650e-01
4.287333333333333552e-01
4.212000000000000188e-01
4.304000000000000048e-01
4.307333333333333569e-01
4.304666666666666641e-01
4.354000000000000092e-01
4.290666666666666518e-01
4.314000000000000057e-01
4.351333333333333164e-01
4.327333333333333587e-01
4.354666666666666686e-01
4.341333333333333155e-01
4.340666666666666562e-01
4.375333333333333297e-01
4.334000000000000075e-01
4.370666666666666589e-01
4.345999999999999863e-01
4.385999999999999899e-01
4.394000000000000128e-01
4.343333333333333490e-01
4.366666666666666474e-01
4.374000000000000110e-01
4.413333333333333552e-01
4.390000000000000013e-01
4.408000000000000251e-01
4.377333333333333076e-01
4.432666666666666422e-01
4.391999999999999793e-01
4.409333333333333438e-01
4.435333333333333350e-01
4.415999999999999925e-01
4.426666666666666528e-01
4.425333333333333341e-01
4.437333333333333130e-01
4.417333333333333112e-01
4.452666666666666440e-01
4.410666666666666624e-01
4.427333333333333121e-01
4.440666666666666651e-01
4.456666666666666554e-01
4.455999999999999961e-01
4.419333333333333447e-01
4.459333333333333482e-01
4.441333333333333244e-01
4.458666666666666889e-01
4.450666666666666660e-01
4.457999999999999741e-01
4.477333333333333165e-01
4.443333333333333579e-01
4.494666666666666810e-01
4.471999999999999864e-01
4.501999999999999891e-01
4.456666666666666554e-01
4.460666666666666669e-01
4.514000000000000234e-01
4.520666666666666722e-01
4.482666666666666466e-01
4.524000000000000243e-01
4.491333333333333289e-01
4.481999999999999873e-01
4.541333333333333333e-01
4.458666666666666889e-01
4.484000000000000208e-01
4.551999999999999935e-01
4.534000000000000252e-01
4.527999999999999803e-01
4.564666666666666872e-01
4.547999999999999821e-01
4.572666666666666546e-01
4.537999999999999812e-01
4.528666666666666396e-01
4.556000000000000050e-01
4.514666666666666828e-01
4.498666666666666925e-01
4.573333333333333139e-01
4.540666666666666740e-01
4.533333333333333104e-01
4.505333333333333412e-01
4.550000000000000155e-01
4.543333333333333113e-01
4.581333333333333369e-01
4.595333333333333492e-01
4.581333333333333369e-01
4.602666666666666573e-01
4.590000000000000191e-01
4.588666666666666449e-01
4.591999999999999971e-01
4.604666666666666908e-01
4.592666666666666564e-01
4.572666666666666546e-01
4.591333333333333377e-01
4.589333333333333598e-01
4.591333333333333377e-01
4.580000000000000182e-01
4.625333333333333519e-01
4.585333333333333483e-01
4.605333333333333501e-01
4.632000000000000006e-01
4.600666666666666793e-01
4.617333333333333290e-01
4.645333333333333536e-01
4.636666666666666714e-01
4.648666666666666503e-01
4.611333333333333395e-01
4.597333333333333272e-01
4.631333333333333413e-01
4.660000000000000253e-01
4.641333333333333422e-01
4.681333333333333457e-01
4.666000000000000147e-01
4.622666666666666591e-01
4.628666666666666485e-01
4.649333333333333096e-01
4.657999999999999918e-01
4.610666666666666802e-01
4.684666666666666424e-01
4.646000000000000130e-01
4.668666666666666520e-01
4.666000000000000147e-01
4.651333333333333431e-01
4.639333333333333087e-01
4.673999999999999821e-01
4.689333333333333131e-01
4.668666666666666520e-01
4.672666666666666635e-01
4.677333333333333343e-01
4.677999999999999936e-01
4.694666666666666432e-01
4.661333333333333440e-01
4.675333333333333563e-01
4.708666666666666556e-01
4.691333333333333466e-01
4.667333333333333334e-01
4.732000000000000095e-01
4.684666666666666424e-01
4.698666666666666547e-01
4.686666666666666758e-01
4.687333333333333352e-01
4.712666666666666671e-01
4.703999999999999848e-01
4.733999999999999875e-01
4.696666666666666767e-01
4.686666666666666758e-01
4.702000000000000068e-01
4.706666666666666776e-01
4.699333333333333140e-01
4.722000000000000086e-01
4.768666666666666609e-01
4.746000000000000218e-01
4.731333333333333502e-01
4.755333333333333079e-01
4.749333333333333185e-01
4.752000000000000113e-01
4.736000000000000210e-01
4.752666666666666706e-01
4.758666666666666600e-01
4.733999999999999875e-01
4.732666666666666688e-01
4.764666666666666495e-01
4.743333333333333290e-01
4.718666666666666565e-01
4.712000000000000077e-01
4.769333333333333202e-01
4.749333333333333185e-01
4.753999999999999893e-01
4.752666666666666706e-01
4.770666666666666944e-01
4.782000000000000139e-01
4.761333333333333528e-01
4.766666666666666829e-01
4.769333333333333202e-01
4.765333333333333088e-01
4.782000000000000139e-01
4.782000000000000139e-01
4.786666666666666847e-01
4.805333333333333123e-01
4.794666666666666521e-01
4.792666666666666742e-01
4.798000000000000043e-01
4.812000000000000166e-01
4.792000000000000148e-01
4.793999999999999928e-01
4.743999999999999884e-01
4.815999999999999726e-01
4.754666666666666486e-01
4.782666666666666733e-01
4.777333333333333432e-01
4.807333333333333458e-01
4.783999999999999919e-01
4.784666666666666512e-01
4.842000000000000193e-01
4.786000000000000254e-01
4.802000000000000157e-01
4.812000000000000166e-01
4.817333333333333467e-01
4.783999999999999919e-01
4.848000000000000087e-01
4.815333333333333132e-01
4.816666666666666874e-01
4.846666666666666901e-01
4.822666666666666768e-01
4.812000000000000166e-01
4.797333333333333449e-01
4.828666666666666663e-01
4.842000000000000193e-01
4.831333333333333591e-01
4.830666666666666442e-01
4.790666666666666407e-01
4.852000000000000202e-01
4.824666666666666548e-01
4.793999999999999928e-01
4.884666666666666601e-01
4.828666666666666663e-01
4.824666666666666548e-01
4.834666666666666557e-01
4.866666666666666918e-01
4.816666666666666874e-01
4.847333333333333494e-01
4.897333333333333538e-01
4.872000000000000219e-01
4.848666666666666680e-01
4.898666666666666725e-01
4.868000000000000105e-01
4.872000000000000219e-01
4.864666666666666583e-01
4.860666666666666469e-01
4.871333333333333071e-01
4.862000000000000210e-01
4.861333333333333062e-01
4.884666666666666601e-01
4.835333333333333150e-01
4.881333333333333080e-01
4.869333333333333291e-01
4.860666666666666469e-01
4.865333333333333177e-01
4.867333333333333512e-01
4.905999999999999805e-01
4.872000000000000219e-01
4.883333333333333415e-01
4.889333333333333309e-01
4.862000000000000210e-01
4.914000000000000035e-01
4.923333333333333450e-01
4.862000000000000210e-01
4.886666666666666936e-01
4.894000000000000017e-01
4.858000000000000096e-01
4.919999999999999929e-01
4.924666666666666637e-01
4.876666666666666927e-01
4.872666666666666813e-01
4.880666666666666487e-01
4.924666666666666637e-01
4.918666666666666742e-01
4.934000000000000052e-01
4.932000000000000273e-01
4.913333333333333441e-01
4.904666666666666619e-01
4.899333333333333318e-01
4.911333333333333107e-01
4.863333333333333397e-01
4.909999999999999920e-01
4.939333333333333353e-01
4.913333333333333441e-01
4.904666666666666619e-01
4.922666666666666857e-01
4.944000000000000061e-01
4.920666666666666522e-01
4.926666666666666416e-01
4.915333333333333221e-01
4.958000000000000185e-01
4.939333333333333353e-01
4.946666666666666434e-01
4.927333333333333565e-01
4.940666666666666540e-01
4.984000000000000097e-01
4.879333333333333300e-01
4.948000000000000176e-01
4.888666666666666716e-01
4.889999999999999902e-01
4.974666666666666681e-01
4.934666666666666646e-01
4.911333333333333107e-01
4.944000000000000061e-01
4.934666666666666646e-01
5.002666666666666373e-01
4.945333333333333248e-01
4.955999999999999850e-01
4.975999999999999868e-01
5.011999999999999789e-01
4.980666666666666575e-01
4.974000000000000088e-01
4.944666666666666655e-01
4.975333333333333274e-01
4.983333333333333504e-01
4.965333333333333266e-01
4.974000000000000088e-01
4.957333333333333591e-01
4.954666666666666663e-01
4.941999999999999726e-01
4.991999999999999771e-01
4.950666666666666549e-01
4.941333333333333133e-01
4.954000000000000070e-01
4.947333333333333583e-01
4.984000000000000097e-01
5.016000000000000458e-01
4.971999999999999753e-01
4.952666666666666884e-01
4.976666666666666461e-01
4.959333333333333371e-01
4.968000000000000194e-01
4.951999999999999735e-01
4.976666666666666461e-01
4.974000000000000088e-01
4.998666666666666814e-01
4.993333333333333512e-01
4.978666666666666796e-01
5.006666666666667043e-01
4.989333333333333398e-01
4.985333333333333283e-01
5.004666666666666153e-01
5.013999999999999568e-01
5.028666666666666840e-01
4.990666666666666584e-01
5.014666666666666162e-01
5.002666666666666373e-01
5.026000000000000467e-01
4.998666666666666814e-01
5.016666666666667052e-01
5.009333333333333416e-01
5.005333333333333856e-01
5.006000000000000449e-01
5.046666666666667078e-01
5.013333333333332975e-01
5.006000000000000449e-01
5.010666666666666602e-01
5.027333333333333654e-01
5.038666666666666849e-01
5.030000000000000027e-01
5.013999999999999568e-01
5.045333333333332781e-01
5.046666666666667078e-01
4.993333333333333512e-01
5.005333333333333856e-01
5.013999999999999568e-01
5.041999999999999815e-01
5.042666666666666409e-01
5.056000000000000494e-01
5.033999999999999586e-01
5.034666666666666179e-01
5.058666666666666867e-01
5.025333333333333874e-01
5.042666666666666409e-01
5.053333333333333011e-01
5.033999999999999586e-01
5.038000000000000256e-01
5.034666666666666179e-01
5.021333333333333204e-01
5.045333333333332781e-01
5.046000000000000485e-01
5.051999999999999824e-01
5.034666666666666179e-01
5.056666666666667087e-01
5.110666666666666691e-01
5.038666666666666849e-01
5.040000000000000036e-01
5.040666666666666629e-01
5.029333333333333433e-01
5.052666666666666417e-01
5.057333333333333680e-01
5.037333333333333663e-01
5.056000000000000494e-01
5.051333333333333231e-01
5.052666666666666417e-01
5.090666666666666673e-01
5.038666666666666849e-01
5.054666666666666197e-01
5.049333333333333451e-01
5.042666666666666409e-01
5.050666666666666638e-01
5.037333333333333663e-01
5.050000000000000044e-01
5.031999999999999806e-01
5.053999999999999604e-01
5.012666666666666382e-01
5.090000000000000080e-01
5.079333333333333478e-01
5.037333333333333663e-01
5.080666666666666664e-01
5.078000000000000291e-01
5.068000000000000282e-01
5.125333333333332853e-01
5.106000000000000538e-01
5.070000000000000062e-01
5.066666666666667096e-01
5.113999999999999657e-01
5.051333333333333231e-01
5.092666666666666453e-01
5.080666666666666664e-01
5.060000000000000053e-01
5.099333333333333496e-01
5.087333333333333707e-01
5.093333333333333046e-01
5.091999999999999860e-01
5.086666666666667114e-01
5.098666666666666902e-01
5.113999999999999657e-01
5.099333333333333496e-01
5.115333333333332844e-01
5.082666666666666444e-01
5.071333333333333249e-01
5.110000000000000098e-01
5.076666666666667105e-01
5.086666666666667114e-01
5.091333333333333266e-01
5.086000000000000520e-01
5.093333333333333046e-01
5.086666666666667114e-01
5.095333333333332826e-01
5.086666666666667114e-01
5.100000000000000089e-01
5.110666666666666691e-01
5.108000000000000318e-01
5.062666666666666426e-01
5.097333333333333716e-01
5.100666666666666682e-01
5.104666666666666242e-01
5.129333333333333522e-01
5.122666666666666480e-01
5.103999999999999648e-01
5.129333333333333522e-01
5.094666666666666233e-01
5.121999999999999886e-01
5.112666666666666471e-01
5.101999999999999869e-01
5.150000000000000133e-01
5.127333333333333742e-01
5.111333333333333284e-01
5.110000000000000098e-01
5.130666666666666709e-01
5.105333333333332835e-01
5.136666666666667158e-01
5.131999999999999895e-01
5.126666666666667149e-01
5.116000000000000547e-01
5.101333333333333275e-01
5.118000000000000327e-01
5.129333333333333522e-01
5.152666666666666506e-01
5.161999999999999922e-01
5.171999999999999931e-01
5.173999999999999710e-01
5.134666666666666268e-01
5.126666666666667149e-01
5.133999999999999675e-01
5.108000000000000318e-01
5.140000000000000124e-01
5.098000000000000309e-01
5.098000000000000309e-01
5.124666666666666259e-01
5.145333333333332870e-01
5.123333333333333073e-01
5.165999999999999481e-01
5.168000000000000371e-01
5.151999999999999913e-01
5.158666666666666956e-01
5.160666666666666735e-01
5.153333333333333099e-01
5.141333333333333311e-01
5.101333333333333275e-01
5.151999999999999913e-01
5.164666666666666295e-01
5.171999999999999931e-01
5.152666666666666506e-01
5.151999999999999913e-01
5.116666666666667140e-01
5.150666666666666726e-01
5.175999999999999490e-01
5.160666666666666735e-01
5.128000000000000336e-01
5.150666666666666726e-01
5.198000000000000398e-01
5.171333333333333337e-01
5.143999999999999684e-01
5.159333333333333549e-01
5.168666666666666965e-01
5.183999999999999719e-01
5.176666666666667194e-01
5.100000000000000089e-01
5.226666666666666128e-01
5.183999999999999719e-01
5.178666666666666973e-01
5.181333333333333346e-01
5.140666666666666718e-01
5.192666666666666542e-01
5.193333333333333135e-01
5.187333333333333796e-01
5.156666666666667176e-01
5.176666666666667194e-01
5.203999999999999737e-01
5.161333333333333329e-01
5.159333333333333549e-01
5.201999999999999957e-01
5.151333333333333320e-01
5.158666666666666956e-01
5.210666666666666780e-01
5.185333333333332906e-01
5.144666666666666277e-01
5.178666666666666973e-01
5.229333333333333611e-01
5.194666666666666321e-01
5.198666666666666991e-01
5.130000000000000115e-01
5.190666666666666762e-01
5.190000000000000169e-01
5.176666666666667194e-01
5.218666666666667009e-01
5.185999999999999499e-01
5.198666666666666991e-01
5.179333333333333567e-01
5.190000000000000169e-01
5.173999999999999710e-01
5.195333333333332915e-01
5.190666666666666762e-01
5.211333333333333373e-01
5.230000000000000204e-01
5.205333333333332924e-01
5.201999999999999957e-01
5.191999999999999948e-01
5.183999999999999719e-01
5.174666666666666304e-01
5.183999999999999719e-01
5.163999999999999702e-01
5.202666666666666551e-01
5.230000000000000204e-01
5.213999999999999746e-01
5.207333333333333814e-01
5.177333333333333787e-01
5.194666666666666321e-01
5.208666666666667000e-01
5.195999999999999508e-01
5.210666666666666780e-01
5.154666666666666286e-01
5.193999999999999728e-01
5.213999999999999746e-01
5.203333333333333144e-01
5.200666666666666771e-01
5.219333333333333602e-01
5.201333333333333364e-01
5.214666666666666339e-01
5.178666666666666973e-01
5.240666666666666806e-01
5.206666666666667220e-01
5.200666666666666771e-01
5.212666666666666559e-01
5.196666666666667211e-01
5.195999999999999508e-01
5.186666666666667203e-01
5.190666666666666762e-01
5.190000000000000169e-01
5.197333333333333805e-01
5.210000000000000187e-01
5.233333333333333171e-01
5.277333333333333876e-01
5.222666666666666568e-01
5.208666666666667000e-01
5.197333333333333805e-01
5.193999999999999728e-01
5.243999999999999773e-01
5.211999999999999966e-01
5.219333333333333602e-01
5.246666666666666146e-01
5.229333333333333611e-01
5.219333333333333602e-01
5.203333333333333144e-01
5.241999999999999993e-01
5.219333333333333602e-01
5.201333333333333364e-01
5.227333333333333831e-01
5.238000000000000433e-01
5.235999999999999543e-01
5.224666666666666348e-01
5.231999999999999984e-01
5.249333333333333629e-01
5.218000000000000416e-01
5.225333333333332941e-01
5.250666666666666815e-01
5.257333333333333858e-01
5.239333333333333620e-01
5.229333333333333611e-01
5.227333333333333831e-01
5.235999999999999543e-01
5.257333333333333858e-01
5.238666666666667027e-01
5.262666666666666604e-01
5.249333333333333629e-01
5.227333333333333831e-01
5.282666666666666622e-01
5.248666666666667036e-01
5.213999999999999746e-01
5.264666666666666384e-01
5.277333333333333876e-01
5.245333333333332959e-01
5.236666666666666137e-01
5.255999999999999561e-01
5.289333333333333664e-01
5.233333333333333171e-01
5.252666666666666595e-01
5.273999999999999799e-01
5.251333333333333409e-01
5.284666666666666401e-01
5.224666666666666348e-01
5.264666666666666384e-01
5.299333333333333673e-01
5.272000000000000020e-01
5.256666666666666154e-01
5.271333333333333426e-01
5.268666666666667053e-01
5.262666666666666604e-01
5.241333333333333400e-01
5.287333333333333885e-01
5.264666666666666384e-01
5.265333333333332977e-01
5.301333333333333453e-01
5.292666666666666631e-01
5.233999999999999764e-01
5.229333333333333611e-01
5.254666666666666375e-01
5.279333333333333655e-01
5.273333333333333206e-01
5.297333333333332783e-01
5.319333333333333691e-01
5.304666666666666419e-01
5.285999999999999588e-01
5.240000000000000213e-01
5.292000000000000037e-01
5.255333333333332968e-01
5.285333333333332995e-01
5.278000000000000469e-01
5.278000000000000469e-01
