3.636666666666666936e-01
3.639333333333333309e-01
3.668000000000000149e-01
3.681333333333333124e-01
3.669333333333333336e-01
3.684666666666666646e-01
3.683333333333333459e-01
3.710666666666666558e-01
3.729333333333333389e-01
3.719333333333333380e-01
3.745333333333333292e-01
3.790000000000000036e-01
3.789333333333333442e-01
3.762666666666666937e-01
3.798000000000000265e-01
3.771333333333333204e-01
3.821999999999999842e-01
3.851333333333333275e-01
3.840000000000000080e-01
3.826666666666666550e-01
3.860000000000000098e-01
3.847999999999999754e-01
3.913333333333333108e-01
3.878666666666666929e-01
3.897999999999999798e-01
3.898666666666666392e-01
3.904666666666666841e-01
3.901333333333333320e-01
3.947999999999999843e-01
3.964666666666666894e-01
3.943999999999999728e-01
3.975333333333333496e-01
3.978666666666666463e-01
3.960666666666666780e-01
4.010000000000000231e-01
4.024666666666666393e-01
4.063999999999999835e-01
4.040000000000000258e-01
4.013999999999999790e-01
4.008666666666666489e-01
4.043333333333333224e-01
3.997333333333333294e-01
4.057333333333333347e-01
4.066666666666666763e-01
4.075333333333333585e-01
4.096000000000000196e-01
4.087999999999999967e-01
4.090666666666666895e-01
4.112666666666666693e-01
4.129333333333333189e-01
4.101333333333333497e-01
4.118666666666666587e-01
4.111333333333333506e-01
4.149999999999999800e-01
4.140666666666666940e-01
4.135333333333333083e-01
4.114666666666666472e-01
4.189333333333333242e-01
4.172000000000000153e-01
4.163999999999999924e-01
4.208666666666666667e-01
4.204666666666666552e-01
4.188000000000000056e-01
4.186666666666666869e-01
4.211333333333333595e-01
4.208666666666666667e-01
4.252000000000000224e-01
4.198666666666666658e-01
4.219333333333333269e-01
4.216666666666666896e-01
4.238000000000000100e-01
4.254000000000000004e-01
4.222000000000000197e-01
4.243999999999999995e-01
4.227333333333333498e-01
4.212000000000000188e-01
4.269333333333333313e-01
4.255333333333333190e-01
4.218666666666666676e-01
4.242000000000000215e-01
4.250666666666666482e-01
4.260666666666666491e-01
4.257333333333333525e-01
4.275333333333333208e-01
4.316666666666666430e-01
4.285999999999999810e-01
4.307333333333333569e-01
4.294000000000000039e-01
4.335999999999999854e-01
4.309333333333333349e-01
4.233333333333333393e-01
4.330666666666666553e-01
4.326666666666666439e-01
4.318666666666666765e-01
4.370666666666666589e-01
4.319333333333333358e-01
4.326666666666666439e-01
4.367333333333333067e-01
4.343333333333333490e-01
4.369333333333333402e-01
4.356666666666666465e-01
4.357333333333333059e-01
4.388666666666666827e-01
4.349333333333333385e-01
4.388666666666666827e-01
4.359333333333333393e-01
4.405999999999999917e-01
4.415333333333333332e-01
4.361333333333333173e-01
4.378666666666666818e-01
4.386666666666666492e-01
4.430666666666666642e-01
4.395999999999999908e-01
4.425333333333333341e-01
4.391333333333333200e-01
4.454000000000000181e-01
4.408000000000000251e-01
4.431333333333333235e-01
4.459333333333333482e-01
4.431333333333333235e-01
4.446666666666666545e-01
4.441333333333333244e-01
4.455999999999999961e-01
4.435333333333333350e-01
4.463333333333333597e-01
4.421333333333333226e-01
4.447999999999999732e-01
4.460000000000000075e-01
4.466666666666666563e-01
4.470666666666666678e-01
4.440666666666666651e-01
4.477333333333333165e-01
4.464000000000000190e-01
4.470000000000000084e-01
4.471999999999999864e-01
4.471333333333333271e-01
4.495333333333333403e-01
4.456666666666666554e-01
4.508666666666666933e-01
4.486666666666666581e-01
4.514000000000000234e-01
4.473333333333333606e-01
4.475333333333333385e-01
4.530666666666666731e-01
4.534000000000000252e-01
4.497333333333333183e-01
4.541333333333333333e-01
4.508666666666666933e-01
4.494666666666666810e-01
4.555333333333333456e-01
4.470666666666666678e-01
4.500666666666666704e-01
4.567333333333333245e-01
4.547999999999999821e-01
4.537999999999999812e-01
4.577333333333333254e-01
4.559333333333333571e-01
4.586000000000000076e-01
4.556666666666666643e-01
4.544000000000000261e-01
4.573333333333333139e-01
4.530000000000000138e-01
4.515333333333333421e-01
4.589333333333333598e-01
4.558666666666666423e-01
4.554666666666666863e-01
4.520000000000000129e-01
4.571333333333333360e-01
4.561999999999999944e-01
4.597333333333333272e-01
4.610666666666666802e-01
4.591333333333333377e-01
4.619333333333333069e-01
4.617333333333333290e-01
4.604666666666666908e-01
4.610000000000000209e-01
4.623333333333333184e-01
4.607333333333333281e-01
4.587333333333333263e-01
4.601333333333333386e-01
4.610000000000000209e-01
4.611333333333333395e-01
4.591999999999999971e-01
4.642000000000000015e-01
4.597333333333333272e-01
4.621999999999999997e-01
4.649333333333333096e-01
4.617333333333333290e-01
4.630666666666666820e-01
4.655333333333333545e-01
4.653333333333333210e-01
4.662666666666666626e-01
4.621999999999999997e-01
4.616666666666666696e-01
4.640666666666666829e-01
4.672666666666666635e-01
4.652666666666666617e-01
4.694666666666666432e-01
4.683333333333333237e-01
4.630000000000000226e-01
4.640000000000000235e-01
4.664666666666666406e-01
4.667999999999999927e-01
4.619333333333333069e-01
4.693999999999999839e-01
4.655333333333333545e-01
4.680000000000000271e-01
4.679333333333333123e-01
4.660000000000000253e-01
4.651333333333333431e-01
4.681333333333333457e-01
4.703999999999999848e-01
4.678666666666666529e-01
4.686666666666666758e-01
4.684666666666666424e-01
4.686666666666666758e-01
4.695333333333333581e-01
4.676666666666666750e-01
4.687999999999999945e-01
4.715333333333333599e-01
4.697999999999999954e-01
4.682666666666666644e-01
4.740666666666666917e-01
4.697999999999999954e-01
4.704666666666666441e-01
4.694666666666666432e-01
4.702000000000000068e-01
4.725333333333333607e-01
4.718666666666666565e-01
4.742000000000000104e-01
4.706000000000000183e-01
4.706666666666666776e-01
4.716000000000000192e-01
4.717999999999999972e-01
4.715333333333333599e-01
4.731333333333333502e-01
4.782666666666666733e-01
4.759333333333333194e-01
4.744666666666666477e-01
4.762000000000000122e-01
4.756000000000000227e-01
4.763333333333333308e-01
4.748666666666666591e-01
4.757333333333333414e-01
4.761333333333333528e-01
4.747333333333333405e-01
4.743333333333333290e-01
4.775333333333333097e-01
4.746666666666666812e-01
4.738666666666666583e-01
4.723333333333333273e-01
4.776000000000000245e-01
4.765333333333333088e-01
4.773333333333333317e-01
4.766000000000000236e-01
4.782666666666666733e-01
4.803333333333333344e-01
4.777333333333333432e-01
4.775333333333333097e-01
4.782666666666666733e-01
4.778666666666666618e-01
4.787333333333333441e-01
4.791333333333333555e-01
4.803333333333333344e-01
4.819999999999999840e-01
4.803333333333333344e-01
4.806000000000000272e-01
4.809333333333333238e-01
4.824666666666666548e-01
4.806000000000000272e-01
4.808000000000000052e-01
4.752666666666666706e-01
4.827333333333333476e-01
4.764666666666666495e-01
4.795333333333333115e-01
4.790666666666666407e-01
4.818666666666666654e-01
4.797333333333333449e-01
4.799333333333333229e-01
4.850666666666666460e-01
4.793333333333333335e-01
4.809999999999999831e-01
4.824666666666666548e-01
4.829333333333333256e-01
4.793999999999999928e-01
4.859333333333333282e-01
4.833333333333333370e-01
4.827333333333333476e-01
4.855999999999999761e-01
4.834666666666666557e-01
4.823333333333333361e-01
4.811333333333333573e-01
4.840666666666666451e-01
4.862666666666666804e-01
4.848666666666666680e-01
4.837333333333333485e-01
4.802000000000000157e-01
4.866666666666666918e-01
4.832000000000000184e-01
4.799333333333333229e-01
4.890666666666666496e-01
4.841333333333333599e-01
4.839999999999999858e-01
4.853999999999999981e-01
4.880666666666666487e-01
4.833333333333333370e-01
4.856666666666666909e-01
4.910666666666666513e-01
4.888000000000000123e-01
4.862000000000000210e-01
4.909999999999999920e-01
4.876666666666666927e-01
4.880666666666666487e-01
4.874666666666666592e-01
4.867333333333333512e-01
4.875999999999999779e-01
4.868666666666666698e-01
4.868666666666666698e-01
4.898000000000000131e-01
4.843999999999999972e-01
4.888666666666666716e-01
4.871333333333333071e-01
4.873999999999999999e-01
4.872666666666666813e-01
4.881333333333333080e-01
4.923333333333333450e-01
4.882000000000000228e-01
4.894000000000000017e-01
4.904000000000000026e-01
4.872666666666666813e-01
4.926666666666666416e-01
4.930666666666666531e-01
4.876666666666666927e-01
4.898000000000000131e-01
4.905999999999999805e-01
4.873333333333333406e-01
4.926666666666666416e-01
4.932666666666666866e-01
4.888666666666666716e-01
4.884000000000000008e-01
4.895999999999999797e-01
4.939333333333333353e-01
4.924000000000000044e-01
4.943333333333333468e-01
4.942666666666666875e-01
4.924000000000000044e-01
4.919333333333333336e-01
4.908666666666666734e-01
4.924000000000000044e-01
4.868666666666666698e-01
4.923333333333333450e-01
4.945999999999999841e-01
4.925999999999999823e-01
4.913333333333333441e-01
4.932666666666666866e-01
4.955999999999999850e-01
4.929999999999999938e-01
4.934666666666666646e-01
4.929999999999999938e-01
4.964666666666666672e-01
4.946666666666666434e-01
4.955333333333333257e-01
4.939999999999999947e-01
4.946666666666666434e-01
5.000000000000000000e-01
4.888666666666666716e-01
4.956666666666666443e-01
4.903333333333333433e-01
4.903333333333333433e-01
4.982666666666666910e-01
4.941333333333333133e-01
4.918000000000000149e-01
4.953333333333333477e-01
4.951333333333333142e-01
5.015333333333333865e-01
4.951333333333333142e-01
4.968000000000000194e-01
4.988666666666666805e-01
5.017333333333333645e-01
4.990666666666666584e-01
4.981333333333333169e-01
4.955999999999999850e-01
4.983333333333333504e-01
4.994000000000000106e-01
4.971333333333333160e-01
4.980666666666666575e-01
4.973333333333333495e-01
4.961999999999999744e-01
4.951999999999999735e-01
4.994666666666666699e-01
4.961999999999999744e-01
4.955333333333333257e-01
4.968666666666666787e-01
4.961999999999999744e-01
4.989999999999999991e-01
5.022666666666666391e-01
4.978666666666666796e-01
4.962666666666666893e-01
4.994666666666666699e-01
4.967333333333333600e-01
4.979999999999999982e-01
4.961999999999999744e-01
4.989999999999999991e-01
4.986666666666666470e-01
5.008000000000000229e-01
5.002666666666666373e-01
4.988000000000000211e-01
5.011333333333333195e-01
5.003999999999999559e-01
4.990666666666666584e-01
5.012666666666666382e-01
5.020666666666666611e-01
5.040000000000000036e-01
5.003333333333332966e-01
5.026666666666667060e-01
5.006666666666667043e-01
5.041333333333333222e-01
5.012666666666666382e-01
5.027333333333333654e-01
5.013333333333332975e-01
5.013999999999999568e-01
5.018666666666666831e-01
5.050666666666666638e-01
5.023333333333332984e-01
5.013333333333332975e-01
5.019333333333333425e-01
5.034666666666666179e-01
5.046666666666667078e-01
5.039333333333333442e-01
5.025333333333333874e-01
5.053999999999999604e-01
5.055333333333332790e-01
5.009333333333333416e-01
5.018666666666666831e-01
5.025333333333333874e-01
5.054666666666666197e-01
5.058000000000000274e-01
5.069333333333333469e-01
5.053333333333333011e-01
5.048666666666666858e-01
5.066000000000000503e-01
5.035333333333333883e-01
5.051333333333333231e-01
5.060000000000000053e-01
5.041999999999999815e-01
5.052666666666666417e-01
5.046000000000000485e-01
5.025333333333333874e-01
5.050666666666666638e-01
5.052666666666666417e-01
5.063333333333333020e-01
5.049333333333333451e-01
5.058666666666666867e-01
5.109333333333333504e-01
5.050666666666666638e-01
5.046000000000000485e-01
5.046666666666667078e-01
5.036000000000000476e-01
5.061999999999999833e-01
5.066666666666667096e-01
5.044666666666666188e-01
5.066666666666667096e-01
5.061999999999999833e-01
5.060666666666666647e-01
5.098000000000000309e-01
5.046000000000000485e-01
5.064666666666666206e-01
5.060666666666666647e-01
5.058000000000000274e-01
5.061999999999999833e-01
5.046666666666667078e-01
5.051999999999999824e-01
5.043999999999999595e-01
5.066666666666667096e-01
5.012666666666666382e-01
5.094666666666666233e-01
5.087333333333333707e-01
5.046666666666667078e-01
5.089333333333333487e-01
5.093333333333333046e-01
5.074666666666666215e-01
5.138000000000000345e-01
5.111999999999999877e-01
5.080000000000000071e-01
5.077333333333333698e-01
5.112666666666666471e-01
5.057333333333333680e-01
5.106666666666667131e-01
5.091999999999999860e-01
5.063999999999999613e-01
5.102666666666666462e-01
5.093333333333333046e-01
5.099333333333333496e-01
5.093999999999999639e-01
5.092666666666666453e-01
5.104666666666666242e-01
5.119333333333333513e-01
5.107333333333333725e-01
5.116666666666667140e-01
5.094666666666666233e-01
5.074666666666666215e-01
5.118000000000000327e-01
5.085333333333332817e-01
5.095333333333332826e-01
5.100000000000000089e-01
5.091999999999999860e-01
5.106000000000000538e-01
5.093999999999999639e-01
5.096666666666667123e-01
5.095333333333332826e-01
5.110666666666666691e-01
5.118666666666666920e-01
5.119333333333333513e-01
5.070000000000000062e-01
5.100000000000000089e-01
5.112666666666666471e-01
5.114666666666666250e-01
5.137333333333333751e-01
5.136666666666667158e-01
5.117333333333333734e-01
5.140000000000000124e-01
5.101999999999999869e-01
5.128666666666666929e-01
5.123333333333333073e-01
5.111333333333333284e-01
5.161999999999999922e-01
5.141333333333333311e-01
5.120666666666666700e-01
5.124666666666666259e-01
5.145333333333332870e-01
5.111333333333333284e-01
5.145333333333332870e-01
5.135333333333332861e-01
5.134666666666666268e-01
5.123333333333333073e-01
5.109333333333333504e-01
5.133333333333333082e-01
5.134666666666666268e-01
5.158000000000000362e-01
5.171999999999999931e-01
5.181999999999999940e-01
5.183999999999999719e-01
5.139333333333333531e-01
5.135999999999999455e-01
5.140666666666666718e-01
5.116666666666667140e-01
5.150666666666666726e-01
5.107333333333333725e-01
5.111333333333333284e-01
5.133999999999999675e-01
5.155333333333332879e-01
5.131333333333333302e-01
5.177333333333333787e-01
5.178666666666666973e-01
5.156666666666667176e-01
5.163999999999999702e-01
5.170000000000000151e-01
5.158666666666666956e-01
5.145333333333332870e-01
5.115333333333332844e-01
5.158666666666666956e-01
5.176666666666667194e-01
5.179333333333333567e-01
5.160666666666666735e-01
5.158000000000000362e-01
5.128000000000000336e-01
5.163999999999999702e-01
5.183333333333333126e-01
5.164666666666666295e-01
5.134666666666666268e-01
5.161999999999999922e-01
5.210666666666666780e-01
5.183333333333333126e-01
5.151333333333333320e-01
5.160666666666666735e-01
5.170000000000000151e-01
5.188666666666666982e-01
5.185333333333332906e-01
5.106666666666667131e-01
5.230666666666666798e-01
5.187333333333333796e-01
5.183333333333333126e-01
5.181999999999999940e-01
5.147333333333333760e-01
5.193999999999999728e-01
5.201333333333333364e-01
5.194666666666666321e-01
5.161999999999999922e-01
5.181333333333333346e-01
5.210000000000000187e-01
5.170666666666666744e-01
5.161333333333333329e-01
5.213999999999999746e-01
5.160666666666666735e-01
5.169333333333333558e-01
5.217333333333333822e-01
5.195333333333332915e-01
5.150666666666666726e-01
5.189333333333333576e-01
5.238000000000000433e-01
5.201999999999999957e-01
5.205999999999999517e-01
5.140666666666666718e-01
5.202666666666666551e-01
5.197333333333333805e-01
5.181999999999999940e-01
5.228666666666667018e-01
5.201333333333333364e-01
5.208000000000000407e-01
5.187333333333333796e-01
5.193999999999999728e-01
5.177333333333333787e-01
5.201333333333333364e-01
5.193333333333333135e-01
5.223999999999999755e-01
5.237333333333333840e-01
5.208666666666667000e-01
5.214666666666666339e-01
5.199333333333333584e-01
5.188666666666666982e-01
5.183333333333333126e-01
5.193999999999999728e-01
5.178000000000000380e-01
5.210666666666666780e-01
5.240000000000000213e-01
5.222666666666666568e-01
5.216666666666666119e-01
5.185999999999999499e-01
5.205999999999999517e-01
5.215333333333332932e-01
5.208000000000000407e-01
5.225333333333332941e-01
5.161333333333333329e-01
5.205333333333332924e-01
5.218666666666667009e-01
5.211333333333333373e-01
5.214666666666666339e-01
5.233333333333333171e-01
5.208000000000000407e-01
5.223999999999999755e-01
5.187333333333333796e-01
5.253999999999999782e-01
5.219333333333333602e-01
5.215333333333332932e-01
5.226666666666666128e-01
5.207333333333333814e-01
5.207333333333333814e-01
5.193333333333333135e-01
5.201999999999999957e-01
5.196666666666667211e-01
5.211999999999999966e-01
5.218666666666667009e-01
5.241999999999999993e-01
5.286666666666666181e-01
5.230666666666666798e-01
5.213333333333333153e-01
5.203999999999999737e-01
5.199333333333333584e-01
5.255333333333332968e-01
5.223999999999999755e-01
5.228000000000000425e-01
5.259333333333333638e-01
5.242666666666666586e-01
5.227333333333333831e-01
5.210000000000000187e-01
5.248666666666667036e-01
5.232666666666666577e-01
5.218000000000000416e-01
5.234666666666666357e-01
5.251333333333333409e-01
5.248000000000000442e-01
5.241333333333333400e-01
5.242666666666666586e-01
5.263333333333333197e-01
5.225333333333332941e-01
5.233333333333333171e-01
5.260666666666666824e-01
5.272666666666666613e-01
5.249333333333333629e-01
5.239333333333333620e-01
5.235333333333332950e-01
5.252666666666666595e-01
5.268666666666667053e-01
5.249333333333333629e-01
5.270000000000000240e-01
5.258666666666667044e-01
5.237333333333333840e-01
5.295333333333333004e-01
5.259333333333333638e-01
5.228000000000000425e-01
5.270000000000000240e-01
5.282000000000000028e-01
5.254666666666666375e-01
5.248666666666667036e-01
5.263999999999999790e-01
5.298000000000000487e-01
5.246666666666666146e-01
5.260000000000000231e-01
5.281333333333333435e-01
5.261333333333333417e-01
5.286666666666666181e-01
5.240000000000000213e-01
5.273999999999999799e-01
5.304666666666666419e-01
5.283999999999999808e-01
5.269333333333333647e-01
5.282666666666666622e-01
5.275999999999999579e-01
5.272000000000000020e-01
5.249333333333333629e-01
5.293333333333333224e-01
5.281333333333333435e-01
5.278000000000000469e-01
5.310000000000000275e-01
5.305999999999999606e-01
5.245999999999999552e-01
5.238666666666667027e-01
5.263999999999999790e-01
5.289333333333333664e-01
5.279333333333333655e-01
5.311333333333333462e-01
5.330666666666666886e-01
5.315333333333333021e-01
5.299333333333333673e-01
5.248000000000000442e-01
5.294666666666666410e-01
5.262666666666666604e-01
5.298000000000000487e-01
5.285999999999999588e-01
5.291333333333333444e-01
