3.664000000000000035e-01
3.658000000000000140e-01
3.682666666666666866e-01
3.699999999999999956e-01
3.688666666666666760e-01
3.699333333333333362e-01
3.702666666666666884e-01
3.725999999999999868e-01
3.742666666666666919e-01
3.733333333333333504e-01
3.762666666666666937e-01
3.805999999999999939e-01
3.809333333333333460e-01
3.780000000000000027e-01
3.809333333333333460e-01
3.780000000000000027e-01
3.830666666666666664e-01
3.861999999999999877e-01
3.854666666666666797e-01
3.841333333333333266e-01
3.874000000000000221e-01
3.855999999999999983e-01
3.921999999999999931e-01
3.886666666666666603e-01
3.910000000000000142e-01
3.910666666666666735e-01
3.911999999999999922e-01
3.916000000000000036e-01
3.953999999999999737e-01
3.968666666666666454e-01
3.951999999999999957e-01
3.987999999999999878e-01
3.982666666666666577e-01
3.969333333333333602e-01
4.016666666666666718e-01
4.026666666666666727e-01
4.069999999999999729e-01
4.048666666666666525e-01
4.021333333333333426e-01
4.013333333333333197e-01
4.048666666666666525e-01
4.007333333333333303e-01
4.065333333333333576e-01
4.070666666666666877e-01
4.085333333333333594e-01
4.100666666666666904e-01
4.095333333333333603e-01
4.097999999999999976e-01
4.118666666666666587e-01
4.137333333333333418e-01
4.106666666666666798e-01
4.126000000000000223e-01
4.116666666666666807e-01
4.153999999999999915e-01
4.147333333333333427e-01
4.143999999999999906e-01
4.125333333333333075e-01
4.192000000000000171e-01
4.176666666666666861e-01
4.168000000000000038e-01
4.213999999999999968e-01
4.211333333333333595e-01
4.195333333333333137e-01
4.193333333333333357e-01
4.214666666666666561e-01
4.212666666666666782e-01
4.255333333333333190e-01
4.202666666666666773e-01
4.223333333333333384e-01
4.225333333333333163e-01
4.244666666666666588e-01
4.258666666666666711e-01
4.225999999999999757e-01
4.250666666666666482e-01
4.232666666666666799e-01
4.215999999999999748e-01
4.272000000000000242e-01
4.261333333333333084e-01
4.219999999999999862e-01
4.248666666666666702e-01
4.254000000000000004e-01
4.263333333333333419e-01
4.263333333333333419e-01
4.279999999999999916e-01
4.319333333333333358e-01
4.289333333333333331e-01
4.312000000000000277e-01
4.297333333333333560e-01
4.339333333333333376e-01
4.309999999999999942e-01
4.239333333333333287e-01
4.333333333333333481e-01
4.332666666666666888e-01
4.322666666666666879e-01
4.372666666666666924e-01
4.321999999999999731e-01
4.328666666666666774e-01
4.371999999999999775e-01
4.341333333333333155e-01
4.375333333333333297e-01
4.358666666666666800e-01
4.359999999999999987e-01
4.392666666666666941e-01
4.350666666666666571e-01
4.391999999999999793e-01
4.361333333333333173e-01
4.408000000000000251e-01
4.420666666666666633e-01
4.366666666666666474e-01
4.384000000000000119e-01
4.391333333333333200e-01
4.433333333333333570e-01
4.399333333333333429e-01
4.430666666666666642e-01
4.394000000000000128e-01
4.456666666666666554e-01
4.409333333333333438e-01
4.437333333333333130e-01
4.461999999999999855e-01
4.434666666666666757e-01
4.445999999999999952e-01
4.445999999999999952e-01
4.462666666666666448e-01
4.434666666666666757e-01
4.462666666666666448e-01
4.423333333333333561e-01
4.450000000000000067e-01
4.459333333333333482e-01
4.466666666666666563e-01
4.470666666666666678e-01
4.442666666666666431e-01
4.479333333333333500e-01
4.470000000000000084e-01
4.470666666666666678e-01
4.474666666666666792e-01
4.474000000000000199e-01
4.499333333333333518e-01
4.458666666666666889e-01
4.509333333333333527e-01
4.490000000000000102e-01
4.516000000000000014e-01
4.475999999999999979e-01
4.477999999999999758e-01
4.534000000000000252e-01
4.538666666666666405e-01
4.496666666666666590e-01
4.543333333333333113e-01
4.509333333333333527e-01
4.500000000000000111e-01
4.558666666666666423e-01
4.474000000000000199e-01
4.505333333333333412e-01
4.570000000000000173e-01
4.550666666666666749e-01
4.541333333333333333e-01
4.580666666666666775e-01
4.563999999999999724e-01
4.587999999999999856e-01
4.557999999999999829e-01
4.546666666666666634e-01
4.574666666666666881e-01
4.531999999999999917e-01
4.520000000000000129e-01
4.591333333333333377e-01
4.561333333333333351e-01
4.554666666666666863e-01
4.521999999999999909e-01
4.576000000000000068e-01
4.563333333333333131e-01
4.601333333333333386e-01
4.611333333333333395e-01
4.593333333333333157e-01
4.621999999999999997e-01
4.621999999999999997e-01
4.605333333333333501e-01
4.611333333333333395e-01
4.623999999999999777e-01
4.607333333333333281e-01
4.589333333333333598e-01
4.601999999999999980e-01
4.609333333333333060e-01
4.612666666666666582e-01
4.593333333333333157e-01
4.642000000000000015e-01
4.602666666666666573e-01
4.626000000000000112e-01
4.650000000000000244e-01
4.620000000000000218e-01
4.632666666666666599e-01
4.656666666666666732e-01
4.652666666666666617e-01
4.663999999999999813e-01
4.626000000000000112e-01
4.619333333333333069e-01
4.642666666666666608e-01
4.677333333333333343e-01
4.652000000000000024e-01
4.693999999999999839e-01
4.686666666666666758e-01
4.633999999999999786e-01
4.643333333333333202e-01
4.663333333333333219e-01
4.672666666666666635e-01
4.622666666666666591e-01
4.700666666666666882e-01
4.659333333333333105e-01
4.680000000000000271e-01
4.682666666666666644e-01
4.663999999999999813e-01
4.653333333333333210e-01
4.682000000000000051e-01
4.707999999999999963e-01
4.679333333333333123e-01
4.691333333333333466e-01
4.687333333333333352e-01
4.688666666666666538e-01
4.697999999999999954e-01
4.678666666666666529e-01
4.686666666666666758e-01
4.718666666666666565e-01
4.699999999999999734e-01
4.681333333333333457e-01
4.742000000000000104e-01
4.702000000000000068e-01
4.706666666666666776e-01
4.696666666666666767e-01
4.704666666666666441e-01
4.729333333333333167e-01
4.722000000000000086e-01
4.742000000000000104e-01
4.708666666666666556e-01
4.707333333333333369e-01
4.719333333333333158e-01
4.720666666666666900e-01
4.718666666666666565e-01
4.736666666666666803e-01
4.785333333333333106e-01
4.759333333333333194e-01
4.745333333333333070e-01
4.762666666666666715e-01
4.758000000000000007e-01
4.763999999999999901e-01
4.750666666666666926e-01
4.759333333333333194e-01
4.763333333333333308e-01
4.750666666666666926e-01
4.743999999999999884e-01
4.778666666666666618e-01
4.747333333333333405e-01
4.742000000000000104e-01
4.722666666666666679e-01
4.779999999999999805e-01
4.768000000000000016e-01
4.777333333333333432e-01
4.770666666666666944e-01
4.782000000000000139e-01
4.806666666666666865e-01
4.777333333333333432e-01
4.779333333333333211e-01
4.784666666666666512e-01
4.782000000000000139e-01
4.792000000000000148e-01
4.793333333333333335e-01
4.805333333333333123e-01
4.819333333333333247e-01
4.806000000000000272e-01
4.806666666666666865e-01
4.812666666666666759e-01
4.828000000000000069e-01
4.806000000000000272e-01
4.811333333333333573e-01
4.754666666666666486e-01
4.828666666666666663e-01
4.766000000000000236e-01
4.797333333333333449e-01
4.793333333333333335e-01
4.819333333333333247e-01
4.798666666666666636e-01
4.802666666666666750e-01
4.854666666666666575e-01
4.798666666666666636e-01
4.809999999999999831e-01
4.823333333333333361e-01
4.831333333333333591e-01
4.793999999999999928e-01
4.862000000000000210e-01
4.834666666666666557e-01
4.830666666666666442e-01
4.856666666666666909e-01
4.837333333333333485e-01
4.825999999999999734e-01
4.811333333333333573e-01
4.843333333333333379e-01
4.863999999999999990e-01
4.849333333333333274e-01
4.843333333333333379e-01
4.803999999999999937e-01
4.868666666666666698e-01
4.834666666666666557e-01
4.806666666666666865e-01
4.894000000000000017e-01
4.840666666666666451e-01
4.842000000000000193e-01
4.854666666666666575e-01
4.882000000000000228e-01
4.833333333333333370e-01
4.857333333333333503e-01
4.914000000000000035e-01
4.889333333333333309e-01
4.863333333333333397e-01
4.914000000000000035e-01
4.879333333333333300e-01
4.882666666666666822e-01
4.874666666666666592e-01
4.873999999999999999e-01
4.877333333333333520e-01
4.869333333333333291e-01
4.872000000000000219e-01
4.898000000000000131e-01
4.844666666666666566e-01
4.892000000000000237e-01
4.874666666666666592e-01
4.875999999999999779e-01
4.873333333333333406e-01
4.882000000000000228e-01
4.924666666666666637e-01
4.884000000000000008e-01
4.896666666666666390e-01
4.908666666666666734e-01
4.871333333333333071e-01
4.923333333333333450e-01
4.934000000000000052e-01
4.874666666666666592e-01
4.900666666666666504e-01
4.907333333333333547e-01
4.878666666666666707e-01
4.928666666666666751e-01
4.934666666666666646e-01
4.891333333333333089e-01
4.888000000000000123e-01
4.898666666666666725e-01
4.939333333333333353e-01
4.928666666666666751e-01
4.944000000000000061e-01
4.941333333333333133e-01
4.924000000000000044e-01
4.920666666666666522e-01
4.913333333333333441e-01
4.923333333333333450e-01
4.872000000000000219e-01
4.924666666666666637e-01
4.946666666666666434e-01
4.925999999999999823e-01
4.915333333333333221e-01
4.934000000000000052e-01
4.955333333333333257e-01
4.931333333333333124e-01
4.937333333333333574e-01
4.932000000000000273e-01
4.966666666666666452e-01
4.947333333333333583e-01
4.955999999999999850e-01
4.940666666666666540e-01
4.947333333333333583e-01
5.002666666666666373e-01
4.891333333333333089e-01
4.958000000000000185e-01
4.902666666666666839e-01
4.905999999999999805e-01
4.982666666666666910e-01
4.942666666666666875e-01
4.918666666666666742e-01
4.956666666666666443e-01
4.950666666666666549e-01
5.013999999999999568e-01
4.951999999999999735e-01
4.969333333333333380e-01
4.993333333333333512e-01
5.017333333333333645e-01
4.994000000000000106e-01
4.984000000000000097e-01
4.957333333333333591e-01
4.984666666666666690e-01
4.994666666666666699e-01
4.974666666666666681e-01
4.979999999999999982e-01
4.976666666666666461e-01
4.964666666666666672e-01
4.952666666666666884e-01
5.000000000000000000e-01
4.963333333333333486e-01
4.957333333333333591e-01
4.973333333333333495e-01
4.962666666666666893e-01
4.993333333333333512e-01
5.026000000000000467e-01
4.979333333333333389e-01
4.965999999999999859e-01
4.995999999999999885e-01
4.968000000000000194e-01
4.984666666666666690e-01
4.965333333333333266e-01
4.991999999999999771e-01
4.989333333333333398e-01
5.010666666666666602e-01
5.005333333333333856e-01
4.990666666666666584e-01
5.011999999999999789e-01
5.003333333333332966e-01
4.994000000000000106e-01
5.013999999999999568e-01
5.023333333333332984e-01
5.039333333333333442e-01
5.006666666666667043e-01
5.029333333333333433e-01
5.008000000000000229e-01
5.045333333333332781e-01
5.014666666666666162e-01
5.026000000000000467e-01
5.015333333333333865e-01
5.018666666666666831e-01
5.021333333333333204e-01
5.053999999999999604e-01
5.023333333333332984e-01
5.015333333333333865e-01
5.020000000000000018e-01
5.036666666666667069e-01
5.048000000000000265e-01
5.040666666666666629e-01
5.028000000000000247e-01
5.055333333333332790e-01
5.054666666666666197e-01
5.010000000000000009e-01
5.019333333333333425e-01
5.026666666666667060e-01
5.056000000000000494e-01
5.059333333333333460e-01
5.069333333333333469e-01
5.051333333333333231e-01
5.048000000000000265e-01
5.070666666666666655e-01
5.033999999999999586e-01
5.053333333333333011e-01
5.060000000000000053e-01
5.043999999999999595e-01
5.056000000000000494e-01
5.046666666666667078e-01
5.029333333333333433e-01
5.051999999999999824e-01
5.052666666666666417e-01
5.065333333333332799e-01
5.050666666666666638e-01
5.059333333333333460e-01
5.114666666666666250e-01
5.051999999999999824e-01
5.048666666666666858e-01
5.047333333333333671e-01
5.036000000000000476e-01
5.060666666666666647e-01
5.063999999999999613e-01
5.048666666666666858e-01
5.068666666666666876e-01
5.062666666666666426e-01
5.062666666666666426e-01
5.100000000000000089e-01
5.046666666666667078e-01
5.063999999999999613e-01
5.061999999999999833e-01
5.060666666666666647e-01
5.063333333333333020e-01
5.048000000000000265e-01
5.056000000000000494e-01
5.045333333333332781e-01
5.067333333333333689e-01
5.013999999999999568e-01
5.097333333333333716e-01
5.084666666666666224e-01
5.048000000000000265e-01
5.092666666666666453e-01
5.094666666666666233e-01
5.075333333333332808e-01
5.138000000000000345e-01
5.112666666666666471e-01
5.081333333333333258e-01
5.080666666666666664e-01
5.115333333333332844e-01
5.058666666666666867e-01
5.108000000000000318e-01
5.092666666666666453e-01
5.066666666666667096e-01
5.103999999999999648e-01
5.095333333333332826e-01
5.100000000000000089e-01
5.093999999999999639e-01
5.092666666666666453e-01
5.105333333333332835e-01
5.118666666666666920e-01
5.108666666666666911e-01
5.116666666666667140e-01
5.094666666666666233e-01
5.076000000000000512e-01
5.120666666666666700e-01
5.087333333333333707e-01
5.097333333333333716e-01
5.103333333333333055e-01
5.091333333333333266e-01
5.108000000000000318e-01
5.095333333333332826e-01
5.098000000000000309e-01
5.096000000000000529e-01
5.112666666666666471e-01
5.123333333333333073e-01
5.121333333333333293e-01
5.073999999999999622e-01
5.102666666666666462e-01
5.113999999999999657e-01
5.115333333333332844e-01
5.134666666666666268e-01
5.140666666666666718e-01
5.116666666666667140e-01
5.142666666666666497e-01
5.103333333333333055e-01
5.130666666666666709e-01
5.125999999999999446e-01
5.113999999999999657e-01
5.163333333333333108e-01
5.142666666666666497e-01
5.121333333333333293e-01
5.123999999999999666e-01
5.145333333333332870e-01
5.111999999999999877e-01
5.145333333333332870e-01
5.135999999999999455e-01
5.135333333333332861e-01
5.125333333333332853e-01
5.110666666666666691e-01
5.137333333333333751e-01
5.134666666666666268e-01
5.159333333333333549e-01
5.173999999999999710e-01
5.181999999999999940e-01
5.185999999999999499e-01
5.140000000000000124e-01
5.134666666666666268e-01
5.141999999999999904e-01
5.119333333333333513e-01
5.151333333333333320e-01
5.107333333333333725e-01
5.111999999999999877e-01
5.135999999999999455e-01
5.151999999999999913e-01
5.131333333333333302e-01
5.180666666666666753e-01
5.181999999999999940e-01
5.157333333333333769e-01
5.163333333333333108e-01
5.171333333333333337e-01
5.158666666666666956e-01
5.148666666666666947e-01
5.116666666666667140e-01
5.159333333333333549e-01
5.176666666666667194e-01
5.180666666666666753e-01
5.161333333333333329e-01
5.157333333333333769e-01
5.130666666666666709e-01
5.162666666666666515e-01
5.185333333333332906e-01
5.166666666666667185e-01
5.135333333333332861e-01
5.161999999999999922e-01
5.210666666666666780e-01
5.181333333333333346e-01
5.153333333333333099e-01
5.163333333333333108e-01
5.171999999999999931e-01
5.188666666666666982e-01
5.185999999999999499e-01
5.108666666666666911e-01
5.233999999999999764e-01
5.190666666666666762e-01
5.183999999999999719e-01
5.183999999999999719e-01
5.148666666666666947e-01
5.196666666666667211e-01
5.202666666666666551e-01
5.193333333333333135e-01
5.162666666666666515e-01
5.183333333333333126e-01
5.211333333333333373e-01
5.168666666666666965e-01
5.160000000000000142e-01
5.216666666666666119e-01
5.161999999999999922e-01
5.172666666666666524e-01
5.217333333333333822e-01
5.198000000000000398e-01
5.152666666666666506e-01
5.190666666666666762e-01
5.240666666666666806e-01
5.201999999999999957e-01
5.205999999999999517e-01
5.140666666666666718e-01
5.201333333333333364e-01
5.198000000000000398e-01
5.181999999999999940e-01
5.230000000000000204e-01
5.201333333333333364e-01
5.208000000000000407e-01
5.190000000000000169e-01
5.198000000000000398e-01
5.181333333333333346e-01
5.202666666666666551e-01
5.194666666666666321e-01
5.225333333333332941e-01
5.241333333333333400e-01
5.209333333333333593e-01
5.219333333333333602e-01
5.199333333333333584e-01
5.191333333333333355e-01
5.185333333333332906e-01
5.195999999999999508e-01
5.180666666666666753e-01
5.211333333333333373e-01
5.242666666666666586e-01
5.225333333333332941e-01
5.220000000000000195e-01
5.187333333333333796e-01
5.205999999999999517e-01
5.216666666666666119e-01
5.210000000000000187e-01
5.226666666666666128e-01
5.162666666666666515e-01
5.204666666666666330e-01
5.218666666666667009e-01
5.214666666666666339e-01
5.216666666666666119e-01
5.236666666666666137e-01
5.208666666666667000e-01
5.225999999999999535e-01
5.190000000000000169e-01
5.255333333333332968e-01
5.219333333333333602e-01
5.217333333333333822e-01
5.228000000000000425e-01
5.207333333333333814e-01
5.208666666666667000e-01
5.195333333333332915e-01
5.201333333333333364e-01
5.196666666666667211e-01
5.215333333333332932e-01
5.222666666666666568e-01
5.244666666666666366e-01
5.288000000000000478e-01
5.232666666666666577e-01
5.213999999999999746e-01
5.203999999999999737e-01
5.201333333333333364e-01
5.253333333333333188e-01
5.225333333333332941e-01
5.230666666666666798e-01
5.258000000000000451e-01
5.243999999999999773e-01
5.228000000000000425e-01
5.211333333333333373e-01
5.251333333333333409e-01
5.231999999999999984e-01
5.217333333333333822e-01
5.235333333333332950e-01
5.251333333333333409e-01
5.249333333333333629e-01
5.243333333333333179e-01
5.242666666666666586e-01
5.265333333333332977e-01
5.225999999999999535e-01
5.238000000000000433e-01
5.262000000000000011e-01
5.275333333333332986e-01
5.251333333333333409e-01
5.240000000000000213e-01
5.235999999999999543e-01
5.255333333333332968e-01
5.272000000000000020e-01
5.248666666666667036e-01
5.273999999999999799e-01
5.262000000000000011e-01
5.238000000000000433e-01
5.294666666666666410e-01
5.259333333333333638e-01
5.229333333333333611e-01
5.271333333333333426e-01
5.282666666666666622e-01
5.255999999999999561e-01
5.248000000000000442e-01
5.265333333333332977e-01
5.300000000000000266e-01
5.246666666666666146e-01
5.263999999999999790e-01
5.280000000000000249e-01
5.262000000000000011e-01
5.292000000000000037e-01
5.238666666666667027e-01
5.273999999999999799e-01
5.305999999999999606e-01
5.282666666666666622e-01
5.270666666666666833e-01
5.283999999999999808e-01
5.280666666666666842e-01
5.269333333333333647e-01
5.248000000000000442e-01
5.296666666666666190e-01
5.282000000000000028e-01
5.278000000000000469e-01
5.311333333333333462e-01
5.309333333333333682e-01
5.247333333333333849e-01
5.243333333333333179e-01
5.266666666666666163e-01
5.293333333333333224e-01
5.278666666666667062e-01
5.314666666666666428e-01
5.329333333333333700e-01
5.316666666666666208e-01
5.300666666666666860e-01
5.249333333333333629e-01
5.295333333333333004e-01
5.262666666666666604e-01
5.297333333333332783e-01
5.288666666666667071e-01
5.289333333333333664e-01
