3.735333333333333283e-01
3.724000000000000088e-01
3.740666666666666584e-01
3.758666666666666822e-01
3.761333333333333195e-01
3.761333333333333195e-01
3.768666666666666831e-01
3.771999999999999797e-01
3.815999999999999948e-01
3.792666666666666409e-01
3.817333333333333134e-01
3.854666666666666797e-01
3.854000000000000203e-01
3.822666666666666435e-01
3.860666666666666691e-01
3.825999999999999956e-01
3.873333333333333073e-01
3.904666666666666841e-01
3.897333333333333205e-01
3.886666666666666603e-01
3.904000000000000248e-01
3.897999999999999798e-01
3.960666666666666780e-01
3.924000000000000266e-01
3.940666666666666762e-01
3.937333333333333241e-01
3.933333333333333126e-01
3.951999999999999957e-01
3.982666666666666577e-01
4.003333333333333188e-01
3.990000000000000213e-01
4.019333333333333091e-01
4.007333333333333303e-01
3.995333333333333514e-01
4.046666666666666745e-01
4.058666666666666534e-01
4.098666666666666569e-01
4.077333333333333365e-01
4.041333333333333444e-01
4.038666666666666516e-01
4.074666666666666437e-01
4.031333333333333435e-01
4.098666666666666569e-01
4.090666666666666895e-01
4.106000000000000205e-01
4.121333333333333515e-01
4.120666666666666922e-01
4.111333333333333506e-01
4.136666666666666825e-01
4.154666666666666508e-01
4.129333333333333189e-01
4.140666666666666940e-01
4.132666666666666710e-01
4.176000000000000267e-01
4.167333333333333445e-01
4.162666666666666737e-01
4.148666666666666614e-01
4.203333333333333366e-01
4.198000000000000065e-01
4.181333333333333568e-01
4.234666666666666579e-01
4.220666666666666456e-01
4.213999999999999968e-01
4.212000000000000188e-01
4.235333333333333172e-01
4.233999999999999986e-01
4.269999999999999907e-01
4.222000000000000197e-01
4.238000000000000100e-01
4.237333333333333507e-01
4.261333333333333084e-01
4.278000000000000136e-01
4.243333333333333401e-01
4.259333333333333305e-01
4.248666666666666702e-01
4.227333333333333498e-01
4.288666666666666738e-01
4.275999999999999801e-01
4.227333333333333498e-01
4.265333333333333199e-01
4.272000000000000242e-01
4.283333333333333437e-01
4.279333333333333322e-01
4.299333333333333340e-01
4.334666666666666668e-01
4.305999999999999828e-01
4.321999999999999731e-01
4.315999999999999837e-01
4.355333333333333279e-01
4.318666666666666765e-01
4.251333333333333075e-01
4.350666666666666571e-01
4.342666666666666897e-01
4.337333333333333596e-01
4.383333333333333526e-01
4.335999999999999854e-01
4.341333333333333155e-01
4.388000000000000234e-01
4.356666666666666465e-01
4.385333333333333306e-01
4.373333333333333517e-01
4.374000000000000110e-01
4.400666666666666615e-01
4.356666666666666465e-01
4.404000000000000137e-01
4.370666666666666589e-01
4.412666666666666404e-01
4.428000000000000269e-01
4.370666666666666589e-01
4.401999999999999802e-01
4.401333333333333209e-01
4.434666666666666757e-01
4.408000000000000251e-01
4.437333333333333130e-01
4.408666666666666845e-01
4.467333333333333156e-01
4.418666666666666853e-01
4.445333333333333359e-01
4.466666666666666563e-01
4.442666666666666431e-01
4.458666666666666889e-01
4.457999999999999741e-01
4.470666666666666678e-01
4.452666666666666440e-01
4.472666666666666457e-01
4.440666666666666651e-01
4.460000000000000075e-01
4.469333333333333491e-01
4.476666666666666572e-01
4.485333333333333394e-01
4.452666666666666440e-01
4.488666666666666916e-01
4.478666666666666907e-01
4.484666666666666801e-01
4.485999999999999988e-01
4.487999999999999767e-01
4.510666666666666713e-01
4.471999999999999864e-01
4.523333333333333095e-01
4.502666666666666484e-01
4.524666666666666837e-01
4.484666666666666801e-01
4.485999999999999988e-01
4.546666666666666634e-01
4.550000000000000155e-01
4.514000000000000234e-01
4.552666666666666528e-01
4.514000000000000234e-01
4.512666666666666493e-01
4.560666666666666758e-01
4.481999999999999873e-01
4.517333333333333201e-01
4.577999999999999847e-01
4.559333333333333571e-01
4.556666666666666643e-01
4.585333333333333483e-01
4.576666666666666661e-01
4.601333333333333386e-01
4.566000000000000059e-01
4.557999999999999829e-01
4.587999999999999856e-01
4.541999999999999926e-01
4.529333333333333544e-01
4.601333333333333386e-01
4.566666666666666652e-01
4.565333333333333465e-01
4.534000000000000252e-01
4.590666666666666784e-01
4.566666666666666652e-01
4.607333333333333281e-01
4.621333333333333404e-01
4.607999999999999874e-01
4.627999999999999892e-01
4.632000000000000006e-01
4.614666666666666917e-01
4.616666666666666696e-01
4.631333333333333413e-01
4.618666666666666476e-01
4.599333333333333607e-01
4.611333333333333395e-01
4.616000000000000103e-01
4.620000000000000218e-01
4.604666666666666908e-01
4.648666666666666503e-01
4.607999999999999874e-01
4.632666666666666599e-01
4.653333333333333210e-01
4.626000000000000112e-01
4.636666666666666714e-01
4.666000000000000147e-01
4.662000000000000033e-01
4.670000000000000262e-01
4.633333333333333193e-01
4.622666666666666591e-01
4.647999999999999909e-01
4.680666666666666864e-01
4.655333333333333545e-01
4.694666666666666432e-01
4.698666666666666547e-01
4.634666666666666934e-01
4.653333333333333210e-01
4.672666666666666635e-01
4.676000000000000156e-01
4.628666666666666485e-01
4.709333333333333149e-01
4.664666666666666406e-01
4.687999999999999945e-01
4.694666666666666432e-01
4.670666666666666855e-01
4.660000000000000253e-01
4.686000000000000165e-01
4.717333333333333378e-01
4.687333333333333352e-01
4.696000000000000174e-01
4.692666666666666653e-01
4.695333333333333581e-01
4.703999999999999848e-01
4.683333333333333237e-01
4.700666666666666882e-01
4.723999999999999866e-01
4.703999999999999848e-01
4.687999999999999945e-01
4.749333333333333185e-01
4.711333333333333484e-01
4.719999999999999751e-01
4.706000000000000183e-01
4.716666666666666785e-01
4.736666666666666803e-01
4.729333333333333167e-01
4.750666666666666926e-01
4.710666666666666891e-01
4.720666666666666900e-01
4.723999999999999866e-01
4.726000000000000201e-01
4.726666666666666794e-01
4.736666666666666803e-01
4.795333333333333115e-01
4.768000000000000016e-01
4.753333333333333299e-01
4.766666666666666829e-01
4.764666666666666495e-01
4.770666666666666944e-01
4.749999999999999778e-01
4.765333333333333088e-01
4.768666666666666609e-01
4.762000000000000122e-01
4.757333333333333414e-01
4.782666666666666733e-01
4.756666666666666821e-01
4.749333333333333185e-01
4.729999999999999760e-01
4.783333333333333326e-01
4.776666666666666838e-01
4.784666666666666512e-01
4.773999999999999910e-01
4.785333333333333106e-01
4.812000000000000166e-01
4.786666666666666847e-01
4.786666666666666847e-01
4.795333333333333115e-01
4.785333333333333106e-01
4.796000000000000263e-01
4.799333333333333229e-01
4.802666666666666750e-01
4.829333333333333256e-01
4.812666666666666759e-01
4.819333333333333247e-01
4.820666666666666433e-01
4.835999999999999743e-01
4.815999999999999726e-01
4.809333333333333238e-01
4.763999999999999901e-01
4.835999999999999743e-01
4.777333333333333432e-01
4.803333333333333344e-01
4.798666666666666636e-01
4.823333333333333361e-01
4.807333333333333458e-01
4.804666666666666530e-01
4.860666666666666469e-01
4.806666666666666865e-01
4.816666666666666874e-01
4.829999999999999849e-01
4.839333333333333265e-01
4.802000000000000157e-01
4.868000000000000105e-01
4.843999999999999972e-01
4.839999999999999858e-01
4.865333333333333177e-01
4.839999999999999858e-01
4.829333333333333256e-01
4.818666666666666654e-01
4.843999999999999972e-01
4.871333333333333071e-01
4.855999999999999761e-01
4.845999999999999752e-01
4.809999999999999831e-01
4.874666666666666592e-01
4.839333333333333265e-01
4.813333333333333353e-01
4.898000000000000131e-01
4.852666666666666795e-01
4.848666666666666680e-01
4.863999999999999990e-01
4.886666666666666936e-01
4.841333333333333599e-01
4.863999999999999990e-01
4.918666666666666742e-01
4.898666666666666725e-01
4.868000000000000105e-01
4.918000000000000149e-01
4.885999999999999788e-01
4.889999999999999902e-01
4.880666666666666487e-01
4.875333333333333186e-01
4.886666666666666936e-01
4.879333333333333300e-01
4.876666666666666927e-01
4.903333333333333433e-01
4.848666666666666680e-01
4.899333333333333318e-01
4.882000000000000228e-01
4.879999999999999893e-01
4.883333333333333415e-01
4.884666666666666601e-01
4.931333333333333124e-01
4.890666666666666496e-01
4.899333333333333318e-01
4.908666666666666734e-01
4.886666666666666936e-01
4.934000000000000052e-01
4.934666666666666646e-01
4.880666666666666487e-01
4.904666666666666619e-01
4.916666666666666408e-01
4.886666666666666936e-01
4.934000000000000052e-01
4.936666666666666425e-01
4.895999999999999797e-01
4.888000000000000123e-01
4.904666666666666619e-01
4.945999999999999841e-01
4.932000000000000273e-01
4.948000000000000176e-01
4.945333333333333248e-01
4.928666666666666751e-01
4.929333333333333345e-01
4.917333333333333556e-01
4.927333333333333565e-01
4.875333333333333186e-01
4.929333333333333345e-01
4.951999999999999735e-01
4.932000000000000273e-01
4.920666666666666522e-01
4.937333333333333574e-01
4.961333333333333151e-01
4.938000000000000167e-01
4.939999999999999947e-01
4.938000000000000167e-01
4.972666666666666901e-01
4.950666666666666549e-01
4.959999999999999964e-01
4.941333333333333133e-01
4.954666666666666663e-01
5.005333333333333856e-01
4.894000000000000017e-01
4.962666666666666893e-01
4.910666666666666513e-01
4.908666666666666734e-01
4.983333333333333504e-01
4.948666666666666769e-01
4.925333333333333230e-01
4.956666666666666443e-01
4.955999999999999850e-01
5.018666666666666831e-01
4.959333333333333371e-01
4.968666666666666787e-01
4.996666666666666479e-01
5.018000000000000238e-01
4.997333333333333072e-01
4.987333333333333063e-01
4.961999999999999744e-01
4.988666666666666805e-01
4.998666666666666814e-01
4.977333333333333609e-01
4.994000000000000106e-01
4.984000000000000097e-01
4.969333333333333380e-01
4.964666666666666672e-01
5.003999999999999559e-01
4.971333333333333160e-01
4.961333333333333151e-01
4.975999999999999868e-01
4.971333333333333160e-01
5.000000000000000000e-01
5.033333333333332993e-01
4.984000000000000097e-01
4.973333333333333495e-01
5.003999999999999559e-01
4.978666666666666796e-01
4.990666666666666584e-01
4.974000000000000088e-01
4.997333333333333072e-01
4.996666666666666479e-01
5.015333333333333865e-01
5.008666666666666822e-01
4.995333333333333292e-01
5.020666666666666611e-01
5.009333333333333416e-01
5.000000000000000000e-01
5.014666666666666162e-01
5.027333333333333654e-01
5.043999999999999595e-01
5.011333333333333195e-01
5.031333333333333213e-01
5.016000000000000458e-01
5.048666666666666858e-01
5.020666666666666611e-01
5.035333333333333883e-01
5.018000000000000238e-01
5.022666666666666391e-01
5.028000000000000247e-01
5.056000000000000494e-01
5.029333333333333433e-01
5.020000000000000018e-01
5.021333333333333204e-01
5.040000000000000036e-01
5.052666666666666417e-01
5.042666666666666409e-01
5.033999999999999586e-01
5.063333333333333020e-01
5.059333333333333460e-01
5.013999999999999568e-01
5.029333333333333433e-01
5.033333333333332993e-01
5.063333333333333020e-01
5.063333333333333020e-01
5.072666666666666435e-01
5.052666666666666417e-01
5.046000000000000485e-01
5.068666666666666876e-01
5.038000000000000256e-01
5.053333333333333011e-01
5.063999999999999613e-01
5.048000000000000265e-01
5.055333333333332790e-01
5.049333333333333451e-01
5.032666666666666400e-01
5.056666666666667087e-01
5.057333333333333680e-01
5.067333333333333689e-01
5.054666666666666197e-01
5.073333333333333028e-01
5.120666666666666700e-01
5.056666666666667087e-01
5.054666666666666197e-01
5.050666666666666638e-01
5.041333333333333222e-01
5.066000000000000503e-01
5.066666666666667096e-01
5.059333333333333460e-01
5.071333333333333249e-01
5.068666666666666876e-01
5.066000000000000503e-01
5.101999999999999869e-01
5.052666666666666417e-01
5.068666666666666876e-01
5.066666666666667096e-01
5.063333333333333020e-01
5.064666666666666206e-01
5.052666666666666417e-01
5.062666666666666426e-01
5.048000000000000265e-01
5.068000000000000282e-01
5.018000000000000238e-01
5.098666666666666902e-01
5.093999999999999639e-01
5.056666666666667087e-01
5.093999999999999639e-01
5.095333333333332826e-01
5.080000000000000071e-01
5.142666666666666497e-01
5.118666666666666920e-01
5.088666666666666893e-01
5.085333333333332817e-01
5.118000000000000327e-01
5.063333333333333020e-01
5.112666666666666471e-01
5.094666666666666233e-01
5.073999999999999622e-01
5.101333333333333275e-01
5.099333333333333496e-01
5.108000000000000318e-01
5.093999999999999639e-01
5.098666666666666902e-01
5.106666666666667131e-01
5.127333333333333742e-01
5.111999999999999877e-01
5.121999999999999886e-01
5.095333333333332826e-01
5.083333333333333037e-01
5.126666666666667149e-01
5.090666666666666673e-01
5.102666666666666462e-01
5.108666666666666911e-01
5.100000000000000089e-01
5.109333333333333504e-01
5.102666666666666462e-01
5.099333333333333496e-01
5.103999999999999648e-01
5.116666666666667140e-01
5.126666666666667149e-01
5.125333333333332853e-01
5.076666666666667105e-01
5.110000000000000098e-01
5.118000000000000327e-01
5.118000000000000327e-01
5.140666666666666718e-01
5.145999999999999464e-01
5.118666666666666920e-01
5.138000000000000345e-01
5.109333333333333504e-01
5.136666666666667158e-01
5.128000000000000336e-01
5.120666666666666700e-01
5.163999999999999702e-01
5.146666666666667167e-01
5.125999999999999446e-01
5.128666666666666929e-01
5.147333333333333760e-01
5.121333333333333293e-01
5.143999999999999684e-01
5.140666666666666718e-01
5.143999999999999684e-01
5.125999999999999446e-01
5.116000000000000547e-01
5.138666666666666938e-01
5.143999999999999684e-01
5.161333333333333329e-01
5.172666666666666524e-01
5.184666666666666313e-01
5.187333333333333796e-01
5.151333333333333320e-01
5.138666666666666938e-01
5.143333333333333091e-01
5.121999999999999886e-01
5.151333333333333320e-01
5.108666666666666911e-01
5.116666666666667140e-01
5.135333333333332861e-01
5.155333333333332879e-01
5.136666666666667158e-01
5.184666666666666313e-01
5.183333333333333126e-01
5.163333333333333108e-01
5.173333333333333117e-01
5.175333333333332897e-01
5.158666666666666956e-01
5.151999999999999913e-01
5.120000000000000107e-01
5.163999999999999702e-01
5.178666666666666973e-01
5.181333333333333346e-01
5.162666666666666515e-01
5.163333333333333108e-01
5.135333333333332861e-01
5.164666666666666295e-01
5.184666666666666313e-01
5.173333333333333117e-01
5.138000000000000345e-01
5.166666666666667185e-01
5.213333333333333153e-01
5.186666666666667203e-01
5.153999999999999693e-01
5.166666666666667185e-01
5.176666666666667194e-01
5.193999999999999728e-01
5.187333333333333796e-01
5.111999999999999877e-01
5.236666666666666137e-01
5.188000000000000389e-01
5.185333333333332906e-01
5.187333333333333796e-01
5.151999999999999913e-01
5.196666666666667211e-01
5.206666666666667220e-01
5.195333333333332915e-01
5.166666666666667185e-01
5.186666666666667203e-01
5.213333333333333153e-01
5.173333333333333117e-01
5.167333333333333778e-01
5.220666666666666789e-01
5.168666666666666965e-01
5.176666666666667194e-01
5.221999999999999975e-01
5.201333333333333364e-01
5.158666666666666956e-01
5.192666666666666542e-01
5.251333333333333409e-01
5.205333333333332924e-01
5.209333333333333593e-01
5.149333333333333540e-01
5.213333333333333153e-01
5.198666666666666991e-01
5.185333333333332906e-01
5.232666666666666577e-01
5.205999999999999517e-01
5.212666666666666559e-01
5.191999999999999948e-01
5.203999999999999737e-01
5.180666666666666753e-01
5.204666666666666330e-01
5.200000000000000178e-01
5.228666666666667018e-01
5.247333333333333849e-01
5.212666666666666559e-01
5.223333333333333162e-01
5.202666666666666551e-01
5.202666666666666551e-01
5.191999999999999948e-01
5.195999999999999508e-01
5.179333333333333567e-01
5.213999999999999746e-01
5.249333333333333629e-01
5.229333333333333611e-01
5.224666666666666348e-01
5.190666666666666762e-01
5.212666666666666559e-01
5.219333333333333602e-01
5.218000000000000416e-01
5.231999999999999984e-01
5.164666666666666295e-01
5.208666666666667000e-01
5.223333333333333162e-01
5.216666666666666119e-01
5.220666666666666789e-01
5.234666666666666357e-01
5.210666666666666780e-01
5.226666666666666128e-01
5.188666666666666982e-01
5.261333333333333417e-01
5.222666666666666568e-01
5.221999999999999975e-01
5.236666666666666137e-01
5.215999999999999526e-01
5.211333333333333373e-01
5.200000000000000178e-01
5.208666666666667000e-01
5.200000000000000178e-01
5.214666666666666339e-01
5.225999999999999535e-01
5.247333333333333849e-01
5.289333333333333664e-01
5.231999999999999984e-01
5.213333333333333153e-01
5.204666666666666330e-01
5.207333333333333814e-01
5.256666666666666154e-01
5.225999999999999535e-01
5.233999999999999764e-01
5.265999999999999570e-01
5.249333333333333629e-01
5.233333333333333171e-01
5.219333333333333602e-01
5.251333333333333409e-01
5.234666666666666357e-01
5.224666666666666348e-01
5.238666666666667027e-01
5.252000000000000002e-01
5.257333333333333858e-01
5.245999999999999552e-01
5.250666666666666815e-01
5.269333333333333647e-01
5.231999999999999984e-01
5.241999999999999993e-01
5.268000000000000460e-01
5.282666666666666622e-01
5.253999999999999782e-01
5.251333333333333409e-01
5.248000000000000442e-01
5.256666666666666154e-01
5.272000000000000020e-01
5.260000000000000231e-01
5.278666666666667062e-01
5.261333333333333417e-01
5.246666666666666146e-01
5.299333333333333673e-01
5.263333333333333197e-01
5.229333333333333611e-01
5.272666666666666613e-01
5.288000000000000478e-01
5.263999999999999790e-01
5.255333333333332968e-01
5.269333333333333647e-01
5.302000000000000046e-01
5.252000000000000002e-01
5.265999999999999570e-01
5.289333333333333664e-01
5.268666666666667053e-01
5.295999999999999597e-01
5.245333333333332959e-01
5.280000000000000249e-01
5.313999999999999835e-01
5.287333333333333885e-01
5.277333333333333876e-01
5.289333333333333664e-01
5.286666666666666181e-01
5.277333333333333876e-01
5.260000000000000231e-01
5.300666666666666860e-01
5.287333333333333885e-01
5.285999999999999588e-01
5.316666666666666208e-01
5.312666666666666648e-01
5.255999999999999561e-01
5.247333333333333849e-01
5.273999999999999799e-01
5.298000000000000487e-01
5.284666666666666401e-01
5.321333333333333471e-01
5.336666666666666226e-01
5.318666666666667098e-01
5.310666666666666869e-01
5.258000000000000451e-01
5.302000000000000046e-01
5.271333333333333426e-01
5.302000000000000046e-01
5.290666666666666851e-01
5.292000000000000037e-01
