3.684000000000000052e-01
3.676666666666666416e-01
3.699333333333333362e-01
3.718000000000000194e-01
3.703333333333333477e-01
3.718666666666666787e-01
3.719333333333333380e-01
3.733333333333333504e-01
3.760666666666666602e-01
3.745999999999999885e-01
3.771333333333333204e-01
3.815999999999999948e-01
3.818666666666666876e-01
3.790000000000000036e-01
3.820666666666666655e-01
3.791333333333333222e-01
3.845999999999999974e-01
3.872666666666666480e-01
3.860666666666666691e-01
3.851999999999999869e-01
3.880666666666666709e-01
3.864666666666666806e-01
3.933333333333333126e-01
3.894666666666666832e-01
3.917999999999999816e-01
3.917999999999999816e-01
3.920000000000000151e-01
3.923333333333333117e-01
3.960666666666666780e-01
3.984666666666666912e-01
3.960666666666666780e-01
3.995333333333333514e-01
3.992666666666666586e-01
3.971999999999999975e-01
4.024666666666666393e-01
4.033333333333333215e-01
4.077999999999999958e-01
4.054666666666666419e-01
4.029333333333333100e-01
4.022000000000000020e-01
4.052000000000000046e-01
4.015333333333333532e-01
4.074666666666666437e-01
4.077999999999999958e-01
4.091333333333333488e-01
4.106666666666666798e-01
4.102666666666666684e-01
4.103999999999999870e-01
4.123333333333333295e-01
4.145333333333333092e-01
4.109999999999999765e-01
4.130666666666666931e-01
4.122666666666666702e-01
4.159999999999999809e-01
4.152000000000000135e-01
4.149333333333333207e-01
4.130666666666666931e-01
4.193999999999999950e-01
4.181333333333333568e-01
4.169999999999999818e-01
4.219999999999999862e-01
4.213333333333333375e-01
4.203333333333333366e-01
4.203333333333333366e-01
4.218000000000000083e-01
4.216666666666666896e-01
4.258000000000000118e-01
4.208000000000000074e-01
4.223999999999999977e-01
4.226666666666666905e-01
4.251333333333333075e-01
4.263333333333333419e-01
4.229333333333333278e-01
4.252000000000000224e-01
4.238666666666666694e-01
4.218666666666666676e-01
4.275999999999999801e-01
4.262666666666666826e-01
4.221333333333333604e-01
4.252000000000000224e-01
4.259333333333333305e-01
4.270666666666666500e-01
4.268666666666666720e-01
4.285333333333333217e-01
4.323333333333333472e-01
4.292666666666666853e-01
4.314000000000000057e-01
4.302666666666666861e-01
4.345333333333333270e-01
4.315999999999999837e-01
4.240666666666666473e-01
4.338000000000000189e-01
4.335333333333333261e-01
4.325999999999999845e-01
4.375333333333333297e-01
4.326666666666666439e-01
4.331333333333333147e-01
4.375333333333333297e-01
4.343333333333333490e-01
4.377333333333333076e-01
4.361999999999999766e-01
4.365333333333333288e-01
4.395999999999999908e-01
4.354666666666666686e-01
4.394000000000000128e-01
4.365333333333333288e-01
4.408000000000000251e-01
4.422666666666666413e-01
4.366666666666666474e-01
4.393333333333333535e-01
4.395999999999999908e-01
4.435333333333333350e-01
4.402666666666666395e-01
4.431999999999999829e-01
4.398666666666666836e-01
4.460666666666666669e-01
4.410666666666666624e-01
4.440000000000000058e-01
4.464666666666666783e-01
4.438666666666666871e-01
4.451333333333333253e-01
4.449333333333333473e-01
4.463333333333333597e-01
4.444666666666666766e-01
4.468666666666666898e-01
4.428666666666666862e-01
4.456666666666666554e-01
4.461999999999999855e-01
4.467999999999999750e-01
4.475999999999999979e-01
4.445333333333333359e-01
4.484000000000000208e-01
4.470666666666666678e-01
4.472666666666666457e-01
4.475333333333333385e-01
4.479333333333333500e-01
4.500666666666666704e-01
4.461999999999999855e-01
4.511999999999999900e-01
4.493333333333333068e-01
4.517999999999999794e-01
4.474666666666666792e-01
4.482666666666666466e-01
4.540666666666666740e-01
4.541333333333333333e-01
4.501333333333333298e-01
4.544666666666666854e-01
4.510666666666666713e-01
4.504000000000000226e-01
4.560666666666666758e-01
4.477999999999999758e-01
4.509333333333333527e-01
4.575333333333333474e-01
4.554000000000000270e-01
4.542666666666666520e-01
4.580666666666666775e-01
4.567333333333333245e-01
4.589333333333333598e-01
4.561333333333333351e-01
4.550000000000000155e-01
4.580000000000000182e-01
4.532666666666666511e-01
4.521999999999999909e-01
4.591999999999999971e-01
4.560666666666666758e-01
4.556000000000000050e-01
4.526000000000000023e-01
4.578666666666666440e-01
4.561333333333333351e-01
4.603333333333333166e-01
4.610666666666666802e-01
4.598666666666666458e-01
4.620000000000000218e-01
4.623999999999999777e-01
4.605333333333333501e-01
4.611999999999999988e-01
4.625333333333333519e-01
4.611333333333333395e-01
4.591333333333333377e-01
4.601333333333333386e-01
4.610000000000000209e-01
4.616666666666666696e-01
4.597999999999999865e-01
4.645333333333333536e-01
4.604666666666666908e-01
4.629333333333333078e-01
4.651333333333333431e-01
4.620000000000000218e-01
4.634666666666666934e-01
4.658666666666666512e-01
4.653999999999999804e-01
4.666666666666666741e-01
4.631333333333333413e-01
4.620000000000000218e-01
4.646000000000000130e-01
4.678666666666666529e-01
4.655333333333333545e-01
4.694666666666666432e-01
4.687333333333333352e-01
4.633999999999999786e-01
4.644666666666666943e-01
4.667999999999999927e-01
4.672666666666666635e-01
4.626000000000000112e-01
4.701333333333333475e-01
4.662666666666666626e-01
4.684666666666666424e-01
4.686666666666666758e-01
4.664666666666666406e-01
4.652666666666666617e-01
4.682000000000000051e-01
4.715333333333333599e-01
4.684666666666666424e-01
4.693333333333333246e-01
4.689333333333333131e-01
4.692666666666666653e-01
4.700666666666666882e-01
4.682666666666666644e-01
4.691333333333333466e-01
4.721333333333333493e-01
4.701333333333333475e-01
4.684666666666666424e-01
4.745333333333333070e-01
4.706000000000000183e-01
4.706000000000000183e-01
4.700666666666666882e-01
4.707999999999999963e-01
4.730666666666666909e-01
4.726000000000000201e-01
4.746666666666666812e-01
4.709999999999999742e-01
4.711333333333333484e-01
4.721333333333333493e-01
4.723999999999999866e-01
4.720666666666666900e-01
4.737333333333333396e-01
4.786666666666666847e-01
4.762000000000000122e-01
4.748666666666666591e-01
4.762666666666666715e-01
4.759999999999999787e-01
4.767333333333333423e-01
4.751333333333333520e-01
4.763333333333333308e-01
4.765333333333333088e-01
4.751333333333333520e-01
4.746666666666666812e-01
4.773999999999999910e-01
4.751333333333333520e-01
4.743999999999999884e-01
4.723999999999999866e-01
4.781333333333333546e-01
4.770666666666666944e-01
4.779999999999999805e-01
4.771333333333333537e-01
4.783999999999999919e-01
4.810666666666666424e-01
4.778666666666666618e-01
4.781333333333333546e-01
4.787333333333333441e-01
4.785333333333333106e-01
4.795333333333333115e-01
4.793999999999999928e-01
4.806000000000000272e-01
4.822666666666666768e-01
4.807333333333333458e-01
4.812666666666666759e-01
4.817333333333333467e-01
4.833333333333333370e-01
4.810666666666666424e-01
4.807333333333333458e-01
4.759333333333333194e-01
4.830666666666666442e-01
4.768000000000000016e-01
4.798000000000000043e-01
4.792000000000000148e-01
4.822666666666666768e-01
4.802000000000000157e-01
4.804666666666666530e-01
4.855999999999999761e-01
4.801333333333333564e-01
4.809333333333333238e-01
4.824666666666666548e-01
4.833999999999999964e-01
4.798666666666666636e-01
4.863333333333333397e-01
4.840666666666666451e-01
4.832666666666666777e-01
4.859333333333333282e-01
4.838000000000000078e-01
4.826666666666666883e-01
4.815333333333333132e-01
4.845333333333333159e-01
4.864666666666666583e-01
4.852666666666666795e-01
4.847333333333333494e-01
4.808000000000000052e-01
4.872000000000000219e-01
4.837333333333333485e-01
4.809333333333333238e-01
4.894000000000000017e-01
4.845999999999999752e-01
4.842666666666666786e-01
4.856666666666666909e-01
4.881333333333333080e-01
4.835333333333333150e-01
4.862666666666666804e-01
4.914666666666666628e-01
4.891333333333333089e-01
4.863333333333333397e-01
4.913333333333333441e-01
4.883333333333333415e-01
4.881333333333333080e-01
4.878000000000000114e-01
4.875999999999999779e-01
4.878666666666666707e-01
4.870666666666666478e-01
4.872000000000000219e-01
4.902000000000000246e-01
4.843333333333333379e-01
4.893333333333333424e-01
4.875999999999999779e-01
4.878666666666666707e-01
4.874666666666666592e-01
4.882000000000000228e-01
4.925999999999999823e-01
4.887333333333333529e-01
4.897333333333333538e-01
4.909333333333333327e-01
4.873999999999999999e-01
4.928000000000000158e-01
4.932666666666666866e-01
4.876666666666666927e-01
4.904000000000000026e-01
4.910666666666666513e-01
4.879999999999999893e-01
4.929333333333333345e-01
4.936666666666666425e-01
4.889999999999999902e-01
4.887333333333333529e-01
4.899999999999999911e-01
4.940666666666666540e-01
4.932000000000000273e-01
4.946666666666666434e-01
4.943333333333333468e-01
4.928000000000000158e-01
4.924000000000000044e-01
4.913333333333333441e-01
4.927333333333333565e-01
4.872000000000000219e-01
4.924666666666666637e-01
4.949333333333333362e-01
4.928000000000000158e-01
4.917333333333333556e-01
4.935333333333333239e-01
4.955333333333333257e-01
4.931333333333333124e-01
4.935333333333333239e-01
4.934000000000000052e-01
4.968666666666666787e-01
4.949999999999999956e-01
4.955999999999999850e-01
4.941999999999999726e-01
4.949333333333333362e-01
5.001999999999999780e-01
4.891333333333333089e-01
4.957333333333333591e-01
4.903333333333333433e-01
4.907333333333333547e-01
4.981999999999999762e-01
4.943333333333333468e-01
4.919999999999999929e-01
4.955999999999999850e-01
4.952666666666666884e-01
5.015333333333333865e-01
4.955333333333333257e-01
4.968000000000000194e-01
4.995333333333333292e-01
5.014666666666666162e-01
4.994666666666666699e-01
4.983333333333333504e-01
4.959333333333333371e-01
4.984000000000000097e-01
4.993333333333333512e-01
4.975333333333333274e-01
4.984666666666666690e-01
4.978666666666666796e-01
4.966666666666666452e-01
4.957333333333333591e-01
4.998000000000000220e-01
4.962666666666666893e-01
4.958000000000000185e-01
4.972666666666666901e-01
4.961999999999999744e-01
4.994666666666666699e-01
5.028666666666666840e-01
4.980666666666666575e-01
4.969333333333333380e-01
4.996666666666666479e-01
4.971999999999999753e-01
4.985333333333333283e-01
4.968666666666666787e-01
4.991999999999999771e-01
4.989999999999999991e-01
5.008000000000000229e-01
5.008666666666666822e-01
4.991333333333333178e-01
5.013999999999999568e-01
5.004666666666666153e-01
4.997333333333333072e-01
5.013333333333332975e-01
5.023999999999999577e-01
5.040666666666666629e-01
5.007333333333333636e-01
5.031333333333333213e-01
5.010666666666666602e-01
5.046666666666667078e-01
5.017333333333333645e-01
5.029333333333333433e-01
5.017333333333333645e-01
5.020666666666666611e-01
5.023333333333332984e-01
5.056000000000000494e-01
5.024666666666666170e-01
5.016000000000000458e-01
5.021333333333333204e-01
5.037333333333333663e-01
5.046000000000000485e-01
5.040666666666666629e-01
5.029333333333333433e-01
5.054666666666666197e-01
5.058000000000000274e-01
5.011333333333333195e-01
5.021333333333333204e-01
5.030666666666666620e-01
5.058666666666666867e-01
5.060000000000000053e-01
5.073333333333333028e-01
5.052666666666666417e-01
5.048000000000000265e-01
5.071333333333333249e-01
5.038000000000000256e-01
5.051999999999999824e-01
5.061999999999999833e-01
5.045333333333332781e-01
5.053333333333333011e-01
5.048000000000000265e-01
5.028666666666666840e-01
5.051999999999999824e-01
5.051333333333333231e-01
5.064666666666666206e-01
5.050666666666666638e-01
5.063999999999999613e-01
5.117333333333333734e-01
5.052666666666666417e-01
5.051333333333333231e-01
5.048666666666666858e-01
5.035333333333333883e-01
5.063333333333333020e-01
5.066666666666667096e-01
5.048666666666666858e-01
5.068000000000000282e-01
5.064666666666666206e-01
5.063999999999999613e-01
5.103333333333333055e-01
5.048666666666666858e-01
5.064666666666666206e-01
5.063999999999999613e-01
5.061999999999999833e-01
5.061333333333333240e-01
5.051333333333333231e-01
5.056000000000000494e-01
5.046000000000000485e-01
5.066000000000000503e-01
5.013999999999999568e-01
5.097333333333333716e-01
5.091999999999999860e-01
5.049333333333333451e-01
5.094666666666666233e-01
5.093999999999999639e-01
5.077333333333333698e-01
5.141333333333333311e-01
5.115333333333332844e-01
5.083999999999999631e-01
5.081333333333333258e-01
5.115333333333332844e-01
5.059333333333333460e-01
5.109333333333333504e-01
5.093999999999999639e-01
5.071333333333333249e-01
5.103999999999999648e-01
5.096000000000000529e-01
5.101999999999999869e-01
5.096000000000000529e-01
5.092666666666666453e-01
5.106666666666667131e-01
5.122666666666666480e-01
5.109333333333333504e-01
5.118666666666666920e-01
5.096666666666667123e-01
5.078000000000000291e-01
5.122666666666666480e-01
5.086666666666667114e-01
5.101333333333333275e-01
5.103999999999999648e-01
5.093999999999999639e-01
5.108666666666666911e-01
5.099333333333333496e-01
5.098000000000000309e-01
5.098000000000000309e-01
5.111999999999999877e-01
5.125333333333332853e-01
5.120666666666666700e-01
5.071999999999999842e-01
5.103999999999999648e-01
5.115333333333332844e-01
5.116666666666667140e-01
5.138000000000000345e-01
5.142666666666666497e-01
5.118000000000000327e-01
5.141999999999999904e-01
5.103999999999999648e-01
5.131999999999999895e-01
5.127333333333333742e-01
5.115333333333332844e-01
5.164666666666666295e-01
5.143333333333333091e-01
5.121333333333333293e-01
5.128000000000000336e-01
5.145999999999999464e-01
5.116000000000000547e-01
5.144666666666666277e-01
5.135333333333332861e-01
5.138000000000000345e-01
5.127333333333333742e-01
5.112666666666666471e-01
5.136666666666667158e-01
5.140000000000000124e-01
5.160000000000000142e-01
5.176666666666667194e-01
5.180666666666666753e-01
5.185333333333332906e-01
5.145333333333332870e-01
5.135999999999999455e-01
5.141999999999999904e-01
5.117333333333333734e-01
5.152666666666666506e-01
5.108000000000000318e-01
5.112666666666666471e-01
5.132666666666666488e-01
5.153999999999999693e-01
5.133999999999999675e-01
5.180000000000000160e-01
5.183333333333333126e-01
5.160000000000000142e-01
5.167333333333333778e-01
5.172666666666666524e-01
5.158666666666666956e-01
5.150000000000000133e-01
5.118666666666666920e-01
5.158666666666666956e-01
5.177333333333333787e-01
5.178000000000000380e-01
5.161999999999999922e-01
5.158666666666666956e-01
5.132666666666666488e-01
5.163999999999999702e-01
5.183333333333333126e-01
5.168666666666666965e-01
5.136666666666667158e-01
5.163999999999999702e-01
5.209333333333333593e-01
5.183333333333333126e-01
5.153999999999999693e-01
5.163333333333333108e-01
5.173999999999999710e-01
5.190666666666666762e-01
5.185999999999999499e-01
5.110000000000000098e-01
5.234666666666666357e-01
5.190666666666666762e-01
5.182666666666666533e-01
5.185999999999999499e-01
5.150666666666666726e-01
5.193999999999999728e-01
5.201999999999999957e-01
5.194666666666666321e-01
5.162666666666666515e-01
5.185999999999999499e-01
5.211999999999999966e-01
5.168666666666666965e-01
5.160666666666666735e-01
5.216666666666666119e-01
5.165999999999999481e-01
5.175999999999999490e-01
5.221333333333333382e-01
5.200666666666666771e-01
5.153999999999999693e-01
5.191999999999999948e-01
5.243999999999999773e-01
5.202666666666666551e-01
5.210000000000000187e-01
5.141333333333333311e-01
5.202666666666666551e-01
5.196666666666667211e-01
5.181999999999999940e-01
5.231333333333333391e-01
5.201999999999999957e-01
5.208000000000000407e-01
5.190666666666666762e-01
5.200666666666666771e-01
5.181333333333333346e-01
5.203999999999999737e-01
5.195333333333332915e-01
5.227333333333333831e-01
5.245333333333332959e-01
5.210000000000000187e-01
5.219333333333333602e-01
5.196666666666667211e-01
5.191999999999999948e-01
5.186666666666667203e-01
5.195999999999999508e-01
5.179333333333333567e-01
5.210666666666666780e-01
5.243999999999999773e-01
5.226666666666666128e-01
5.221999999999999975e-01
5.190666666666666762e-01
5.208666666666667000e-01
5.218000000000000416e-01
5.211333333333333373e-01
5.229333333333333611e-01
5.161333333333333329e-01
5.207333333333333814e-01
5.221999999999999975e-01
5.213333333333333153e-01
5.218000000000000416e-01
5.235333333333332950e-01
5.210666666666666780e-01
5.224666666666666348e-01
5.190666666666666762e-01
5.255999999999999561e-01
5.220666666666666789e-01
5.218000000000000416e-01
5.230666666666666798e-01
5.211999999999999966e-01
5.210666666666666780e-01
5.197333333333333805e-01
5.203999999999999737e-01
5.194666666666666321e-01
5.213999999999999746e-01
5.222666666666666568e-01
5.245333333333332959e-01
5.286666666666666181e-01
5.231333333333333391e-01
5.213333333333333153e-01
5.202666666666666551e-01
5.200000000000000178e-01
5.256666666666666154e-01
5.222666666666666568e-01
5.231999999999999984e-01
5.262000000000000011e-01
5.245999999999999552e-01
5.231333333333333391e-01
5.211999999999999966e-01
5.252666666666666595e-01
5.232666666666666577e-01
5.220666666666666789e-01
5.237333333333333840e-01
5.253999999999999782e-01
5.252000000000000002e-01
5.241999999999999993e-01
5.244666666666666366e-01
5.265999999999999570e-01
5.225999999999999535e-01
5.239333333333333620e-01
5.262000000000000011e-01
5.280000000000000249e-01
5.252000000000000002e-01
5.240666666666666806e-01
5.238666666666667027e-01
5.256666666666666154e-01
5.270666666666666833e-01
5.251333333333333409e-01
5.277333333333333876e-01
5.260000000000000231e-01
5.241333333333333400e-01
5.298666666666667080e-01
5.262000000000000011e-01
5.228666666666667018e-01
5.272000000000000020e-01
5.282666666666666622e-01
5.257333333333333858e-01
5.248000000000000442e-01
5.267333333333333867e-01
5.298666666666667080e-01
5.247333333333333849e-01
5.263333333333333197e-01
5.284666666666666401e-01
5.262666666666666604e-01
5.290666666666666851e-01
5.241999999999999993e-01
5.275333333333332986e-01
5.308000000000000496e-01
5.282666666666666622e-01
5.269333333333333647e-01
5.285333333333332995e-01
5.279333333333333655e-01
5.270666666666666833e-01
5.253999999999999782e-01
5.300000000000000266e-01
5.282000000000000028e-01
5.280666666666666842e-01
5.313333333333333242e-01
5.310666666666666869e-01
5.251333333333333409e-01
5.245333333333332959e-01
5.268666666666667053e-01
5.293999999999999817e-01
5.279333333333333655e-01
5.317333333333332801e-01
5.332000000000000073e-01
5.318666666666667098e-01
5.300000000000000266e-01
5.251333333333333409e-01
5.298666666666667080e-01
5.265999999999999570e-01
5.300666666666666860e-01
5.288666666666667071e-01
5.290000000000000258e-01
