3.702666666666666884e-01
3.689333333333333353e-01
3.714666666666666672e-01
3.731999999999999762e-01
3.725333333333333274e-01
3.729999999999999982e-01
3.739333333333333398e-01
3.746666666666666479e-01
3.778666666666666840e-01
3.762666666666666937e-01
3.788666666666666849e-01
3.825333333333333363e-01
3.829333333333333478e-01
3.803333333333333566e-01
3.837333333333333152e-01
3.800000000000000044e-01
3.855999999999999983e-01
3.882666666666666488e-01
3.874000000000000221e-01
3.866666666666666585e-01
3.886666666666666603e-01
3.878666666666666929e-01
3.944666666666666877e-01
3.901333333333333320e-01
3.926666666666666639e-01
3.928666666666666418e-01
3.924000000000000266e-01
3.937333333333333241e-01
3.967999999999999861e-01
3.991999999999999993e-01
3.976666666666666683e-01
4.007333333333333303e-01
3.999333333333333074e-01
3.980000000000000204e-01
4.032666666666666622e-01
4.043999999999999817e-01
4.086000000000000187e-01
4.063999999999999835e-01
4.033333333333333215e-01
4.027333333333333321e-01
4.058666666666666534e-01
4.021333333333333426e-01
4.085333333333333594e-01
4.083333333333333259e-01
4.097999999999999976e-01
4.111333333333333506e-01
4.107333333333333392e-01
4.106000000000000205e-01
4.126666666666666816e-01
4.148666666666666614e-01
4.118666666666666587e-01
4.135333333333333083e-01
4.128666666666666596e-01
4.163999999999999924e-01
4.159999999999999809e-01
4.152000000000000135e-01
4.137333333333333418e-01
4.197333333333333472e-01
4.186000000000000276e-01
4.173333333333333339e-01
4.227333333333333498e-01
4.214666666666666561e-01
4.207333333333333480e-01
4.205999999999999739e-01
4.224666666666666570e-01
4.223333333333333384e-01
4.262000000000000233e-01
4.212000000000000188e-01
4.229999999999999871e-01
4.232000000000000206e-01
4.254666666666666597e-01
4.265333333333333199e-01
4.232666666666666799e-01
4.256666666666666932e-01
4.242666666666666808e-01
4.221333333333333604e-01
4.281333333333333102e-01
4.269333333333333313e-01
4.223333333333333384e-01
4.258666666666666711e-01
4.264000000000000012e-01
4.274000000000000021e-01
4.272666666666666835e-01
4.289999999999999925e-01
4.327333333333333587e-01
4.299333333333333340e-01
4.321333333333333138e-01
4.309999999999999942e-01
4.348000000000000198e-01
4.315999999999999837e-01
4.247333333333333516e-01
4.344000000000000083e-01
4.336666666666666448e-01
4.328000000000000180e-01
4.378000000000000225e-01
4.329333333333333367e-01
4.334666666666666668e-01
4.380666666666666598e-01
4.348000000000000198e-01
4.379333333333333411e-01
4.369333333333333402e-01
4.369333333333333402e-01
4.395999999999999908e-01
4.355999999999999872e-01
4.396666666666666501e-01
4.368000000000000216e-01
4.408666666666666845e-01
4.424666666666666748e-01
4.368000000000000216e-01
4.397333333333333094e-01
4.398000000000000242e-01
4.432666666666666422e-01
4.405999999999999917e-01
4.434666666666666757e-01
4.404666666666666730e-01
4.464666666666666783e-01
4.417333333333333112e-01
4.441999999999999837e-01
4.468666666666666898e-01
4.440666666666666651e-01
4.453333333333333588e-01
4.455333333333333368e-01
4.464666666666666783e-01
4.449333333333333473e-01
4.467999999999999750e-01
4.435333333333333350e-01
4.456666666666666554e-01
4.464000000000000190e-01
4.468666666666666898e-01
4.479333333333333500e-01
4.449333333333333473e-01
4.483333333333333059e-01
4.472666666666666457e-01
4.479333333333333500e-01
4.484000000000000208e-01
4.480666666666666687e-01
4.504000000000000226e-01
4.467999999999999750e-01
4.514666666666666828e-01
4.494000000000000217e-01
4.518666666666666942e-01
4.480000000000000093e-01
4.484000000000000208e-01
4.542666666666666520e-01
4.546666666666666634e-01
4.507333333333333192e-01
4.547999999999999821e-01
4.514000000000000234e-01
4.506666666666666599e-01
4.560666666666666758e-01
4.478666666666666907e-01
4.511333333333333306e-01
4.577999999999999847e-01
4.554000000000000270e-01
4.547333333333333227e-01
4.585333333333333483e-01
4.570000000000000173e-01
4.595333333333333492e-01
4.564666666666666872e-01
4.552666666666666528e-01
4.583999999999999742e-01
4.534000000000000252e-01
4.525333333333333430e-01
4.597999999999999865e-01
4.563333333333333131e-01
4.561333333333333351e-01
4.528666666666666396e-01
4.581333333333333369e-01
4.561999999999999944e-01
4.606000000000000094e-01
4.613333333333333175e-01
4.600666666666666793e-01
4.622666666666666591e-01
4.627333333333333298e-01
4.609333333333333060e-01
4.613999999999999768e-01
4.628666666666666485e-01
4.612666666666666582e-01
4.594666666666666899e-01
4.606000000000000094e-01
4.611333333333333395e-01
4.619333333333333069e-01
4.600666666666666793e-01
4.646666666666666723e-01
4.603999999999999759e-01
4.630000000000000226e-01
4.652000000000000024e-01
4.621999999999999997e-01
4.635333333333333528e-01
4.657333333333333325e-01
4.656666666666666732e-01
4.669333333333333114e-01
4.631333333333333413e-01
4.620666666666666811e-01
4.646000000000000130e-01
4.680000000000000271e-01
4.656666666666666732e-01
4.695333333333333581e-01
4.692666666666666653e-01
4.633333333333333193e-01
4.647999999999999909e-01
4.666666666666666741e-01
4.676000000000000156e-01
4.627333333333333298e-01
4.703999999999999848e-01
4.666666666666666741e-01
4.687333333333333352e-01
4.687999999999999945e-01
4.667999999999999927e-01
4.656666666666666732e-01
4.684666666666666424e-01
4.716666666666666785e-01
4.685333333333333572e-01
4.692666666666666653e-01
4.692000000000000060e-01
4.693333333333333246e-01
4.701333333333333475e-01
4.682666666666666644e-01
4.693999999999999839e-01
4.719999999999999751e-01
4.707333333333333369e-01
4.683333333333333237e-01
4.747999999999999998e-01
4.707333333333333369e-01
4.711333333333333484e-01
4.699999999999999734e-01
4.707999999999999963e-01
4.733999999999999875e-01
4.727999999999999980e-01
4.749999999999999778e-01
4.709999999999999742e-01
4.718666666666666565e-01
4.724666666666666459e-01
4.723333333333333273e-01
4.721333333333333493e-01
4.736666666666666803e-01
4.789999999999999813e-01
4.761333333333333528e-01
4.750666666666666926e-01
4.766666666666666829e-01
4.762000000000000122e-01
4.768000000000000016e-01
4.753333333333333299e-01
4.763999999999999901e-01
4.768000000000000016e-01
4.754666666666666486e-01
4.750666666666666926e-01
4.778666666666666618e-01
4.752666666666666706e-01
4.744666666666666477e-01
4.727999999999999980e-01
4.783333333333333326e-01
4.773333333333333317e-01
4.781333333333333546e-01
4.772666666666666724e-01
4.784666666666666512e-01
4.812000000000000166e-01
4.779333333333333211e-01
4.784666666666666512e-01
4.792000000000000148e-01
4.787333333333333441e-01
4.796000000000000263e-01
4.797333333333333449e-01
4.805333333333333123e-01
4.825999999999999734e-01
4.805333333333333123e-01
4.815333333333333132e-01
4.818666666666666654e-01
4.838666666666666671e-01
4.812666666666666759e-01
4.808666666666666645e-01
4.760666666666666935e-01
4.832000000000000184e-01
4.771333333333333537e-01
4.802000000000000157e-01
4.793333333333333335e-01
4.823333333333333361e-01
4.806000000000000272e-01
4.806000000000000272e-01
4.857333333333333503e-01
4.803999999999999937e-01
4.812000000000000166e-01
4.827333333333333476e-01
4.835333333333333150e-01
4.800666666666666416e-01
4.864666666666666583e-01
4.843333333333333379e-01
4.838666666666666671e-01
4.861333333333333062e-01
4.839333333333333265e-01
4.830666666666666442e-01
4.816666666666666874e-01
4.845333333333333159e-01
4.865999999999999770e-01
4.853333333333333388e-01
4.846666666666666901e-01
4.809999999999999831e-01
4.873999999999999999e-01
4.837333333333333485e-01
4.812000000000000166e-01
4.894666666666666610e-01
4.847333333333333494e-01
4.844666666666666566e-01
4.858000000000000096e-01
4.883333333333333415e-01
4.837333333333333485e-01
4.864666666666666583e-01
4.918000000000000149e-01
4.893333333333333424e-01
4.864666666666666583e-01
4.915333333333333221e-01
4.885333333333333194e-01
4.884666666666666601e-01
4.879999999999999893e-01
4.875333333333333186e-01
4.883333333333333415e-01
4.875333333333333186e-01
4.873333333333333406e-01
4.904000000000000026e-01
4.845999999999999752e-01
4.897333333333333538e-01
4.879999999999999893e-01
4.879999999999999893e-01
4.880666666666666487e-01
4.883333333333333415e-01
4.928666666666666751e-01
4.886666666666666936e-01
4.899333333333333318e-01
4.909333333333333327e-01
4.879333333333333300e-01
4.929999999999999938e-01
4.934666666666666646e-01
4.878666666666666707e-01
4.904000000000000026e-01
4.911333333333333107e-01
4.883333333333333415e-01
4.930666666666666531e-01
4.934666666666666646e-01
4.891333333333333089e-01
4.888666666666666716e-01
4.902000000000000246e-01
4.944000000000000061e-01
4.932000000000000273e-01
4.948000000000000176e-01
4.944666666666666655e-01
4.929333333333333345e-01
4.926666666666666416e-01
4.915999999999999814e-01
4.928000000000000158e-01
4.875333333333333186e-01
4.928000000000000158e-01
4.951999999999999735e-01
4.928000000000000158e-01
4.919333333333333336e-01
4.937333333333333574e-01
4.957333333333333591e-01
4.933333333333333459e-01
4.937333333333333574e-01
4.937333333333333574e-01
4.969999999999999973e-01
4.951999999999999735e-01
4.956666666666666443e-01
4.940666666666666540e-01
4.949999999999999956e-01
5.006000000000000449e-01
4.893333333333333424e-01
4.957333333333333591e-01
4.905333333333333212e-01
4.908000000000000140e-01
4.983333333333333504e-01
4.946666666666666434e-01
4.922000000000000264e-01
4.957333333333333591e-01
4.953333333333333477e-01
5.019333333333333425e-01
4.953333333333333477e-01
4.969999999999999973e-01
4.996666666666666479e-01
5.018000000000000238e-01
4.993333333333333512e-01
4.986666666666666470e-01
4.962666666666666893e-01
4.984666666666666690e-01
4.995999999999999885e-01
4.975999999999999868e-01
4.989333333333333398e-01
4.978666666666666796e-01
4.967333333333333600e-01
4.959333333333333371e-01
5.000666666666666593e-01
4.965999999999999859e-01
4.960666666666666558e-01
4.974666666666666681e-01
4.968666666666666787e-01
4.995333333333333292e-01
5.029333333333333433e-01
4.982666666666666910e-01
4.968666666666666787e-01
5.001999999999999780e-01
4.974000000000000088e-01
4.985333333333333283e-01
4.969999999999999973e-01
4.993333333333333512e-01
4.991999999999999771e-01
5.013333333333332975e-01
5.008666666666666822e-01
4.994666666666666699e-01
5.017333333333333645e-01
5.010000000000000009e-01
4.998666666666666814e-01
5.014666666666666162e-01
5.025333333333333874e-01
5.042666666666666409e-01
5.008000000000000229e-01
5.031999999999999806e-01
5.013333333333332975e-01
5.050000000000000044e-01
5.023333333333332984e-01
5.031999999999999806e-01
5.018000000000000238e-01
5.021999999999999797e-01
5.023999999999999577e-01
5.056000000000000494e-01
5.023333333333332984e-01
5.015333333333333865e-01
5.022666666666666391e-01
5.040666666666666629e-01
5.046666666666667078e-01
5.041333333333333222e-01
5.031999999999999806e-01
5.060000000000000053e-01
5.057333333333333680e-01
5.013999999999999568e-01
5.024666666666666170e-01
5.031333333333333213e-01
5.061333333333333240e-01
5.060666666666666647e-01
5.072666666666666435e-01
5.052666666666666417e-01
5.048666666666666858e-01
5.071999999999999842e-01
5.037333333333333663e-01
5.052666666666666417e-01
5.063333333333333020e-01
5.046666666666667078e-01
5.053999999999999604e-01
5.047333333333333671e-01
5.030000000000000027e-01
5.053333333333333011e-01
5.055333333333332790e-01
5.066000000000000503e-01
5.053333333333333011e-01
5.068000000000000282e-01
5.118000000000000327e-01
5.057333333333333680e-01
5.051999999999999824e-01
5.050000000000000044e-01
5.036666666666667069e-01
5.063999999999999613e-01
5.066666666666667096e-01
5.052666666666666417e-01
5.070000000000000062e-01
5.067333333333333689e-01
5.066000000000000503e-01
5.106666666666667131e-01
5.049333333333333451e-01
5.068000000000000282e-01
5.066000000000000503e-01
5.062666666666666426e-01
5.061999999999999833e-01
5.051999999999999824e-01
5.060000000000000053e-01
5.044666666666666188e-01
5.067333333333333689e-01
5.016000000000000458e-01
5.096666666666667123e-01
5.094666666666666233e-01
5.053333333333333011e-01
5.093333333333333046e-01
5.093333333333333046e-01
5.078666666666666885e-01
5.142666666666666497e-01
5.117333333333333734e-01
5.086666666666667114e-01
5.085333333333332817e-01
5.114666666666666250e-01
5.058000000000000274e-01
5.110666666666666691e-01
5.093333333333333046e-01
5.075333333333332808e-01
5.103999999999999648e-01
5.093999999999999639e-01
5.104666666666666242e-01
5.096666666666667123e-01
5.096666666666667123e-01
5.106666666666667131e-01
5.125999999999999446e-01
5.111333333333333284e-01
5.118666666666666920e-01
5.096666666666667123e-01
5.083333333333333037e-01
5.126666666666667149e-01
5.089333333333333487e-01
5.101333333333333275e-01
5.106000000000000538e-01
5.096666666666667123e-01
5.109333333333333504e-01
5.097333333333333716e-01
5.099333333333333496e-01
5.101333333333333275e-01
5.113333333333333064e-01
5.128000000000000336e-01
5.123999999999999666e-01
5.074666666666666215e-01
5.103333333333333055e-01
5.116666666666667140e-01
5.116666666666667140e-01
5.136666666666667158e-01
5.144666666666666277e-01
5.116666666666667140e-01
5.141999999999999904e-01
5.105333333333332835e-01
5.132666666666666488e-01
5.126666666666667149e-01
5.116666666666667140e-01
5.163999999999999702e-01
5.144666666666666277e-01
5.123333333333333073e-01
5.126666666666667149e-01
5.147333333333333760e-01
5.116000000000000547e-01
5.143999999999999684e-01
5.137333333333333751e-01
5.141999999999999904e-01
5.127333333333333742e-01
5.116000000000000547e-01
5.140000000000000124e-01
5.142666666666666497e-01
5.160000000000000142e-01
5.175333333333332897e-01
5.179333333333333567e-01
5.188000000000000389e-01
5.148000000000000353e-01
5.139333333333333531e-01
5.145333333333332870e-01
5.120000000000000107e-01
5.153333333333333099e-01
5.107333333333333725e-01
5.115333333333332844e-01
5.134666666666666268e-01
5.156666666666667176e-01
5.136666666666667158e-01
5.184666666666666313e-01
5.183333333333333126e-01
5.160666666666666735e-01
5.168666666666666965e-01
5.174666666666666304e-01
5.159333333333333549e-01
5.150000000000000133e-01
5.120000000000000107e-01
5.159333333333333549e-01
5.178666666666666973e-01
5.180000000000000160e-01
5.161999999999999922e-01
5.161999999999999922e-01
5.132666666666666488e-01
5.163999999999999702e-01
5.184666666666666313e-01
5.170666666666666744e-01
5.137333333333333751e-01
5.167333333333333778e-01
5.211333333333333373e-01
5.184666666666666313e-01
5.153999999999999693e-01
5.165999999999999481e-01
5.176666666666667194e-01
5.193333333333333135e-01
5.186666666666667203e-01
5.109333333333333504e-01
5.235999999999999543e-01
5.188666666666666982e-01
5.185999999999999499e-01
5.188000000000000389e-01
5.149333333333333540e-01
5.196666666666667211e-01
5.206666666666667220e-01
5.196666666666667211e-01
5.163333333333333108e-01
5.185999999999999499e-01
5.212666666666666559e-01
5.170666666666666744e-01
5.164666666666666295e-01
5.218666666666667009e-01
5.167333333333333778e-01
5.177333333333333787e-01
5.220666666666666789e-01
5.199333333333333584e-01
5.156666666666667176e-01
5.192666666666666542e-01
5.245333333333332959e-01
5.206666666666667220e-01
5.211999999999999966e-01
5.145333333333332870e-01
5.201999999999999957e-01
5.196666666666667211e-01
5.183999999999999719e-01
5.231999999999999984e-01
5.201999999999999957e-01
5.210000000000000187e-01
5.192666666666666542e-01
5.203999999999999737e-01
5.180666666666666753e-01
5.203333333333333144e-01
5.198666666666666991e-01
5.228666666666667018e-01
5.245999999999999552e-01
5.211999999999999966e-01
5.219333333333333602e-01
5.198666666666666991e-01
5.197333333333333805e-01
5.190666666666666762e-01
5.194666666666666321e-01
5.178000000000000380e-01
5.213999999999999746e-01
5.246666666666666146e-01
5.227333333333333831e-01
5.223999999999999755e-01
5.188666666666666982e-01
5.208000000000000407e-01
5.216666666666666119e-01
5.213999999999999746e-01
5.229333333333333611e-01
5.163999999999999702e-01
5.210666666666666780e-01
5.221999999999999975e-01
5.211999999999999966e-01
5.218666666666667009e-01
5.235333333333332950e-01
5.211999999999999966e-01
5.225999999999999535e-01
5.190666666666666762e-01
5.255333333333332968e-01
5.223999999999999755e-01
5.220000000000000195e-01
5.234666666666666357e-01
5.214666666666666339e-01
5.211333333333333373e-01
5.196666666666667211e-01
5.205333333333332924e-01
5.198000000000000398e-01
5.214666666666666339e-01
5.224666666666666348e-01
5.247333333333333849e-01
5.287333333333333885e-01
5.232666666666666577e-01
5.215999999999999526e-01
5.203999999999999737e-01
5.203999999999999737e-01
5.257333333333333858e-01
5.223333333333333162e-01
5.233333333333333171e-01
5.265333333333332977e-01
5.246666666666666146e-01
5.232666666666666577e-01
5.214666666666666339e-01
5.254666666666666375e-01
5.233333333333333171e-01
5.221999999999999975e-01
5.240666666666666806e-01
5.253333333333333188e-01
5.255333333333332968e-01
5.243999999999999773e-01
5.248000000000000442e-01
5.266666666666666163e-01
5.228666666666667018e-01
5.240000000000000213e-01
5.265999999999999570e-01
5.279333333333333655e-01
5.254666666666666375e-01
5.243333333333333179e-01
5.242666666666666586e-01
5.257333333333333858e-01
5.271333333333333426e-01
5.255999999999999561e-01
5.278000000000000469e-01
5.260666666666666824e-01
5.243333333333333179e-01
5.299333333333333673e-01
5.262000000000000011e-01
5.229333333333333611e-01
5.273999999999999799e-01
5.286666666666666181e-01
5.263333333333333197e-01
5.250666666666666815e-01
5.267333333333333867e-01
5.302666666666666639e-01
5.250000000000000222e-01
5.265333333333332977e-01
5.288666666666667071e-01
5.264666666666666384e-01
5.292666666666666631e-01
5.242666666666666586e-01
5.277333333333333876e-01
5.310666666666666869e-01
5.282666666666666622e-01
5.272666666666666613e-01
5.289333333333333664e-01
5.280666666666666842e-01
5.275333333333332986e-01
5.256666666666666154e-01
5.299333333333333673e-01
5.281333333333333435e-01
5.281333333333333435e-01
5.315333333333333021e-01
5.313333333333333242e-01
5.252000000000000002e-01
5.248000000000000442e-01
5.270666666666666833e-01
5.293999999999999817e-01
5.280000000000000249e-01
5.320000000000000284e-01
5.333333333333333259e-01
5.319333333333333691e-01
5.303999999999999826e-01
5.253999999999999782e-01
5.302000000000000046e-01
5.270000000000000240e-01
5.302000000000000046e-01
5.289333333333333664e-01
5.292000000000000037e-01
