3.609333333333333282e-01
3.622666666666666813e-01
3.645999999999999797e-01
3.660666666666666513e-01
3.655333333333333212e-01
3.667333333333333556e-01
3.669333333333333336e-01
3.694666666666666655e-01
3.715999999999999859e-01
3.705999999999999850e-01
3.725999999999999868e-01
3.777333333333333099e-01
3.780000000000000027e-01
3.751333333333333186e-01
3.785333333333333328e-01
3.758666666666666822e-01
3.808000000000000274e-01
3.837999999999999745e-01
3.831999999999999851e-01
3.813333333333333575e-01
3.846666666666666567e-01
3.838666666666666893e-01
3.897999999999999798e-01
3.865333333333333399e-01
3.889333333333333531e-01
3.888666666666666938e-01
3.896000000000000019e-01
3.896000000000000019e-01
3.939333333333333576e-01
3.955333333333333479e-01
3.935333333333333461e-01
3.967333333333333267e-01
3.971999999999999975e-01
3.946000000000000063e-01
4.003999999999999782e-01
4.013999999999999790e-01
4.058666666666666534e-01
4.037333333333333329e-01
4.005333333333333523e-01
3.998666666666666480e-01
4.039333333333333109e-01
3.992666666666666586e-01
4.053999999999999826e-01
4.060666666666666869e-01
4.071333333333333471e-01
4.087999999999999967e-01
4.087999999999999967e-01
4.086666666666666781e-01
4.108666666666666578e-01
4.117999999999999994e-01
4.094666666666666455e-01
4.113999999999999879e-01
4.103999999999999870e-01
4.143999999999999906e-01
4.132666666666666710e-01
4.133333333333333304e-01
4.109999999999999765e-01
4.183333333333333348e-01
4.164666666666666517e-01
4.157333333333333436e-01
4.205999999999999739e-01
4.197333333333333472e-01
4.186000000000000276e-01
4.188000000000000056e-01
4.207333333333333480e-01
4.202666666666666773e-01
4.248000000000000109e-01
4.195999999999999730e-01
4.216666666666666896e-01
4.212666666666666782e-01
4.235333333333333172e-01
4.250666666666666482e-01
4.217333333333333489e-01
4.242666666666666808e-01
4.223999999999999977e-01
4.207333333333333480e-01
4.264666666666666606e-01
4.249333333333333296e-01
4.214666666666666561e-01
4.237333333333333507e-01
4.247333333333333516e-01
4.258666666666666711e-01
4.252666666666666817e-01
4.274666666666666615e-01
4.311333333333333129e-01
4.282666666666666844e-01
4.303333333333333455e-01
4.292000000000000259e-01
4.331333333333333147e-01
4.310666666666666536e-01
4.229999999999999871e-01
4.323333333333333472e-01
4.324666666666666659e-01
4.317333333333333578e-01
4.368666666666666809e-01
4.317333333333333578e-01
4.328000000000000180e-01
4.365999999999999881e-01
4.341333333333333155e-01
4.365999999999999881e-01
4.352666666666666906e-01
4.354000000000000092e-01
4.388000000000000234e-01
4.346666666666666456e-01
4.387333333333333085e-01
4.357333333333333059e-01
4.401333333333333209e-01
4.411999999999999811e-01
4.356666666666666465e-01
4.378000000000000225e-01
4.385999999999999899e-01
4.428666666666666862e-01
4.396666666666666501e-01
4.423333333333333561e-01
4.388000000000000234e-01
4.452666666666666440e-01
4.404000000000000137e-01
4.427333333333333121e-01
4.457999999999999741e-01
4.428000000000000269e-01
4.445999999999999952e-01
4.435333333333333350e-01
4.455333333333333368e-01
4.434000000000000163e-01
4.457333333333333147e-01
4.418666666666666853e-01
4.445333333333333359e-01
4.454666666666666774e-01
4.464000000000000190e-01
4.469333333333333491e-01
4.434000000000000163e-01
4.474000000000000199e-01
4.457333333333333147e-01
4.467333333333333156e-01
4.468666666666666898e-01
4.470000000000000084e-01
4.491333333333333289e-01
4.455333333333333368e-01
4.507333333333333192e-01
4.484666666666666801e-01
4.508666666666666933e-01
4.469333333333333491e-01
4.471333333333333271e-01
4.526000000000000023e-01
4.531333333333333324e-01
4.495999999999999996e-01
4.540666666666666740e-01
4.507333333333333192e-01
4.495333333333333403e-01
4.554666666666666863e-01
4.467333333333333156e-01
4.495333333333333403e-01
4.563999999999999724e-01
4.545333333333333448e-01
4.534666666666666845e-01
4.575333333333333474e-01
4.558666666666666423e-01
4.584666666666666890e-01
4.554000000000000270e-01
4.544000000000000261e-01
4.570000000000000173e-01
4.527999999999999803e-01
4.512666666666666493e-01
4.588666666666666449e-01
4.556666666666666643e-01
4.548666666666666414e-01
4.516666666666666607e-01
4.568666666666666432e-01
4.558666666666666423e-01
4.595333333333333492e-01
4.606666666666666687e-01
4.592666666666666564e-01
4.616666666666666696e-01
4.613333333333333175e-01
4.604666666666666908e-01
4.609333333333333060e-01
4.620000000000000218e-01
4.603333333333333166e-01
4.584666666666666890e-01
4.597999999999999865e-01
4.604666666666666908e-01
4.606000000000000094e-01
4.587333333333333263e-01
4.640666666666666829e-01
4.593999999999999750e-01
4.620000000000000218e-01
4.646000000000000130e-01
4.616000000000000103e-01
4.630666666666666820e-01
4.652666666666666617e-01
4.652000000000000024e-01
4.663333333333333219e-01
4.620666666666666811e-01
4.616000000000000103e-01
4.639333333333333087e-01
4.674666666666666415e-01
4.652000000000000024e-01
4.691333333333333466e-01
4.680666666666666864e-01
4.624666666666666925e-01
4.635333333333333528e-01
4.660666666666666846e-01
4.664666666666666406e-01
4.618666666666666476e-01
4.690666666666666873e-01
4.650000000000000244e-01
4.680000000000000271e-01
4.677333333333333343e-01
4.658666666666666512e-01
4.650666666666666837e-01
4.680666666666666864e-01
4.702666666666666662e-01
4.676000000000000156e-01
4.682666666666666644e-01
4.684666666666666424e-01
4.687999999999999945e-01
4.695333333333333581e-01
4.670000000000000262e-01
4.686666666666666758e-01
4.712000000000000077e-01
4.693999999999999839e-01
4.678666666666666529e-01
4.737333333333333396e-01
4.695333333333333581e-01
4.707333333333333369e-01
4.692000000000000060e-01
4.700666666666666882e-01
4.723999999999999866e-01
4.716000000000000192e-01
4.738666666666666583e-01
4.702666666666666662e-01
4.702666666666666662e-01
4.714666666666666450e-01
4.716000000000000192e-01
4.713333333333333264e-01
4.728666666666666574e-01
4.782666666666666733e-01
4.754666666666666486e-01
4.743333333333333290e-01
4.762000000000000122e-01
4.756000000000000227e-01
4.762666666666666715e-01
4.746000000000000218e-01
4.758000000000000007e-01
4.762666666666666715e-01
4.744666666666666477e-01
4.743333333333333290e-01
4.773999999999999910e-01
4.749999999999999778e-01
4.733999999999999875e-01
4.716666666666666785e-01
4.776666666666666838e-01
4.760666666666666935e-01
4.772666666666666724e-01
4.765333333333333088e-01
4.778000000000000025e-01
4.802000000000000157e-01
4.777333333333333432e-01
4.774666666666666504e-01
4.782000000000000139e-01
4.777333333333333432e-01
4.787333333333333441e-01
4.788666666666666627e-01
4.801333333333333564e-01
4.818666666666666654e-01
4.806000000000000272e-01
4.806666666666666865e-01
4.808000000000000052e-01
4.824666666666666548e-01
4.802666666666666750e-01
4.803999999999999937e-01
4.750666666666666926e-01
4.827333333333333476e-01
4.765333333333333088e-01
4.793333333333333335e-01
4.788666666666666627e-01
4.815333333333333132e-01
4.794666666666666521e-01
4.797333333333333449e-01
4.848000000000000087e-01
4.792666666666666742e-01
4.808666666666666645e-01
4.823333333333333361e-01
4.825333333333333141e-01
4.792666666666666742e-01
4.858666666666666689e-01
4.832000000000000184e-01
4.825333333333333141e-01
4.858000000000000096e-01
4.832666666666666777e-01
4.817333333333333467e-01
4.807333333333333458e-01
4.839333333333333265e-01
4.859999999999999876e-01
4.845333333333333159e-01
4.835999999999999743e-01
4.801333333333333564e-01
4.863333333333333397e-01
4.830666666666666442e-01
4.798000000000000043e-01
4.889999999999999902e-01
4.839999999999999858e-01
4.836666666666666892e-01
4.853333333333333388e-01
4.879333333333333300e-01
4.832000000000000184e-01
4.855333333333333168e-01
4.909333333333333327e-01
4.885999999999999788e-01
4.857333333333333503e-01
4.912666666666666848e-01
4.873333333333333406e-01
4.881333333333333080e-01
4.873999999999999999e-01
4.868000000000000105e-01
4.877333333333333520e-01
4.866666666666666918e-01
4.863999999999999990e-01
4.896666666666666390e-01
4.838666666666666671e-01
4.885999999999999788e-01
4.871333333333333071e-01
4.868666666666666698e-01
4.870666666666666478e-01
4.876666666666666927e-01
4.920666666666666522e-01
4.881333333333333080e-01
4.893333333333333424e-01
4.900666666666666504e-01
4.868666666666666698e-01
4.924666666666666637e-01
4.929999999999999938e-01
4.875333333333333186e-01
4.895999999999999797e-01
4.902666666666666839e-01
4.873333333333333406e-01
4.928666666666666751e-01
4.932000000000000273e-01
4.887333333333333529e-01
4.878666666666666707e-01
4.891333333333333089e-01
4.936666666666666425e-01
4.924000000000000044e-01
4.941333333333333133e-01
4.939333333333333353e-01
4.922666666666666857e-01
4.918666666666666742e-01
4.906666666666666399e-01
4.921333333333333115e-01
4.869333333333333291e-01
4.921333333333333115e-01
4.944666666666666655e-01
4.925999999999999823e-01
4.912666666666666848e-01
4.931333333333333124e-01
4.954666666666666663e-01
4.928000000000000158e-01
4.933333333333333459e-01
4.926666666666666416e-01
4.965333333333333266e-01
4.943333333333333468e-01
4.951999999999999735e-01
4.939999999999999947e-01
4.943333333333333468e-01
4.997333333333333072e-01
4.887333333333333529e-01
4.955999999999999850e-01
4.901333333333333098e-01
4.902000000000000246e-01
4.980666666666666575e-01
4.939333333333333353e-01
4.915333333333333221e-01
4.951999999999999735e-01
4.949999999999999956e-01
5.011999999999999789e-01
4.949333333333333362e-01
4.966666666666666452e-01
4.985999999999999877e-01
5.016000000000000458e-01
4.989999999999999991e-01
4.981999999999999762e-01
4.954000000000000070e-01
4.981999999999999762e-01
4.989999999999999991e-01
4.972666666666666901e-01
4.980666666666666575e-01
4.970666666666666567e-01
4.963333333333333486e-01
4.949999999999999956e-01
4.994666666666666699e-01
4.960666666666666558e-01
4.954666666666666663e-01
4.964666666666666672e-01
4.956666666666666443e-01
4.991333333333333178e-01
5.021999999999999797e-01
4.978666666666666796e-01
4.959999999999999964e-01
4.994000000000000106e-01
4.963333333333333486e-01
4.979333333333333389e-01
4.961999999999999744e-01
4.985999999999999877e-01
4.984000000000000097e-01
5.005333333333333856e-01
5.002666666666666373e-01
4.988000000000000211e-01
5.010666666666666602e-01
5.003999999999999559e-01
4.989999999999999991e-01
5.012666666666666382e-01
5.019333333333333425e-01
5.040000000000000036e-01
5.001333333333333186e-01
5.020666666666666611e-01
5.004666666666666153e-01
5.040000000000000036e-01
5.010666666666666602e-01
5.023999999999999577e-01
5.013333333333332975e-01
5.011333333333333195e-01
5.017333333333333645e-01
5.050000000000000044e-01
5.021999999999999797e-01
5.011999999999999789e-01
5.013999999999999568e-01
5.032666666666666400e-01
5.045333333333332781e-01
5.036666666666667069e-01
5.023999999999999577e-01
5.051999999999999824e-01
5.052666666666666417e-01
5.006000000000000449e-01
5.013999999999999568e-01
5.021999999999999797e-01
5.052666666666666417e-01
5.058000000000000274e-01
5.065333333333332799e-01
5.050000000000000044e-01
5.045333333333332781e-01
5.066666666666667096e-01
5.033333333333332993e-01
5.050666666666666638e-01
5.059333333333333460e-01
5.041999999999999815e-01
5.050000000000000044e-01
5.043999999999999595e-01
5.026000000000000467e-01
5.048000000000000265e-01
5.051999999999999824e-01
5.061999999999999833e-01
5.046000000000000485e-01
5.058000000000000274e-01
5.108666666666666911e-01
5.046666666666667078e-01
5.046000000000000485e-01
5.044666666666666188e-01
5.036000000000000476e-01
5.059333333333333460e-01
5.065333333333332799e-01
5.045333333333332781e-01
5.063999999999999613e-01
5.060666666666666647e-01
5.060666666666666647e-01
5.098000000000000309e-01
5.043333333333333002e-01
5.064666666666666206e-01
5.060000000000000053e-01
5.056000000000000494e-01
5.059333333333333460e-01
5.044666666666666188e-01
5.053999999999999604e-01
5.044666666666666188e-01
5.067333333333333689e-01
5.015333333333333865e-01
5.096000000000000529e-01
5.083999999999999631e-01
5.048000000000000265e-01
5.088666666666666893e-01
5.088666666666666893e-01
5.075333333333332808e-01
5.136666666666667158e-01
5.110000000000000098e-01
5.080000000000000071e-01
5.073333333333333028e-01
5.113999999999999657e-01
5.056666666666667087e-01
5.103999999999999648e-01
5.088000000000000300e-01
5.064666666666666206e-01
5.103333333333333055e-01
5.091999999999999860e-01
5.100000000000000089e-01
5.095333333333332826e-01
5.091333333333333266e-01
5.102666666666666462e-01
5.118666666666666920e-01
5.105333333333332835e-01
5.113999999999999657e-01
5.091999999999999860e-01
5.073999999999999622e-01
5.116000000000000547e-01
5.081333333333333258e-01
5.093999999999999639e-01
5.097333333333333716e-01
5.090000000000000080e-01
5.103999999999999648e-01
5.093333333333333046e-01
5.094666666666666233e-01
5.093999999999999639e-01
5.110666666666666691e-01
5.118000000000000327e-01
5.116666666666667140e-01
5.070666666666666655e-01
5.100000000000000089e-01
5.111999999999999877e-01
5.113333333333333064e-01
5.138000000000000345e-01
5.134666666666666268e-01
5.112666666666666471e-01
5.140666666666666718e-01
5.098000000000000309e-01
5.130000000000000115e-01
5.120000000000000107e-01
5.111333333333333284e-01
5.159333333333333549e-01
5.140666666666666718e-01
5.116000000000000547e-01
5.121999999999999886e-01
5.141999999999999904e-01
5.111333333333333284e-01
5.144666666666666277e-01
5.137333333333333751e-01
5.132666666666666488e-01
5.120000000000000107e-01
5.108000000000000318e-01
5.130666666666666709e-01
5.131999999999999895e-01
5.157333333333333769e-01
5.170000000000000151e-01
5.177333333333333787e-01
5.184666666666666313e-01
5.139333333333333531e-01
5.135333333333332861e-01
5.138666666666666938e-01
5.115333333333332844e-01
5.148666666666666947e-01
5.102666666666666462e-01
5.110000000000000098e-01
5.131333333333333302e-01
5.154666666666666286e-01
5.130000000000000115e-01
5.174666666666666304e-01
5.176666666666667194e-01
5.157333333333333769e-01
5.161999999999999922e-01
5.165333333333332888e-01
5.158666666666666956e-01
5.143999999999999684e-01
5.112666666666666471e-01
5.158666666666666956e-01
5.175333333333332897e-01
5.177333333333333787e-01
5.159333333333333549e-01
5.156666666666667176e-01
5.128666666666666929e-01
5.159333333333333549e-01
5.180666666666666753e-01
5.163999999999999702e-01
5.131999999999999895e-01
5.159333333333333549e-01
5.208666666666667000e-01
5.183999999999999719e-01
5.152666666666666506e-01
5.162666666666666515e-01
5.171333333333333337e-01
5.189333333333333576e-01
5.185333333333332906e-01
5.105333333333332835e-01
5.230000000000000204e-01
5.188000000000000389e-01
5.181333333333333346e-01
5.181333333333333346e-01
5.145333333333332870e-01
5.193999999999999728e-01
5.200666666666666771e-01
5.195999999999999508e-01
5.163333333333333108e-01
5.181333333333333346e-01
5.207333333333333814e-01
5.171333333333333337e-01
5.158000000000000362e-01
5.211999999999999966e-01
5.158000000000000362e-01
5.168666666666666965e-01
5.215999999999999526e-01
5.193999999999999728e-01
5.150000000000000133e-01
5.188666666666666982e-01
5.233999999999999764e-01
5.200666666666666771e-01
5.207333333333333814e-01
5.136666666666667158e-01
5.200000000000000178e-01
5.196666666666667211e-01
5.181333333333333346e-01
5.228000000000000425e-01
5.196666666666667211e-01
5.208666666666667000e-01
5.184666666666666313e-01
5.195333333333332915e-01
5.176666666666667194e-01
5.200000000000000178e-01
5.191999999999999948e-01
5.222666666666666568e-01
5.235333333333332950e-01
5.208666666666667000e-01
5.211999999999999966e-01
5.198666666666666991e-01
5.187333333333333796e-01
5.182666666666666533e-01
5.193999999999999728e-01
5.172666666666666524e-01
5.210000000000000187e-01
5.237333333333333840e-01
5.221333333333333382e-01
5.218666666666667009e-01
5.188000000000000389e-01
5.203999999999999737e-01
5.212666666666666559e-01
5.207333333333333814e-01
5.222666666666666568e-01
5.158666666666666956e-01
5.205333333333332924e-01
5.215333333333332932e-01
5.213333333333333153e-01
5.212666666666666559e-01
5.230666666666666798e-01
5.204666666666666330e-01
5.221333333333333382e-01
5.187333333333333796e-01
5.253333333333333188e-01
5.216666666666666119e-01
5.210000000000000187e-01
5.224666666666666348e-01
5.208000000000000407e-01
5.206666666666667220e-01
5.193333333333333135e-01
5.197333333333333805e-01
5.198000000000000398e-01
5.207333333333333814e-01
5.220666666666666789e-01
5.242666666666666586e-01
5.283999999999999808e-01
5.228000000000000425e-01
5.215999999999999526e-01
5.203333333333333144e-01
5.198000000000000398e-01
5.254666666666666375e-01
5.221999999999999975e-01
5.228666666666667018e-01
5.256666666666666154e-01
5.241333333333333400e-01
5.226666666666666128e-01
5.210000000000000187e-01
5.245999999999999552e-01
5.228666666666667018e-01
5.215999999999999526e-01
5.232666666666666577e-01
5.247333333333333849e-01
5.245999999999999552e-01
5.238000000000000433e-01
5.241333333333333400e-01
5.263333333333333197e-01
5.221999999999999975e-01
5.235333333333332950e-01
5.257333333333333858e-01
5.269333333333333647e-01
5.248666666666667036e-01
5.235999999999999543e-01
5.233333333333333171e-01
5.250000000000000222e-01
5.268666666666667053e-01
5.247333333333333849e-01
5.265999999999999570e-01
5.259333333333333638e-01
5.235333333333332950e-01
5.294666666666666410e-01
5.257333333333333858e-01
5.223999999999999755e-01
5.269333333333333647e-01
5.282666666666666622e-01
5.253999999999999782e-01
5.248000000000000442e-01
5.262000000000000011e-01
5.299333333333333673e-01
5.248000000000000442e-01
5.259333333333333638e-01
5.277333333333333876e-01
5.257333333333333858e-01
5.283999999999999808e-01
5.238000000000000433e-01
5.270000000000000240e-01
5.305333333333333012e-01
5.281333333333333435e-01
5.266666666666666163e-01
5.281333333333333435e-01
5.274666666666666393e-01
5.271333333333333426e-01
5.249333333333333629e-01
5.295333333333333004e-01
5.280666666666666842e-01
5.275333333333332986e-01
5.306666666666666199e-01
5.304666666666666419e-01
5.241333333333333400e-01
5.239333333333333620e-01
5.262666666666666604e-01
5.288000000000000478e-01
5.277333333333333876e-01
5.308666666666667089e-01
5.326666666666666217e-01
5.313333333333333242e-01
5.295333333333333004e-01
5.247333333333333849e-01
5.295333333333333004e-01
5.260666666666666824e-01
5.293999999999999817e-01
5.283333333333333215e-01
5.287333333333333885e-01
