3.841999999999999860e-01
3.824000000000000177e-01
3.851999999999999869e-01
3.843333333333333601e-01
3.843333333333333601e-01
3.867333333333333178e-01
3.869333333333333513e-01
3.879333333333333522e-01
3.904000000000000248e-01
3.868666666666666920e-01
3.891999999999999904e-01
3.928666666666666418e-01
3.920666666666666744e-01
3.906666666666666621e-01
3.953333333333333144e-01
3.910666666666666735e-01
3.951999999999999957e-01
3.987999999999999878e-01
3.963999999999999746e-01
3.967333333333333267e-01
3.986000000000000099e-01
3.960000000000000187e-01
4.019333333333333091e-01
3.995333333333333514e-01
4.010000000000000231e-01
4.006666666666666710e-01
3.998666666666666480e-01
4.016666666666666718e-01
4.056666666666666754e-01
4.063333333333333242e-01
4.052000000000000046e-01
4.067333333333333356e-01
4.059333333333333127e-01
4.041333333333333444e-01
4.102666666666666684e-01
4.110666666666666913e-01
4.148666666666666614e-01
4.134666666666666490e-01
4.087999999999999967e-01
4.095333333333333603e-01
4.128000000000000003e-01
4.089999999999999747e-01
4.149999999999999800e-01
4.133333333333333304e-01
4.151333333333333542e-01
4.164666666666666517e-01
4.166666666666666852e-01
4.156000000000000250e-01
4.171333333333333560e-01
4.186666666666666869e-01
4.176000000000000267e-01
4.193333333333333357e-01
4.172000000000000153e-01
4.222666666666666790e-01
4.201333333333333586e-01
4.193999999999999950e-01
4.180666666666666420e-01
4.237333333333333507e-01
4.242666666666666808e-01
4.230666666666666464e-01
4.268666666666666720e-01
4.268666666666666720e-01
4.256666666666666932e-01
4.247333333333333516e-01
4.269333333333333313e-01
4.268666666666666720e-01
4.301333333333333120e-01
4.249999999999999889e-01
4.262000000000000233e-01
4.275333333333333208e-01
4.293333333333333446e-01
4.308000000000000163e-01
4.272666666666666835e-01
4.288000000000000145e-01
4.287333333333333552e-01
4.251333333333333075e-01
4.316666666666666430e-01
4.298666666666666747e-01
4.255333333333333190e-01
4.303333333333333455e-01
4.309333333333333349e-01
4.323333333333333472e-01
4.310666666666666536e-01
4.324000000000000066e-01
4.364000000000000101e-01
4.324000000000000066e-01
4.338666666666666782e-01
4.343333333333333490e-01
4.381999999999999784e-01
4.349999999999999978e-01
4.283333333333333437e-01
4.376666666666666483e-01
4.361999999999999766e-01
4.360666666666666580e-01
4.402666666666666395e-01
4.358666666666666800e-01
4.361999999999999766e-01
4.405333333333333323e-01
4.380666666666666598e-01
4.405333333333333323e-01
4.394000000000000128e-01
4.398666666666666836e-01
4.415999999999999925e-01
4.383333333333333526e-01
4.425333333333333341e-01
4.390666666666666607e-01
4.431333333333333235e-01
4.446666666666666545e-01
4.401999999999999802e-01
4.424666666666666748e-01
4.431333333333333235e-01
4.451333333333333253e-01
4.424666666666666748e-01
4.452666666666666440e-01
4.434000000000000163e-01
4.485333333333333394e-01
4.446666666666666545e-01
4.467333333333333156e-01
4.492666666666666475e-01
4.465999999999999970e-01
4.483333333333333059e-01
4.483333333333333059e-01
4.494000000000000217e-01
4.466666666666666563e-01
4.494666666666666810e-01
4.459333333333333482e-01
4.477333333333333165e-01
4.491999999999999882e-01
4.497999999999999776e-01
4.507333333333333192e-01
4.477333333333333165e-01
4.511999999999999900e-01
4.500000000000000111e-01
4.507333333333333192e-01
4.511333333333333306e-01
4.505333333333333412e-01
4.523333333333333095e-01
4.498666666666666925e-01
4.547999999999999821e-01
4.520666666666666722e-01
4.541333333333333333e-01
4.500666666666666704e-01
4.504000000000000226e-01
4.566000000000000059e-01
4.571999999999999953e-01
4.533333333333333104e-01
4.570666666666666766e-01
4.534000000000000252e-01
4.533333333333333104e-01
4.582666666666666555e-01
4.494666666666666810e-01
4.536666666666666625e-01
4.600000000000000200e-01
4.576000000000000068e-01
4.573999999999999733e-01
4.600000000000000200e-01
4.601333333333333386e-01
4.622666666666666591e-01
4.579333333333333589e-01
4.581999999999999962e-01
4.611999999999999988e-01
4.564666666666666872e-01
4.554666666666666863e-01
4.621333333333333404e-01
4.581999999999999962e-01
4.586666666666666670e-01
4.549333333333333562e-01
4.601999999999999980e-01
4.580666666666666775e-01
4.620666666666666811e-01
4.638666666666666494e-01
4.630000000000000226e-01
4.642000000000000015e-01
4.646000000000000130e-01
4.632000000000000006e-01
4.635333333333333528e-01
4.645333333333333536e-01
4.633333333333333193e-01
4.617333333333333290e-01
4.627333333333333298e-01
4.637999999999999901e-01
4.638666666666666494e-01
4.623333333333333184e-01
4.664666666666666406e-01
4.630000000000000226e-01
4.638666666666666494e-01
4.663333333333333219e-01
4.650000000000000244e-01
4.650666666666666837e-01
4.683999999999999830e-01
4.680666666666666864e-01
4.684666666666666424e-01
4.648666666666666503e-01
4.632666666666666599e-01
4.668666666666666520e-01
4.699999999999999734e-01
4.670000000000000262e-01
4.705333333333333590e-01
4.717999999999999972e-01
4.650000000000000244e-01
4.673999999999999821e-01
4.687999999999999945e-01
4.695333333333333581e-01
4.643999999999999795e-01
4.717999999999999972e-01
4.680000000000000271e-01
4.707999999999999963e-01
4.704666666666666441e-01
4.677999999999999936e-01
4.674666666666666415e-01
4.694666666666666432e-01
4.737333333333333396e-01
4.696000000000000174e-01
4.712666666666666671e-01
4.707999999999999963e-01
4.712666666666666671e-01
4.726000000000000201e-01
4.695333333333333581e-01
4.722000000000000086e-01
4.743333333333333290e-01
4.720666666666666900e-01
4.696666666666666767e-01
4.766000000000000236e-01
4.727999999999999980e-01
4.732000000000000095e-01
4.713999999999999857e-01
4.729999999999999760e-01
4.746666666666666812e-01
4.746000000000000218e-01
4.764666666666666495e-01
4.727999999999999980e-01
4.732666666666666688e-01
4.733999999999999875e-01
4.732000000000000095e-01
4.728666666666666574e-01
4.754666666666666486e-01
4.802000000000000157e-01
4.783333333333333326e-01
4.759999999999999787e-01
4.772666666666666724e-01
4.780666666666666398e-01
4.787333333333333441e-01
4.766666666666666829e-01
4.784666666666666512e-01
4.785333333333333106e-01
4.776000000000000245e-01
4.768666666666666609e-01
4.789999999999999813e-01
4.768666666666666609e-01
4.757333333333333414e-01
4.742666666666666697e-01
4.802000000000000157e-01
4.782666666666666733e-01
4.803333333333333344e-01
4.782666666666666733e-01
4.795333333333333115e-01
4.826666666666666883e-01
4.792666666666666742e-01
4.800666666666666416e-01
4.802000000000000157e-01
4.798666666666666636e-01
4.815999999999999726e-01
4.809333333333333238e-01
4.819333333333333247e-01
4.837333333333333485e-01
4.825333333333333141e-01
4.828000000000000069e-01
4.830666666666666442e-01
4.846666666666666901e-01
4.832000000000000184e-01
4.829333333333333256e-01
4.778666666666666618e-01
4.846666666666666901e-01
4.784666666666666512e-01
4.819333333333333247e-01
4.807333333333333458e-01
4.843333333333333379e-01
4.819333333333333247e-01
4.821333333333333582e-01
4.873999999999999999e-01
4.814666666666666539e-01
4.837333333333333485e-01
4.837333333333333485e-01
4.855333333333333168e-01
4.818000000000000060e-01
4.884000000000000008e-01
4.857333333333333503e-01
4.855333333333333168e-01
4.879999999999999893e-01
4.850666666666666460e-01
4.842666666666666786e-01
4.829999999999999849e-01
4.859333333333333282e-01
4.885999999999999788e-01
4.870666666666666478e-01
4.862000000000000210e-01
4.821333333333333582e-01
4.884666666666666601e-01
4.851333333333333608e-01
4.832000000000000184e-01
4.910666666666666513e-01
4.870666666666666478e-01
4.864666666666666583e-01
4.875999999999999779e-01
4.898000000000000131e-01
4.844666666666666566e-01
4.875999999999999779e-01
4.929999999999999938e-01
4.907333333333333547e-01
4.878000000000000114e-01
4.925333333333333230e-01
4.902666666666666839e-01
4.903333333333333433e-01
4.895333333333333203e-01
4.889333333333333309e-01
4.898000000000000131e-01
4.898000000000000131e-01
4.894666666666666610e-01
4.917333333333333556e-01
4.870666666666666478e-01
4.911333333333333107e-01
4.895333333333333203e-01
4.899999999999999911e-01
4.898000000000000131e-01
4.900666666666666504e-01
4.948666666666666769e-01
4.908000000000000140e-01
4.905999999999999805e-01
4.919999999999999929e-01
4.898000000000000131e-01
4.944666666666666655e-01
4.946666666666666434e-01
4.885333333333333194e-01
4.912666666666666848e-01
4.924666666666666637e-01
4.895999999999999797e-01
4.949333333333333362e-01
4.948666666666666769e-01
4.906666666666666399e-01
4.900666666666666504e-01
4.910666666666666513e-01
4.955333333333333257e-01
4.950666666666666549e-01
4.961333333333333151e-01
4.955999999999999850e-01
4.942666666666666875e-01
4.938666666666666760e-01
4.925999999999999823e-01
4.938000000000000167e-01
4.887333333333333529e-01
4.942666666666666875e-01
4.966666666666666452e-01
4.946666666666666434e-01
4.926666666666666416e-01
4.948666666666666769e-01
4.976666666666666461e-01
4.945999999999999841e-01
4.953333333333333477e-01
4.945333333333333248e-01
4.985333333333333283e-01
4.968000000000000194e-01
4.963333333333333486e-01
4.954000000000000070e-01
4.964666666666666672e-01
5.017333333333333645e-01
4.908000000000000140e-01
4.968000000000000194e-01
4.910666666666666513e-01
4.917333333333333556e-01
4.986666666666666470e-01
4.958000000000000185e-01
4.933333333333333459e-01
4.965333333333333266e-01
4.964666666666666672e-01
5.026666666666667060e-01
4.960666666666666558e-01
4.985999999999999877e-01
5.003333333333332966e-01
5.026666666666667060e-01
5.011999999999999789e-01
5.000000000000000000e-01
4.972666666666666901e-01
4.998000000000000220e-01
5.006666666666667043e-01
4.987333333333333063e-01
5.002666666666666373e-01
4.989333333333333398e-01
4.977333333333333609e-01
4.970666666666666567e-01
5.014666666666666162e-01
4.984000000000000097e-01
4.974666666666666681e-01
4.989333333333333398e-01
4.975999999999999868e-01
5.013999999999999568e-01
5.044666666666666188e-01
4.995333333333333292e-01
4.980666666666666575e-01
5.014666666666666162e-01
4.985333333333333283e-01
4.999333333333333407e-01
4.989333333333333398e-01
5.010666666666666602e-01
5.003999999999999559e-01
5.028000000000000247e-01
5.016666666666667052e-01
5.001999999999999780e-01
5.028666666666666840e-01
5.016000000000000458e-01
5.006666666666667043e-01
5.029333333333333433e-01
5.031999999999999806e-01
5.051999999999999824e-01
5.011333333333333195e-01
5.041333333333333222e-01
5.022666666666666391e-01
5.058666666666666867e-01
5.024666666666666170e-01
5.043999999999999595e-01
5.026000000000000467e-01
5.030666666666666620e-01
5.036000000000000476e-01
5.066666666666667096e-01
5.043999999999999595e-01
5.026000000000000467e-01
5.035333333333333883e-01
5.047333333333333671e-01
5.063333333333333020e-01
5.048000000000000265e-01
5.040666666666666629e-01
5.070000000000000062e-01
5.065333333333332799e-01
5.021999999999999797e-01
5.041333333333333222e-01
5.045333333333332781e-01
5.066666666666667096e-01
5.062666666666666426e-01
5.078666666666666885e-01
5.061999999999999833e-01
5.056666666666667087e-01
5.075333333333332808e-01
5.045333333333332781e-01
5.061333333333333240e-01
5.071999999999999842e-01
5.053999999999999604e-01
5.067333333333333689e-01
5.054666666666666197e-01
5.041999999999999815e-01
5.063999999999999613e-01
5.064666666666666206e-01
5.076666666666667105e-01
5.067333333333333689e-01
5.087333333333333707e-01
5.130000000000000115e-01
5.066666666666667096e-01
5.066666666666667096e-01
5.058000000000000274e-01
5.063333333333333020e-01
5.073999999999999622e-01
5.073999999999999622e-01
5.070000000000000062e-01
5.078666666666666885e-01
5.073333333333333028e-01
5.074666666666666215e-01
5.112666666666666471e-01
5.057333333333333680e-01
5.080000000000000071e-01
5.074666666666666215e-01
5.071333333333333249e-01
5.073999999999999622e-01
5.060000000000000053e-01
5.077333333333333698e-01
5.061333333333333240e-01
5.076666666666667105e-01
5.028000000000000247e-01
5.108666666666666911e-01
5.097333333333333716e-01
5.061333333333333240e-01
5.105333333333332835e-01
5.108666666666666911e-01
5.089333333333333487e-01
5.147333333333333760e-01
5.128000000000000336e-01
5.099333333333333496e-01
5.093999999999999639e-01
5.123999999999999666e-01
5.070000000000000062e-01
5.118000000000000327e-01
5.103999999999999648e-01
5.081999999999999851e-01
5.110666666666666691e-01
5.107333333333333725e-01
5.117333333333333734e-01
5.096000000000000529e-01
5.103333333333333055e-01
5.112666666666666471e-01
5.133333333333333082e-01
5.113333333333333064e-01
5.134666666666666268e-01
5.105333333333332835e-01
5.095333333333332826e-01
5.135999999999999455e-01
5.101999999999999869e-01
5.110666666666666691e-01
5.121333333333333293e-01
5.111333333333333284e-01
5.122666666666666480e-01
5.106000000000000538e-01
5.110666666666666691e-01
5.108666666666666911e-01
5.120666666666666700e-01
5.133999999999999675e-01
5.128666666666666929e-01
5.083333333333333037e-01
5.110666666666666691e-01
5.130000000000000115e-01
5.125999999999999446e-01
5.151333333333333320e-01
5.156666666666667176e-01
5.121999999999999886e-01
5.139333333333333531e-01
5.116000000000000547e-01
5.141999999999999904e-01
5.137333333333333751e-01
5.128000000000000336e-01
5.173333333333333117e-01
5.153999999999999693e-01
5.130000000000000115e-01
5.132666666666666488e-01
5.156666666666667176e-01
5.133999999999999675e-01
5.151333333333333320e-01
5.148000000000000353e-01
5.151999999999999913e-01
5.134666666666666268e-01
5.120000000000000107e-01
5.143999999999999684e-01
5.147333333333333760e-01
5.170666666666666744e-01
5.178666666666666973e-01
5.187333333333333796e-01
5.189333333333333576e-01
5.154666666666666286e-01
5.150666666666666726e-01
5.153999999999999693e-01
5.128000000000000336e-01
5.157333333333333769e-01
5.118666666666666920e-01
5.121999999999999886e-01
5.145333333333332870e-01
5.160666666666666735e-01
5.145333333333332870e-01
5.198666666666666991e-01
5.185333333333332906e-01
5.170666666666666744e-01
5.180000000000000160e-01
5.185999999999999499e-01
5.170000000000000151e-01
5.158666666666666956e-01
5.127333333333333742e-01
5.173999999999999710e-01
5.187333333333333796e-01
5.183999999999999719e-01
5.166666666666667185e-01
5.170000000000000151e-01
5.145999999999999464e-01
5.168666666666666965e-01
5.188000000000000389e-01
5.174666666666666304e-01
5.145999999999999464e-01
5.175999999999999490e-01
5.218000000000000416e-01
5.194666666666666321e-01
5.163333333333333108e-01
5.173333333333333117e-01
5.183999999999999719e-01
5.198666666666666991e-01
5.193333333333333135e-01
5.116666666666667140e-01
5.243333333333333179e-01
5.198000000000000398e-01
5.194666666666666321e-01
5.198666666666666991e-01
5.166666666666667185e-01
5.201333333333333364e-01
5.216666666666666119e-01
5.204666666666666330e-01
5.174666666666666304e-01
5.195333333333332915e-01
5.225333333333332941e-01
5.185999999999999499e-01
5.179333333333333567e-01
5.233333333333333171e-01
5.177333333333333787e-01
5.188000000000000389e-01
5.227333333333333831e-01
5.211333333333333373e-01
5.169333333333333558e-01
5.202666666666666551e-01
5.256666666666666154e-01
5.213999999999999746e-01
5.216666666666666119e-01
5.157333333333333769e-01
5.221999999999999975e-01
5.200666666666666771e-01
5.197333333333333805e-01
5.241999999999999993e-01
5.217333333333333822e-01
5.218666666666667009e-01
5.201333333333333364e-01
5.223999999999999755e-01
5.189333333333333576e-01
5.208666666666667000e-01
5.202666666666666551e-01
5.237333333333333840e-01
5.253333333333333188e-01
5.220666666666666789e-01
5.225999999999999535e-01
5.210000000000000187e-01
5.207333333333333814e-01
5.205999999999999517e-01
5.208000000000000407e-01
5.192666666666666542e-01
5.221333333333333382e-01
5.252000000000000002e-01
5.241999999999999993e-01
5.236666666666666137e-01
5.199333333333333584e-01
5.223333333333333162e-01
5.222666666666666568e-01
5.221999999999999975e-01
5.243999999999999773e-01
5.168666666666666965e-01
5.221333333333333382e-01
5.230000000000000204e-01
5.226666666666666128e-01
5.232666666666666577e-01
5.241999999999999993e-01
5.226666666666666128e-01
5.238000000000000433e-01
5.201333333333333364e-01
5.265999999999999570e-01
5.231999999999999984e-01
5.228666666666667018e-01
5.244666666666666366e-01
5.221333333333333382e-01
5.222666666666666568e-01
5.210000000000000187e-01
5.219333333333333602e-01
5.208000000000000407e-01
5.228666666666667018e-01
5.231333333333333391e-01
5.253333333333333188e-01
5.295999999999999597e-01
5.238000000000000433e-01
5.224666666666666348e-01
5.211999999999999966e-01
5.217333333333333822e-01
5.268666666666667053e-01
5.235999999999999543e-01
5.244666666666666366e-01
5.278000000000000469e-01
5.258666666666667044e-01
5.250000000000000222e-01
5.228666666666667018e-01
5.264666666666666384e-01
5.248000000000000442e-01
5.234666666666666357e-01
5.250000000000000222e-01
5.263333333333333197e-01
5.273333333333333206e-01
5.253333333333333188e-01
5.265999999999999570e-01
5.275999999999999579e-01
5.243999999999999773e-01
5.254666666666666375e-01
5.278666666666667062e-01
5.289333333333333664e-01
5.260666666666666824e-01
5.255333333333332968e-01
5.257333333333333858e-01
5.263999999999999790e-01
5.282000000000000028e-01
5.270000000000000240e-01
5.283999999999999808e-01
5.277333333333333876e-01
5.250000000000000222e-01
5.305333333333333012e-01
5.270666666666666833e-01
5.236666666666666137e-01
5.289333333333333664e-01
5.299333333333333673e-01
5.275333333333332986e-01
5.265999999999999570e-01
5.283333333333333215e-01
5.309333333333333682e-01
5.262666666666666604e-01
5.268000000000000460e-01
5.285333333333332995e-01
5.272666666666666613e-01
5.303999999999999826e-01
5.255999999999999561e-01
5.285333333333332995e-01
5.325999999999999623e-01
5.291333333333333444e-01
5.280000000000000249e-01
5.299333333333333673e-01
5.292666666666666631e-01
5.286666666666666181e-01
5.264666666666666384e-01
5.317333333333332801e-01
5.299333333333333673e-01
5.295999999999999597e-01
5.323999999999999844e-01
5.325999999999999623e-01
5.269333333333333647e-01
5.258000000000000451e-01
5.283999999999999808e-01
5.307333333333332792e-01
5.295999999999999597e-01
5.329333333333333700e-01
5.343999999999999861e-01
5.326666666666666217e-01
5.318666666666667098e-01
5.270000000000000240e-01
5.314666666666666428e-01
5.278666666666667062e-01
5.305999999999999606e-01
5.306666666666666199e-01
5.305333333333333012e-01
