3.827333333333333143e-01
3.808666666666666867e-01
3.835333333333333372e-01
3.832666666666666444e-01
3.839333333333333487e-01
3.855333333333333390e-01
3.861999999999999877e-01
3.864666666666666806e-01
3.894666666666666832e-01
3.861999999999999877e-01
3.883333333333333082e-01
3.919333333333333558e-01
3.912666666666666515e-01
3.898666666666666392e-01
3.943333333333333135e-01
3.901333333333333320e-01
3.946666666666666656e-01
3.977999999999999869e-01
3.955333333333333479e-01
3.957333333333333258e-01
3.975333333333333496e-01
3.954666666666666885e-01
4.012666666666666604e-01
3.987999999999999878e-01
4.001333333333333409e-01
4.002000000000000002e-01
3.991999999999999993e-01
4.012000000000000011e-01
4.049333333333333118e-01
4.052666666666666639e-01
4.047999999999999932e-01
4.062000000000000055e-01
4.050666666666666860e-01
4.042666666666666631e-01
4.099333333333333163e-01
4.099999999999999756e-01
4.146000000000000241e-01
4.128000000000000003e-01
4.084666666666666446e-01
4.087999999999999967e-01
4.119999999999999774e-01
4.083333333333333259e-01
4.142000000000000126e-01
4.131333333333333524e-01
4.146666666666666834e-01
4.159333333333333216e-01
4.161333333333333551e-01
4.149999999999999800e-01
4.168000000000000038e-01
4.183333333333333348e-01
4.176000000000000267e-01
4.188666666666666649e-01
4.169333333333333225e-01
4.218666666666666676e-01
4.195999999999999730e-01
4.189333333333333242e-01
4.176666666666666861e-01
4.232666666666666799e-01
4.235999999999999766e-01
4.224666666666666570e-01
4.265999999999999792e-01
4.265333333333333199e-01
4.252666666666666817e-01
4.242000000000000215e-01
4.262000000000000233e-01
4.265333333333333199e-01
4.297333333333333560e-01
4.249999999999999889e-01
4.261333333333333084e-01
4.272666666666666835e-01
4.292666666666666853e-01
4.305999999999999828e-01
4.268666666666666720e-01
4.282666666666666844e-01
4.285333333333333217e-01
4.248666666666666702e-01
4.312666666666666870e-01
4.293333333333333446e-01
4.253333333333333410e-01
4.298666666666666747e-01
4.302666666666666861e-01
4.318000000000000171e-01
4.306666666666666421e-01
4.322666666666666879e-01
4.359999999999999987e-01
4.322666666666666879e-01
4.338000000000000189e-01
4.343333333333333490e-01
4.381999999999999784e-01
4.347333333333333605e-01
4.281333333333333102e-01
4.370666666666666589e-01
4.360666666666666580e-01
4.358000000000000207e-01
4.400666666666666615e-01
4.358666666666666800e-01
4.358000000000000207e-01
4.399333333333333429e-01
4.377333333333333076e-01
4.404000000000000137e-01
4.391999999999999793e-01
4.397333333333333094e-01
4.417333333333333112e-01
4.384000000000000119e-01
4.420666666666666633e-01
4.389333333333333420e-01
4.431999999999999829e-01
4.444000000000000172e-01
4.396666666666666501e-01
4.421333333333333226e-01
4.428000000000000269e-01
4.450666666666666660e-01
4.421999999999999820e-01
4.452666666666666440e-01
4.431999999999999829e-01
4.484666666666666801e-01
4.442666666666666431e-01
4.461999999999999855e-01
4.490666666666666695e-01
4.463333333333333597e-01
4.480000000000000093e-01
4.477999999999999758e-01
4.491999999999999882e-01
4.465999999999999970e-01
4.491333333333333289e-01
4.455999999999999961e-01
4.476666666666666572e-01
4.487999999999999767e-01
4.495999999999999996e-01
4.505333333333333412e-01
4.473333333333333606e-01
4.506000000000000005e-01
4.497333333333333183e-01
4.505333333333333412e-01
4.509333333333333527e-01
4.504000000000000226e-01
4.524666666666666837e-01
4.492666666666666475e-01
4.546000000000000041e-01
4.518666666666666942e-01
4.540000000000000147e-01
4.499333333333333518e-01
4.500666666666666704e-01
4.563333333333333131e-01
4.570000000000000173e-01
4.531333333333333324e-01
4.570000000000000173e-01
4.534666666666666845e-01
4.532666666666666511e-01
4.579333333333333589e-01
4.491333333333333289e-01
4.536666666666666625e-01
4.597999999999999865e-01
4.572666666666666546e-01
4.572666666666666546e-01
4.597999999999999865e-01
4.596000000000000085e-01
4.623333333333333184e-01
4.579333333333333589e-01
4.578666666666666440e-01
4.606666666666666687e-01
4.562666666666666537e-01
4.547999999999999821e-01
4.621999999999999997e-01
4.580666666666666775e-01
4.583333333333333148e-01
4.548666666666666414e-01
4.600666666666666793e-01
4.582666666666666555e-01
4.618666666666666476e-01
4.637999999999999901e-01
4.627333333333333298e-01
4.639333333333333087e-01
4.648666666666666503e-01
4.633333333333333193e-01
4.630000000000000226e-01
4.643999999999999795e-01
4.630666666666666820e-01
4.616000000000000103e-01
4.625333333333333519e-01
4.637333333333333307e-01
4.638666666666666494e-01
4.620000000000000218e-01
4.660000000000000253e-01
4.627333333333333298e-01
4.637999999999999901e-01
4.664666666666666406e-01
4.647999999999999909e-01
4.651333333333333431e-01
4.682666666666666644e-01
4.679333333333333123e-01
4.683333333333333237e-01
4.644666666666666943e-01
4.632000000000000006e-01
4.666000000000000147e-01
4.698666666666666547e-01
4.667333333333333334e-01
4.704666666666666441e-01
4.713333333333333264e-01
4.649333333333333096e-01
4.672666666666666635e-01
4.683999999999999830e-01
4.693333333333333246e-01
4.642666666666666608e-01
4.717999999999999972e-01
4.680000000000000271e-01
4.705333333333333590e-01
4.701333333333333475e-01
4.677999999999999936e-01
4.674666666666666415e-01
4.693333333333333246e-01
4.730666666666666909e-01
4.693333333333333246e-01
4.710666666666666891e-01
4.705333333333333590e-01
4.712000000000000077e-01
4.722666666666666679e-01
4.694666666666666432e-01
4.719999999999999751e-01
4.737333333333333396e-01
4.719999999999999751e-01
4.697999999999999954e-01
4.762000000000000122e-01
4.722000000000000086e-01
4.730666666666666909e-01
4.714666666666666450e-01
4.727999999999999980e-01
4.742666666666666697e-01
4.743333333333333290e-01
4.761333333333333528e-01
4.726000000000000201e-01
4.731333333333333502e-01
4.731333333333333502e-01
4.731333333333333502e-01
4.732666666666666688e-01
4.750666666666666926e-01
4.802666666666666750e-01
4.778000000000000025e-01
4.763333333333333308e-01
4.772000000000000131e-01
4.778000000000000025e-01
4.786000000000000254e-01
4.762666666666666715e-01
4.781333333333333546e-01
4.779333333333333211e-01
4.772666666666666724e-01
4.767333333333333423e-01
4.789999999999999813e-01
4.766666666666666829e-01
4.755333333333333079e-01
4.743333333333333290e-01
4.801333333333333564e-01
4.783333333333333326e-01
4.801333333333333564e-01
4.783999999999999919e-01
4.794666666666666521e-01
4.825333333333333141e-01
4.793333333333333335e-01
4.799999999999999822e-01
4.802000000000000157e-01
4.796000000000000263e-01
4.815333333333333132e-01
4.808666666666666645e-01
4.816666666666666874e-01
4.835333333333333150e-01
4.827333333333333476e-01
4.828000000000000069e-01
4.829333333333333256e-01
4.848000000000000087e-01
4.830666666666666442e-01
4.827333333333333476e-01
4.778000000000000025e-01
4.843333333333333379e-01
4.782000000000000139e-01
4.820666666666666433e-01
4.805333333333333123e-01
4.838000000000000078e-01
4.818000000000000060e-01
4.819333333333333247e-01
4.873333333333333406e-01
4.814666666666666539e-01
4.838666666666666671e-01
4.835333333333333150e-01
4.853333333333333388e-01
4.815999999999999726e-01
4.879999999999999893e-01
4.852666666666666795e-01
4.853333333333333388e-01
4.878666666666666707e-01
4.849333333333333274e-01
4.839999999999999858e-01
4.827333333333333476e-01
4.859333333333333282e-01
4.886666666666666936e-01
4.869333333333333291e-01
4.857333333333333503e-01
4.821333333333333582e-01
4.884000000000000008e-01
4.849333333333333274e-01
4.830666666666666442e-01
4.910666666666666513e-01
4.868666666666666698e-01
4.863999999999999990e-01
4.873333333333333406e-01
4.895999999999999797e-01
4.845333333333333159e-01
4.873999999999999999e-01
4.925333333333333230e-01
4.906666666666666399e-01
4.877333333333333520e-01
4.925333333333333230e-01
4.898000000000000131e-01
4.898666666666666725e-01
4.892666666666666830e-01
4.885999999999999788e-01
4.900666666666666504e-01
4.895999999999999797e-01
4.893333333333333424e-01
4.917333333333333556e-01
4.869999999999999885e-01
4.910666666666666513e-01
4.894666666666666610e-01
4.899999999999999911e-01
4.899333333333333318e-01
4.898000000000000131e-01
4.944000000000000061e-01
4.904666666666666619e-01
4.907333333333333547e-01
4.918666666666666742e-01
4.896666666666666390e-01
4.940666666666666540e-01
4.945333333333333248e-01
4.885333333333333194e-01
4.914000000000000035e-01
4.922000000000000264e-01
4.895999999999999797e-01
4.948000000000000176e-01
4.947333333333333583e-01
4.908000000000000140e-01
4.904000000000000026e-01
4.910666666666666513e-01
4.954000000000000070e-01
4.950666666666666549e-01
4.961999999999999744e-01
4.954666666666666663e-01
4.939333333333333353e-01
4.939333333333333353e-01
4.922000000000000264e-01
4.936666666666666425e-01
4.888000000000000123e-01
4.939999999999999947e-01
4.966666666666666452e-01
4.942666666666666875e-01
4.926666666666666416e-01
4.947333333333333583e-01
4.975333333333333274e-01
4.947333333333333583e-01
4.949999999999999956e-01
4.941999999999999726e-01
4.980666666666666575e-01
4.963333333333333486e-01
4.966666666666666452e-01
4.951999999999999735e-01
4.964000000000000079e-01
5.017333333333333645e-01
4.908666666666666734e-01
4.969333333333333380e-01
4.910666666666666513e-01
4.917333333333333556e-01
4.985999999999999877e-01
4.953333333333333477e-01
4.932000000000000273e-01
4.967333333333333600e-01
4.965999999999999859e-01
5.025333333333333874e-01
4.960666666666666558e-01
4.984666666666666690e-01
5.002666666666666373e-01
5.027333333333333654e-01
5.008000000000000229e-01
5.000666666666666593e-01
4.971999999999999753e-01
4.996666666666666479e-01
5.006000000000000449e-01
4.988000000000000211e-01
5.001999999999999780e-01
4.988000000000000211e-01
4.977333333333333609e-01
4.968000000000000194e-01
5.011999999999999789e-01
4.981333333333333169e-01
4.973333333333333495e-01
4.987333333333333063e-01
4.975999999999999868e-01
5.014666666666666162e-01
5.045333333333332781e-01
4.991999999999999771e-01
4.979333333333333389e-01
5.013999999999999568e-01
4.985333333333333283e-01
4.999333333333333407e-01
4.986666666666666470e-01
5.008666666666666822e-01
5.002666666666666373e-01
5.028000000000000247e-01
5.015333333333333865e-01
5.004666666666666153e-01
5.027333333333333654e-01
5.015333333333333865e-01
5.003999999999999559e-01
5.025333333333333874e-01
5.032666666666666400e-01
5.048666666666666858e-01
5.011333333333333195e-01
5.041999999999999815e-01
5.022666666666666391e-01
5.056666666666667087e-01
5.024666666666666170e-01
5.044666666666666188e-01
5.024666666666666170e-01
5.030666666666666620e-01
5.034666666666666179e-01
5.066000000000000503e-01
5.041333333333333222e-01
5.028000000000000247e-01
5.031999999999999806e-01
5.046000000000000485e-01
5.063999999999999613e-01
5.048666666666666858e-01
5.040666666666666629e-01
5.069333333333333469e-01
5.062666666666666426e-01
5.023333333333332984e-01
5.039333333333333442e-01
5.045333333333332781e-01
5.066666666666667096e-01
5.063333333333333020e-01
5.081333333333333258e-01
5.060666666666666647e-01
5.057333333333333680e-01
5.074666666666666215e-01
5.045333333333332781e-01
5.058000000000000274e-01
5.068666666666666876e-01
5.052666666666666417e-01
5.067333333333333689e-01
5.053999999999999604e-01
5.040000000000000036e-01
5.066000000000000503e-01
5.063333333333333020e-01
5.075333333333332808e-01
5.068000000000000282e-01
5.086666666666667114e-01
5.130666666666666709e-01
5.066666666666667096e-01
5.064666666666666206e-01
5.056000000000000494e-01
5.056666666666667087e-01
5.073333333333333028e-01
5.074666666666666215e-01
5.071999999999999842e-01
5.078666666666666885e-01
5.070666666666666655e-01
5.072666666666666435e-01
5.113333333333333064e-01
5.056000000000000494e-01
5.078000000000000291e-01
5.074666666666666215e-01
5.071999999999999842e-01
5.073999999999999622e-01
5.061333333333333240e-01
5.077333333333333698e-01
5.060000000000000053e-01
5.074666666666666215e-01
5.030000000000000027e-01
5.108000000000000318e-01
5.096666666666667123e-01
5.060666666666666647e-01
5.103999999999999648e-01
5.103999999999999648e-01
5.090666666666666673e-01
5.148666666666666947e-01
5.124666666666666259e-01
5.098000000000000309e-01
5.093333333333333046e-01
5.123999999999999666e-01
5.071333333333333249e-01
5.116000000000000547e-01
5.103999999999999648e-01
5.080666666666666664e-01
5.108666666666666911e-01
5.104666666666666242e-01
5.117333333333333734e-01
5.098000000000000309e-01
5.102666666666666462e-01
5.112666666666666471e-01
5.131333333333333302e-01
5.110666666666666691e-01
5.132666666666666488e-01
5.106666666666667131e-01
5.093333333333333046e-01
5.135999999999999455e-01
5.101333333333333275e-01
5.108666666666666911e-01
5.121333333333333293e-01
5.109333333333333504e-01
5.119333333333333513e-01
5.103999999999999648e-01
5.108666666666666911e-01
5.110666666666666691e-01
5.118666666666666920e-01
5.131333333333333302e-01
5.127333333333333742e-01
5.082666666666666444e-01
5.109333333333333504e-01
5.127333333333333742e-01
5.127333333333333742e-01
5.150666666666666726e-01
5.155999999999999472e-01
5.122666666666666480e-01
5.140000000000000124e-01
5.116000000000000547e-01
5.142666666666666497e-01
5.135333333333332861e-01
5.125333333333332853e-01
5.171333333333333337e-01
5.153333333333333099e-01
5.128000000000000336e-01
5.135333333333332861e-01
5.154666666666666286e-01
5.133333333333333082e-01
5.151333333333333320e-01
5.145333333333332870e-01
5.151333333333333320e-01
5.135333333333332861e-01
5.119333333333333513e-01
5.144666666666666277e-01
5.147333333333333760e-01
5.168666666666666965e-01
5.177333333333333787e-01
5.189333333333333576e-01
5.190666666666666762e-01
5.154666666666666286e-01
5.149333333333333540e-01
5.152666666666666506e-01
5.128666666666666929e-01
5.155999999999999472e-01
5.120000000000000107e-01
5.118000000000000327e-01
5.145333333333332870e-01
5.161333333333333329e-01
5.143999999999999684e-01
5.194666666666666321e-01
5.185999999999999499e-01
5.169333333333333558e-01
5.180000000000000160e-01
5.183333333333333126e-01
5.170666666666666744e-01
5.159333333333333549e-01
5.125999999999999446e-01
5.172666666666666524e-01
5.184666666666666313e-01
5.189333333333333576e-01
5.166666666666667185e-01
5.169333333333333558e-01
5.145333333333332870e-01
5.165333333333332888e-01
5.188000000000000389e-01
5.174666666666666304e-01
5.146666666666667167e-01
5.177333333333333787e-01
5.215333333333332932e-01
5.193999999999999728e-01
5.162666666666666515e-01
5.170000000000000151e-01
5.183999999999999719e-01
5.199333333333333584e-01
5.191999999999999948e-01
5.118666666666666920e-01
5.243333333333333179e-01
5.196666666666667211e-01
5.194666666666666321e-01
5.197333333333333805e-01
5.163333333333333108e-01
5.202666666666666551e-01
5.215333333333332932e-01
5.207333333333333814e-01
5.172666666666666524e-01
5.192666666666666542e-01
5.222666666666666568e-01
5.185999999999999499e-01
5.177333333333333787e-01
5.231999999999999984e-01
5.177333333333333787e-01
5.186666666666667203e-01
5.228666666666667018e-01
5.208666666666667000e-01
5.165333333333332888e-01
5.202666666666666551e-01
5.255999999999999561e-01
5.215333333333332932e-01
5.218000000000000416e-01
5.154666666666666286e-01
5.220666666666666789e-01
5.201999999999999957e-01
5.196666666666667211e-01
5.238666666666667027e-01
5.218000000000000416e-01
5.218000000000000416e-01
5.201333333333333364e-01
5.219333333333333602e-01
5.192666666666666542e-01
5.209333333333333593e-01
5.201999999999999957e-01
5.233999999999999764e-01
5.252000000000000002e-01
5.222666666666666568e-01
5.227333333333333831e-01
5.208000000000000407e-01
5.208000000000000407e-01
5.205333333333332924e-01
5.208666666666667000e-01
5.191999999999999948e-01
5.221333333333333382e-01
5.252666666666666595e-01
5.241333333333333400e-01
5.235999999999999543e-01
5.198666666666666991e-01
5.220666666666666789e-01
5.220000000000000195e-01
5.221333333333333382e-01
5.242666666666666586e-01
5.168666666666666965e-01
5.219333333333333602e-01
5.230666666666666798e-01
5.224666666666666348e-01
5.233333333333333171e-01
5.241999999999999993e-01
5.225333333333332941e-01
5.235333333333332950e-01
5.199333333333333584e-01
5.268000000000000460e-01
5.231333333333333391e-01
5.225999999999999535e-01
5.243999999999999773e-01
5.221333333333333382e-01
5.220000000000000195e-01
5.210000000000000187e-01
5.218666666666667009e-01
5.209333333333333593e-01
5.227333333333333831e-01
5.231999999999999984e-01
5.253999999999999782e-01
5.295999999999999597e-01
5.238000000000000433e-01
5.223999999999999755e-01
5.208666666666667000e-01
5.215333333333332932e-01
5.265333333333332977e-01
5.236666666666666137e-01
5.245333333333332959e-01
5.275333333333332986e-01
5.258000000000000451e-01
5.248000000000000442e-01
5.226666666666666128e-01
5.262666666666666604e-01
5.248666666666667036e-01
5.233333333333333171e-01
5.245999999999999552e-01
5.262666666666666604e-01
5.273333333333333206e-01
5.250000000000000222e-01
5.265333333333332977e-01
5.272666666666666613e-01
5.241333333333333400e-01
5.253333333333333188e-01
5.277333333333333876e-01
5.288000000000000478e-01
5.259333333333333638e-01
5.256666666666666154e-01
5.257333333333333858e-01
5.264666666666666384e-01
5.282666666666666622e-01
5.268000000000000460e-01
5.285999999999999588e-01
5.273999999999999799e-01
5.251333333333333409e-01
5.302666666666666639e-01
5.268666666666667053e-01
5.238666666666667027e-01
5.289333333333333664e-01
5.295999999999999597e-01
5.274666666666666393e-01
5.264666666666666384e-01
5.281333333333333435e-01
5.305999999999999606e-01
5.261333333333333417e-01
5.265999999999999570e-01
5.288000000000000478e-01
5.273999999999999799e-01
5.304666666666666419e-01
5.254666666666666375e-01
5.287333333333333885e-01
5.324666666666666437e-01
5.292000000000000037e-01
5.280000000000000249e-01
5.298666666666667080e-01
5.291333333333333444e-01
5.285333333333332995e-01
5.265999999999999570e-01
5.317333333333332801e-01
5.298000000000000487e-01
5.294666666666666410e-01
5.320666666666666877e-01
5.322666666666666657e-01
5.268000000000000460e-01
5.255333333333332968e-01
5.282666666666666622e-01
5.308000000000000496e-01
5.293999999999999817e-01
5.331333333333333480e-01
5.345333333333333048e-01
5.326666666666666217e-01
5.316666666666666208e-01
5.267333333333333867e-01
5.315333333333333021e-01
5.276666666666666172e-01
5.304666666666666419e-01
5.303999999999999826e-01
5.301333333333333453e-01
