3.788000000000000256e-01
3.779333333333333433e-01
3.797333333333333116e-01
3.798666666666666858e-01
3.805333333333333345e-01
3.815333333333333354e-01
3.820666666666666655e-01
3.818666666666666876e-01
3.865999999999999992e-01
3.831999999999999851e-01
3.855999999999999983e-01
3.896000000000000019e-01
3.889333333333333531e-01
3.865999999999999992e-01
3.908666666666666401e-01
3.872666666666666480e-01
3.916000000000000036e-01
3.950000000000000178e-01
3.930000000000000160e-01
3.927999999999999825e-01
3.946000000000000063e-01
3.928666666666666418e-01
3.990666666666666806e-01
3.956666666666666665e-01
3.976666666666666683e-01
3.979333333333333056e-01
3.971333333333333382e-01
3.982666666666666577e-01
4.021333333333333426e-01
4.024666666666666393e-01
4.016666666666666718e-01
4.047999999999999932e-01
4.030666666666666842e-01
4.026666666666666727e-01
4.082666666666666666e-01
4.083333333333333259e-01
4.127333333333333409e-01
4.106666666666666798e-01
4.063333333333333242e-01
4.067999999999999949e-01
4.099333333333333163e-01
4.059333333333333127e-01
4.128000000000000003e-01
4.114666666666666472e-01
4.132000000000000117e-01
4.142666666666666719e-01
4.138666666666666605e-01
4.128666666666666596e-01
4.153333333333333321e-01
4.166000000000000258e-01
4.152666666666666728e-01
4.168000000000000038e-01
4.152666666666666728e-01
4.197333333333333472e-01
4.189333333333333242e-01
4.175333333333333119e-01
4.166666666666666852e-01
4.223333333333333384e-01
4.215999999999999748e-01
4.202666666666666773e-01
4.253333333333333410e-01
4.247333333333333516e-01
4.236666666666666914e-01
4.228000000000000091e-01
4.248666666666666702e-01
4.249999999999999889e-01
4.287333333333333552e-01
4.237333333333333507e-01
4.252000000000000224e-01
4.258000000000000118e-01
4.279333333333333322e-01
4.292666666666666853e-01
4.262000000000000233e-01
4.270666666666666500e-01
4.269333333333333313e-01
4.240666666666666473e-01
4.305333333333333234e-01
4.282000000000000250e-01
4.239333333333333287e-01
4.282666666666666844e-01
4.293333333333333446e-01
4.302000000000000268e-01
4.299333333333333340e-01
4.312000000000000277e-01
4.348666666666666791e-01
4.315333333333333243e-01
4.330666666666666553e-01
4.335333333333333261e-01
4.368666666666666809e-01
4.333333333333333481e-01
4.266666666666666941e-01
4.364000000000000101e-01
4.349999999999999978e-01
4.352666666666666906e-01
4.389333333333333420e-01
4.349999999999999978e-01
4.351999999999999758e-01
4.395333333333333314e-01
4.371333333333333182e-01
4.394666666666666721e-01
4.381999999999999784e-01
4.389333333333333420e-01
4.407333333333333103e-01
4.371999999999999775e-01
4.412666666666666404e-01
4.378666666666666818e-01
4.424000000000000155e-01
4.436666666666666536e-01
4.387333333333333085e-01
4.415999999999999925e-01
4.414000000000000146e-01
4.441999999999999837e-01
4.415333333333333332e-01
4.443333333333333579e-01
4.421333333333333226e-01
4.481333333333333280e-01
4.434666666666666757e-01
4.456666666666666554e-01
4.480000000000000093e-01
4.451999999999999846e-01
4.467999999999999750e-01
4.465999999999999970e-01
4.482666666666666466e-01
4.460000000000000075e-01
4.483333333333333059e-01
4.450000000000000067e-01
4.470000000000000084e-01
4.477333333333333165e-01
4.486666666666666581e-01
4.494000000000000217e-01
4.462666666666666448e-01
4.499333333333333518e-01
4.489333333333333509e-01
4.500666666666666704e-01
4.499333333333333518e-01
4.497333333333333183e-01
4.522666666666666502e-01
4.484000000000000208e-01
4.536000000000000032e-01
4.511333333333333306e-01
4.534000000000000252e-01
4.490000000000000102e-01
4.495333333333333403e-01
4.554666666666666863e-01
4.560666666666666758e-01
4.527999999999999803e-01
4.561333333333333351e-01
4.525333333333333430e-01
4.525333333333333430e-01
4.570666666666666766e-01
4.489333333333333509e-01
4.529333333333333544e-01
4.590000000000000191e-01
4.567333333333333245e-01
4.568666666666666432e-01
4.595333333333333492e-01
4.589333333333333598e-01
4.616666666666666696e-01
4.572666666666666546e-01
4.571333333333333360e-01
4.596000000000000085e-01
4.553333333333333122e-01
4.544666666666666854e-01
4.617333333333333290e-01
4.577333333333333254e-01
4.575333333333333474e-01
4.544666666666666854e-01
4.600000000000000200e-01
4.573999999999999733e-01
4.613999999999999768e-01
4.630000000000000226e-01
4.618666666666666476e-01
4.632666666666666599e-01
4.637333333333333307e-01
4.626666666666666705e-01
4.622666666666666591e-01
4.635333333333333528e-01
4.625333333333333519e-01
4.607999999999999874e-01
4.620000000000000218e-01
4.627999999999999892e-01
4.629333333333333078e-01
4.613999999999999768e-01
4.656000000000000139e-01
4.621333333333333404e-01
4.636000000000000121e-01
4.658666666666666512e-01
4.639333333333333087e-01
4.640666666666666829e-01
4.676000000000000156e-01
4.671333333333333449e-01
4.678666666666666529e-01
4.642000000000000015e-01
4.627333333333333298e-01
4.660000000000000253e-01
4.687999999999999945e-01
4.663999999999999813e-01
4.704666666666666441e-01
4.709333333333333149e-01
4.641333333333333422e-01
4.663999999999999813e-01
4.676666666666666750e-01
4.684666666666666424e-01
4.640000000000000235e-01
4.714666666666666450e-01
4.673333333333333228e-01
4.699999999999999734e-01
4.699999999999999734e-01
4.677999999999999936e-01
4.665333333333333554e-01
4.691333333333333466e-01
4.722000000000000086e-01
4.688666666666666538e-01
4.702666666666666662e-01
4.702666666666666662e-01
4.703999999999999848e-01
4.712666666666666671e-01
4.692000000000000060e-01
4.713333333333333264e-01
4.729999999999999760e-01
4.710666666666666891e-01
4.693999999999999839e-01
4.758000000000000007e-01
4.719999999999999751e-01
4.727333333333333387e-01
4.710666666666666891e-01
4.723999999999999866e-01
4.742000000000000104e-01
4.734666666666666468e-01
4.758000000000000007e-01
4.722000000000000086e-01
4.729333333333333167e-01
4.731333333333333502e-01
4.729999999999999760e-01
4.729333333333333167e-01
4.746000000000000218e-01
4.796000000000000263e-01
4.772666666666666724e-01
4.762666666666666715e-01
4.771333333333333537e-01
4.766000000000000236e-01
4.774666666666666504e-01
4.759999999999999787e-01
4.773333333333333317e-01
4.775333333333333097e-01
4.766666666666666829e-01
4.762666666666666715e-01
4.787333333333333441e-01
4.760666666666666935e-01
4.750666666666666926e-01
4.738666666666666583e-01
4.790666666666666407e-01
4.779999999999999805e-01
4.792000000000000148e-01
4.778666666666666618e-01
4.790666666666666407e-01
4.819999999999999840e-01
4.790666666666666407e-01
4.793999999999999928e-01
4.796666666666666856e-01
4.789333333333333220e-01
4.808000000000000052e-01
4.806000000000000272e-01
4.812000000000000166e-01
4.831333333333333591e-01
4.820666666666666433e-01
4.822000000000000175e-01
4.825999999999999734e-01
4.839999999999999858e-01
4.823999999999999955e-01
4.820666666666666433e-01
4.767333333333333423e-01
4.838666666666666671e-01
4.779333333333333211e-01
4.813333333333333353e-01
4.804666666666666530e-01
4.832000000000000184e-01
4.813999999999999946e-01
4.812666666666666759e-01
4.865333333333333177e-01
4.808666666666666645e-01
4.824666666666666548e-01
4.829999999999999849e-01
4.848666666666666680e-01
4.809333333333333238e-01
4.873333333333333406e-01
4.848666666666666680e-01
4.843999999999999972e-01
4.869333333333333291e-01
4.843999999999999972e-01
4.835999999999999743e-01
4.824666666666666548e-01
4.852666666666666795e-01
4.881333333333333080e-01
4.864666666666666583e-01
4.853333333333333388e-01
4.819999999999999840e-01
4.881333333333333080e-01
4.851333333333333608e-01
4.823999999999999955e-01
4.905333333333333212e-01
4.862666666666666804e-01
4.858000000000000096e-01
4.866666666666666918e-01
4.892000000000000237e-01
4.840666666666666451e-01
4.871333333333333071e-01
4.922000000000000264e-01
4.899999999999999911e-01
4.868666666666666698e-01
4.919999999999999929e-01
4.894000000000000017e-01
4.891333333333333089e-01
4.885333333333333194e-01
4.884000000000000008e-01
4.894666666666666610e-01
4.882666666666666822e-01
4.884666666666666601e-01
4.908666666666666734e-01
4.858000000000000096e-01
4.906666666666666399e-01
4.889999999999999902e-01
4.894000000000000017e-01
4.890666666666666496e-01
4.891333333333333089e-01
4.938666666666666760e-01
4.900666666666666504e-01
4.905333333333333212e-01
4.914000000000000035e-01
4.893333333333333424e-01
4.938666666666666760e-01
4.938000000000000167e-01
4.881333333333333080e-01
4.909333333333333327e-01
4.918666666666666742e-01
4.890666666666666496e-01
4.941999999999999726e-01
4.942666666666666875e-01
4.903333333333333433e-01
4.895333333333333203e-01
4.909999999999999920e-01
4.951333333333333142e-01
4.941999999999999726e-01
4.954666666666666663e-01
4.950666666666666549e-01
4.934666666666666646e-01
4.935333333333333239e-01
4.919999999999999929e-01
4.932000000000000273e-01
4.878666666666666707e-01
4.935333333333333239e-01
4.960666666666666558e-01
4.938666666666666760e-01
4.922666666666666857e-01
4.944000000000000061e-01
4.971333333333333160e-01
4.942666666666666875e-01
4.945333333333333248e-01
4.939333333333333353e-01
4.978000000000000203e-01
4.958000000000000185e-01
4.963333333333333486e-01
4.944000000000000061e-01
4.964000000000000079e-01
5.013999999999999568e-01
4.900666666666666504e-01
4.968000000000000194e-01
4.907333333333333547e-01
4.912666666666666848e-01
4.982666666666666910e-01
4.954000000000000070e-01
4.929333333333333345e-01
4.965999999999999859e-01
4.958666666666666778e-01
5.024666666666666170e-01
4.962666666666666893e-01
4.979333333333333389e-01
5.000000000000000000e-01
5.021333333333333204e-01
5.005333333333333856e-01
4.996666666666666479e-01
4.970666666666666567e-01
4.994666666666666699e-01
5.003999999999999559e-01
4.981333333333333169e-01
5.000000000000000000e-01
4.984000000000000097e-01
4.974666666666666681e-01
4.964666666666666672e-01
5.006000000000000449e-01
4.975999999999999868e-01
4.966666666666666452e-01
4.981999999999999762e-01
4.973333333333333495e-01
5.007333333333333636e-01
5.040000000000000036e-01
4.989999999999999991e-01
4.973333333333333495e-01
5.010000000000000009e-01
4.979999999999999982e-01
4.994666666666666699e-01
4.975333333333333274e-01
5.003333333333332966e-01
5.001333333333333186e-01
5.023333333333332984e-01
5.011333333333333195e-01
5.000666666666666593e-01
5.021999999999999797e-01
5.014666666666666162e-01
5.003333333333332966e-01
5.021333333333333204e-01
5.030000000000000027e-01
5.046000000000000485e-01
5.012666666666666382e-01
5.038666666666666849e-01
5.020000000000000018e-01
5.050666666666666638e-01
5.022666666666666391e-01
5.039333333333333442e-01
5.021999999999999797e-01
5.028666666666666840e-01
5.032666666666666400e-01
5.061333333333333240e-01
5.033999999999999586e-01
5.023333333333332984e-01
5.030666666666666620e-01
5.045333333333332781e-01
5.060666666666666647e-01
5.047333333333333671e-01
5.035333333333333883e-01
5.066000000000000503e-01
5.058000000000000274e-01
5.022666666666666391e-01
5.038000000000000256e-01
5.041999999999999815e-01
5.064666666666666206e-01
5.061333333333333240e-01
5.076666666666667105e-01
5.057333333333333680e-01
5.048666666666666858e-01
5.073999999999999622e-01
5.043999999999999595e-01
5.057333333333333680e-01
5.066000000000000503e-01
5.051333333333333231e-01
5.059333333333333460e-01
5.051999999999999824e-01
5.037333333333333663e-01
5.063333333333333020e-01
5.059333333333333460e-01
5.069333333333333469e-01
5.060666666666666647e-01
5.076000000000000512e-01
5.128000000000000336e-01
5.066666666666667096e-01
5.059333333333333460e-01
5.055333333333332790e-01
5.048000000000000265e-01
5.068000000000000282e-01
5.075333333333332808e-01
5.068000000000000282e-01
5.073333333333333028e-01
5.070666666666666655e-01
5.074666666666666215e-01
5.108666666666666911e-01
5.053999999999999604e-01
5.074666666666666215e-01
5.070666666666666655e-01
5.063999999999999613e-01
5.070666666666666655e-01
5.056666666666667087e-01
5.073333333333333028e-01
5.054666666666666197e-01
5.071999999999999842e-01
5.025333333333333874e-01
5.107333333333333725e-01
5.095333333333332826e-01
5.060666666666666647e-01
5.100000000000000089e-01
5.098666666666666902e-01
5.085333333333332817e-01
5.143999999999999684e-01
5.123999999999999666e-01
5.092666666666666453e-01
5.090000000000000080e-01
5.122666666666666480e-01
5.066666666666667096e-01
5.113333333333333064e-01
5.101333333333333275e-01
5.076666666666667105e-01
5.104666666666666242e-01
5.104666666666666242e-01
5.111333333333333284e-01
5.098666666666666902e-01
5.101333333333333275e-01
5.110000000000000098e-01
5.130000000000000115e-01
5.112666666666666471e-01
5.124666666666666259e-01
5.101333333333333275e-01
5.084666666666666224e-01
5.131333333333333302e-01
5.098666666666666902e-01
5.102666666666666462e-01
5.118000000000000327e-01
5.108666666666666911e-01
5.121333333333333293e-01
5.104666666666666242e-01
5.103333333333333055e-01
5.104666666666666242e-01
5.117333333333333734e-01
5.128000000000000336e-01
5.128666666666666929e-01
5.082666666666666444e-01
5.107333333333333725e-01
5.124666666666666259e-01
5.123999999999999666e-01
5.145333333333332870e-01
5.148666666666666947e-01
5.116666666666667140e-01
5.135333333333332861e-01
5.112666666666666471e-01
5.138000000000000345e-01
5.133999999999999675e-01
5.122666666666666480e-01
5.168000000000000371e-01
5.147333333333333760e-01
5.128666666666666929e-01
5.128666666666666929e-01
5.151999999999999913e-01
5.125999999999999446e-01
5.145999999999999464e-01
5.145333333333332870e-01
5.148000000000000353e-01
5.133333333333333082e-01
5.114666666666666250e-01
5.143333333333333091e-01
5.145333333333332870e-01
5.165999999999999481e-01
5.174666666666666304e-01
5.188000000000000389e-01
5.191333333333333355e-01
5.152666666666666506e-01
5.145999999999999464e-01
5.149333333333333540e-01
5.126666666666667149e-01
5.155999999999999472e-01
5.117333333333333734e-01
5.114666666666666250e-01
5.140666666666666718e-01
5.154666666666666286e-01
5.137333333333333751e-01
5.189333333333333576e-01
5.183333333333333126e-01
5.170666666666666744e-01
5.177333333333333787e-01
5.178666666666666973e-01
5.170000000000000151e-01
5.157333333333333769e-01
5.124666666666666259e-01
5.165999999999999481e-01
5.181333333333333346e-01
5.187333333333333796e-01
5.167333333333333778e-01
5.170666666666666744e-01
5.141999999999999904e-01
5.165333333333332888e-01
5.184666666666666313e-01
5.171999999999999931e-01
5.144666666666666277e-01
5.176666666666667194e-01
5.212666666666666559e-01
5.190000000000000169e-01
5.160000000000000142e-01
5.170000000000000151e-01
5.180666666666666753e-01
5.196666666666667211e-01
5.188666666666666982e-01
5.113999999999999657e-01
5.238000000000000433e-01
5.191999999999999948e-01
5.187333333333333796e-01
5.190666666666666762e-01
5.157333333333333769e-01
5.200000000000000178e-01
5.211999999999999966e-01
5.205333333333332924e-01
5.170000000000000151e-01
5.190000000000000169e-01
5.216666666666666119e-01
5.186666666666667203e-01
5.173999999999999710e-01
5.223999999999999755e-01
5.174666666666666304e-01
5.181333333333333346e-01
5.225333333333332941e-01
5.208666666666667000e-01
5.164666666666666295e-01
5.200666666666666771e-01
5.250666666666666815e-01
5.208000000000000407e-01
5.211999999999999966e-01
5.151999999999999913e-01
5.218000000000000416e-01
5.199333333333333584e-01
5.188666666666666982e-01
5.233333333333333171e-01
5.210666666666666780e-01
5.210666666666666780e-01
5.195333333333332915e-01
5.213999999999999746e-01
5.188000000000000389e-01
5.205333333333332924e-01
5.201333333333333364e-01
5.229333333333333611e-01
5.249333333333333629e-01
5.217333333333333822e-01
5.223999999999999755e-01
5.202666666666666551e-01
5.204666666666666330e-01
5.201333333333333364e-01
5.204666666666666330e-01
5.184666666666666313e-01
5.215999999999999526e-01
5.251333333333333409e-01
5.237333333333333840e-01
5.232666666666666577e-01
5.194666666666666321e-01
5.217333333333333822e-01
5.221333333333333382e-01
5.219333333333333602e-01
5.236666666666666137e-01
5.165999999999999481e-01
5.211333333333333373e-01
5.226666666666666128e-01
5.220000000000000195e-01
5.225999999999999535e-01
5.238000000000000433e-01
5.216666666666666119e-01
5.232666666666666577e-01
5.198000000000000398e-01
5.264666666666666384e-01
5.225999999999999535e-01
5.224666666666666348e-01
5.242666666666666586e-01
5.219333333333333602e-01
5.219333333333333602e-01
5.208666666666667000e-01
5.211999999999999966e-01
5.203999999999999737e-01
5.220666666666666789e-01
5.230000000000000204e-01
5.250666666666666815e-01
5.293333333333333224e-01
5.238666666666667027e-01
5.217333333333333822e-01
5.206666666666667220e-01
5.209333333333333593e-01
5.259333333333333638e-01
5.233333333333333171e-01
5.238666666666667027e-01
5.272000000000000020e-01
5.253999999999999782e-01
5.242666666666666586e-01
5.221999999999999975e-01
5.258000000000000451e-01
5.240666666666666806e-01
5.228666666666667018e-01
5.240666666666666806e-01
5.259333333333333638e-01
5.266666666666666163e-01
5.245333333333332959e-01
5.258000000000000451e-01
5.271333333333333426e-01
5.235333333333332950e-01
5.248666666666667036e-01
5.272666666666666613e-01
5.283999999999999808e-01
5.255999999999999561e-01
5.252666666666666595e-01
5.253999999999999782e-01
5.263333333333333197e-01
5.282000000000000028e-01
5.265333333333332977e-01
5.282666666666666622e-01
5.268666666666667053e-01
5.247333333333333849e-01
5.302000000000000046e-01
5.265999999999999570e-01
5.233999999999999764e-01
5.286666666666666181e-01
5.295999999999999597e-01
5.269333333333333647e-01
5.259333333333333638e-01
5.275333333333332986e-01
5.306666666666666199e-01
5.258666666666667044e-01
5.265333333333332977e-01
5.286666666666666181e-01
5.270000000000000240e-01
5.303333333333333233e-01
5.250000000000000222e-01
5.285333333333332995e-01
5.320000000000000284e-01
5.289333333333333664e-01
5.278666666666667062e-01
5.296666666666666190e-01
5.291333333333333444e-01
5.283333333333333215e-01
5.262000000000000011e-01
5.310666666666666869e-01
5.292666666666666631e-01
5.289333333333333664e-01
5.320000000000000284e-01
5.318000000000000504e-01
5.263999999999999790e-01
5.251333333333333409e-01
5.282000000000000028e-01
5.303333333333333233e-01
5.291333333333333444e-01
5.327333333333332810e-01
5.344666666666666455e-01
5.321333333333333471e-01
5.311333333333333462e-01
5.259333333333333638e-01
5.309333333333333682e-01
5.272000000000000020e-01
5.304666666666666419e-01
5.300000000000000266e-01
5.297333333333332783e-01
