3.883333333333333082e-01
3.867333333333333178e-01
3.896000000000000019e-01
3.888666666666666938e-01
3.886000000000000010e-01
3.912666666666666515e-01
3.903333333333333099e-01
3.911333333333333329e-01
3.945333333333333470e-01
3.912666666666666515e-01
3.927333333333333232e-01
3.971333333333333382e-01
3.967999999999999861e-01
3.941999999999999948e-01
3.989333333333333065e-01
3.944666666666666877e-01
3.977333333333333276e-01
4.027999999999999914e-01
3.997999999999999887e-01
3.993333333333333179e-01
4.020666666666666833e-01
3.997999999999999887e-01
4.042000000000000037e-01
4.026000000000000134e-01
4.036000000000000143e-01
4.038666666666666516e-01
4.023333333333333206e-01
4.040666666666666851e-01
4.086000000000000187e-01
4.079999999999999738e-01
4.078666666666666551e-01
4.083333333333333259e-01
4.092666666666666675e-01
4.076000000000000179e-01
4.123999999999999888e-01
4.135333333333333083e-01
4.178666666666666640e-01
4.147333333333333427e-01
4.110666666666666913e-01
4.114666666666666472e-01
4.156000000000000250e-01
4.115333333333333066e-01
4.173999999999999932e-01
4.149999999999999800e-01
4.174666666666666526e-01
4.183999999999999941e-01
4.189999999999999836e-01
4.182000000000000162e-01
4.195999999999999730e-01
4.203999999999999959e-01
4.199999999999999845e-01
4.204666666666666552e-01
4.189999999999999836e-01
4.241333333333333067e-01
4.215999999999999748e-01
4.221333333333333604e-01
4.199999999999999845e-01
4.255333333333333190e-01
4.264666666666666606e-01
4.249999999999999889e-01
4.284000000000000030e-01
4.290666666666666518e-01
4.268666666666666720e-01
4.262666666666666826e-01
4.285999999999999810e-01
4.288666666666666738e-01
4.318000000000000171e-01
4.269333333333333313e-01
4.283333333333333437e-01
4.294000000000000039e-01
4.302666666666666861e-01
4.318666666666666765e-01
4.285333333333333217e-01
4.302000000000000268e-01
4.302666666666666861e-01
4.262666666666666826e-01
4.332666666666666888e-01
4.312666666666666870e-01
4.270666666666666500e-01
4.315999999999999837e-01
4.321333333333333138e-01
4.334666666666666668e-01
4.325999999999999845e-01
4.337333333333333596e-01
4.385999999999999899e-01
4.341333333333333155e-01
4.351333333333333164e-01
4.353333333333333499e-01
4.391999999999999793e-01
4.364666666666666694e-01
4.295999999999999819e-01
4.385333333333333306e-01
4.374000000000000110e-01
4.371333333333333182e-01
4.413333333333333552e-01
4.380666666666666598e-01
4.373333333333333517e-01
4.417333333333333112e-01
4.395333333333333314e-01
4.421333333333333226e-01
4.408666666666666845e-01
4.412666666666666404e-01
4.427333333333333121e-01
4.397333333333333094e-01
4.440666666666666651e-01
4.404666666666666730e-01
4.439333333333333464e-01
4.457333333333333147e-01
4.414000000000000146e-01
4.435333333333333350e-01
4.447999999999999732e-01
4.459333333333333482e-01
4.438666666666666871e-01
4.460000000000000075e-01
4.442666666666666431e-01
4.492666666666666475e-01
4.457333333333333147e-01
4.471999999999999864e-01
4.501999999999999891e-01
4.471333333333333271e-01
4.500666666666666704e-01
4.495333333333333403e-01
4.506000000000000005e-01
4.481999999999999873e-01
4.506666666666666599e-01
4.469333333333333491e-01
4.493333333333333068e-01
4.503333333333333077e-01
4.512666666666666493e-01
4.521999999999999909e-01
4.486666666666666581e-01
4.520666666666666722e-01
4.519333333333333536e-01
4.516666666666666607e-01
4.524000000000000243e-01
4.517333333333333201e-01
4.536000000000000032e-01
4.502666666666666484e-01
4.561333333333333351e-01
4.527999999999999803e-01
4.554000000000000270e-01
4.507333333333333192e-01
4.521999999999999909e-01
4.581999999999999962e-01
4.587333333333333263e-01
4.547333333333333227e-01
4.580666666666666775e-01
4.539333333333333553e-01
4.538666666666666405e-01
4.595333333333333492e-01
4.504000000000000226e-01
4.542666666666666520e-01
4.607333333333333281e-01
4.587999999999999856e-01
4.580666666666666775e-01
4.610000000000000209e-01
4.611999999999999988e-01
4.639333333333333087e-01
4.591333333333333377e-01
4.591333333333333377e-01
4.623999999999999777e-01
4.577333333333333254e-01
4.564666666666666872e-01
4.630000000000000226e-01
4.593999999999999750e-01
4.596000000000000085e-01
4.556000000000000050e-01
4.617999999999999883e-01
4.593333333333333157e-01
4.632000000000000006e-01
4.645333333333333536e-01
4.641333333333333422e-01
4.652666666666666617e-01
4.653333333333333210e-01
4.642666666666666608e-01
4.643333333333333202e-01
4.652666666666666617e-01
4.642666666666666608e-01
4.626000000000000112e-01
4.631333333333333413e-01
4.647333333333333316e-01
4.646666666666666723e-01
4.632666666666666599e-01
4.665333333333333554e-01
4.633999999999999786e-01
4.652666666666666617e-01
4.673999999999999821e-01
4.656000000000000139e-01
4.659333333333333105e-01
4.689333333333333131e-01
4.687999999999999945e-01
4.690666666666666873e-01
4.655333333333333545e-01
4.639333333333333087e-01
4.671333333333333449e-01
4.709999999999999742e-01
4.679333333333333123e-01
4.718666666666666565e-01
4.720666666666666900e-01
4.656000000000000139e-01
4.683333333333333237e-01
4.694666666666666432e-01
4.699999999999999734e-01
4.650666666666666837e-01
4.723333333333333273e-01
4.690666666666666873e-01
4.718666666666666565e-01
4.712666666666666671e-01
4.686666666666666758e-01
4.686000000000000165e-01
4.701333333333333475e-01
4.745333333333333070e-01
4.703999999999999848e-01
4.722000000000000086e-01
4.713999999999999857e-01
4.722666666666666679e-01
4.731333333333333502e-01
4.703999999999999848e-01
4.726666666666666794e-01
4.751333333333333520e-01
4.728666666666666574e-01
4.706000000000000183e-01
4.768666666666666609e-01
4.730666666666666909e-01
4.739999999999999769e-01
4.720666666666666900e-01
4.733333333333333282e-01
4.749999999999999778e-01
4.751333333333333520e-01
4.773333333333333317e-01
4.727999999999999980e-01
4.737999999999999989e-01
4.739333333333333176e-01
4.738666666666666583e-01
4.735333333333333061e-01
4.763333333333333308e-01
4.813999999999999946e-01
4.786666666666666847e-01
4.770666666666666944e-01
4.781333333333333546e-01
4.788666666666666627e-01
4.794666666666666521e-01
4.777333333333333432e-01
4.793999999999999928e-01
4.789999999999999813e-01
4.788666666666666627e-01
4.778000000000000025e-01
4.800666666666666416e-01
4.776666666666666838e-01
4.762666666666666715e-01
4.753333333333333299e-01
4.807333333333333458e-01
4.789999999999999813e-01
4.809999999999999831e-01
4.790666666666666407e-01
4.803999999999999937e-01
4.836666666666666892e-01
4.799333333333333229e-01
4.803999999999999937e-01
4.810666666666666424e-01
4.806000000000000272e-01
4.829333333333333256e-01
4.815999999999999726e-01
4.825333333333333141e-01
4.845333333333333159e-01
4.831333333333333591e-01
4.829333333333333256e-01
4.837333333333333485e-01
4.859333333333333282e-01
4.830666666666666442e-01
4.833333333333333370e-01
4.788000000000000034e-01
4.848666666666666680e-01
4.789333333333333220e-01
4.822000000000000175e-01
4.813999999999999946e-01
4.848000000000000087e-01
4.826666666666666883e-01
4.825333333333333141e-01
4.885999999999999788e-01
4.821333333333333582e-01
4.842000000000000193e-01
4.845333333333333159e-01
4.863999999999999990e-01
4.826666666666666883e-01
4.888000000000000123e-01
4.867333333333333512e-01
4.863333333333333397e-01
4.887333333333333529e-01
4.857333333333333503e-01
4.851333333333333608e-01
4.835999999999999743e-01
4.868666666666666698e-01
4.895333333333333203e-01
4.872000000000000219e-01
4.868000000000000105e-01
4.827333333333333476e-01
4.889333333333333309e-01
4.862000000000000210e-01
4.839333333333333265e-01
4.915999999999999814e-01
4.882000000000000228e-01
4.868000000000000105e-01
4.884000000000000008e-01
4.902000000000000246e-01
4.850666666666666460e-01
4.883333333333333415e-01
4.937333333333333574e-01
4.912000000000000255e-01
4.882666666666666822e-01
4.932666666666666866e-01
4.904000000000000026e-01
4.907333333333333547e-01
4.898000000000000131e-01
4.894666666666666610e-01
4.910666666666666513e-01
4.902000000000000246e-01
4.897333333333333538e-01
4.923333333333333450e-01
4.878000000000000114e-01
4.920666666666666522e-01
4.899333333333333318e-01
4.904000000000000026e-01
4.908000000000000140e-01
4.904000000000000026e-01
4.953333333333333477e-01
4.910666666666666513e-01
4.914000000000000035e-01
4.928000000000000158e-01
4.902666666666666839e-01
4.949333333333333362e-01
4.952666666666666884e-01
4.890666666666666496e-01
4.917333333333333556e-01
4.932000000000000273e-01
4.900666666666666504e-01
4.954000000000000070e-01
4.950666666666666549e-01
4.909333333333333327e-01
4.904666666666666619e-01
4.914666666666666628e-01
4.959333333333333371e-01
4.954666666666666663e-01
4.964000000000000079e-01
4.959333333333333371e-01
4.948000000000000176e-01
4.944666666666666655e-01
4.928000000000000158e-01
4.941333333333333133e-01
4.894000000000000017e-01
4.948000000000000176e-01
4.973333333333333495e-01
4.947333333333333583e-01
4.928666666666666751e-01
4.954000000000000070e-01
4.980666666666666575e-01
4.949999999999999956e-01
4.958000000000000185e-01
4.945999999999999841e-01
4.986666666666666470e-01
4.971999999999999753e-01
4.968000000000000194e-01
4.956666666666666443e-01
4.975999999999999868e-01
5.021333333333333204e-01
4.919333333333333336e-01
4.972666666666666901e-01
4.920666666666666522e-01
4.919333333333333336e-01
4.993333333333333512e-01
4.965999999999999859e-01
4.937333333333333574e-01
4.973333333333333495e-01
4.971999999999999753e-01
5.028666666666666840e-01
4.964000000000000079e-01
4.994666666666666699e-01
5.011999999999999789e-01
5.033999999999999586e-01
5.018000000000000238e-01
5.006666666666667043e-01
4.979333333333333389e-01
5.001999999999999780e-01
5.011333333333333195e-01
4.990666666666666584e-01
5.008666666666666822e-01
4.998000000000000220e-01
4.985333333333333283e-01
4.978666666666666796e-01
5.016666666666667052e-01
4.989999999999999991e-01
4.980666666666666575e-01
4.995333333333333292e-01
4.985999999999999877e-01
5.019333333333333425e-01
5.053999999999999604e-01
5.000666666666666593e-01
4.987333333333333063e-01
5.020000000000000018e-01
4.992666666666666919e-01
5.003333333333332966e-01
4.991999999999999771e-01
5.017333333333333645e-01
5.009333333333333416e-01
5.030000000000000027e-01
5.026000000000000467e-01
5.007333333333333636e-01
5.031999999999999806e-01
5.020000000000000018e-01
5.008000000000000229e-01
5.035333333333333883e-01
5.038000000000000256e-01
5.058000000000000274e-01
5.019333333333333425e-01
5.047333333333333671e-01
5.026000000000000467e-01
5.063999999999999613e-01
5.030000000000000027e-01
5.049333333333333451e-01
5.031999999999999806e-01
5.036666666666667069e-01
5.041999999999999815e-01
5.070000000000000062e-01
5.053999999999999604e-01
5.031333333333333213e-01
5.037333333333333663e-01
5.051333333333333231e-01
5.070000000000000062e-01
5.052666666666666417e-01
5.043333333333333002e-01
5.072666666666666435e-01
5.071333333333333249e-01
5.023333333333332984e-01
5.045333333333332781e-01
5.053333333333333011e-01
5.071999999999999842e-01
5.068000000000000282e-01
5.088000000000000300e-01
5.063999999999999613e-01
5.060666666666666647e-01
5.083333333333333037e-01
5.048666666666666858e-01
5.071333333333333249e-01
5.081333333333333258e-01
5.054666666666666197e-01
5.076666666666667105e-01
5.064666666666666206e-01
5.045333333333332781e-01
5.073333333333333028e-01
5.070666666666666655e-01
5.081333333333333258e-01
5.073999999999999622e-01
5.091999999999999860e-01
5.136666666666667158e-01
5.070000000000000062e-01
5.068666666666666876e-01
5.058666666666666867e-01
5.070000000000000062e-01
5.082666666666666444e-01
5.079333333333333478e-01
5.078666666666666885e-01
5.086000000000000520e-01
5.079333333333333478e-01
5.076000000000000512e-01
5.121333333333333293e-01
5.066666666666667096e-01
5.081999999999999851e-01
5.081333333333333258e-01
5.076666666666667105e-01
5.080000000000000071e-01
5.067333333333333689e-01
5.081333333333333258e-01
5.062666666666666426e-01
5.083333333333333037e-01
5.033333333333332993e-01
5.113999999999999657e-01
5.102666666666666462e-01
5.068000000000000282e-01
5.108000000000000318e-01
5.109333333333333504e-01
5.096666666666667123e-01
5.150666666666666726e-01
5.135333333333332861e-01
5.106000000000000538e-01
5.097333333333333716e-01
5.125333333333332853e-01
5.078000000000000291e-01
5.120666666666666700e-01
5.102666666666666462e-01
5.082666666666666444e-01
5.112666666666666471e-01
5.111999999999999877e-01
5.119333333333333513e-01
5.101999999999999869e-01
5.105333333333332835e-01
5.115333333333332844e-01
5.139333333333333531e-01
5.119333333333333513e-01
5.135999999999999455e-01
5.108000000000000318e-01
5.100666666666666682e-01
5.136666666666667158e-01
5.101333333333333275e-01
5.116000000000000547e-01
5.124666666666666259e-01
5.114666666666666250e-01
5.130000000000000115e-01
5.111333333333333284e-01
5.108000000000000318e-01
5.115333333333332844e-01
5.120666666666666700e-01
5.137333333333333751e-01
5.126666666666667149e-01
5.086000000000000520e-01
5.111999999999999877e-01
5.132666666666666488e-01
5.131999999999999895e-01
5.150000000000000133e-01
5.161999999999999922e-01
5.126666666666667149e-01
5.145999999999999464e-01
5.125333333333332853e-01
5.144666666666666277e-01
5.141999999999999904e-01
5.133999999999999675e-01
5.181999999999999940e-01
5.156666666666667176e-01
5.137333333333333751e-01
5.142666666666666497e-01
5.161333333333333329e-01
5.134666666666666268e-01
5.153999999999999693e-01
5.153999999999999693e-01
5.158666666666666956e-01
5.144666666666666277e-01
5.123999999999999666e-01
5.145999999999999464e-01
5.150666666666666726e-01
5.174666666666666304e-01
5.181333333333333346e-01
5.192666666666666542e-01
5.194666666666666321e-01
5.158666666666666956e-01
5.161333333333333329e-01
5.160666666666666735e-01
5.133333333333333082e-01
5.159333333333333549e-01
5.124666666666666259e-01
5.129333333333333522e-01
5.147333333333333760e-01
5.165999999999999481e-01
5.146666666666667167e-01
5.205999999999999517e-01
5.190666666666666762e-01
5.171999999999999931e-01
5.181333333333333346e-01
5.185999999999999499e-01
5.176666666666667194e-01
5.163333333333333108e-01
5.128666666666666929e-01
5.180000000000000160e-01
5.191333333333333355e-01
5.192666666666666542e-01
5.172666666666666524e-01
5.175333333333332897e-01
5.147333333333333760e-01
5.171333333333333337e-01
5.188666666666666982e-01
5.183333333333333126e-01
5.154666666666666286e-01
5.178666666666666973e-01
5.225333333333332941e-01
5.197333333333333805e-01
5.166666666666667185e-01
5.175999999999999490e-01
5.187333333333333796e-01
5.203333333333333144e-01
5.196666666666667211e-01
5.118666666666666920e-01
5.243999999999999773e-01
5.200000000000000178e-01
5.200666666666666771e-01
5.200666666666666771e-01
5.168666666666666965e-01
5.204666666666666330e-01
5.223999999999999755e-01
5.205333333333332924e-01
5.178000000000000380e-01
5.198000000000000398e-01
5.228666666666667018e-01
5.192666666666666542e-01
5.182666666666666533e-01
5.234666666666666357e-01
5.177333333333333787e-01
5.192666666666666542e-01
5.233999999999999764e-01
5.217333333333333822e-01
5.172666666666666524e-01
5.208000000000000407e-01
5.260000000000000231e-01
5.218000000000000416e-01
5.220000000000000195e-01
5.163333333333333108e-01
5.221999999999999975e-01
5.208666666666667000e-01
5.198666666666666991e-01
5.242666666666666586e-01
5.215333333333332932e-01
5.220000000000000195e-01
5.207333333333333814e-01
5.221333333333333382e-01
5.193999999999999728e-01
5.210000000000000187e-01
5.205333333333332924e-01
5.243999999999999773e-01
5.255333333333332968e-01
5.224666666666666348e-01
5.233999999999999764e-01
5.215999999999999526e-01
5.208666666666667000e-01
5.205999999999999517e-01
5.215999999999999526e-01
5.193333333333333135e-01
5.223999999999999755e-01
5.254666666666666375e-01
5.243333333333333179e-01
5.239333333333333620e-01
5.206666666666667220e-01
5.225333333333332941e-01
5.228666666666667018e-01
5.231333333333333391e-01
5.251333333333333409e-01
5.171999999999999931e-01
5.225333333333332941e-01
5.234666666666666357e-01
5.231999999999999984e-01
5.238000000000000433e-01
5.248000000000000442e-01
5.228666666666667018e-01
5.241999999999999993e-01
5.206666666666667220e-01
5.270666666666666833e-01
5.232666666666666577e-01
5.233999999999999764e-01
5.247333333333333849e-01
5.223999999999999755e-01
5.230666666666666798e-01
5.211333333333333373e-01
5.223999999999999755e-01
5.214666666666666339e-01
5.231333333333333391e-01
5.240000000000000213e-01
5.261333333333333417e-01
5.305333333333333012e-01
5.240666666666666806e-01
5.230666666666666798e-01
5.218666666666667009e-01
5.219333333333333602e-01
5.274666666666666393e-01
5.242666666666666586e-01
5.247333333333333849e-01
5.280666666666666842e-01
5.262666666666666604e-01
5.255333333333332968e-01
5.236666666666666137e-01
5.270666666666666833e-01
5.253999999999999782e-01
5.238666666666667027e-01
5.250000000000000222e-01
5.272666666666666613e-01
5.279333333333333655e-01
5.254666666666666375e-01
5.271333333333333426e-01
5.282666666666666622e-01
5.250666666666666815e-01
5.256666666666666154e-01
5.282000000000000028e-01
5.292000000000000037e-01
5.263333333333333197e-01
5.263999999999999790e-01
5.258666666666667044e-01
5.273333333333333206e-01
5.283999999999999808e-01
5.270000000000000240e-01
5.288666666666667071e-01
5.280000000000000249e-01
5.253999999999999782e-01
5.305333333333333012e-01
5.280000000000000249e-01
5.245999999999999552e-01
5.294666666666666410e-01
5.304666666666666419e-01
5.277333333333333876e-01
5.271333333333333426e-01
5.291333333333333444e-01
5.312666666666666648e-01
5.270666666666666833e-01
5.274666666666666393e-01
5.295999999999999597e-01
5.273999999999999799e-01
5.315999999999999615e-01
5.258000000000000451e-01
5.289333333333333664e-01
5.328000000000000513e-01
5.295999999999999597e-01
5.286666666666666181e-01
5.302000000000000046e-01
5.293333333333333224e-01
5.291333333333333444e-01
5.266666666666666163e-01
5.316666666666666208e-01
5.299333333333333673e-01
5.297333333333332783e-01
5.325333333333333030e-01
5.333333333333333259e-01
5.272666666666666613e-01
5.260666666666666824e-01
5.283999999999999808e-01
5.315333333333333021e-01
5.303333333333333233e-01
5.334666666666666446e-01
5.349333333333333718e-01
5.328666666666667107e-01
5.324666666666666437e-01
5.270666666666666833e-01
5.317333333333332801e-01
5.285999999999999588e-01
5.310000000000000275e-01
5.310000000000000275e-01
5.307333333333332792e-01
