3.861999999999999877e-01
3.844000000000000195e-01
3.873333333333333073e-01
3.861999999999999877e-01
3.870000000000000107e-01
3.890666666666666718e-01
3.885333333333333417e-01
3.890666666666666718e-01
3.922666666666666524e-01
3.897333333333333205e-01
3.910666666666666735e-01
3.948666666666666436e-01
3.942666666666666542e-01
3.926666666666666639e-01
3.970000000000000195e-01
3.928666666666666418e-01
3.966000000000000081e-01
4.006666666666666710e-01
3.982666666666666577e-01
3.981999999999999984e-01
4.002000000000000002e-01
3.977999999999999869e-01
4.031333333333333435e-01
4.006000000000000116e-01
4.020666666666666833e-01
4.027333333333333321e-01
4.013333333333333197e-01
4.029333333333333100e-01
4.072666666666666657e-01
4.074666666666666437e-01
4.068666666666666543e-01
4.075333333333333585e-01
4.083333333333333259e-01
4.065333333333333576e-01
4.112000000000000099e-01
4.118666666666666587e-01
4.162000000000000144e-01
4.142000000000000126e-01
4.096666666666666790e-01
4.106000000000000205e-01
4.139999999999999791e-01
4.103333333333333277e-01
4.161333333333333551e-01
4.140666666666666940e-01
4.163999999999999924e-01
4.172000000000000153e-01
4.178000000000000047e-01
4.167333333333333445e-01
4.186000000000000276e-01
4.197333333333333472e-01
4.190666666666666429e-01
4.199999999999999845e-01
4.179999999999999827e-01
4.233333333333333393e-01
4.208000000000000074e-01
4.206666666666666887e-01
4.188000000000000056e-01
4.243333333333333401e-01
4.252666666666666817e-01
4.240666666666666473e-01
4.275999999999999801e-01
4.282000000000000250e-01
4.260666666666666491e-01
4.254666666666666597e-01
4.277333333333333543e-01
4.281333333333333102e-01
4.308000000000000163e-01
4.264666666666666606e-01
4.272666666666666835e-01
4.284666666666666623e-01
4.297333333333333560e-01
4.309999999999999942e-01
4.280666666666666509e-01
4.292000000000000259e-01
4.292666666666666853e-01
4.255999999999999783e-01
4.325999999999999845e-01
4.305999999999999828e-01
4.265333333333333199e-01
4.307333333333333569e-01
4.313333333333333464e-01
4.332666666666666888e-01
4.317333333333333578e-01
4.329999999999999960e-01
4.374666666666666703e-01
4.336666666666666448e-01
4.345999999999999863e-01
4.347333333333333605e-01
4.386666666666666492e-01
4.354000000000000092e-01
4.288000000000000145e-01
4.382666666666666933e-01
4.368666666666666809e-01
4.364000000000000101e-01
4.406666666666666510e-01
4.368000000000000216e-01
4.368000000000000216e-01
4.411333333333333218e-01
4.385333333333333306e-01
4.415999999999999925e-01
4.401333333333333209e-01
4.405999999999999917e-01
4.425333333333333341e-01
4.390666666666666607e-01
4.432666666666666422e-01
4.395999999999999908e-01
4.434666666666666757e-01
4.450000000000000067e-01
4.406666666666666510e-01
4.428000000000000269e-01
4.440666666666666651e-01
4.453333333333333588e-01
4.428000000000000269e-01
4.459333333333333482e-01
4.438666666666666871e-01
4.489333333333333509e-01
4.454666666666666774e-01
4.468666666666666898e-01
4.492666666666666475e-01
4.469333333333333491e-01
4.488666666666666916e-01
4.490000000000000102e-01
4.501999999999999891e-01
4.475999999999999979e-01
4.498666666666666925e-01
4.463333333333333597e-01
4.485333333333333394e-01
4.493333333333333068e-01
4.505333333333333412e-01
4.513333333333333086e-01
4.483333333333333059e-01
4.517999999999999794e-01
4.504666666666666819e-01
4.511333333333333306e-01
4.519333333333333536e-01
4.515333333333333421e-01
4.528666666666666396e-01
4.502666666666666484e-01
4.553333333333333122e-01
4.521999999999999909e-01
4.550666666666666749e-01
4.503333333333333077e-01
4.514666666666666828e-01
4.568666666666666432e-01
4.575333333333333474e-01
4.537999999999999812e-01
4.576000000000000068e-01
4.535333333333333439e-01
4.534666666666666845e-01
4.592666666666666564e-01
4.495999999999999996e-01
4.538666666666666405e-01
4.597999999999999865e-01
4.580666666666666775e-01
4.573333333333333139e-01
4.604666666666666908e-01
4.606000000000000094e-01
4.632666666666666599e-01
4.584666666666666890e-01
4.590000000000000191e-01
4.617999999999999883e-01
4.571999999999999953e-01
4.561999999999999944e-01
4.627333333333333298e-01
4.586666666666666670e-01
4.590000000000000191e-01
4.551999999999999935e-01
4.615333333333333510e-01
4.588666666666666449e-01
4.626000000000000112e-01
4.641333333333333422e-01
4.635333333333333528e-01
4.647333333333333316e-01
4.650000000000000244e-01
4.640666666666666829e-01
4.637999999999999901e-01
4.648666666666666503e-01
4.636000000000000121e-01
4.622666666666666591e-01
4.627999999999999892e-01
4.639333333333333087e-01
4.642666666666666608e-01
4.627999999999999892e-01
4.662000000000000033e-01
4.632666666666666599e-01
4.645333333333333536e-01
4.667999999999999927e-01
4.651333333333333431e-01
4.654666666666666397e-01
4.683999999999999830e-01
4.682666666666666644e-01
4.687999999999999945e-01
4.650666666666666837e-01
4.635333333333333528e-01
4.670000000000000262e-01
4.706000000000000183e-01
4.675333333333333563e-01
4.713333333333333264e-01
4.719999999999999751e-01
4.653333333333333210e-01
4.680666666666666864e-01
4.691333333333333466e-01
4.698666666666666547e-01
4.644666666666666943e-01
4.719999999999999751e-01
4.684666666666666424e-01
4.710666666666666891e-01
4.706000000000000183e-01
4.682666666666666644e-01
4.679333333333333123e-01
4.696000000000000174e-01
4.741333333333333511e-01
4.700666666666666882e-01
4.716000000000000192e-01
4.712666666666666671e-01
4.715333333333333599e-01
4.731333333333333502e-01
4.698666666666666547e-01
4.722000000000000086e-01
4.743333333333333290e-01
4.726000000000000201e-01
4.697999999999999954e-01
4.767333333333333423e-01
4.729333333333333167e-01
4.737999999999999989e-01
4.719333333333333158e-01
4.730666666666666909e-01
4.749333333333333185e-01
4.753999999999999893e-01
4.771333333333333537e-01
4.728666666666666574e-01
4.739333333333333176e-01
4.737333333333333396e-01
4.735333333333333061e-01
4.732666666666666688e-01
4.759333333333333194e-01
4.811333333333333573e-01
4.785333333333333106e-01
4.766666666666666829e-01
4.776666666666666838e-01
4.782000000000000139e-01
4.786666666666666847e-01
4.769333333333333202e-01
4.789999999999999813e-01
4.786666666666666847e-01
4.780666666666666398e-01
4.773333333333333317e-01
4.798000000000000043e-01
4.769333333333333202e-01
4.757333333333333414e-01
4.749333333333333185e-01
4.806000000000000272e-01
4.786666666666666847e-01
4.806000000000000272e-01
4.786000000000000254e-01
4.798666666666666636e-01
4.830666666666666442e-01
4.795333333333333115e-01
4.803333333333333344e-01
4.803333333333333344e-01
4.802666666666666750e-01
4.819333333333333247e-01
4.812666666666666759e-01
4.823333333333333361e-01
4.842666666666666786e-01
4.828666666666666663e-01
4.828000000000000069e-01
4.835333333333333150e-01
4.851333333333333608e-01
4.830666666666666442e-01
4.832666666666666777e-01
4.782666666666666733e-01
4.849333333333333274e-01
4.785333333333333106e-01
4.821333333333333582e-01
4.813999999999999946e-01
4.844666666666666566e-01
4.822666666666666768e-01
4.823999999999999955e-01
4.876666666666666927e-01
4.818666666666666654e-01
4.837333333333333485e-01
4.840666666666666451e-01
4.861333333333333062e-01
4.821333333333333582e-01
4.886666666666666936e-01
4.863999999999999990e-01
4.858666666666666689e-01
4.882666666666666822e-01
4.855999999999999761e-01
4.847333333333333494e-01
4.831333333333333591e-01
4.862000000000000210e-01
4.892666666666666830e-01
4.869999999999999885e-01
4.863333333333333397e-01
4.823333333333333361e-01
4.885333333333333194e-01
4.852000000000000202e-01
4.836666666666666892e-01
4.913333333333333441e-01
4.877333333333333520e-01
4.865333333333333177e-01
4.879999999999999893e-01
4.899333333333333318e-01
4.849333333333333274e-01
4.882666666666666822e-01
4.934666666666666646e-01
4.910666666666666513e-01
4.880666666666666487e-01
4.927333333333333565e-01
4.904666666666666619e-01
4.903333333333333433e-01
4.897333333333333538e-01
4.891333333333333089e-01
4.903333333333333433e-01
4.899333333333333318e-01
4.894000000000000017e-01
4.920666666666666522e-01
4.873999999999999999e-01
4.915999999999999814e-01
4.899333333333333318e-01
4.899333333333333318e-01
4.899999999999999911e-01
4.900666666666666504e-01
4.951999999999999735e-01
4.909333333333333327e-01
4.905999999999999805e-01
4.923333333333333450e-01
4.898666666666666725e-01
4.949333333333333362e-01
4.949333333333333362e-01
4.888000000000000123e-01
4.914666666666666628e-01
4.928666666666666751e-01
4.895999999999999797e-01
4.951333333333333142e-01
4.949333333333333362e-01
4.908000000000000140e-01
4.904000000000000026e-01
4.914000000000000035e-01
4.958000000000000185e-01
4.950666666666666549e-01
4.962666666666666893e-01
4.958666666666666778e-01
4.945333333333333248e-01
4.940666666666666540e-01
4.924666666666666637e-01
4.939999999999999947e-01
4.892000000000000237e-01
4.946666666666666434e-01
4.972666666666666901e-01
4.947333333333333583e-01
4.928000000000000158e-01
4.951333333333333142e-01
4.977333333333333609e-01
4.948000000000000176e-01
4.955999999999999850e-01
4.942666666666666875e-01
4.983333333333333504e-01
4.969999999999999973e-01
4.962666666666666893e-01
4.954000000000000070e-01
4.969999999999999973e-01
5.018666666666666831e-01
4.912000000000000255e-01
4.969999999999999973e-01
4.915333333333333221e-01
4.918000000000000149e-01
4.988666666666666805e-01
4.960666666666666558e-01
4.935333333333333239e-01
4.969333333333333380e-01
4.965333333333333266e-01
5.026666666666667060e-01
4.963333333333333486e-01
4.989999999999999991e-01
5.004666666666666153e-01
5.032666666666666400e-01
5.013333333333332975e-01
5.001999999999999780e-01
4.975999999999999868e-01
4.998666666666666814e-01
5.004666666666666153e-01
4.990666666666666584e-01
5.006666666666667043e-01
4.994666666666666699e-01
4.981999999999999762e-01
4.974666666666666681e-01
5.013999999999999568e-01
4.988666666666666805e-01
4.977333333333333609e-01
4.991333333333333178e-01
4.984000000000000097e-01
5.015333333333333865e-01
5.047333333333333671e-01
5.000000000000000000e-01
4.984000000000000097e-01
5.015333333333333865e-01
4.989999999999999991e-01
5.001999999999999780e-01
4.990666666666666584e-01
5.016666666666667052e-01
5.008000000000000229e-01
5.028666666666666840e-01
5.023333333333332984e-01
5.006000000000000449e-01
5.031999999999999806e-01
5.018000000000000238e-01
5.006666666666667043e-01
5.031999999999999806e-01
5.034666666666666179e-01
5.054666666666666197e-01
5.014666666666666162e-01
5.041333333333333222e-01
5.023999999999999577e-01
5.060000000000000053e-01
5.028000000000000247e-01
5.046666666666667078e-01
5.026666666666667060e-01
5.034666666666666179e-01
5.038666666666666849e-01
5.070000000000000062e-01
5.050666666666666638e-01
5.031333333333333213e-01
5.038000000000000256e-01
5.050666666666666638e-01
5.063999999999999613e-01
5.048666666666666858e-01
5.042666666666666409e-01
5.070666666666666655e-01
5.067333333333333689e-01
5.019333333333333425e-01
5.040666666666666629e-01
5.052666666666666417e-01
5.067333333333333689e-01
5.066666666666667096e-01
5.083333333333333037e-01
5.063333333333333020e-01
5.060000000000000053e-01
5.078000000000000291e-01
5.050000000000000044e-01
5.065333333333332799e-01
5.076000000000000512e-01
5.053999999999999604e-01
5.073999999999999622e-01
5.060000000000000053e-01
5.042666666666666409e-01
5.069333333333333469e-01
5.068666666666666876e-01
5.077333333333333698e-01
5.069333333333333469e-01
5.090000000000000080e-01
5.133333333333333082e-01
5.069333333333333469e-01
5.068000000000000282e-01
5.058666666666666867e-01
5.062666666666666426e-01
5.078666666666666885e-01
5.075333333333332808e-01
5.071999999999999842e-01
5.078666666666666885e-01
5.076666666666667105e-01
5.074666666666666215e-01
5.118666666666666920e-01
5.066000000000000503e-01
5.085333333333332817e-01
5.076666666666667105e-01
5.076000000000000512e-01
5.076666666666667105e-01
5.065333333333332799e-01
5.078000000000000291e-01
5.059333333333333460e-01
5.080666666666666664e-01
5.030000000000000027e-01
5.110666666666666691e-01
5.101999999999999869e-01
5.065333333333332799e-01
5.105333333333332835e-01
5.109333333333333504e-01
5.092666666666666453e-01
5.151333333333333320e-01
5.131999999999999895e-01
5.106000000000000538e-01
5.093999999999999639e-01
5.126666666666667149e-01
5.073333333333333028e-01
5.118666666666666920e-01
5.101999999999999869e-01
5.081999999999999851e-01
5.111333333333333284e-01
5.110000000000000098e-01
5.118666666666666920e-01
5.100000000000000089e-01
5.102666666666666462e-01
5.113999999999999657e-01
5.135333333333332861e-01
5.116666666666667140e-01
5.136666666666667158e-01
5.106666666666667131e-01
5.095333333333332826e-01
5.137333333333333751e-01
5.100000000000000089e-01
5.112666666666666471e-01
5.121333333333333293e-01
5.110000000000000098e-01
5.127333333333333742e-01
5.108666666666666911e-01
5.110666666666666691e-01
5.113333333333333064e-01
5.120666666666666700e-01
5.135999999999999455e-01
5.128000000000000336e-01
5.084666666666666224e-01
5.113333333333333064e-01
5.131999999999999895e-01
5.128000000000000336e-01
5.149333333333333540e-01
5.155999999999999472e-01
5.125333333333332853e-01
5.143333333333333091e-01
5.122666666666666480e-01
5.140666666666666718e-01
5.139333333333333531e-01
5.129333333333333522e-01
5.179333333333333567e-01
5.157333333333333769e-01
5.135333333333332861e-01
5.135333333333332861e-01
5.158000000000000362e-01
5.135333333333332861e-01
5.156666666666667176e-01
5.153333333333333099e-01
5.151999999999999913e-01
5.140666666666666718e-01
5.122666666666666480e-01
5.145999999999999464e-01
5.151999999999999913e-01
5.172666666666666524e-01
5.176666666666667194e-01
5.188000000000000389e-01
5.192666666666666542e-01
5.156666666666667176e-01
5.154666666666666286e-01
5.158666666666666956e-01
5.130666666666666709e-01
5.157333333333333769e-01
5.120666666666666700e-01
5.125333333333332853e-01
5.147333333333333760e-01
5.164666666666666295e-01
5.145333333333332870e-01
5.202666666666666551e-01
5.190666666666666762e-01
5.169333333333333558e-01
5.178000000000000380e-01
5.183999999999999719e-01
5.175999999999999490e-01
5.159333333333333549e-01
5.126666666666667149e-01
5.176666666666667194e-01
5.185999999999999499e-01
5.191999999999999948e-01
5.170000000000000151e-01
5.171333333333333337e-01
5.145333333333332870e-01
5.170000000000000151e-01
5.188000000000000389e-01
5.180000000000000160e-01
5.150666666666666726e-01
5.179333333333333567e-01
5.223333333333333162e-01
5.194666666666666321e-01
5.165333333333332888e-01
5.174666666666666304e-01
5.188000000000000389e-01
5.201999999999999957e-01
5.195333333333332915e-01
5.116000000000000547e-01
5.245999999999999552e-01
5.200000000000000178e-01
5.197333333333333805e-01
5.201999999999999957e-01
5.168000000000000371e-01
5.201333333333333364e-01
5.220666666666666789e-01
5.205999999999999517e-01
5.173999999999999710e-01
5.197333333333333805e-01
5.228666666666667018e-01
5.192666666666666542e-01
5.178666666666666973e-01
5.237333333333333840e-01
5.177333333333333787e-01
5.189333333333333576e-01
5.230666666666666798e-01
5.215333333333332932e-01
5.170000000000000151e-01
5.206666666666667220e-01
5.255999999999999561e-01
5.213333333333333153e-01
5.218666666666667009e-01
5.161999999999999922e-01
5.219333333333333602e-01
5.205333333333332924e-01
5.196666666666667211e-01
5.242666666666666586e-01
5.214666666666666339e-01
5.219333333333333602e-01
5.203999999999999737e-01
5.220000000000000195e-01
5.190666666666666762e-01
5.208000000000000407e-01
5.205333333333332924e-01
5.241333333333333400e-01
5.253333333333333188e-01
5.222666666666666568e-01
5.231333333333333391e-01
5.213333333333333153e-01
5.206666666666667220e-01
5.205999999999999517e-01
5.211999999999999966e-01
5.191333333333333355e-01
5.219333333333333602e-01
5.253999999999999782e-01
5.242666666666666586e-01
5.237333333333333840e-01
5.205999999999999517e-01
5.224666666666666348e-01
5.225999999999999535e-01
5.228000000000000425e-01
5.247333333333333849e-01
5.171333333333333337e-01
5.225333333333332941e-01
5.233333333333333171e-01
5.227333333333333831e-01
5.233999999999999764e-01
5.247333333333333849e-01
5.225333333333332941e-01
5.238000000000000433e-01
5.205999999999999517e-01
5.268000000000000460e-01
5.231999999999999984e-01
5.232666666666666577e-01
5.246666666666666146e-01
5.226666666666666128e-01
5.225999999999999535e-01
5.209333333333333593e-01
5.220000000000000195e-01
5.212666666666666559e-01
5.230000000000000204e-01
5.237333333333333840e-01
5.256666666666666154e-01
5.300666666666666860e-01
5.242666666666666586e-01
5.225333333333332941e-01
5.214666666666666339e-01
5.220000000000000195e-01
5.272000000000000020e-01
5.238000000000000433e-01
5.244666666666666366e-01
5.279333333333333655e-01
5.261333333333333417e-01
5.257333333333333858e-01
5.231333333333333391e-01
5.266666666666666163e-01
5.248666666666667036e-01
5.237333333333333840e-01
5.248000000000000442e-01
5.268666666666667053e-01
5.273999999999999799e-01
5.255333333333332968e-01
5.270666666666666833e-01
5.279333333333333655e-01
5.247333333333333849e-01
5.255333333333332968e-01
5.280000000000000249e-01
5.288000000000000478e-01
5.261333333333333417e-01
5.257333333333333858e-01
5.260000000000000231e-01
5.269333333333333647e-01
5.282000000000000028e-01
5.268000000000000460e-01
5.286666666666666181e-01
5.278000000000000469e-01
5.252000000000000002e-01
5.307333333333332792e-01
5.275999999999999579e-01
5.244666666666666366e-01
5.292666666666666631e-01
5.300000000000000266e-01
5.276666666666666172e-01
5.268000000000000460e-01
5.286666666666666181e-01
5.311333333333333462e-01
5.267333333333333867e-01
5.270666666666666833e-01
5.294666666666666410e-01
5.274666666666666393e-01
5.312666666666666648e-01
5.256666666666666154e-01
5.288666666666667071e-01
5.324666666666666437e-01
5.292000000000000037e-01
5.283333333333333215e-01
5.300000000000000266e-01
5.292000000000000037e-01
5.288666666666667071e-01
5.264666666666666384e-01
5.316666666666666208e-01
5.299333333333333673e-01
5.294666666666666410e-01
5.324666666666666437e-01
5.333999999999999853e-01
5.270666666666666833e-01
5.260666666666666824e-01
5.282666666666666622e-01
5.308000000000000496e-01
5.300666666666666860e-01
5.329333333333333700e-01
5.346666666666666234e-01
5.326666666666666217e-01
5.322666666666666657e-01
5.270666666666666833e-01
5.314666666666666428e-01
5.285999999999999588e-01
5.307333333333332792e-01
5.308000000000000496e-01
5.303999999999999826e-01
