2.983333333333333393e-01
3.011333333333333084e-01
3.117333333333333067e-01
3.158000000000000251e-01
3.208666666666666889e-01
3.250000000000000111e-01
3.268666666666666942e-01
3.321999999999999953e-01
3.357999999999999874e-01
3.358666666666666467e-01
3.404666666666666397e-01
3.472666666666666679e-01
3.512000000000000122e-01
3.498666666666666591e-01
3.537333333333333441e-01
3.512000000000000122e-01
3.573333333333333361e-01
3.599999999999999867e-01
3.627333333333333520e-01
3.593999999999999972e-01
3.644000000000000017e-01
3.635333333333333194e-01
3.718000000000000194e-01
3.699333333333333362e-01
3.703333333333333477e-01
3.727333333333333609e-01
3.721999999999999753e-01
3.739333333333333398e-01
3.800000000000000044e-01
3.795999999999999930e-01
3.790666666666666629e-01
3.815999999999999948e-01
3.821999999999999842e-01
3.805999999999999939e-01
3.881333333333333302e-01
3.886666666666666603e-01
3.921999999999999931e-01
3.912666666666666515e-01
3.880000000000000115e-01
3.896666666666666612e-01
3.910666666666666735e-01
3.882666666666666488e-01
3.939333333333333576e-01
3.950000000000000178e-01
3.964666666666666894e-01
3.992666666666666586e-01
3.977333333333333276e-01
3.983999999999999764e-01
4.003999999999999782e-01
4.020000000000000240e-01
4.009333333333333083e-01
4.026666666666666727e-01
4.000666666666666815e-01
4.045333333333333559e-01
4.044666666666666410e-01
4.048666666666666525e-01
4.026000000000000134e-01
4.098666666666666569e-01
4.077333333333333365e-01
4.065333333333333576e-01
4.108666666666666578e-01
4.127333333333333409e-01
4.110666666666666913e-01
4.105333333333333057e-01
4.133333333333333304e-01
4.142666666666666719e-01
4.172666666666666746e-01
4.110666666666666913e-01
4.148000000000000020e-01
4.143333333333333313e-01
4.165333333333333110e-01
4.179999999999999827e-01
4.154666666666666508e-01
4.173333333333333339e-01
4.159333333333333216e-01
4.133999999999999897e-01
4.193999999999999950e-01
4.175333333333333119e-01
4.156666666666666843e-01
4.157333333333333436e-01
4.182000000000000162e-01
4.195333333333333137e-01
4.182000000000000162e-01
4.205999999999999739e-01
4.244666666666666588e-01
4.226666666666666905e-01
4.239333333333333287e-01
4.225333333333333163e-01
4.259999999999999898e-01
4.228000000000000091e-01
4.164666666666666517e-01
4.257333333333333525e-01
4.267333333333333534e-01
4.255333333333333190e-01
4.303333333333333455e-01
4.246666666666666923e-01
4.256666666666666932e-01
4.319333333333333358e-01
4.278666666666666729e-01
4.312000000000000277e-01
4.306666666666666421e-01
4.306666666666666421e-01
4.328000000000000180e-01
4.302000000000000268e-01
4.336666666666666448e-01
4.300666666666666527e-01
4.338000000000000189e-01
4.361999999999999766e-01
4.304666666666666641e-01
4.331999999999999740e-01
4.342666666666666897e-01
4.374666666666666703e-01
4.357333333333333059e-01
4.384666666666666712e-01
4.345999999999999863e-01
4.408666666666666845e-01
4.358666666666666800e-01
4.379333333333333411e-01
4.408666666666666845e-01
4.385999999999999899e-01
4.396666666666666501e-01
4.385999999999999899e-01
4.405333333333333323e-01
4.375333333333333297e-01
4.410000000000000031e-01
4.372666666666666924e-01
4.385333333333333306e-01
4.411999999999999811e-01
4.414666666666666739e-01
4.415333333333333332e-01
4.374000000000000110e-01
4.411999999999999811e-01
4.405333333333333323e-01
4.421333333333333226e-01
4.420666666666666633e-01
4.431333333333333235e-01
4.443333333333333579e-01
4.409333333333333438e-01
4.457333333333333147e-01
4.449333333333333473e-01
4.469333333333333491e-01
4.428000000000000269e-01
4.423333333333333561e-01
4.476666666666666572e-01
4.490666666666666695e-01
4.447999999999999732e-01
4.487333333333333174e-01
4.462666666666666448e-01
4.448666666666666880e-01
4.510000000000000120e-01
4.425999999999999934e-01
4.442666666666666431e-01
4.518666666666666942e-01
4.505333333333333412e-01
4.492666666666666475e-01
4.530000000000000138e-01
4.506666666666666599e-01
4.534666666666666845e-01
4.510666666666666713e-01
4.500000000000000111e-01
4.521333333333333315e-01
4.482666666666666466e-01
4.472666666666666457e-01
4.547999999999999821e-01
4.505333333333333412e-01
4.497999999999999776e-01
4.488666666666666916e-01
4.520666666666666722e-01
4.520000000000000129e-01
4.550666666666666749e-01
4.567333333333333245e-01
4.547999999999999821e-01
4.570000000000000173e-01
4.547333333333333227e-01
4.549333333333333562e-01
4.547333333333333227e-01
4.564666666666666872e-01
4.547999999999999821e-01
4.530666666666666731e-01
4.555333333333333456e-01
4.558666666666666423e-01
4.551333333333333342e-01
4.534000000000000252e-01
4.589333333333333598e-01
4.548666666666666414e-01
4.572666666666666546e-01
4.597333333333333272e-01
4.555333333333333456e-01
4.572666666666666546e-01
4.598666666666666458e-01
4.602666666666666573e-01
4.610000000000000209e-01
4.568666666666666432e-01
4.556666666666666643e-01
4.585333333333333483e-01
4.626666666666666705e-01
4.597333333333333272e-01
4.640000000000000235e-01
4.624666666666666925e-01
4.586666666666666670e-01
4.594666666666666899e-01
4.626666666666666705e-01
4.611333333333333395e-01
4.575333333333333474e-01
4.648666666666666503e-01
4.615333333333333510e-01
4.633999999999999786e-01
4.631333333333333413e-01
4.613333333333333175e-01
4.611333333333333395e-01
4.642666666666666608e-01
4.663333333333333219e-01
4.627333333333333298e-01
4.637999999999999901e-01
4.644666666666666943e-01
4.649333333333333096e-01
4.664666666666666406e-01
4.629333333333333078e-01
4.647333333333333316e-01
4.677333333333333343e-01
4.663333333333333219e-01
4.652666666666666617e-01
4.695333333333333581e-01
4.653999999999999804e-01
4.670666666666666855e-01
4.662666666666666626e-01
4.662666666666666626e-01
4.687333333333333352e-01
4.679333333333333123e-01
4.700666666666666882e-01
4.661333333333333440e-01
4.660000000000000253e-01
4.668666666666666520e-01
4.673999999999999821e-01
4.667999999999999927e-01
4.691333333333333466e-01
4.720666666666666900e-01
4.707999999999999963e-01
4.699333333333333140e-01
4.725333333333333607e-01
4.719333333333333158e-01
4.712000000000000077e-01
4.709333333333333149e-01
4.719999999999999751e-01
4.727333333333333387e-01
4.712000000000000077e-01
4.701333333333333475e-01
4.731333333333333502e-01
4.704666666666666441e-01
4.686000000000000165e-01
4.685333333333333572e-01
4.727999999999999980e-01
4.723999999999999866e-01
4.721333333333333493e-01
4.727999999999999980e-01
4.736666666666666803e-01
4.759999999999999787e-01
4.729333333333333167e-01
4.734666666666666468e-01
4.743999999999999884e-01
4.736000000000000210e-01
4.753333333333333299e-01
4.753333333333333299e-01
4.754666666666666486e-01
4.758666666666666600e-01
4.745333333333333070e-01
4.758000000000000007e-01
4.763999999999999901e-01
4.773999999999999910e-01
4.756666666666666821e-01
4.759333333333333194e-01
4.714666666666666450e-01
4.776000000000000245e-01
4.726666666666666794e-01
4.753999999999999893e-01
4.742666666666666697e-01
4.772666666666666724e-01
4.752000000000000113e-01
4.756666666666666821e-01
4.808000000000000052e-01
4.762666666666666715e-01
4.772000000000000131e-01
4.784666666666666512e-01
4.796666666666666856e-01
4.752000000000000113e-01
4.820666666666666433e-01
4.773333333333333317e-01
4.794666666666666521e-01
4.815333333333333132e-01
4.792000000000000148e-01
4.777333333333333432e-01
4.762000000000000122e-01
4.793999999999999928e-01
4.811333333333333573e-01
4.797333333333333449e-01
4.794666666666666521e-01
4.759999999999999787e-01
4.819999999999999840e-01
4.797333333333333449e-01
4.768000000000000016e-01
4.861333333333333062e-01
4.809999999999999831e-01
4.798000000000000043e-01
4.809999999999999831e-01
4.840666666666666451e-01
4.793333333333333335e-01
4.813999999999999946e-01
4.863999999999999990e-01
4.836666666666666892e-01
4.812000000000000166e-01
4.862666666666666804e-01
4.836666666666666892e-01
4.829333333333333256e-01
4.825999999999999734e-01
4.819333333333333247e-01
4.825333333333333141e-01
4.829333333333333256e-01
4.816666666666666874e-01
4.852000000000000202e-01
4.794666666666666521e-01
4.846666666666666901e-01
4.832000000000000184e-01
4.826666666666666883e-01
4.830666666666666442e-01
4.826666666666666883e-01
4.875999999999999779e-01
4.839999999999999858e-01
4.853333333333333388e-01
4.853999999999999981e-01
4.820666666666666433e-01
4.879999999999999893e-01
4.875333333333333186e-01
4.822000000000000175e-01
4.857333333333333503e-01
4.857333333333333503e-01
4.825333333333333141e-01
4.869333333333333291e-01
4.875999999999999779e-01
4.838666666666666671e-01
4.830666666666666442e-01
4.845999999999999752e-01
4.898000000000000131e-01
4.882000000000000228e-01
4.891333333333333089e-01
4.890666666666666496e-01
4.883333333333333415e-01
4.873999999999999999e-01
4.870666666666666478e-01
4.877333333333333520e-01
4.825999999999999734e-01
4.882666666666666822e-01
4.914000000000000035e-01
4.875999999999999779e-01
4.867333333333333512e-01
4.886666666666666936e-01
4.907333333333333547e-01
4.884000000000000008e-01
4.888666666666666716e-01
4.878000000000000114e-01
4.922000000000000264e-01
4.901333333333333098e-01
4.902000000000000246e-01
4.895333333333333203e-01
4.902666666666666839e-01
4.948666666666666769e-01
4.845333333333333159e-01
4.908000000000000140e-01
4.863999999999999990e-01
4.852000000000000202e-01
4.936666666666666425e-01
4.904666666666666619e-01
4.868666666666666698e-01
4.908666666666666734e-01
4.895999999999999797e-01
4.957333333333333591e-01
4.913333333333333441e-01
4.936666666666666425e-01
4.934666666666666646e-01
4.981999999999999762e-01
4.959333333333333371e-01
4.944666666666666655e-01
4.914666666666666628e-01
4.943333333333333468e-01
4.957333333333333591e-01
4.943333333333333468e-01
4.944666666666666655e-01
4.926666666666666416e-01
4.933333333333333459e-01
4.915999999999999814e-01
4.958000000000000185e-01
4.922000000000000264e-01
4.912666666666666848e-01
4.928666666666666751e-01
4.919333333333333336e-01
4.959999999999999964e-01
4.984000000000000097e-01
4.939999999999999947e-01
4.922666666666666857e-01
4.957333333333333591e-01
4.924666666666666637e-01
4.927333333333333565e-01
4.914000000000000035e-01
4.948666666666666769e-01
4.939999999999999947e-01
4.964000000000000079e-01
4.956666666666666443e-01
4.955999999999999850e-01
4.962666666666666893e-01
4.968666666666666787e-01
4.951333333333333142e-01
4.967333333333333600e-01
4.981333333333333169e-01
4.983333333333333504e-01
4.959333333333333371e-01
4.975333333333333274e-01
4.978666666666666796e-01
4.994000000000000106e-01
4.975333333333333274e-01
4.978000000000000203e-01
4.978666666666666796e-01
4.969333333333333380e-01
4.973333333333333495e-01
5.010000000000000009e-01
4.976666666666666461e-01
4.964666666666666672e-01
4.975999999999999868e-01
4.984666666666666690e-01
5.009333333333333416e-01
4.995333333333333292e-01
4.981999999999999762e-01
5.010666666666666602e-01
5.012666666666666382e-01
4.964666666666666672e-01
4.979999999999999982e-01
4.983333333333333504e-01
5.013999999999999568e-01
5.020666666666666611e-01
5.032666666666666400e-01
5.013999999999999568e-01
5.010666666666666602e-01
5.023999999999999577e-01
4.996666666666666479e-01
5.016000000000000458e-01
5.020666666666666611e-01
5.000666666666666593e-01
5.013999999999999568e-01
5.005333333333333856e-01
4.993333333333333512e-01
5.024666666666666170e-01
5.011999999999999789e-01
5.030666666666666620e-01
5.011999999999999789e-01
5.040000000000000036e-01
5.083333333333333037e-01
5.012666666666666382e-01
5.020666666666666611e-01
5.007333333333333636e-01
5.007333333333333636e-01
5.028666666666666840e-01
5.041999999999999815e-01
5.019333333333333425e-01
5.040666666666666629e-01
5.028000000000000247e-01
5.031999999999999806e-01
5.060666666666666647e-01
5.016000000000000458e-01
5.031333333333333213e-01
5.028666666666666840e-01
5.020000000000000018e-01
5.033333333333332993e-01
5.011333333333333195e-01
5.021333333333333204e-01
5.001999999999999780e-01
5.025333333333333874e-01
4.981333333333333169e-01
5.061999999999999833e-01
5.051999999999999824e-01
5.006666666666667043e-01
5.051333333333333231e-01
5.058666666666666867e-01
5.044666666666666188e-01
5.111333333333333284e-01
5.079333333333333478e-01
5.050000000000000044e-01
5.042666666666666409e-01
5.092666666666666453e-01
5.019333333333333425e-01
5.060666666666666647e-01
5.064666666666666206e-01
5.038666666666666849e-01
5.064666666666666206e-01
5.050666666666666638e-01
5.065333333333332799e-01
5.058666666666666867e-01
5.066000000000000503e-01
5.067333333333333689e-01
5.083999999999999631e-01
5.065333333333332799e-01
5.089333333333333487e-01
5.061999999999999833e-01
5.043333333333333002e-01
5.095333333333332826e-01
5.046666666666667078e-01
5.060000000000000053e-01
5.068000000000000282e-01
5.058000000000000274e-01
5.065333333333332799e-01
5.062666666666666426e-01
5.061999999999999833e-01
5.060666666666666647e-01
5.078000000000000291e-01
5.087333333333333707e-01
5.078666666666666885e-01
5.039333333333333442e-01
5.063333333333333020e-01
5.077333333333333698e-01
5.076000000000000512e-01
5.100000000000000089e-01
5.100000000000000089e-01
5.073999999999999622e-01
5.100000000000000089e-01
5.068666666666666876e-01
5.093999999999999639e-01
5.078666666666666885e-01
5.074666666666666215e-01
5.116666666666667140e-01
5.104666666666666242e-01
5.086666666666667114e-01
5.083333333333333037e-01
5.103333333333333055e-01
5.081999999999999851e-01
5.104666666666666242e-01
5.098000000000000309e-01
5.091999999999999860e-01
5.082666666666666444e-01
5.076000000000000512e-01
5.092666666666666453e-01
5.106666666666667131e-01
5.113999999999999657e-01
5.120666666666666700e-01
5.140000000000000124e-01
5.143999999999999684e-01
5.108000000000000318e-01
5.108000000000000318e-01
5.120000000000000107e-01
5.075333333333332808e-01
5.108000000000000318e-01
5.068666666666666876e-01
5.070666666666666655e-01
5.094666666666666233e-01
5.120000000000000107e-01
5.088666666666666893e-01
5.145333333333332870e-01
5.140666666666666718e-01
5.118666666666666920e-01
5.137333333333333751e-01
5.125999999999999446e-01
5.121999999999999886e-01
5.116000000000000547e-01
5.073999999999999622e-01
5.133999999999999675e-01
5.145999999999999464e-01
5.142666666666666497e-01
5.125333333333332853e-01
5.125333333333332853e-01
5.093999999999999639e-01
5.130000000000000115e-01
5.147333333333333760e-01
5.140666666666666718e-01
5.103333333333333055e-01
5.125999999999999446e-01
5.163333333333333108e-01
5.137333333333333751e-01
5.110666666666666691e-01
5.123333333333333073e-01
5.138000000000000345e-01
5.151999999999999913e-01
5.145999999999999464e-01
5.068666666666666876e-01
5.199333333333333584e-01
5.151999999999999913e-01
5.155333333333332879e-01
5.153333333333333099e-01
5.120000000000000107e-01
5.158666666666666956e-01
5.177333333333333787e-01
5.165333333333332888e-01
5.123999999999999666e-01
5.148000000000000353e-01
5.175999999999999490e-01
5.135999999999999455e-01
5.129333333333333522e-01
5.181333333333333346e-01
5.134666666666666268e-01
5.131333333333333302e-01
5.191333333333333355e-01
5.161999999999999922e-01
5.126666666666667149e-01
5.152666666666666506e-01
5.204666666666666330e-01
5.168666666666666965e-01
5.176666666666667194e-01
5.114666666666666250e-01
5.167333333333333778e-01
5.167333333333333778e-01
5.155999999999999472e-01
5.188666666666666982e-01
5.160000000000000142e-01
5.171999999999999931e-01
5.151999999999999913e-01
5.164666666666666295e-01
5.140666666666666718e-01
5.166666666666667185e-01
5.156666666666667176e-01
5.192666666666666542e-01
5.198666666666666991e-01
5.182666666666666533e-01
5.174666666666666304e-01
5.163999999999999702e-01
5.156666666666667176e-01
5.153333333333333099e-01
5.161333333333333329e-01
5.141333333333333311e-01
5.173333333333333117e-01
5.198666666666666991e-01
5.196666666666667211e-01
5.190666666666666762e-01
5.150000000000000133e-01
5.168666666666666965e-01
5.188000000000000389e-01
5.167333333333333778e-01
5.193333333333333135e-01
5.130666666666666709e-01
5.179333333333333567e-01
5.185999999999999499e-01
5.181999999999999940e-01
5.179333333333333567e-01
5.194666666666666321e-01
5.174666666666666304e-01
5.181999999999999940e-01
5.140666666666666718e-01
5.205999999999999517e-01
5.180666666666666753e-01
5.178000000000000380e-01
5.190000000000000169e-01
5.175333333333332897e-01
5.171333333333333337e-01
5.159333333333333549e-01
5.163999999999999702e-01
5.169333333333333558e-01
5.170000000000000151e-01
5.185999999999999499e-01
5.205333333333332924e-01
5.250666666666666815e-01
5.182666666666666533e-01
5.178000000000000380e-01
5.170666666666666744e-01
5.168666666666666965e-01
5.218000000000000416e-01
5.175333333333332897e-01
5.191999999999999948e-01
5.223333333333333162e-01
5.210666666666666780e-01
5.194666666666666321e-01
5.178000000000000380e-01
5.215333333333332932e-01
5.200666666666666771e-01
5.181999999999999940e-01
5.195999999999999508e-01
5.211999999999999966e-01
5.212666666666666559e-01
5.201999999999999957e-01
5.211999999999999966e-01
5.228666666666667018e-01
5.178000000000000380e-01
5.195333333333332915e-01
5.220666666666666789e-01
5.226666666666666128e-01
5.209333333333333593e-01
5.198000000000000398e-01
5.189333333333333576e-01
5.218666666666667009e-01
5.233999999999999764e-01
5.214666666666666339e-01
5.236666666666666137e-01
5.214666666666666339e-01
5.192666666666666542e-01
5.251333333333333409e-01
5.216666666666666119e-01
5.183999999999999719e-01
5.241333333333333400e-01
5.245333333333332959e-01
5.211333333333333373e-01
5.199333333333333584e-01
5.220000000000000195e-01
5.263333333333333197e-01
5.207333333333333814e-01
5.221333333333333382e-01
5.235999999999999543e-01
5.227333333333333831e-01
5.249333333333333629e-01
5.200666666666666771e-01
5.235999999999999543e-01
5.268666666666667053e-01
5.246666666666666146e-01
5.231999999999999984e-01
5.243999999999999773e-01
5.232666666666666577e-01
5.231333333333333391e-01
5.211999999999999966e-01
5.247333333333333849e-01
5.233333333333333171e-01
5.233999999999999764e-01
5.270000000000000240e-01
5.266666666666666163e-01
5.201999999999999957e-01
5.200666666666666771e-01
5.230000000000000204e-01
5.253333333333333188e-01
5.241999999999999993e-01
5.268666666666667053e-01
5.293333333333333224e-01
5.282000000000000028e-01
5.258666666666667044e-01
5.223333333333333162e-01
5.251333333333333409e-01
5.225999999999999535e-01
5.258666666666667044e-01
5.239333333333333620e-01
5.252666666666666595e-01
