3.916000000000000036e-01
3.901333333333333320e-01
3.928666666666666418e-01
3.923333333333333117e-01
3.916000000000000036e-01
3.936666666666666647e-01
3.931333333333333346e-01
3.938666666666666427e-01
3.973333333333333162e-01
3.934000000000000274e-01
3.951999999999999957e-01
3.996666666666666701e-01
3.989333333333333065e-01
3.966000000000000081e-01
4.021333333333333426e-01
3.972666666666666568e-01
4.004666666666666930e-01
4.050666666666666860e-01
4.023333333333333206e-01
4.016000000000000125e-01
4.043333333333333224e-01
4.018666666666666498e-01
4.061333333333333462e-01
4.040666666666666851e-01
4.055333333333333568e-01
4.066000000000000170e-01
4.043333333333333224e-01
4.060000000000000275e-01
4.099999999999999756e-01
4.101333333333333497e-01
4.102000000000000091e-01
4.102666666666666684e-01
4.112000000000000099e-01
4.097333333333333383e-01
4.148000000000000020e-01
4.156000000000000250e-01
4.188666666666666649e-01
4.169999999999999818e-01
4.126666666666666816e-01
4.137333333333333418e-01
4.168666666666666631e-01
4.134666666666666490e-01
4.183333333333333348e-01
4.163333333333333330e-01
4.192000000000000171e-01
4.197333333333333472e-01
4.204666666666666552e-01
4.195333333333333137e-01
4.208666666666666667e-01
4.215333333333333155e-01
4.215999999999999748e-01
4.218666666666666676e-01
4.205333333333333146e-01
4.249999999999999889e-01
4.232666666666666799e-01
4.238666666666666694e-01
4.211333333333333595e-01
4.267333333333333534e-01
4.278666666666666729e-01
4.259333333333333305e-01
4.299333333333333340e-01
4.304000000000000048e-01
4.279333333333333322e-01
4.274666666666666615e-01
4.305333333333333234e-01
4.299999999999999933e-01
4.329999999999999960e-01
4.276666666666666394e-01
4.298666666666666747e-01
4.305333333333333234e-01
4.319333333333333358e-01
4.328666666666666774e-01
4.297333333333333560e-01
4.316666666666666430e-01
4.311333333333333129e-01
4.275999999999999801e-01
4.352666666666666906e-01
4.322666666666666879e-01
4.280666666666666509e-01
4.320666666666666544e-01
4.331999999999999740e-01
4.340666666666666562e-01
4.336666666666666448e-01
4.351333333333333164e-01
4.395333333333333314e-01
4.354000000000000092e-01
4.359999999999999987e-01
4.360666666666666580e-01
4.399333333333333429e-01
4.377333333333333076e-01
4.308666666666666756e-01
4.394000000000000128e-01
4.387333333333333085e-01
4.380000000000000004e-01
4.421333333333333226e-01
4.396666666666666501e-01
4.388000000000000234e-01
4.426666666666666528e-01
4.406666666666666510e-01
4.427333333333333121e-01
4.420000000000000040e-01
4.421333333333333226e-01
4.437999999999999723e-01
4.402666666666666395e-01
4.447333333333333139e-01
4.409333333333333438e-01
4.449333333333333473e-01
4.466666666666666563e-01
4.423333333333333561e-01
4.438666666666666871e-01
4.456666666666666554e-01
4.465999999999999970e-01
4.445999999999999952e-01
4.470000000000000084e-01
4.451333333333333253e-01
4.501999999999999891e-01
4.467333333333333156e-01
4.482666666666666466e-01
4.506666666666666599e-01
4.480666666666666687e-01
4.506000000000000005e-01
4.506666666666666599e-01
4.510666666666666713e-01
4.487333333333333174e-01
4.511999999999999900e-01
4.480666666666666687e-01
4.501999999999999891e-01
4.511999999999999900e-01
4.520666666666666722e-01
4.524666666666666837e-01
4.496666666666666590e-01
4.525333333333333430e-01
4.524666666666666837e-01
4.525333333333333430e-01
4.531999999999999917e-01
4.524000000000000243e-01
4.547333333333333227e-01
4.508666666666666933e-01
4.567333333333333245e-01
4.533333333333333104e-01
4.561999999999999944e-01
4.510666666666666713e-01
4.533333333333333104e-01
4.591333333333333377e-01
4.592666666666666564e-01
4.557333333333333236e-01
4.587333333333333263e-01
4.540000000000000147e-01
4.550000000000000155e-01
4.610000000000000209e-01
4.514666666666666828e-01
4.551999999999999935e-01
4.617999999999999883e-01
4.596000000000000085e-01
4.590000000000000191e-01
4.617999999999999883e-01
4.620666666666666811e-01
4.646666666666666723e-01
4.592666666666666564e-01
4.597333333333333272e-01
4.626000000000000112e-01
4.582666666666666555e-01
4.573999999999999733e-01
4.632000000000000006e-01
4.602666666666666573e-01
4.600666666666666793e-01
4.563333333333333131e-01
4.627999999999999892e-01
4.600666666666666793e-01
4.637999999999999901e-01
4.652666666666666617e-01
4.646000000000000130e-01
4.657333333333333325e-01
4.658666666666666512e-01
4.648666666666666503e-01
4.646666666666666723e-01
4.658666666666666512e-01
4.647333333333333316e-01
4.630666666666666820e-01
4.637999999999999901e-01
4.652000000000000024e-01
4.646000000000000130e-01
4.637333333333333307e-01
4.668666666666666520e-01
4.637999999999999901e-01
4.656000000000000139e-01
4.677999999999999936e-01
4.658666666666666512e-01
4.664666666666666406e-01
4.693999999999999839e-01
4.692666666666666653e-01
4.698666666666666547e-01
4.662000000000000033e-01
4.646000000000000130e-01
4.679333333333333123e-01
4.715333333333333599e-01
4.689999999999999725e-01
4.721333333333333493e-01
4.725333333333333607e-01
4.663999999999999813e-01
4.687333333333333352e-01
4.701333333333333475e-01
4.702666666666666662e-01
4.656000000000000139e-01
4.726000000000000201e-01
4.691333333333333466e-01
4.722000000000000086e-01
4.718666666666666565e-01
4.689333333333333131e-01
4.694666666666666432e-01
4.705333333333333590e-01
4.750666666666666926e-01
4.709999999999999742e-01
4.726000000000000201e-01
4.716666666666666785e-01
4.726000000000000201e-01
4.733333333333333282e-01
4.707333333333333369e-01
4.729333333333333167e-01
4.757333333333333414e-01
4.734666666666666468e-01
4.712000000000000077e-01
4.773999999999999910e-01
4.737999999999999989e-01
4.746000000000000218e-01
4.726000000000000201e-01
4.737999999999999989e-01
4.756666666666666821e-01
4.758666666666666600e-01
4.781333333333333546e-01
4.734666666666666468e-01
4.743999999999999884e-01
4.739999999999999769e-01
4.742000000000000104e-01
4.740666666666666917e-01
4.766666666666666829e-01
4.814666666666666539e-01
4.793333333333333335e-01
4.778666666666666618e-01
4.788000000000000034e-01
4.795333333333333115e-01
4.799333333333333229e-01
4.783999999999999919e-01
4.798000000000000043e-01
4.795333333333333115e-01
4.790666666666666407e-01
4.782000000000000139e-01
4.809999999999999831e-01
4.779333333333333211e-01
4.766000000000000236e-01
4.754666666666666486e-01
4.807333333333333458e-01
4.796666666666666856e-01
4.812000000000000166e-01
4.794666666666666521e-01
4.808000000000000052e-01
4.841333333333333599e-01
4.806000000000000272e-01
4.809999999999999831e-01
4.816666666666666874e-01
4.814666666666666539e-01
4.834666666666666557e-01
4.822000000000000175e-01
4.836666666666666892e-01
4.848000000000000087e-01
4.832666666666666777e-01
4.832000000000000184e-01
4.844666666666666566e-01
4.862666666666666804e-01
4.833999999999999964e-01
4.838000000000000078e-01
4.793999999999999928e-01
4.854666666666666575e-01
4.796666666666666856e-01
4.827333333333333476e-01
4.822666666666666768e-01
4.856666666666666909e-01
4.832000000000000184e-01
4.830666666666666442e-01
4.890666666666666496e-01
4.828666666666666663e-01
4.847333333333333494e-01
4.853333333333333388e-01
4.869333333333333291e-01
4.832000000000000184e-01
4.894000000000000017e-01
4.871333333333333071e-01
4.863999999999999990e-01
4.895999999999999797e-01
4.866666666666666918e-01
4.853999999999999981e-01
4.838666666666666671e-01
4.869999999999999885e-01
4.897333333333333538e-01
4.878666666666666707e-01
4.873333333333333406e-01
4.835333333333333150e-01
4.895333333333333203e-01
4.865333333333333177e-01
4.844666666666666566e-01
4.919999999999999929e-01
4.886666666666666936e-01
4.871333333333333071e-01
4.885333333333333194e-01
4.910666666666666513e-01
4.855333333333333168e-01
4.888000000000000123e-01
4.941999999999999726e-01
4.919333333333333336e-01
4.890666666666666496e-01
4.932000000000000273e-01
4.908000000000000140e-01
4.908666666666666734e-01
4.899999999999999911e-01
4.899333333333333318e-01
4.912666666666666848e-01
4.902666666666666839e-01
4.899999999999999911e-01
4.922666666666666857e-01
4.878666666666666707e-01
4.924000000000000044e-01
4.904666666666666619e-01
4.907333333333333547e-01
4.910666666666666513e-01
4.908666666666666734e-01
4.959333333333333371e-01
4.915333333333333221e-01
4.914000000000000035e-01
4.928666666666666751e-01
4.905999999999999805e-01
4.951333333333333142e-01
4.955333333333333257e-01
4.901333333333333098e-01
4.921333333333333115e-01
4.934000000000000052e-01
4.904000000000000026e-01
4.956666666666666443e-01
4.956666666666666443e-01
4.917333333333333556e-01
4.906666666666666399e-01
4.915333333333333221e-01
4.964000000000000079e-01
4.957333333333333591e-01
4.969999999999999973e-01
4.966666666666666452e-01
4.953333333333333477e-01
4.944666666666666655e-01
4.932666666666666866e-01
4.945333333333333248e-01
4.895333333333333203e-01
4.949999999999999956e-01
4.976666666666666461e-01
4.953333333333333477e-01
4.932000000000000273e-01
4.955999999999999850e-01
4.981333333333333169e-01
4.952666666666666884e-01
4.961999999999999744e-01
4.950666666666666549e-01
4.988666666666666805e-01
4.980666666666666575e-01
4.971999999999999753e-01
4.963333333333333486e-01
4.976666666666666461e-01
5.018666666666666831e-01
4.922000000000000264e-01
4.970666666666666567e-01
4.921333333333333115e-01
4.924666666666666637e-01
4.994000000000000106e-01
4.967333333333333600e-01
4.941999999999999726e-01
4.973333333333333495e-01
4.974666666666666681e-01
5.029333333333333433e-01
4.966666666666666452e-01
4.995999999999999885e-01
5.016000000000000458e-01
5.038000000000000256e-01
5.019333333333333425e-01
5.009333333333333416e-01
4.985333333333333283e-01
5.010000000000000009e-01
5.015333333333333865e-01
4.995999999999999885e-01
5.008000000000000229e-01
4.999333333333333407e-01
4.989999999999999991e-01
4.981999999999999762e-01
5.020000000000000018e-01
4.992666666666666919e-01
4.981999999999999762e-01
4.997333333333333072e-01
4.986666666666666470e-01
5.021999999999999797e-01
5.056666666666667087e-01
5.004666666666666153e-01
4.988666666666666805e-01
5.025333333333333874e-01
4.998666666666666814e-01
5.002666666666666373e-01
4.990666666666666584e-01
5.018000000000000238e-01
5.012666666666666382e-01
5.030000000000000027e-01
5.027333333333333654e-01
5.015333333333333865e-01
5.036000000000000476e-01
5.022666666666666391e-01
5.010666666666666602e-01
5.038666666666666849e-01
5.036666666666667069e-01
5.059333333333333460e-01
5.021999999999999797e-01
5.048666666666666858e-01
5.030666666666666620e-01
5.071999999999999842e-01
5.038666666666666849e-01
5.050000000000000044e-01
5.036666666666667069e-01
5.040000000000000036e-01
5.046666666666667078e-01
5.075333333333332808e-01
5.051999999999999824e-01
5.034666666666666179e-01
5.039333333333333442e-01
5.048000000000000265e-01
5.071999999999999842e-01
5.053999999999999604e-01
5.046000000000000485e-01
5.075333333333332808e-01
5.073333333333333028e-01
5.023333333333332984e-01
5.045333333333332781e-01
5.050666666666666638e-01
5.074666666666666215e-01
5.076000000000000512e-01
5.086000000000000520e-01
5.064666666666666206e-01
5.062666666666666426e-01
5.088666666666666893e-01
5.050666666666666638e-01
5.073999999999999622e-01
5.088666666666666893e-01
5.060000000000000053e-01
5.078000000000000291e-01
5.062666666666666426e-01
5.046666666666667078e-01
5.075333333333332808e-01
5.072666666666666435e-01
5.084666666666666224e-01
5.073999999999999622e-01
5.093333333333333046e-01
5.139333333333333531e-01
5.073999999999999622e-01
5.071999999999999842e-01
5.060666666666666647e-01
5.072666666666666435e-01
5.085333333333332817e-01
5.082666666666666444e-01
5.081333333333333258e-01
5.086666666666667114e-01
5.081333333333333258e-01
5.080666666666666664e-01
5.126666666666667149e-01
5.068666666666666876e-01
5.087333333333333707e-01
5.082666666666666444e-01
5.078666666666666885e-01
5.081333333333333258e-01
5.065333333333332799e-01
5.082666666666666444e-01
5.063333333333333020e-01
5.086000000000000520e-01
5.040000000000000036e-01
5.118666666666666920e-01
5.103333333333333055e-01
5.069333333333333469e-01
5.112666666666666471e-01
5.117333333333333734e-01
5.097333333333333716e-01
5.154666666666666286e-01
5.133333333333333082e-01
5.109333333333333504e-01
5.102666666666666462e-01
5.131333333333333302e-01
5.078666666666666885e-01
5.124666666666666259e-01
5.102666666666666462e-01
5.088000000000000300e-01
5.113999999999999657e-01
5.114666666666666250e-01
5.120000000000000107e-01
5.106666666666667131e-01
5.110000000000000098e-01
5.116000000000000547e-01
5.141333333333333311e-01
5.122666666666666480e-01
5.138666666666666938e-01
5.114666666666666250e-01
5.103333333333333055e-01
5.145333333333332870e-01
5.102666666666666462e-01
5.114666666666666250e-01
5.125999999999999446e-01
5.120000000000000107e-01
5.136666666666667158e-01
5.112666666666666471e-01
5.109333333333333504e-01
5.116000000000000547e-01
5.126666666666667149e-01
5.143333333333333091e-01
5.128666666666666929e-01
5.091999999999999860e-01
5.114666666666666250e-01
5.135999999999999455e-01
5.138666666666666938e-01
5.151333333333333320e-01
5.162666666666666515e-01
5.128666666666666929e-01
5.150000000000000133e-01
5.128000000000000336e-01
5.153999999999999693e-01
5.147333333333333760e-01
5.138000000000000345e-01
5.183999999999999719e-01
5.160666666666666735e-01
5.138000000000000345e-01
5.144666666666666277e-01
5.160000000000000142e-01
5.139333333333333531e-01
5.159333333333333549e-01
5.152666666666666506e-01
5.159333333333333549e-01
5.144666666666666277e-01
5.126666666666667149e-01
5.148000000000000353e-01
5.158666666666666956e-01
5.173333333333333117e-01
5.182666666666666533e-01
5.195999999999999508e-01
5.198000000000000398e-01
5.160000000000000142e-01
5.160666666666666735e-01
5.163333333333333108e-01
5.135333333333332861e-01
5.159333333333333549e-01
5.127333333333333742e-01
5.133333333333333082e-01
5.153333333333333099e-01
5.170000000000000151e-01
5.147333333333333760e-01
5.206666666666667220e-01
5.191999999999999948e-01
5.179333333333333567e-01
5.186666666666667203e-01
5.189333333333333576e-01
5.177333333333333787e-01
5.162666666666666515e-01
5.131999999999999895e-01
5.181333333333333346e-01
5.191333333333333355e-01
5.198000000000000398e-01
5.178666666666666973e-01
5.174666666666666304e-01
5.150666666666666726e-01
5.175333333333332897e-01
5.190666666666666762e-01
5.189333333333333576e-01
5.154666666666666286e-01
5.180000000000000160e-01
5.225999999999999535e-01
5.203333333333333144e-01
5.172666666666666524e-01
5.178666666666666973e-01
5.191333333333333355e-01
5.205999999999999517e-01
5.200000000000000178e-01
5.121999999999999886e-01
5.247333333333333849e-01
5.201999999999999957e-01
5.201333333333333364e-01
5.204666666666666330e-01
5.175333333333332897e-01
5.209333333333333593e-01
5.225333333333332941e-01
5.213333333333333153e-01
5.183999999999999719e-01
5.199333333333333584e-01
5.231333333333333391e-01
5.199333333333333584e-01
5.183999999999999719e-01
5.237333333333333840e-01
5.184666666666666313e-01
5.191999999999999948e-01
5.235999999999999543e-01
5.223999999999999755e-01
5.176666666666667194e-01
5.210000000000000187e-01
5.263333333333333197e-01
5.220000000000000195e-01
5.220000000000000195e-01
5.163333333333333108e-01
5.220000000000000195e-01
5.209333333333333593e-01
5.200666666666666771e-01
5.238666666666667027e-01
5.218000000000000416e-01
5.220666666666666789e-01
5.210666666666666780e-01
5.224666666666666348e-01
5.197333333333333805e-01
5.213333333333333153e-01
5.210666666666666780e-01
5.244666666666666366e-01
5.258000000000000451e-01
5.225999999999999535e-01
5.235333333333332950e-01
5.216666666666666119e-01
5.213999999999999746e-01
5.212666666666666559e-01
5.218000000000000416e-01
5.199333333333333584e-01
5.224666666666666348e-01
5.258000000000000451e-01
5.245333333333332959e-01
5.245999999999999552e-01
5.211333333333333373e-01
5.233999999999999764e-01
5.231999999999999984e-01
5.233999999999999764e-01
5.254666666666666375e-01
5.178000000000000380e-01
5.230000000000000204e-01
5.239333333333333620e-01
5.228666666666667018e-01
5.237333333333333840e-01
5.253333333333333188e-01
5.233999999999999764e-01
5.244666666666666366e-01
5.210666666666666780e-01
5.270000000000000240e-01
5.233333333333333171e-01
5.236666666666666137e-01
5.254666666666666375e-01
5.226666666666666128e-01
5.233333333333333171e-01
5.213333333333333153e-01
5.228666666666667018e-01
5.223333333333333162e-01
5.233999999999999764e-01
5.248000000000000442e-01
5.262000000000000011e-01
5.305999999999999606e-01
5.242666666666666586e-01
5.231333333333333391e-01
5.221999999999999975e-01
5.225999999999999535e-01
5.280000000000000249e-01
5.243333333333333179e-01
5.252666666666666595e-01
5.282666666666666622e-01
5.263333333333333197e-01
5.260000000000000231e-01
5.239333333333333620e-01
5.272666666666666613e-01
5.253999999999999782e-01
5.244666666666666366e-01
5.253999999999999782e-01
5.275999999999999579e-01
5.283999999999999808e-01
5.257333333333333858e-01
5.273333333333333206e-01
5.282000000000000028e-01
5.253333333333333188e-01
5.258666666666667044e-01
5.288000000000000478e-01
5.298000000000000487e-01
5.268666666666667053e-01
5.267333333333333867e-01
5.258666666666667044e-01
5.274666666666666393e-01
5.285333333333332995e-01
5.272666666666666613e-01
5.293999999999999817e-01
5.284666666666666401e-01
5.256666666666666154e-01
5.313333333333333242e-01
5.281333333333333435e-01
5.246666666666666146e-01
5.299333333333333673e-01
5.309333333333333682e-01
5.278000000000000469e-01
5.272666666666666613e-01
5.293999999999999817e-01
5.314666666666666428e-01
5.274666666666666393e-01
5.274666666666666393e-01
5.298666666666667080e-01
5.276666666666666172e-01
5.315333333333333021e-01
5.262000000000000011e-01
5.293333333333333224e-01
5.336666666666666226e-01
5.298000000000000487e-01
5.289333333333333664e-01
5.303333333333333233e-01
5.296666666666666190e-01
5.293333333333333224e-01
5.270000000000000240e-01
5.320666666666666877e-01
5.305999999999999606e-01
5.298000000000000487e-01
5.325999999999999623e-01
5.336666666666666226e-01
5.273333333333333206e-01
5.266666666666666163e-01
5.285999999999999588e-01
5.315999999999999615e-01
5.305999999999999606e-01
5.336666666666666226e-01
5.352000000000000091e-01
5.333333333333333259e-01
5.325333333333333030e-01
5.275333333333332986e-01
5.315333333333333021e-01
5.291333333333333444e-01
5.310666666666666869e-01
5.308666666666667089e-01
5.311333333333333462e-01
