3.970666666666666789e-01
3.960000000000000187e-01
3.992666666666666586e-01
3.980000000000000204e-01
3.971333333333333382e-01
3.999333333333333074e-01
3.989333333333333065e-01
3.996000000000000107e-01
4.026666666666666727e-01
3.994666666666666921e-01
4.015333333333333532e-01
4.060666666666666869e-01
4.042666666666666631e-01
4.027333333333333321e-01
4.077333333333333365e-01
4.017333333333333312e-01
4.057333333333333347e-01
4.099999999999999756e-01
4.085333333333333594e-01
4.076666666666666772e-01
4.090666666666666895e-01
4.064666666666666428e-01
4.108666666666666578e-01
4.089999999999999747e-01
4.104666666666666464e-01
4.128000000000000003e-01
4.089333333333333154e-01
4.117333333333333401e-01
4.150666666666666393e-01
4.146000000000000241e-01
4.148000000000000020e-01
4.145333333333333092e-01
4.148000000000000020e-01
4.133999999999999897e-01
4.193999999999999950e-01
4.190666666666666429e-01
4.225333333333333163e-01
4.208666666666666667e-01
4.160666666666666402e-01
4.173999999999999932e-01
4.205999999999999739e-01
4.169333333333333225e-01
4.208000000000000074e-01
4.203999999999999959e-01
4.223333333333333384e-01
4.232000000000000206e-01
4.244666666666666588e-01
4.219999999999999862e-01
4.246666666666666923e-01
4.244666666666666588e-01
4.251333333333333075e-01
4.238666666666666694e-01
4.233333333333333393e-01
4.284666666666666623e-01
4.262000000000000233e-01
4.270666666666666500e-01
4.237333333333333507e-01
4.299999999999999933e-01
4.305999999999999828e-01
4.292666666666666853e-01
4.328666666666666774e-01
4.334666666666666668e-01
4.312666666666666870e-01
4.298666666666666747e-01
4.329333333333333367e-01
4.330666666666666553e-01
4.356666666666666465e-01
4.309999999999999942e-01
4.318000000000000171e-01
4.331333333333333147e-01
4.345333333333333270e-01
4.356666666666666465e-01
4.327333333333333587e-01
4.341999999999999749e-01
4.329999999999999960e-01
4.301333333333333120e-01
4.370666666666666589e-01
4.349333333333333385e-01
4.303333333333333455e-01
4.341333333333333155e-01
4.359999999999999987e-01
4.370666666666666589e-01
4.359999999999999987e-01
4.369333333333333402e-01
4.415999999999999925e-01
4.374000000000000110e-01
4.392666666666666941e-01
4.386666666666666492e-01
4.419333333333333447e-01
4.404000000000000137e-01
4.328666666666666774e-01
4.418000000000000260e-01
4.408666666666666845e-01
4.414666666666666739e-01
4.449333333333333473e-01
4.414000000000000146e-01
4.400000000000000022e-01
4.447999999999999732e-01
4.433333333333333570e-01
4.445999999999999952e-01
4.432666666666666422e-01
4.442666666666666431e-01
4.455333333333333368e-01
4.412666666666666404e-01
4.465333333333333377e-01
4.428666666666666862e-01
4.461333333333333262e-01
4.484000000000000208e-01
4.439333333333333464e-01
4.461333333333333262e-01
4.480000000000000093e-01
4.484666666666666801e-01
4.474000000000000199e-01
4.491999999999999882e-01
4.474000000000000199e-01
4.517333333333333201e-01
4.490000000000000102e-01
4.502666666666666484e-01
4.524000000000000243e-01
4.499333333333333518e-01
4.523333333333333095e-01
4.524000000000000243e-01
4.540000000000000147e-01
4.502666666666666484e-01
4.523333333333333095e-01
4.501333333333333298e-01
4.520666666666666722e-01
4.536000000000000032e-01
4.546000000000000041e-01
4.542666666666666520e-01
4.513333333333333086e-01
4.537333333333333218e-01
4.547999999999999821e-01
4.541999999999999926e-01
4.551333333333333342e-01
4.541999999999999926e-01
4.561333333333333351e-01
4.527333333333333210e-01
4.582666666666666555e-01
4.545333333333333448e-01
4.576000000000000068e-01
4.526666666666666616e-01
4.541999999999999926e-01
4.604666666666666908e-01
4.616666666666666696e-01
4.568666666666666432e-01
4.606000000000000094e-01
4.557999999999999829e-01
4.562666666666666537e-01
4.623999999999999777e-01
4.530000000000000138e-01
4.573333333333333139e-01
4.627999999999999892e-01
4.616000000000000103e-01
4.605333333333333501e-01
4.638666666666666494e-01
4.636666666666666714e-01
4.663999999999999813e-01
4.607999999999999874e-01
4.611333333333333395e-01
4.644666666666666943e-01
4.594666666666666899e-01
4.583333333333333148e-01
4.652000000000000024e-01
4.616000000000000103e-01
4.613333333333333175e-01
4.576000000000000068e-01
4.640666666666666829e-01
4.613999999999999768e-01
4.652666666666666617e-01
4.669333333333333114e-01
4.653333333333333210e-01
4.665333333333333554e-01
4.673333333333333228e-01
4.662000000000000033e-01
4.658666666666666512e-01
4.672000000000000042e-01
4.659333333333333105e-01
4.649333333333333096e-01
4.647333333333333316e-01
4.660666666666666846e-01
4.660666666666666846e-01
4.649333333333333096e-01
4.679333333333333123e-01
4.650000000000000244e-01
4.666666666666666741e-01
4.687333333333333352e-01
4.667333333333333334e-01
4.677999999999999936e-01
4.710666666666666891e-01
4.701333333333333475e-01
4.707999999999999963e-01
4.676000000000000156e-01
4.654666666666666397e-01
4.689333333333333131e-01
4.723999999999999866e-01
4.703333333333333255e-01
4.729999999999999760e-01
4.725333333333333607e-01
4.680000000000000271e-01
4.701333333333333475e-01
4.718666666666666565e-01
4.717333333333333378e-01
4.672666666666666635e-01
4.743333333333333290e-01
4.703999999999999848e-01
4.736000000000000210e-01
4.727333333333333387e-01
4.698666666666666547e-01
4.697999999999999954e-01
4.714666666666666450e-01
4.766000000000000236e-01
4.727333333333333387e-01
4.732666666666666688e-01
4.727333333333333387e-01
4.732000000000000095e-01
4.744666666666666477e-01
4.709333333333333149e-01
4.737999999999999989e-01
4.765333333333333088e-01
4.749999999999999778e-01
4.719333333333333158e-01
4.788666666666666627e-01
4.752000000000000113e-01
4.752666666666666706e-01
4.737999999999999989e-01
4.749333333333333185e-01
4.771333333333333537e-01
4.772000000000000131e-01
4.792666666666666742e-01
4.739333333333333176e-01
4.750666666666666926e-01
4.760666666666666935e-01
4.756000000000000227e-01
4.756666666666666821e-01
4.777333333333333432e-01
4.825999999999999734e-01
4.803999999999999937e-01
4.792000000000000148e-01
4.801333333333333564e-01
4.807333333333333458e-01
4.803333333333333344e-01
4.788666666666666627e-01
4.804666666666666530e-01
4.800666666666666416e-01
4.800666666666666416e-01
4.799333333333333229e-01
4.814666666666666539e-01
4.789333333333333220e-01
4.773999999999999910e-01
4.768666666666666609e-01
4.820666666666666433e-01
4.809999999999999831e-01
4.823333333333333361e-01
4.803333333333333344e-01
4.815999999999999726e-01
4.848666666666666680e-01
4.814666666666666539e-01
4.815999999999999726e-01
4.827333333333333476e-01
4.824666666666666548e-01
4.842000000000000193e-01
4.832000000000000184e-01
4.847333333333333494e-01
4.853999999999999981e-01
4.847333333333333494e-01
4.850666666666666460e-01
4.860666666666666469e-01
4.878000000000000114e-01
4.844666666666666566e-01
4.848666666666666680e-01
4.809999999999999831e-01
4.868000000000000105e-01
4.809999999999999831e-01
4.838000000000000078e-01
4.829999999999999849e-01
4.868000000000000105e-01
4.835999999999999743e-01
4.845333333333333159e-01
4.899999999999999911e-01
4.835999999999999743e-01
4.858666666666666689e-01
4.860666666666666469e-01
4.875333333333333186e-01
4.843333333333333379e-01
4.898666666666666725e-01
4.880666666666666487e-01
4.867333333333333512e-01
4.901333333333333098e-01
4.865999999999999770e-01
4.862000000000000210e-01
4.846666666666666901e-01
4.874666666666666592e-01
4.908000000000000140e-01
4.883333333333333415e-01
4.884666666666666601e-01
4.842666666666666786e-01
4.905999999999999805e-01
4.872666666666666813e-01
4.858666666666666689e-01
4.927333333333333565e-01
4.895333333333333203e-01
4.878000000000000114e-01
4.895999999999999797e-01
4.916666666666666408e-01
4.870666666666666478e-01
4.899999999999999911e-01
4.955999999999999850e-01
4.926666666666666416e-01
4.904000000000000026e-01
4.936666666666666425e-01
4.915999999999999814e-01
4.922000000000000264e-01
4.914666666666666628e-01
4.909999999999999920e-01
4.920666666666666522e-01
4.912666666666666848e-01
4.909999999999999920e-01
4.935333333333333239e-01
4.889333333333333309e-01
4.929333333333333345e-01
4.912666666666666848e-01
4.913333333333333441e-01
4.921333333333333115e-01
4.918666666666666742e-01
4.968000000000000194e-01
4.922000000000000264e-01
4.922666666666666857e-01
4.946666666666666434e-01
4.916666666666666408e-01
4.953333333333333477e-01
4.963333333333333486e-01
4.909999999999999920e-01
4.927333333333333565e-01
4.944666666666666655e-01
4.906666666666666399e-01
4.964666666666666672e-01
4.965999999999999859e-01
4.921333333333333115e-01
4.915999999999999814e-01
4.926666666666666416e-01
4.971999999999999753e-01
4.959999999999999964e-01
4.966666666666666452e-01
4.968666666666666787e-01
4.959999999999999964e-01
4.954000000000000070e-01
4.937333333333333574e-01
4.959999999999999964e-01
4.906666666666666399e-01
4.955333333333333257e-01
4.984666666666666690e-01
4.959999999999999964e-01
4.941999999999999726e-01
4.964000000000000079e-01
4.992666666666666919e-01
4.963333333333333486e-01
4.969333333333333380e-01
4.958666666666666778e-01
4.994666666666666699e-01
4.985999999999999877e-01
4.981999999999999762e-01
4.972666666666666901e-01
4.985999999999999877e-01
5.027333333333333654e-01
4.926666666666666416e-01
4.981999999999999762e-01
4.928666666666666751e-01
4.934666666666666646e-01
5.002666666666666373e-01
4.975999999999999868e-01
4.950666666666666549e-01
4.984000000000000097e-01
4.977333333333333609e-01
5.039333333333333442e-01
4.976666666666666461e-01
5.007333333333333636e-01
5.020000000000000018e-01
5.046000000000000485e-01
5.026666666666667060e-01
5.021999999999999797e-01
4.993333333333333512e-01
5.012666666666666382e-01
5.020666666666666611e-01
5.000000000000000000e-01
5.020666666666666611e-01
5.003999999999999559e-01
4.997333333333333072e-01
4.991999999999999771e-01
5.027333333333333654e-01
5.000666666666666593e-01
4.985999999999999877e-01
5.001999999999999780e-01
4.996666666666666479e-01
5.027333333333333654e-01
5.060666666666666647e-01
5.008666666666666822e-01
4.988666666666666805e-01
5.036000000000000476e-01
5.009333333333333416e-01
5.009333333333333416e-01
4.995333333333333292e-01
5.022666666666666391e-01
5.017333333333333645e-01
5.038000000000000256e-01
5.039333333333333442e-01
5.023333333333332984e-01
5.044666666666666188e-01
5.029333333333333433e-01
5.018000000000000238e-01
5.043999999999999595e-01
5.046000000000000485e-01
5.063333333333333020e-01
5.028000000000000247e-01
5.051333333333333231e-01
5.031999999999999806e-01
5.073333333333333028e-01
5.041333333333333222e-01
5.051333333333333231e-01
5.044666666666666188e-01
5.039333333333333442e-01
5.053999999999999604e-01
5.082666666666666444e-01
5.060000000000000053e-01
5.040666666666666629e-01
5.048666666666666858e-01
5.054666666666666197e-01
5.076666666666667105e-01
5.068000000000000282e-01
5.046666666666667078e-01
5.078666666666666885e-01
5.084666666666666224e-01
5.029333333333333433e-01
5.050000000000000044e-01
5.061999999999999833e-01
5.081999999999999851e-01
5.090000000000000080e-01
5.100000000000000089e-01
5.068000000000000282e-01
5.068000000000000282e-01
5.092666666666666453e-01
5.054666666666666197e-01
5.078000000000000291e-01
5.096666666666667123e-01
5.065333333333332799e-01
5.085333333333332817e-01
5.075333333333332808e-01
5.052666666666666417e-01
5.076666666666667105e-01
5.080666666666666664e-01
5.088666666666666893e-01
5.073999999999999622e-01
5.098666666666666902e-01
5.150000000000000133e-01
5.077333333333333698e-01
5.071999999999999842e-01
5.066000000000000503e-01
5.080666666666666664e-01
5.087333333333333707e-01
5.083333333333333037e-01
5.091999999999999860e-01
5.098000000000000309e-01
5.084666666666666224e-01
5.087333333333333707e-01
5.134666666666666268e-01
5.071333333333333249e-01
5.095333333333332826e-01
5.086000000000000520e-01
5.087333333333333707e-01
5.088000000000000300e-01
5.070666666666666655e-01
5.086666666666667114e-01
5.070000000000000062e-01
5.096666666666667123e-01
5.048000000000000265e-01
5.124666666666666259e-01
5.108000000000000318e-01
5.071999999999999842e-01
5.120000000000000107e-01
5.118666666666666920e-01
5.107333333333333725e-01
5.158000000000000362e-01
5.138666666666666938e-01
5.113333333333333064e-01
5.105333333333332835e-01
5.138000000000000345e-01
5.086000000000000520e-01
5.123999999999999666e-01
5.106000000000000538e-01
5.087333333333333707e-01
5.118666666666666920e-01
5.118000000000000327e-01
5.125999999999999446e-01
5.103999999999999648e-01
5.114666666666666250e-01
5.120666666666666700e-01
5.150666666666666726e-01
5.128666666666666929e-01
5.144666666666666277e-01
5.119333333333333513e-01
5.113333333333333064e-01
5.148000000000000353e-01
5.103999999999999648e-01
5.120000000000000107e-01
5.133999999999999675e-01
5.128000000000000336e-01
5.141333333333333311e-01
5.118666666666666920e-01
5.114666666666666250e-01
5.119333333333333513e-01
5.133999999999999675e-01
5.147333333333333760e-01
5.137333333333333751e-01
5.099333333333333496e-01
5.123999999999999666e-01
5.143333333333333091e-01
5.148666666666666947e-01
5.161999999999999922e-01
5.166666666666667185e-01
5.137333333333333751e-01
5.161999999999999922e-01
5.137333333333333751e-01
5.158666666666666956e-01
5.151999999999999913e-01
5.143333333333333091e-01
5.190000000000000169e-01
5.165999999999999481e-01
5.141999999999999904e-01
5.150000000000000133e-01
5.165999999999999481e-01
5.145999999999999464e-01
5.160666666666666735e-01
5.155333333333332879e-01
5.164666666666666295e-01
5.145999999999999464e-01
5.135999999999999455e-01
5.158666666666666956e-01
5.164666666666666295e-01
5.180000000000000160e-01
5.187333333333333796e-01
5.203999999999999737e-01
5.203999999999999737e-01
5.164666666666666295e-01
5.168000000000000371e-01
5.173333333333333117e-01
5.143999999999999684e-01
5.165999999999999481e-01
5.133999999999999675e-01
5.132666666666666488e-01
5.158000000000000362e-01
5.173333333333333117e-01
5.156666666666667176e-01
5.211333333333333373e-01
5.197333333333333805e-01
5.185999999999999499e-01
5.191333333333333355e-01
5.200666666666666771e-01
5.188000000000000389e-01
5.166666666666667185e-01
5.140666666666666718e-01
5.187333333333333796e-01
5.197333333333333805e-01
5.201999999999999957e-01
5.180000000000000160e-01
5.182666666666666533e-01
5.155333333333332879e-01
5.181999999999999940e-01
5.196666666666667211e-01
5.194666666666666321e-01
5.161999999999999922e-01
5.187333333333333796e-01
5.236666666666666137e-01
5.210000000000000187e-01
5.180000000000000160e-01
5.190000000000000169e-01
5.203999999999999737e-01
5.211333333333333373e-01
5.205333333333332924e-01
5.129333333333333522e-01
5.255333333333332968e-01
5.210000000000000187e-01
5.210666666666666780e-01
5.220666666666666789e-01
5.176666666666667194e-01
5.215333333333332932e-01
5.229333333333333611e-01
5.218000000000000416e-01
5.184666666666666313e-01
5.206666666666667220e-01
5.238000000000000433e-01
5.201999999999999957e-01
5.188666666666666982e-01
5.243333333333333179e-01
5.188666666666666982e-01
5.194666666666666321e-01
5.240000000000000213e-01
5.230666666666666798e-01
5.185333333333332906e-01
5.213999999999999746e-01
5.265333333333332977e-01
5.228666666666667018e-01
5.231333333333333391e-01
5.173333333333333117e-01
5.231999999999999984e-01
5.214666666666666339e-01
5.208666666666667000e-01
5.243999999999999773e-01
5.222666666666666568e-01
5.228000000000000425e-01
5.219333333333333602e-01
5.231999999999999984e-01
5.206666666666667220e-01
5.219333333333333602e-01
5.215999999999999526e-01
5.257333333333333858e-01
5.265999999999999570e-01
5.230000000000000204e-01
5.243333333333333179e-01
5.224666666666666348e-01
5.222666666666666568e-01
5.222666666666666568e-01
5.225333333333332941e-01
5.207333333333333814e-01
5.236666666666666137e-01
5.262000000000000011e-01
5.253333333333333188e-01
5.250000000000000222e-01
5.217333333333333822e-01
5.233333333333333171e-01
5.234666666666666357e-01
5.235999999999999543e-01
5.261333333333333417e-01
5.180666666666666753e-01
5.236666666666666137e-01
5.243333333333333179e-01
5.236666666666666137e-01
5.243999999999999773e-01
5.252666666666666595e-01
5.235333333333332950e-01
5.250666666666666815e-01
5.220000000000000195e-01
5.278000000000000469e-01
5.239333333333333620e-01
5.248000000000000442e-01
5.264666666666666384e-01
5.231333333333333391e-01
5.241999999999999993e-01
5.219333333333333602e-01
5.231999999999999984e-01
5.225999999999999535e-01
5.240666666666666806e-01
5.251333333333333409e-01
5.270000000000000240e-01
5.313333333333333242e-01
5.248000000000000442e-01
5.237333333333333840e-01
5.233333333333333171e-01
5.228666666666667018e-01
5.288000000000000478e-01
5.253333333333333188e-01
5.258000000000000451e-01
5.289333333333333664e-01
5.270000000000000240e-01
5.265333333333332977e-01
5.243999999999999773e-01
5.283333333333333215e-01
5.268000000000000460e-01
5.248666666666667036e-01
5.258000000000000451e-01
5.282000000000000028e-01
5.289333333333333664e-01
5.263999999999999790e-01
5.282000000000000028e-01
5.290666666666666851e-01
5.260000000000000231e-01
5.262000000000000011e-01
5.289333333333333664e-01
5.302666666666666639e-01
5.280000000000000249e-01
5.275999999999999579e-01
5.261333333333333417e-01
5.280000000000000249e-01
5.288666666666667071e-01
5.278666666666667062e-01
5.300000000000000266e-01
5.290000000000000258e-01
5.260666666666666824e-01
5.322666666666666657e-01
5.280000000000000249e-01
5.251333333333333409e-01
5.305333333333333012e-01
5.312000000000000055e-01
5.286666666666666181e-01
5.282000000000000028e-01
5.298666666666667080e-01
5.323999999999999844e-01
5.280000000000000249e-01
5.285333333333332995e-01
5.301333333333333453e-01
5.280000000000000249e-01
5.318666666666667098e-01
5.268000000000000460e-01
5.303333333333333233e-01
5.343999999999999861e-01
5.308000000000000496e-01
5.295333333333333004e-01
5.305999999999999606e-01
5.299333333333333673e-01
5.299333333333333673e-01
5.270666666666666833e-01
5.324666666666666437e-01
5.308666666666667089e-01
5.308000000000000496e-01
5.326666666666666217e-01
5.342000000000000082e-01
5.277333333333333876e-01
5.268666666666667053e-01
5.288666666666667071e-01
5.315999999999999615e-01
5.303333333333333233e-01
5.342666666666666675e-01
5.355999999999999650e-01
5.338666666666667115e-01
5.327333333333332810e-01
5.282000000000000028e-01
5.323999999999999844e-01
5.295333333333333004e-01
5.317333333333332801e-01
5.315999999999999615e-01
5.310666666666666869e-01
