3.936666666666666647e-01
3.920000000000000151e-01
3.950666666666666771e-01
3.941999999999999948e-01
3.929333333333333567e-01
3.957333333333333258e-01
3.957333333333333258e-01
3.962666666666666559e-01
3.989333333333333065e-01
3.951999999999999957e-01
3.968666666666666454e-01
4.011333333333333417e-01
4.009333333333333083e-01
3.988666666666666472e-01
4.036000000000000143e-01
3.986000000000000099e-01
4.022666666666666613e-01
4.063333333333333242e-01
4.040000000000000258e-01
4.037333333333333329e-01
4.053999999999999826e-01
4.029333333333333100e-01
4.070666666666666877e-01
4.062000000000000055e-01
4.067999999999999949e-01
4.081333333333333480e-01
4.058666666666666534e-01
4.073333333333333250e-01
4.111333333333333506e-01
4.117999999999999994e-01
4.119333333333333180e-01
4.118666666666666587e-01
4.123999999999999888e-01
4.112666666666666693e-01
4.159999999999999809e-01
4.168000000000000038e-01
4.202000000000000179e-01
4.183999999999999941e-01
4.137333333333333418e-01
4.151333333333333542e-01
4.182000000000000162e-01
4.149999999999999800e-01
4.187333333333333463e-01
4.176666666666666861e-01
4.205999999999999739e-01
4.203333333333333366e-01
4.218000000000000083e-01
4.210666666666666447e-01
4.222000000000000197e-01
4.222666666666666790e-01
4.227333333333333498e-01
4.225333333333333163e-01
4.214666666666666561e-01
4.260666666666666491e-01
4.243999999999999995e-01
4.244666666666666588e-01
4.218666666666666676e-01
4.279333333333333322e-01
4.284666666666666623e-01
4.271333333333333093e-01
4.309333333333333349e-01
4.312666666666666870e-01
4.289999999999999925e-01
4.282666666666666844e-01
4.315333333333333243e-01
4.310666666666666536e-01
4.335333333333333261e-01
4.284666666666666623e-01
4.304000000000000048e-01
4.312666666666666870e-01
4.329333333333333367e-01
4.336666666666666448e-01
4.304000000000000048e-01
4.320666666666666544e-01
4.321333333333333138e-01
4.282000000000000250e-01
4.361333333333333173e-01
4.329999999999999960e-01
4.285999999999999810e-01
4.328666666666666774e-01
4.343333333333333490e-01
4.351999999999999758e-01
4.342666666666666897e-01
4.356666666666666465e-01
4.402666666666666395e-01
4.354666666666666686e-01
4.371333333333333182e-01
4.369333333333333402e-01
4.405333333333333323e-01
4.388666666666666827e-01
4.317333333333333578e-01
4.401333333333333209e-01
4.393333333333333535e-01
4.390000000000000013e-01
4.428000000000000269e-01
4.405333333333333323e-01
4.394000000000000128e-01
4.430666666666666642e-01
4.418666666666666853e-01
4.436666666666666536e-01
4.425999999999999934e-01
4.428000000000000269e-01
4.445333333333333359e-01
4.409333333333333438e-01
4.453333333333333588e-01
4.414666666666666739e-01
4.452666666666666440e-01
4.468666666666666898e-01
4.428666666666666862e-01
4.445333333333333359e-01
4.461999999999999855e-01
4.469333333333333491e-01
4.456666666666666554e-01
4.475333333333333385e-01
4.458666666666666889e-01
4.506666666666666599e-01
4.474666666666666792e-01
4.492666666666666475e-01
4.508666666666666933e-01
4.487999999999999767e-01
4.516666666666666607e-01
4.511333333333333306e-01
4.519333333333333536e-01
4.494666666666666810e-01
4.515333333333333421e-01
4.487999999999999767e-01
4.507333333333333192e-01
4.520000000000000129e-01
4.523333333333333095e-01
4.529333333333333544e-01
4.504666666666666819e-01
4.527999999999999803e-01
4.531999999999999917e-01
4.530000000000000138e-01
4.535333333333333439e-01
4.527999999999999803e-01
4.548666666666666414e-01
4.511333333333333306e-01
4.571333333333333360e-01
4.538666666666666405e-01
4.566666666666666652e-01
4.514666666666666828e-01
4.534666666666666845e-01
4.597999999999999865e-01
4.603333333333333166e-01
4.561999999999999944e-01
4.597999999999999865e-01
4.542666666666666520e-01
4.556000000000000050e-01
4.616666666666666696e-01
4.518666666666666942e-01
4.560000000000000164e-01
4.621999999999999997e-01
4.605333333333333501e-01
4.593999999999999750e-01
4.622666666666666591e-01
4.626000000000000112e-01
4.654666666666666397e-01
4.598666666666666458e-01
4.598666666666666458e-01
4.633999999999999786e-01
4.587999999999999856e-01
4.577333333333333254e-01
4.640000000000000235e-01
4.609333333333333060e-01
4.607333333333333281e-01
4.568666666666666432e-01
4.632000000000000006e-01
4.607999999999999874e-01
4.640000000000000235e-01
4.657333333333333325e-01
4.646666666666666723e-01
4.661333333333333440e-01
4.662000000000000033e-01
4.650000000000000244e-01
4.650666666666666837e-01
4.663999999999999813e-01
4.651333333333333431e-01
4.636666666666666714e-01
4.640000000000000235e-01
4.653999999999999804e-01
4.652000000000000024e-01
4.640000000000000235e-01
4.674666666666666415e-01
4.642000000000000015e-01
4.659333333333333105e-01
4.682666666666666644e-01
4.663333333333333219e-01
4.669333333333333114e-01
4.700666666666666882e-01
4.697333333333333361e-01
4.703333333333333255e-01
4.666666666666666741e-01
4.652000000000000024e-01
4.682666666666666644e-01
4.723999999999999866e-01
4.693999999999999839e-01
4.726000000000000201e-01
4.722000000000000086e-01
4.666666666666666741e-01
4.688666666666666538e-01
4.707999999999999963e-01
4.709999999999999742e-01
4.662000000000000033e-01
4.732000000000000095e-01
4.697333333333333361e-01
4.727333333333333387e-01
4.719999999999999751e-01
4.693333333333333246e-01
4.698666666666666547e-01
4.709999999999999742e-01
4.757333333333333414e-01
4.709333333333333149e-01
4.727333333333333387e-01
4.719333333333333158e-01
4.725333333333333607e-01
4.738666666666666583e-01
4.709333333333333149e-01
4.733999999999999875e-01
4.758000000000000007e-01
4.737333333333333396e-01
4.715333333333333599e-01
4.775333333333333097e-01
4.741333333333333511e-01
4.752000000000000113e-01
4.727999999999999980e-01
4.737333333333333396e-01
4.758666666666666600e-01
4.762666666666666715e-01
4.783999999999999919e-01
4.735333333333333061e-01
4.748666666666666591e-01
4.746000000000000218e-01
4.745333333333333070e-01
4.747999999999999998e-01
4.766666666666666829e-01
4.819999999999999840e-01
4.796666666666666856e-01
4.779999999999999805e-01
4.791333333333333555e-01
4.801333333333333564e-01
4.799333333333333229e-01
4.784666666666666512e-01
4.798666666666666636e-01
4.799333333333333229e-01
4.798000000000000043e-01
4.790666666666666407e-01
4.814666666666666539e-01
4.782666666666666733e-01
4.771333333333333537e-01
4.759999999999999787e-01
4.813333333333333353e-01
4.801333333333333564e-01
4.818666666666666654e-01
4.796000000000000263e-01
4.811333333333333573e-01
4.843999999999999972e-01
4.806666666666666865e-01
4.810666666666666424e-01
4.819333333333333247e-01
4.819333333333333247e-01
4.836666666666666892e-01
4.823999999999999955e-01
4.840666666666666451e-01
4.852000000000000202e-01
4.836666666666666892e-01
4.840666666666666451e-01
4.849999999999999867e-01
4.868000000000000105e-01
4.836666666666666892e-01
4.843999999999999972e-01
4.802000000000000157e-01
4.860666666666666469e-01
4.799999999999999822e-01
4.833999999999999964e-01
4.822666666666666768e-01
4.859333333333333282e-01
4.833333333333333370e-01
4.836666666666666892e-01
4.894666666666666610e-01
4.829999999999999849e-01
4.853333333333333388e-01
4.853333333333333388e-01
4.872000000000000219e-01
4.835999999999999743e-01
4.896666666666666390e-01
4.877333333333333520e-01
4.865333333333333177e-01
4.898666666666666725e-01
4.868666666666666698e-01
4.857333333333333503e-01
4.841333333333333599e-01
4.872000000000000219e-01
4.906666666666666399e-01
4.880666666666666487e-01
4.875333333333333186e-01
4.838666666666666671e-01
4.894666666666666610e-01
4.869333333333333291e-01
4.849333333333333274e-01
4.919999999999999929e-01
4.890666666666666496e-01
4.872666666666666813e-01
4.887333333333333529e-01
4.909333333333333327e-01
4.860666666666666469e-01
4.895333333333333203e-01
4.944666666666666655e-01
4.922000000000000264e-01
4.895333333333333203e-01
4.934666666666666646e-01
4.915333333333333221e-01
4.915999999999999814e-01
4.909333333333333327e-01
4.905999999999999805e-01
4.917333333333333556e-01
4.902666666666666839e-01
4.905999999999999805e-01
4.925333333333333230e-01
4.882000000000000228e-01
4.926666666666666416e-01
4.907333333333333547e-01
4.909333333333333327e-01
4.916666666666666408e-01
4.914000000000000035e-01
4.961999999999999744e-01
4.921333333333333115e-01
4.919999999999999929e-01
4.936666666666666425e-01
4.909999999999999920e-01
4.952666666666666884e-01
4.959333333333333371e-01
4.905333333333333212e-01
4.925333333333333230e-01
4.941333333333333133e-01
4.905999999999999805e-01
4.959999999999999964e-01
4.961333333333333151e-01
4.916666666666666408e-01
4.912000000000000255e-01
4.918000000000000149e-01
4.967333333333333600e-01
4.958666666666666778e-01
4.967333333333333600e-01
4.967333333333333600e-01
4.957333333333333591e-01
4.945999999999999841e-01
4.934666666666666646e-01
4.950666666666666549e-01
4.899333333333333318e-01
4.951333333333333142e-01
4.977333333333333609e-01
4.956666666666666443e-01
4.935999999999999832e-01
4.959999999999999964e-01
4.985999999999999877e-01
4.953333333333333477e-01
4.964000000000000079e-01
4.951333333333333142e-01
4.990666666666666584e-01
4.982666666666666910e-01
4.974000000000000088e-01
4.962666666666666893e-01
4.977333333333333609e-01
5.026000000000000467e-01
4.924000000000000044e-01
4.975333333333333274e-01
4.924666666666666637e-01
4.929333333333333345e-01
4.999333333333333407e-01
4.969999999999999973e-01
4.945333333333333248e-01
4.974000000000000088e-01
4.978000000000000203e-01
5.031333333333333213e-01
4.971333333333333160e-01
5.000000000000000000e-01
5.017333333333333645e-01
5.046000000000000485e-01
5.024666666666666170e-01
5.015333333333333865e-01
4.987333333333333063e-01
5.010666666666666602e-01
5.018000000000000238e-01
4.996666666666666479e-01
5.011333333333333195e-01
4.998000000000000220e-01
4.991999999999999771e-01
4.985999999999999877e-01
5.026666666666667060e-01
4.993333333333333512e-01
4.984666666666666690e-01
5.000666666666666593e-01
4.990666666666666584e-01
5.027333333333333654e-01
5.058000000000000274e-01
5.006666666666667043e-01
4.992666666666666919e-01
5.027333333333333654e-01
5.002666666666666373e-01
5.006666666666667043e-01
4.990666666666666584e-01
5.020666666666666611e-01
5.009333333333333416e-01
5.034666666666666179e-01
5.030000000000000027e-01
5.020000000000000018e-01
5.040000000000000036e-01
5.026666666666667060e-01
5.011333333333333195e-01
5.041999999999999815e-01
5.040666666666666629e-01
5.065333333333332799e-01
5.026000000000000467e-01
5.050000000000000044e-01
5.031999999999999806e-01
5.073999999999999622e-01
5.040000000000000036e-01
5.050666666666666638e-01
5.038666666666666849e-01
5.039333333333333442e-01
5.048666666666666858e-01
5.078000000000000291e-01
5.054666666666666197e-01
5.035333333333333883e-01
5.041999999999999815e-01
5.051333333333333231e-01
5.074666666666666215e-01
5.063999999999999613e-01
5.045333333333332781e-01
5.077333333333333698e-01
5.073999999999999622e-01
5.026000000000000467e-01
5.049333333333333451e-01
5.057333333333333680e-01
5.078000000000000291e-01
5.081999999999999851e-01
5.090000000000000080e-01
5.066000000000000503e-01
5.067333333333333689e-01
5.090000000000000080e-01
5.050000000000000044e-01
5.076000000000000512e-01
5.091333333333333266e-01
5.060666666666666647e-01
5.080666666666666664e-01
5.069333333333333469e-01
5.047333333333333671e-01
5.076000000000000512e-01
5.076000000000000512e-01
5.087333333333333707e-01
5.074666666666666215e-01
5.099333333333333496e-01
5.143999999999999684e-01
5.071999999999999842e-01
5.073999999999999622e-01
5.060666666666666647e-01
5.073999999999999622e-01
5.088000000000000300e-01
5.086000000000000520e-01
5.086666666666667114e-01
5.090000000000000080e-01
5.083333333333333037e-01
5.080666666666666664e-01
5.130666666666666709e-01
5.068000000000000282e-01
5.087333333333333707e-01
5.084666666666666224e-01
5.080666666666666664e-01
5.081999999999999851e-01
5.066666666666667096e-01
5.086000000000000520e-01
5.063999999999999613e-01
5.090666666666666673e-01
5.043333333333333002e-01
5.120000000000000107e-01
5.104666666666666242e-01
5.073999999999999622e-01
5.116666666666667140e-01
5.118000000000000327e-01
5.103333333333333055e-01
5.161333333333333329e-01
5.134666666666666268e-01
5.110666666666666691e-01
5.106666666666667131e-01
5.134666666666666268e-01
5.082666666666666444e-01
5.127333333333333742e-01
5.105333333333332835e-01
5.089333333333333487e-01
5.115333333333332844e-01
5.115333333333332844e-01
5.123999999999999666e-01
5.104666666666666242e-01
5.111999999999999877e-01
5.117333333333333734e-01
5.141999999999999904e-01
5.123333333333333073e-01
5.140000000000000124e-01
5.116666666666667140e-01
5.105333333333332835e-01
5.145999999999999464e-01
5.103333333333333055e-01
5.115333333333332844e-01
5.128000000000000336e-01
5.125333333333332853e-01
5.140000000000000124e-01
5.116000000000000547e-01
5.112666666666666471e-01
5.118000000000000327e-01
5.127333333333333742e-01
5.144666666666666277e-01
5.131999999999999895e-01
5.095333333333332826e-01
5.115333333333332844e-01
5.138000000000000345e-01
5.145333333333332870e-01
5.153333333333333099e-01
5.161999999999999922e-01
5.130666666666666709e-01
5.152666666666666506e-01
5.130666666666666709e-01
5.155999999999999472e-01
5.151333333333333320e-01
5.143999999999999684e-01
5.188000000000000389e-01
5.161333333333333329e-01
5.140000000000000124e-01
5.144666666666666277e-01
5.163999999999999702e-01
5.145999999999999464e-01
5.158666666666666956e-01
5.153999999999999693e-01
5.160666666666666735e-01
5.144666666666666277e-01
5.125999999999999446e-01
5.148666666666666947e-01
5.157333333333333769e-01
5.175999999999999490e-01
5.190666666666666762e-01
5.197333333333333805e-01
5.202666666666666551e-01
5.161333333333333329e-01
5.163333333333333108e-01
5.167333333333333778e-01
5.136666666666667158e-01
5.163333333333333108e-01
5.128000000000000336e-01
5.134666666666666268e-01
5.154666666666666286e-01
5.173999999999999710e-01
5.150666666666666726e-01
5.208000000000000407e-01
5.195333333333332915e-01
5.183333333333333126e-01
5.189333333333333576e-01
5.195333333333332915e-01
5.181333333333333346e-01
5.160666666666666735e-01
5.132666666666666488e-01
5.188666666666666982e-01
5.195999999999999508e-01
5.197333333333333805e-01
5.181333333333333346e-01
5.175999999999999490e-01
5.151999999999999913e-01
5.178666666666666973e-01
5.191333333333333355e-01
5.193333333333333135e-01
5.158000000000000362e-01
5.185333333333332906e-01
5.228666666666667018e-01
5.204666666666666330e-01
5.175999999999999490e-01
5.183999999999999719e-01
5.198000000000000398e-01
5.210000000000000187e-01
5.201999999999999957e-01
5.125999999999999446e-01
5.250000000000000222e-01
5.204666666666666330e-01
5.201999999999999957e-01
5.210000000000000187e-01
5.173333333333333117e-01
5.212666666666666559e-01
5.226666666666666128e-01
5.216666666666666119e-01
5.185333333333332906e-01
5.203999999999999737e-01
5.233999999999999764e-01
5.200000000000000178e-01
5.185333333333332906e-01
5.241333333333333400e-01
5.185999999999999499e-01
5.193999999999999728e-01
5.238666666666667027e-01
5.225999999999999535e-01
5.179333333333333567e-01
5.210666666666666780e-01
5.261333333333333417e-01
5.219333333333333602e-01
5.221999999999999975e-01
5.163999999999999702e-01
5.221999999999999975e-01
5.212666666666666559e-01
5.202666666666666551e-01
5.241333333333333400e-01
5.220000000000000195e-01
5.225333333333332941e-01
5.213333333333333153e-01
5.223999999999999755e-01
5.201999999999999957e-01
5.216666666666666119e-01
5.213333333333333153e-01
5.250666666666666815e-01
5.261333333333333417e-01
5.228000000000000425e-01
5.238666666666667027e-01
5.221333333333333382e-01
5.217333333333333822e-01
5.218000000000000416e-01
5.223333333333333162e-01
5.200000000000000178e-01
5.227333333333333831e-01
5.261333333333333417e-01
5.248000000000000442e-01
5.248666666666667036e-01
5.213333333333333153e-01
5.233999999999999764e-01
5.237333333333333840e-01
5.236666666666666137e-01
5.260666666666666824e-01
5.178000000000000380e-01
5.231999999999999984e-01
5.241333333333333400e-01
5.234666666666666357e-01
5.240000000000000213e-01
5.254666666666666375e-01
5.235333333333332950e-01
5.248000000000000442e-01
5.212666666666666559e-01
5.273999999999999799e-01
5.234666666666666357e-01
5.241999999999999993e-01
5.255999999999999561e-01
5.230666666666666798e-01
5.238666666666667027e-01
5.216666666666666119e-01
5.228666666666667018e-01
5.223333333333333162e-01
5.233999999999999764e-01
5.250000000000000222e-01
5.265333333333332977e-01
5.308666666666667089e-01
5.243333333333333179e-01
5.231333333333333391e-01
5.230000000000000204e-01
5.228000000000000425e-01
5.282000000000000028e-01
5.247333333333333849e-01
5.253999999999999782e-01
5.288000000000000478e-01
5.268000000000000460e-01
5.262666666666666604e-01
5.240666666666666806e-01
5.276666666666666172e-01
5.260666666666666824e-01
5.245333333333332959e-01
5.253999999999999782e-01
5.278666666666667062e-01
5.284666666666666401e-01
5.257333333333333858e-01
5.272666666666666613e-01
5.287333333333333885e-01
5.259333333333333638e-01
5.260000000000000231e-01
5.291333333333333444e-01
5.295333333333333004e-01
5.272000000000000020e-01
5.270666666666666833e-01
5.258666666666667044e-01
5.274666666666666393e-01
5.288000000000000478e-01
5.278000000000000469e-01
5.295333333333333004e-01
5.285999999999999588e-01
5.258000000000000451e-01
5.313333333333333242e-01
5.282000000000000028e-01
5.248000000000000442e-01
5.302666666666666639e-01
5.310000000000000275e-01
5.282000000000000028e-01
5.278666666666667062e-01
5.298000000000000487e-01
5.319333333333333691e-01
5.278000000000000469e-01
5.281333333333333435e-01
5.296666666666666190e-01
5.277333333333333876e-01
5.318000000000000504e-01
5.262000000000000011e-01
5.293999999999999817e-01
5.339333333333333709e-01
5.301333333333333453e-01
5.293333333333333224e-01
5.303999999999999826e-01
5.299333333333333673e-01
5.298000000000000487e-01
5.267333333333333867e-01
5.322666666666666657e-01
5.305999999999999606e-01
5.301333333333333453e-01
5.328000000000000513e-01
5.338000000000000522e-01
5.275333333333332986e-01
5.267333333333333867e-01
5.288000000000000478e-01
5.315333333333333021e-01
5.304666666666666419e-01
5.339333333333333709e-01
5.354666666666666464e-01
5.333999999999999853e-01
5.327333333333332810e-01
5.279333333333333655e-01
5.318000000000000504e-01
5.294666666666666410e-01
5.312000000000000055e-01
5.308666666666667089e-01
5.311333333333333462e-01
