3.940666666666666762e-01
3.926666666666666639e-01
3.960666666666666780e-01
3.951999999999999957e-01
3.937999999999999834e-01
3.967333333333333267e-01
3.964666666666666894e-01
3.972666666666666568e-01
3.998666666666666480e-01
3.957999999999999852e-01
3.975333333333333496e-01
4.023333333333333206e-01
4.012666666666666604e-01
3.995333333333333514e-01
4.045333333333333559e-01
3.993999999999999773e-01
4.033333333333333215e-01
4.073333333333333250e-01
4.053999999999999826e-01
4.042000000000000037e-01
4.063999999999999835e-01
4.031333333333333435e-01
4.079333333333333145e-01
4.067999999999999949e-01
4.075333333333333585e-01
4.087999999999999967e-01
4.067333333333333356e-01
4.079999999999999738e-01
4.120666666666666922e-01
4.123999999999999888e-01
4.125333333333333075e-01
4.122666666666666702e-01
4.126666666666666816e-01
4.116666666666666807e-01
4.164666666666666517e-01
4.170666666666666411e-01
4.208666666666666667e-01
4.189333333333333242e-01
4.143333333333333313e-01
4.153999999999999915e-01
4.187333333333333463e-01
4.152666666666666728e-01
4.193333333333333357e-01
4.179333333333333234e-01
4.206666666666666887e-01
4.210666666666666447e-01
4.222000000000000197e-01
4.212000000000000188e-01
4.225999999999999757e-01
4.229333333333333278e-01
4.233333333333333393e-01
4.225999999999999757e-01
4.214666666666666561e-01
4.266666666666666941e-01
4.245999999999999774e-01
4.249333333333333296e-01
4.223333333333333384e-01
4.286666666666666403e-01
4.289333333333333331e-01
4.274000000000000021e-01
4.312666666666666870e-01
4.315999999999999837e-01
4.294000000000000039e-01
4.283333333333333437e-01
4.316666666666666430e-01
4.309333333333333349e-01
4.339333333333333376e-01
4.294666666666666632e-01
4.305333333333333234e-01
4.315999999999999837e-01
4.333333333333333481e-01
4.341333333333333155e-01
4.308666666666666756e-01
4.320666666666666544e-01
4.321999999999999731e-01
4.285999999999999810e-01
4.365333333333333288e-01
4.335333333333333261e-01
4.290666666666666518e-01
4.331333333333333147e-01
4.348000000000000198e-01
4.355999999999999872e-01
4.344666666666666677e-01
4.358666666666666800e-01
4.405999999999999917e-01
4.361999999999999766e-01
4.374000000000000110e-01
4.368666666666666809e-01
4.404666666666666730e-01
4.389333333333333420e-01
4.317333333333333578e-01
4.401999999999999802e-01
4.395333333333333314e-01
4.395333333333333314e-01
4.434000000000000163e-01
4.408000000000000251e-01
4.394666666666666721e-01
4.434000000000000163e-01
4.420666666666666633e-01
4.437999999999999723e-01
4.429333333333333456e-01
4.431999999999999829e-01
4.447333333333333139e-01
4.408666666666666845e-01
4.456666666666666554e-01
4.418000000000000260e-01
4.454000000000000181e-01
4.471333333333333271e-01
4.431333333333333235e-01
4.448666666666666880e-01
4.466666666666666563e-01
4.473333333333333606e-01
4.456666666666666554e-01
4.478666666666666907e-01
4.461999999999999855e-01
4.507999999999999785e-01
4.480666666666666687e-01
4.494666666666666810e-01
4.512666666666666493e-01
4.490666666666666695e-01
4.518666666666666942e-01
4.511999999999999900e-01
4.524000000000000243e-01
4.494000000000000217e-01
4.519333333333333536e-01
4.486666666666666581e-01
4.508666666666666933e-01
4.525333333333333430e-01
4.529333333333333544e-01
4.534666666666666845e-01
4.505333333333333412e-01
4.530000000000000138e-01
4.534666666666666845e-01
4.530666666666666731e-01
4.534666666666666845e-01
4.527999999999999803e-01
4.551999999999999935e-01
4.514000000000000234e-01
4.572666666666666546e-01
4.540000000000000147e-01
4.567333333333333245e-01
4.516666666666666607e-01
4.537999999999999812e-01
4.601333333333333386e-01
4.604666666666666908e-01
4.563333333333333131e-01
4.596666666666666679e-01
4.545333333333333448e-01
4.555333333333333456e-01
4.617999999999999883e-01
4.520000000000000129e-01
4.561333333333333351e-01
4.622666666666666591e-01
4.606000000000000094e-01
4.597333333333333272e-01
4.624666666666666925e-01
4.625333333333333519e-01
4.656000000000000139e-01
4.601999999999999980e-01
4.599333333333333607e-01
4.634666666666666934e-01
4.588666666666666449e-01
4.579333333333333589e-01
4.643333333333333202e-01
4.610666666666666802e-01
4.608666666666666467e-01
4.567333333333333245e-01
4.632666666666666599e-01
4.607999999999999874e-01
4.643333333333333202e-01
4.660000000000000253e-01
4.651333333333333431e-01
4.663999999999999813e-01
4.666000000000000147e-01
4.652666666666666617e-01
4.650666666666666837e-01
4.666000000000000147e-01
4.652666666666666617e-01
4.637999999999999901e-01
4.642000000000000015e-01
4.656000000000000139e-01
4.652000000000000024e-01
4.643999999999999795e-01
4.672666666666666635e-01
4.640000000000000235e-01
4.656000000000000139e-01
4.683333333333333237e-01
4.661333333333333440e-01
4.668666666666666520e-01
4.702000000000000068e-01
4.697999999999999954e-01
4.706666666666666776e-01
4.669333333333333114e-01
4.650000000000000244e-01
4.686000000000000165e-01
4.722000000000000086e-01
4.694666666666666432e-01
4.723999999999999866e-01
4.722000000000000086e-01
4.672000000000000042e-01
4.687999999999999945e-01
4.712666666666666671e-01
4.710666666666666891e-01
4.664666666666666406e-01
4.736666666666666803e-01
4.696000000000000174e-01
4.729999999999999760e-01
4.721333333333333493e-01
4.693333333333333246e-01
4.698666666666666547e-01
4.709999999999999742e-01
4.759333333333333194e-01
4.712000000000000077e-01
4.729333333333333167e-01
4.722666666666666679e-01
4.726666666666666794e-01
4.739333333333333176e-01
4.709333333333333149e-01
4.733999999999999875e-01
4.757333333333333414e-01
4.739333333333333176e-01
4.713333333333333264e-01
4.776000000000000245e-01
4.744666666666666477e-01
4.749333333333333185e-01
4.729333333333333167e-01
4.739333333333333176e-01
4.760666666666666935e-01
4.766000000000000236e-01
4.786666666666666847e-01
4.736666666666666803e-01
4.745333333333333070e-01
4.750666666666666926e-01
4.747333333333333405e-01
4.748666666666666591e-01
4.768666666666666609e-01
4.819999999999999840e-01
4.799333333333333229e-01
4.784666666666666512e-01
4.793999999999999928e-01
4.801333333333333564e-01
4.798666666666666636e-01
4.786666666666666847e-01
4.801333333333333564e-01
4.799333333333333229e-01
4.797333333333333449e-01
4.793999999999999928e-01
4.815999999999999726e-01
4.784666666666666512e-01
4.769999999999999796e-01
4.761333333333333528e-01
4.813999999999999946e-01
4.805333333333333123e-01
4.819999999999999840e-01
4.798000000000000043e-01
4.813333333333333353e-01
4.842000000000000193e-01
4.809333333333333238e-01
4.811333333333333573e-01
4.820666666666666433e-01
4.818666666666666654e-01
4.839999999999999858e-01
4.824666666666666548e-01
4.839999999999999858e-01
4.851333333333333608e-01
4.834666666666666557e-01
4.841333333333333599e-01
4.849999999999999867e-01
4.869333333333333291e-01
4.840666666666666451e-01
4.844666666666666566e-01
4.803333333333333344e-01
4.859333333333333282e-01
4.802000000000000157e-01
4.835999999999999743e-01
4.823999999999999955e-01
4.859999999999999876e-01
4.833333333333333370e-01
4.834666666666666557e-01
4.896666666666666390e-01
4.830666666666666442e-01
4.854666666666666575e-01
4.855333333333333168e-01
4.870666666666666478e-01
4.837333333333333485e-01
4.894666666666666610e-01
4.874666666666666592e-01
4.865999999999999770e-01
4.898000000000000131e-01
4.865333333333333177e-01
4.858000000000000096e-01
4.843333333333333379e-01
4.872666666666666813e-01
4.905999999999999805e-01
4.879333333333333300e-01
4.876666666666666927e-01
4.839999999999999858e-01
4.898666666666666725e-01
4.869333333333333291e-01
4.850666666666666460e-01
4.920666666666666522e-01
4.888666666666666716e-01
4.876666666666666927e-01
4.887333333333333529e-01
4.912000000000000255e-01
4.862000000000000210e-01
4.896666666666666390e-01
4.945999999999999841e-01
4.921333333333333115e-01
4.894666666666666610e-01
4.934666666666666646e-01
4.915999999999999814e-01
4.916666666666666408e-01
4.910666666666666513e-01
4.906666666666666399e-01
4.918000000000000149e-01
4.906666666666666399e-01
4.904000000000000026e-01
4.927333333333333565e-01
4.882666666666666822e-01
4.928666666666666751e-01
4.905999999999999805e-01
4.911333333333333107e-01
4.915999999999999814e-01
4.915333333333333221e-01
4.963333333333333486e-01
4.921333333333333115e-01
4.919999999999999929e-01
4.936666666666666425e-01
4.909333333333333327e-01
4.951999999999999735e-01
4.960666666666666558e-01
4.906666666666666399e-01
4.924666666666666637e-01
4.941333333333333133e-01
4.906666666666666399e-01
4.961333333333333151e-01
4.961999999999999744e-01
4.919333333333333336e-01
4.913333333333333441e-01
4.919333333333333336e-01
4.967333333333333600e-01
4.960666666666666558e-01
4.968000000000000194e-01
4.965999999999999859e-01
4.956666666666666443e-01
4.948666666666666769e-01
4.933333333333333459e-01
4.952666666666666884e-01
4.899999999999999911e-01
4.952666666666666884e-01
4.978666666666666796e-01
4.955333333333333257e-01
4.936666666666666425e-01
4.960666666666666558e-01
4.985999999999999877e-01
4.955999999999999850e-01
4.966666666666666452e-01
4.953333333333333477e-01
4.991333333333333178e-01
4.984666666666666690e-01
4.974666666666666681e-01
4.967333333333333600e-01
4.979999999999999982e-01
5.027333333333333654e-01
4.923333333333333450e-01
4.978000000000000203e-01
4.925999999999999823e-01
4.929999999999999938e-01
5.000666666666666593e-01
4.971999999999999753e-01
4.943333333333333468e-01
4.975333333333333274e-01
4.980666666666666575e-01
5.033999999999999586e-01
4.971999999999999753e-01
5.003333333333332966e-01
5.018000000000000238e-01
5.046000000000000485e-01
5.024666666666666170e-01
5.016666666666667052e-01
4.986666666666666470e-01
5.011333333333333195e-01
5.018666666666666831e-01
4.998666666666666814e-01
5.013333333333332975e-01
5.001333333333333186e-01
4.992666666666666919e-01
4.984666666666666690e-01
5.026666666666667060e-01
4.994000000000000106e-01
4.984666666666666690e-01
5.001999999999999780e-01
4.991999999999999771e-01
5.027333333333333654e-01
5.058000000000000274e-01
5.005333333333333856e-01
4.990666666666666584e-01
5.024666666666666170e-01
5.001999999999999780e-01
5.004666666666666153e-01
4.991999999999999771e-01
5.020000000000000018e-01
5.011999999999999789e-01
5.032666666666666400e-01
5.031333333333333213e-01
5.023333333333332984e-01
5.040000000000000036e-01
5.025333333333333874e-01
5.010666666666666602e-01
5.040666666666666629e-01
5.041999999999999815e-01
5.065333333333332799e-01
5.029333333333333433e-01
5.051333333333333231e-01
5.031999999999999806e-01
5.071999999999999842e-01
5.041333333333333222e-01
5.050000000000000044e-01
5.039333333333333442e-01
5.040000000000000036e-01
5.050000000000000044e-01
5.080000000000000071e-01
5.054666666666666197e-01
5.036666666666667069e-01
5.041999999999999815e-01
5.052666666666666417e-01
5.077333333333333698e-01
5.064666666666666206e-01
5.045333333333332781e-01
5.078000000000000291e-01
5.076666666666667105e-01
5.027333333333333654e-01
5.050000000000000044e-01
5.056000000000000494e-01
5.080666666666666664e-01
5.084666666666666224e-01
5.091333333333333266e-01
5.065333333333332799e-01
5.068000000000000282e-01
5.091333333333333266e-01
5.051333333333333231e-01
5.075333333333332808e-01
5.093333333333333046e-01
5.059333333333333460e-01
5.081333333333333258e-01
5.070666666666666655e-01
5.047333333333333671e-01
5.074666666666666215e-01
5.074666666666666215e-01
5.086666666666667114e-01
5.073333333333333028e-01
5.096666666666667123e-01
5.148666666666666947e-01
5.071999999999999842e-01
5.072666666666666435e-01
5.060000000000000053e-01
5.076666666666667105e-01
5.088666666666666893e-01
5.086000000000000520e-01
5.087333333333333707e-01
5.092666666666666453e-01
5.081999999999999851e-01
5.080000000000000071e-01
5.130000000000000115e-01
5.068666666666666876e-01
5.090000000000000080e-01
5.085333333333332817e-01
5.082666666666666444e-01
5.082666666666666444e-01
5.064666666666666206e-01
5.086666666666667114e-01
5.069333333333333469e-01
5.089333333333333487e-01
5.046000000000000485e-01
5.120666666666666700e-01
5.103999999999999648e-01
5.072666666666666435e-01
5.114666666666666250e-01
5.119333333333333513e-01
5.101333333333333275e-01
5.161333333333333329e-01
5.135999999999999455e-01
5.114666666666666250e-01
5.107333333333333725e-01
5.134666666666666268e-01
5.082666666666666444e-01
5.125999999999999446e-01
5.106000000000000538e-01
5.088666666666666893e-01
5.116000000000000547e-01
5.114666666666666250e-01
5.123999999999999666e-01
5.106000000000000538e-01
5.109333333333333504e-01
5.116000000000000547e-01
5.141999999999999904e-01
5.125333333333332853e-01
5.139333333333333531e-01
5.116000000000000547e-01
5.108666666666666911e-01
5.146666666666667167e-01
5.102666666666666462e-01
5.113333333333333064e-01
5.129333333333333522e-01
5.124666666666666259e-01
5.138666666666666938e-01
5.115333333333332844e-01
5.111333333333333284e-01
5.119333333333333513e-01
5.130000000000000115e-01
5.146666666666667167e-01
5.133333333333333082e-01
5.096000000000000529e-01
5.117333333333333734e-01
5.141333333333333311e-01
5.143333333333333091e-01
5.156666666666667176e-01
5.164666666666666295e-01
5.132666666666666488e-01
5.151999999999999913e-01
5.133333333333333082e-01
5.156666666666667176e-01
5.151999999999999913e-01
5.141999999999999904e-01
5.186666666666667203e-01
5.162666666666666515e-01
5.141999999999999904e-01
5.145999999999999464e-01
5.163999999999999702e-01
5.141999999999999904e-01
5.158666666666666956e-01
5.153999999999999693e-01
5.159333333333333549e-01
5.143999999999999684e-01
5.124666666666666259e-01
5.152666666666666506e-01
5.161333333333333329e-01
5.174666666666666304e-01
5.187333333333333796e-01
5.197333333333333805e-01
5.201999999999999957e-01
5.160666666666666735e-01
5.163999999999999702e-01
5.168666666666666965e-01
5.137333333333333751e-01
5.163999999999999702e-01
5.129333333333333522e-01
5.133999999999999675e-01
5.155999999999999472e-01
5.171333333333333337e-01
5.153999999999999693e-01
5.210666666666666780e-01
5.195333333333332915e-01
5.183333333333333126e-01
5.190000000000000169e-01
5.193999999999999728e-01
5.180666666666666753e-01
5.161999999999999922e-01
5.131333333333333302e-01
5.188000000000000389e-01
5.196666666666667211e-01
5.195333333333332915e-01
5.181999999999999940e-01
5.178666666666666973e-01
5.149333333333333540e-01
5.178666666666666973e-01
5.194666666666666321e-01
5.193333333333333135e-01
5.161333333333333329e-01
5.185999999999999499e-01
5.231333333333333391e-01
5.205333333333332924e-01
5.178000000000000380e-01
5.185333333333332906e-01
5.198000000000000398e-01
5.210666666666666780e-01
5.203999999999999737e-01
5.125333333333332853e-01
5.249333333333333629e-01
5.206666666666667220e-01
5.202666666666666551e-01
5.210000000000000187e-01
5.174666666666666304e-01
5.213333333333333153e-01
5.228000000000000425e-01
5.215333333333332932e-01
5.185333333333332906e-01
5.201999999999999957e-01
5.238000000000000433e-01
5.200000000000000178e-01
5.182666666666666533e-01
5.239333333333333620e-01
5.185999999999999499e-01
5.195333333333332915e-01
5.239333333333333620e-01
5.228000000000000425e-01
5.180000000000000160e-01
5.211333333333333373e-01
5.260666666666666824e-01
5.221333333333333382e-01
5.223999999999999755e-01
5.162666666666666515e-01
5.223999999999999755e-01
5.212666666666666559e-01
5.201333333333333364e-01
5.240666666666666806e-01
5.222666666666666568e-01
5.225999999999999535e-01
5.213999999999999746e-01
5.223333333333333162e-01
5.202666666666666551e-01
5.215999999999999526e-01
5.212666666666666559e-01
5.253999999999999782e-01
5.261333333333333417e-01
5.228000000000000425e-01
5.239333333333333620e-01
5.220666666666666789e-01
5.216666666666666119e-01
5.219333333333333602e-01
5.220666666666666789e-01
5.199333333333333584e-01
5.231999999999999984e-01
5.260666666666666824e-01
5.250000000000000222e-01
5.248000000000000442e-01
5.212666666666666559e-01
5.233333333333333171e-01
5.238666666666667027e-01
5.237333333333333840e-01
5.258666666666667044e-01
5.178000000000000380e-01
5.233333333333333171e-01
5.241333333333333400e-01
5.234666666666666357e-01
5.240000000000000213e-01
5.253333333333333188e-01
5.235333333333332950e-01
5.245999999999999552e-01
5.212666666666666559e-01
5.275333333333332986e-01
5.234666666666666357e-01
5.243333333333333179e-01
5.257333333333333858e-01
5.231333333333333391e-01
5.238666666666667027e-01
5.216666666666666119e-01
5.230000000000000204e-01
5.223999999999999755e-01
5.235333333333332950e-01
5.248666666666667036e-01
5.264666666666666384e-01
5.308666666666667089e-01
5.242666666666666586e-01
5.235333333333332950e-01
5.230000000000000204e-01
5.227333333333333831e-01
5.283333333333333215e-01
5.247333333333333849e-01
5.253333333333333188e-01
5.288666666666667071e-01
5.269333333333333647e-01
5.262000000000000011e-01
5.241999999999999993e-01
5.275333333333332986e-01
5.262000000000000011e-01
5.243999999999999773e-01
5.250666666666666815e-01
5.278666666666667062e-01
5.285999999999999588e-01
5.256666666666666154e-01
5.272666666666666613e-01
5.287333333333333885e-01
5.257333333333333858e-01
5.260666666666666824e-01
5.290000000000000258e-01
5.297333333333332783e-01
5.273333333333333206e-01
5.272666666666666613e-01
5.260000000000000231e-01
5.277333333333333876e-01
5.289333333333333664e-01
5.277333333333333876e-01
5.295333333333333004e-01
5.287333333333333885e-01
5.260000000000000231e-01
5.315333333333333021e-01
5.280000000000000249e-01
5.248666666666667036e-01
5.302666666666666639e-01
5.310666666666666869e-01
5.283333333333333215e-01
5.278000000000000469e-01
5.298666666666667080e-01
5.318666666666667098e-01
5.275333333333332986e-01
5.282000000000000028e-01
5.295333333333333004e-01
5.277333333333333876e-01
5.316666666666666208e-01
5.264666666666666384e-01
5.298000000000000487e-01
5.340666666666666895e-01
5.302666666666666639e-01
5.293999999999999817e-01
5.305999999999999606e-01
5.298000000000000487e-01
5.298000000000000487e-01
5.268666666666667053e-01
5.323333333333333250e-01
5.308666666666667089e-01
5.304666666666666419e-01
5.326666666666666217e-01
5.339333333333333709e-01
5.277333333333333876e-01
5.266666666666666163e-01
5.290000000000000258e-01
5.315333333333333021e-01
5.303333333333333233e-01
5.337333333333332819e-01
5.352000000000000091e-01
5.335999999999999632e-01
5.326666666666666217e-01
5.280000000000000249e-01
5.317333333333332801e-01
5.293333333333333224e-01
5.314666666666666428e-01
5.310000000000000275e-01
5.311333333333333462e-01
