4.033999999999999808e-01
4.005333333333333523e-01
4.042666666666666631e-01
4.030000000000000249e-01
4.023999999999999799e-01
4.042666666666666631e-01
4.043333333333333224e-01
4.046666666666666745e-01
4.069333333333333136e-01
4.042666666666666631e-01
4.060666666666666869e-01
4.106000000000000205e-01
4.096000000000000196e-01
4.067333333333333356e-01
4.114666666666666472e-01
4.052666666666666639e-01
4.095333333333333603e-01
4.143999999999999906e-01
4.123999999999999888e-01
4.112000000000000099e-01
4.131333333333333524e-01
4.111333333333333506e-01
4.143999999999999906e-01
4.129333333333333189e-01
4.136000000000000232e-01
4.159999999999999809e-01
4.117333333333333401e-01
4.156000000000000250e-01
4.177333333333333454e-01
4.188000000000000056e-01
4.185333333333333128e-01
4.175333333333333119e-01
4.183333333333333348e-01
4.166666666666666852e-01
4.221333333333333604e-01
4.222666666666666790e-01
4.262666666666666826e-01
4.235999999999999766e-01
4.189999999999999836e-01
4.201333333333333586e-01
4.238000000000000100e-01
4.202666666666666773e-01
4.235999999999999766e-01
4.235333333333333172e-01
4.254666666666666597e-01
4.255999999999999783e-01
4.272666666666666835e-01
4.259999999999999898e-01
4.276666666666666394e-01
4.274666666666666615e-01
4.275333333333333208e-01
4.265333333333333199e-01
4.260666666666666491e-01
4.307333333333333569e-01
4.285333333333333217e-01
4.295999999999999819e-01
4.266666666666666941e-01
4.324666666666666659e-01
4.328666666666666774e-01
4.313333333333333464e-01
4.358666666666666800e-01
4.355333333333333279e-01
4.339333333333333376e-01
4.322666666666666879e-01
4.352666666666666906e-01
4.355333333333333279e-01
4.382666666666666933e-01
4.331333333333333147e-01
4.344000000000000083e-01
4.345999999999999863e-01
4.360666666666666580e-01
4.381333333333333191e-01
4.345333333333333270e-01
4.359333333333333393e-01
4.349333333333333385e-01
4.324666666666666659e-01
4.387333333333333085e-01
4.368666666666666809e-01
4.317333333333333578e-01
4.355333333333333279e-01
4.382666666666666933e-01
4.387333333333333085e-01
4.375333333333333297e-01
4.387333333333333085e-01
4.431333333333333235e-01
4.390000000000000013e-01
4.410000000000000031e-01
4.407333333333333103e-01
4.434000000000000163e-01
4.421999999999999820e-01
4.349999999999999978e-01
4.436666666666666536e-01
4.420666666666666633e-01
4.434000000000000163e-01
4.467333333333333156e-01
4.436666666666666536e-01
4.431999999999999829e-01
4.463333333333333597e-01
4.451333333333333253e-01
4.466666666666666563e-01
4.447999999999999732e-01
4.462666666666666448e-01
4.475999999999999979e-01
4.430666666666666642e-01
4.481333333333333280e-01
4.445999999999999952e-01
4.475333333333333385e-01
4.494666666666666810e-01
4.456666666666666554e-01
4.475333333333333385e-01
4.499333333333333518e-01
4.499333333333333518e-01
4.492666666666666475e-01
4.507333333333333192e-01
4.491999999999999882e-01
4.537999999999999812e-01
4.498666666666666925e-01
4.517999999999999794e-01
4.536666666666666625e-01
4.510666666666666713e-01
4.544666666666666854e-01
4.538666666666666405e-01
4.557999999999999829e-01
4.519333333333333536e-01
4.534000000000000252e-01
4.517333333333333201e-01
4.536000000000000032e-01
4.550000000000000155e-01
4.557999999999999829e-01
4.555333333333333456e-01
4.529333333333333544e-01
4.556666666666666643e-01
4.567333333333333245e-01
4.556666666666666643e-01
4.566000000000000059e-01
4.556666666666666643e-01
4.571999999999999953e-01
4.540666666666666740e-01
4.598666666666666458e-01
4.561333333333333351e-01
4.588666666666666449e-01
4.537999999999999812e-01
4.557999999999999829e-01
4.623999999999999777e-01
4.628666666666666485e-01
4.586000000000000076e-01
4.621333333333333404e-01
4.571999999999999953e-01
4.576000000000000068e-01
4.633999999999999786e-01
4.545333333333333448e-01
4.585333333333333483e-01
4.636666666666666714e-01
4.626666666666666705e-01
4.621333333333333404e-01
4.649333333333333096e-01
4.645333333333333536e-01
4.671333333333333449e-01
4.620000000000000218e-01
4.620666666666666811e-01
4.656000000000000139e-01
4.607333333333333281e-01
4.597333333333333272e-01
4.663333333333333219e-01
4.629333333333333078e-01
4.623333333333333184e-01
4.583999999999999742e-01
4.649333333333333096e-01
4.625333333333333519e-01
4.667333333333333334e-01
4.680000000000000271e-01
4.661333333333333440e-01
4.676000000000000156e-01
4.683333333333333237e-01
4.667999999999999927e-01
4.670000000000000262e-01
4.680000000000000271e-01
4.671333333333333449e-01
4.662666666666666626e-01
4.660000000000000253e-01
4.674666666666666415e-01
4.672666666666666635e-01
4.658666666666666512e-01
4.689999999999999725e-01
4.663333333333333219e-01
4.676000000000000156e-01
4.697999999999999954e-01
4.675333333333333563e-01
4.683999999999999830e-01
4.726000000000000201e-01
4.715333333333333599e-01
4.714666666666666450e-01
4.694666666666666432e-01
4.662666666666666626e-01
4.703333333333333255e-01
4.732000000000000095e-01
4.718666666666666565e-01
4.736666666666666803e-01
4.737333333333333396e-01
4.696666666666666767e-01
4.709999999999999742e-01
4.727333333333333387e-01
4.732000000000000095e-01
4.687999999999999945e-01
4.753333333333333299e-01
4.707333333333333369e-01
4.744666666666666477e-01
4.730666666666666909e-01
4.711333333333333484e-01
4.706000000000000183e-01
4.720666666666666900e-01
4.777333333333333432e-01
4.739999999999999769e-01
4.739333333333333176e-01
4.736000000000000210e-01
4.739333333333333176e-01
4.756000000000000227e-01
4.717333333333333378e-01
4.751333333333333520e-01
4.774666666666666504e-01
4.759333333333333194e-01
4.728666666666666574e-01
4.799333333333333229e-01
4.759999999999999787e-01
4.758000000000000007e-01
4.749333333333333185e-01
4.760666666666666935e-01
4.776666666666666838e-01
4.789333333333333220e-01
4.805333333333333123e-01
4.747999999999999998e-01
4.762000000000000122e-01
4.772666666666666724e-01
4.762666666666666715e-01
4.769333333333333202e-01
4.785333333333333106e-01
4.832666666666666777e-01
4.818000000000000060e-01
4.804666666666666530e-01
4.811333333333333573e-01
4.818000000000000060e-01
4.818666666666666654e-01
4.799333333333333229e-01
4.814666666666666539e-01
4.808666666666666645e-01
4.814666666666666539e-01
4.806666666666666865e-01
4.827333333333333476e-01
4.799333333333333229e-01
4.779999999999999805e-01
4.777333333333333432e-01
4.828000000000000069e-01
4.818666666666666654e-01
4.828000000000000069e-01
4.808000000000000052e-01
4.825999999999999734e-01
4.858000000000000096e-01
4.822666666666666768e-01
4.828666666666666663e-01
4.835333333333333150e-01
4.832666666666666777e-01
4.855333333333333168e-01
4.838666666666666671e-01
4.859999999999999876e-01
4.863999999999999990e-01
4.854666666666666575e-01
4.859999999999999876e-01
4.873999999999999999e-01
4.888666666666666716e-01
4.852666666666666795e-01
4.861333333333333062e-01
4.814666666666666539e-01
4.873333333333333406e-01
4.819333333333333247e-01
4.846666666666666901e-01
4.843333333333333379e-01
4.877333333333333520e-01
4.845999999999999752e-01
4.853999999999999981e-01
4.909333333333333327e-01
4.842000000000000193e-01
4.866666666666666918e-01
4.873333333333333406e-01
4.888666666666666716e-01
4.846666666666666901e-01
4.906666666666666399e-01
4.889999999999999902e-01
4.881333333333333080e-01
4.911333333333333107e-01
4.871333333333333071e-01
4.874666666666666592e-01
4.858666666666666689e-01
4.888000000000000123e-01
4.917333333333333556e-01
4.892666666666666830e-01
4.895333333333333203e-01
4.849999999999999867e-01
4.912666666666666848e-01
4.875999999999999779e-01
4.865999999999999770e-01
4.934000000000000052e-01
4.901333333333333098e-01
4.882666666666666822e-01
4.907333333333333547e-01
4.928666666666666751e-01
4.877333333333333520e-01
4.906666666666666399e-01
4.961333333333333151e-01
4.934666666666666646e-01
4.909333333333333327e-01
4.941333333333333133e-01
4.927333333333333565e-01
4.932666666666666866e-01
4.921333333333333115e-01
4.914666666666666628e-01
4.929999999999999938e-01
4.919333333333333336e-01
4.915333333333333221e-01
4.941999999999999726e-01
4.898000000000000131e-01
4.938666666666666760e-01
4.921333333333333115e-01
4.923333333333333450e-01
4.928666666666666751e-01
4.924000000000000044e-01
4.975999999999999868e-01
4.919333333333333336e-01
4.928666666666666751e-01
4.949999999999999956e-01
4.922000000000000264e-01
4.967333333333333600e-01
4.970666666666666567e-01
4.914666666666666628e-01
4.937333333333333574e-01
4.951333333333333142e-01
4.912000000000000255e-01
4.971999999999999753e-01
4.976666666666666461e-01
4.931333333333333124e-01
4.929999999999999938e-01
4.932000000000000273e-01
4.980666666666666575e-01
4.971333333333333160e-01
4.972666666666666901e-01
4.975999999999999868e-01
4.959999999999999964e-01
4.959999999999999964e-01
4.942666666666666875e-01
4.965999999999999859e-01
4.911333333333333107e-01
4.964666666666666672e-01
4.992666666666666919e-01
4.964000000000000079e-01
4.946666666666666434e-01
4.974666666666666681e-01
4.998666666666666814e-01
4.971333333333333160e-01
4.977333333333333609e-01
4.964666666666666672e-01
4.999333333333333407e-01
4.992666666666666919e-01
4.985333333333333283e-01
4.984666666666666690e-01
4.998000000000000220e-01
5.033333333333332993e-01
4.936666666666666425e-01
4.988666666666666805e-01
4.935333333333333239e-01
4.944000000000000061e-01
5.009333333333333416e-01
4.983333333333333504e-01
4.958666666666666778e-01
4.989333333333333398e-01
4.986666666666666470e-01
5.045333333333332781e-01
4.989999999999999991e-01
5.014666666666666162e-01
5.027333333333333654e-01
5.051999999999999824e-01
5.036000000000000476e-01
5.023999999999999577e-01
4.999333333333333407e-01
5.020000000000000018e-01
5.030666666666666620e-01
5.006000000000000449e-01
5.028666666666666840e-01
5.013999999999999568e-01
5.005333333333333856e-01
4.995999999999999885e-01
5.036666666666667069e-01
5.004666666666666153e-01
4.988666666666666805e-01
5.007333333333333636e-01
5.001999999999999780e-01
5.036000000000000476e-01
5.068000000000000282e-01
5.014666666666666162e-01
5.005333333333333856e-01
5.043999999999999595e-01
5.013333333333332975e-01
5.014666666666666162e-01
5.001333333333333186e-01
5.024666666666666170e-01
5.028666666666666840e-01
5.047333333333333671e-01
5.041999999999999815e-01
5.034666666666666179e-01
5.054666666666666197e-01
5.031999999999999806e-01
5.023999999999999577e-01
5.046666666666667078e-01
5.052666666666666417e-01
5.066666666666667096e-01
5.030000000000000027e-01
5.052666666666666417e-01
5.035333333333333883e-01
5.076000000000000512e-01
5.042666666666666409e-01
5.050666666666666638e-01
5.051333333333333231e-01
5.041333333333333222e-01
5.056666666666667087e-01
5.088666666666666893e-01
5.066000000000000503e-01
5.046666666666667078e-01
5.054666666666666197e-01
5.060000000000000053e-01
5.082666666666666444e-01
5.076000000000000512e-01
5.051333333333333231e-01
5.081333333333333258e-01
5.087333333333333707e-01
5.036666666666667069e-01
5.055333333333332790e-01
5.067333333333333689e-01
5.089333333333333487e-01
5.096000000000000529e-01
5.106000000000000538e-01
5.078000000000000291e-01
5.073999999999999622e-01
5.099333333333333496e-01
5.062666666666666426e-01
5.089333333333333487e-01
5.104666666666666242e-01
5.071999999999999842e-01
5.090000000000000080e-01
5.088666666666666893e-01
5.060000000000000053e-01
5.086666666666667114e-01
5.088666666666666893e-01
5.094666666666666233e-01
5.081999999999999851e-01
5.107333333333333725e-01
5.154666666666666286e-01
5.078000000000000291e-01
5.080000000000000071e-01
5.075333333333332808e-01
5.089333333333333487e-01
5.090000000000000080e-01
5.094666666666666233e-01
5.101999999999999869e-01
5.097333333333333716e-01
5.086000000000000520e-01
5.091333333333333266e-01
5.135999999999999455e-01
5.081333333333333258e-01
5.103999999999999648e-01
5.091999999999999860e-01
5.089333333333333487e-01
5.092666666666666453e-01
5.071999999999999842e-01
5.087333333333333707e-01
5.075333333333332808e-01
5.103333333333333055e-01
5.053333333333333011e-01
5.128666666666666929e-01
5.114666666666666250e-01
5.078000000000000291e-01
5.125333333333332853e-01
5.123333333333333073e-01
5.114666666666666250e-01
5.163999999999999702e-01
5.147333333333333760e-01
5.120000000000000107e-01
5.120000000000000107e-01
5.141999999999999904e-01
5.094666666666666233e-01
5.124666666666666259e-01
5.118666666666666920e-01
5.093999999999999639e-01
5.124666666666666259e-01
5.120666666666666700e-01
5.134666666666666268e-01
5.108666666666666911e-01
5.123999999999999666e-01
5.129333333333333522e-01
5.158000000000000362e-01
5.131999999999999895e-01
5.148666666666666947e-01
5.125999999999999446e-01
5.120666666666666700e-01
5.151999999999999913e-01
5.109333333333333504e-01
5.123999999999999666e-01
5.143333333333333091e-01
5.133333333333333082e-01
5.150000000000000133e-01
5.128666666666666929e-01
5.121999999999999886e-01
5.127333333333333742e-01
5.134666666666666268e-01
5.153999999999999693e-01
5.138000000000000345e-01
5.109333333333333504e-01
5.129333333333333522e-01
5.149333333333333540e-01
5.153999999999999693e-01
5.163999999999999702e-01
5.171999999999999931e-01
5.142666666666666497e-01
5.165999999999999481e-01
5.143333333333333091e-01
5.168000000000000371e-01
5.156666666666667176e-01
5.151333333333333320e-01
5.189333333333333576e-01
5.173333333333333117e-01
5.151999999999999913e-01
5.155999999999999472e-01
5.173333333333333117e-01
5.159333333333333549e-01
5.166666666666667185e-01
5.164666666666666295e-01
5.168666666666666965e-01
5.155999999999999472e-01
5.138000000000000345e-01
5.167333333333333778e-01
5.169333333333333558e-01
5.183999999999999719e-01
5.194666666666666321e-01
5.207333333333333814e-01
5.211999999999999966e-01
5.168666666666666965e-01
5.175999999999999490e-01
5.180666666666666753e-01
5.150000000000000133e-01
5.172666666666666524e-01
5.136666666666667158e-01
5.138666666666666938e-01
5.164666666666666295e-01
5.178666666666666973e-01
5.162666666666666515e-01
5.219333333333333602e-01
5.203999999999999737e-01
5.188000000000000389e-01
5.195333333333332915e-01
5.200666666666666771e-01
5.191333333333333355e-01
5.172666666666666524e-01
5.148000000000000353e-01
5.192666666666666542e-01
5.202666666666666551e-01
5.203999999999999737e-01
5.191333333333333355e-01
5.190000000000000169e-01
5.163999999999999702e-01
5.188666666666666982e-01
5.201999999999999957e-01
5.195333333333332915e-01
5.165333333333332888e-01
5.190666666666666762e-01
5.234666666666666357e-01
5.218666666666667009e-01
5.181999999999999940e-01
5.196666666666667211e-01
5.210666666666666780e-01
5.215999999999999526e-01
5.210000000000000187e-01
5.134666666666666268e-01
5.260000000000000231e-01
5.219333333333333602e-01
5.216666666666666119e-01
5.223333333333333162e-01
5.178000000000000380e-01
5.221333333333333382e-01
5.230666666666666798e-01
5.224666666666666348e-01
5.198666666666666991e-01
5.215999999999999526e-01
5.239333333333333620e-01
5.207333333333333814e-01
5.193333333333333135e-01
5.246666666666666146e-01
5.193999999999999728e-01
5.202666666666666551e-01
5.245333333333332959e-01
5.239333333333333620e-01
5.186666666666667203e-01
5.221999999999999975e-01
5.271333333333333426e-01
5.230666666666666798e-01
5.233333333333333171e-01
5.176666666666667194e-01
5.236666666666666137e-01
5.224666666666666348e-01
5.216666666666666119e-01
5.245999999999999552e-01
5.228000000000000425e-01
5.235333333333332950e-01
5.224666666666666348e-01
5.238666666666667027e-01
5.212666666666666559e-01
5.223999999999999755e-01
5.223333333333333162e-01
5.265333333333332977e-01
5.268666666666667053e-01
5.237333333333333840e-01
5.247333333333333849e-01
5.228000000000000425e-01
5.225999999999999535e-01
5.228000000000000425e-01
5.223999999999999755e-01
5.215333333333332932e-01
5.243333333333333179e-01
5.263333333333333197e-01
5.253333333333333188e-01
5.253999999999999782e-01
5.218666666666667009e-01
5.234666666666666357e-01
5.243999999999999773e-01
5.243999999999999773e-01
5.266666666666666163e-01
5.189333333333333576e-01
5.238666666666667027e-01
5.249333333333333629e-01
5.241333333333333400e-01
5.252666666666666595e-01
5.264666666666666384e-01
5.243999999999999773e-01
5.262000000000000011e-01
5.228666666666667018e-01
5.286666666666666181e-01
5.249333333333333629e-01
5.252666666666666595e-01
5.269333333333333647e-01
5.235999999999999543e-01
5.249333333333333629e-01
5.224666666666666348e-01
5.236666666666666137e-01
5.231999999999999984e-01
5.244666666666666366e-01
5.259333333333333638e-01
5.272000000000000020e-01
5.322000000000000064e-01
5.257333333333333858e-01
5.240666666666666806e-01
5.243999999999999773e-01
5.235999999999999543e-01
5.295333333333333004e-01
5.256666666666666154e-01
5.263333333333333197e-01
5.298666666666667080e-01
5.278000000000000469e-01
5.268000000000000460e-01
5.245333333333332959e-01
5.286666666666666181e-01
5.270666666666666833e-01
5.252000000000000002e-01
5.259333333333333638e-01
5.290000000000000258e-01
5.293999999999999817e-01
5.267333333333333867e-01
5.283999999999999808e-01
5.299333333333333673e-01
5.267333333333333867e-01
5.266666666666666163e-01
5.292000000000000037e-01
5.305333333333333012e-01
5.282666666666666622e-01
5.282666666666666622e-01
5.272666666666666613e-01
5.284666666666666401e-01
5.290666666666666851e-01
5.285999999999999588e-01
5.309333333333333682e-01
5.294666666666666410e-01
5.270666666666666833e-01
5.328666666666667107e-01
5.288000000000000478e-01
5.263333333333333197e-01
5.313999999999999835e-01
5.315333333333333021e-01
5.292666666666666631e-01
5.292666666666666631e-01
5.305333333333333012e-01
5.332666666666666666e-01
5.283999999999999808e-01
5.292000000000000037e-01
5.305999999999999606e-01
5.288666666666667071e-01
5.323999999999999844e-01
5.270000000000000240e-01
5.298000000000000487e-01
5.343333333333333268e-01
5.310666666666666869e-01
5.300666666666666860e-01
5.312666666666666648e-01
5.306666666666666199e-01
5.303333333333333233e-01
5.279333333333333655e-01
5.332000000000000073e-01
5.310666666666666869e-01
5.312666666666666648e-01
5.339333333333333709e-01
5.345333333333333048e-01
5.280000000000000249e-01
5.273999999999999799e-01
5.298666666666667080e-01
5.321333333333333471e-01
5.314666666666666428e-01
5.348666666666667124e-01
5.358666666666667133e-01
5.345333333333333048e-01
5.328000000000000513e-01
5.287333333333333885e-01
5.325333333333333030e-01
5.300666666666666860e-01
5.318666666666667098e-01
5.320666666666666877e-01
5.314666666666666428e-01
