4.056000000000000161e-01
4.029333333333333100e-01
4.061333333333333462e-01
4.051333333333333453e-01
4.047999999999999932e-01
4.070666666666666877e-01
4.066666666666666763e-01
4.070666666666666877e-01
4.097999999999999976e-01
4.062000000000000055e-01
4.082666666666666666e-01
4.126666666666666816e-01
4.111333333333333506e-01
4.088666666666666560e-01
4.131333333333333524e-01
4.079333333333333145e-01
4.115333333333333066e-01
4.158666666666666623e-01
4.140666666666666940e-01
4.133999999999999897e-01
4.151333333333333542e-01
4.133333333333333304e-01
4.159333333333333216e-01
4.140666666666666940e-01
4.154666666666666508e-01
4.181333333333333568e-01
4.142666666666666719e-01
4.172000000000000153e-01
4.190666666666666429e-01
4.201333333333333586e-01
4.198666666666666658e-01
4.181333333333333568e-01
4.198000000000000065e-01
4.183333333333333348e-01
4.237333333333333507e-01
4.237333333333333507e-01
4.278000000000000136e-01
4.254666666666666597e-01
4.204666666666666552e-01
4.217333333333333489e-01
4.252666666666666817e-01
4.211333333333333595e-01
4.255333333333333190e-01
4.245333333333333181e-01
4.272666666666666835e-01
4.268000000000000127e-01
4.288000000000000145e-01
4.275333333333333208e-01
4.289999999999999925e-01
4.294666666666666632e-01
4.287333333333333552e-01
4.282666666666666844e-01
4.274000000000000021e-01
4.322666666666666879e-01
4.295999999999999819e-01
4.303333333333333455e-01
4.272000000000000242e-01
4.331999999999999740e-01
4.339333333333333376e-01
4.319333333333333358e-01
4.369999999999999996e-01
4.364666666666666694e-01
4.349333333333333385e-01
4.332666666666666888e-01
4.359333333333333393e-01
4.361333333333333173e-01
4.395333333333333314e-01
4.342666666666666897e-01
4.355999999999999872e-01
4.358666666666666800e-01
4.365333333333333288e-01
4.390000000000000013e-01
4.358666666666666800e-01
4.369999999999999996e-01
4.358000000000000207e-01
4.331999999999999740e-01
4.397333333333333094e-01
4.374000000000000110e-01
4.322666666666666879e-01
4.374000000000000110e-01
4.392666666666666941e-01
4.399333333333333429e-01
4.390666666666666607e-01
4.395999999999999908e-01
4.436666666666666536e-01
4.400666666666666615e-01
4.419333333333333447e-01
4.415999999999999925e-01
4.439333333333333464e-01
4.429333333333333456e-01
4.354666666666666686e-01
4.445333333333333359e-01
4.428666666666666862e-01
4.442666666666666431e-01
4.473333333333333606e-01
4.445333333333333359e-01
4.440000000000000058e-01
4.471333333333333271e-01
4.457999999999999741e-01
4.467999999999999750e-01
4.458666666666666889e-01
4.473333333333333606e-01
4.480666666666666687e-01
4.441999999999999837e-01
4.488666666666666916e-01
4.455333333333333368e-01
4.487999999999999767e-01
4.506000000000000005e-01
4.464000000000000190e-01
4.484666666666666801e-01
4.507999999999999785e-01
4.509333333333333527e-01
4.501333333333333298e-01
4.507333333333333192e-01
4.495333333333333403e-01
4.544000000000000261e-01
4.503333333333333077e-01
4.523333333333333095e-01
4.537999999999999812e-01
4.519333333333333536e-01
4.551999999999999935e-01
4.547999999999999821e-01
4.565333333333333465e-01
4.527333333333333210e-01
4.543333333333333113e-01
4.529333333333333544e-01
4.546000000000000041e-01
4.561999999999999944e-01
4.566666666666666652e-01
4.563333333333333131e-01
4.536000000000000032e-01
4.561333333333333351e-01
4.571333333333333360e-01
4.566666666666666652e-01
4.572666666666666546e-01
4.560000000000000164e-01
4.578666666666666440e-01
4.554666666666666863e-01
4.603333333333333166e-01
4.566666666666666652e-01
4.600000000000000200e-01
4.544666666666666854e-01
4.561333333333333351e-01
4.632666666666666599e-01
4.629333333333333078e-01
4.590666666666666784e-01
4.623333333333333184e-01
4.580666666666666775e-01
4.581333333333333369e-01
4.638666666666666494e-01
4.557999999999999829e-01
4.589333333333333598e-01
4.642000000000000015e-01
4.632666666666666599e-01
4.628666666666666485e-01
4.657333333333333325e-01
4.653333333333333210e-01
4.677999999999999936e-01
4.628666666666666485e-01
4.626666666666666705e-01
4.663333333333333219e-01
4.612666666666666582e-01
4.606666666666666687e-01
4.670000000000000262e-01
4.633999999999999786e-01
4.630666666666666820e-01
4.592666666666666564e-01
4.655333333333333545e-01
4.632666666666666599e-01
4.676666666666666750e-01
4.683999999999999830e-01
4.664666666666666406e-01
4.679333333333333123e-01
4.683999999999999830e-01
4.673333333333333228e-01
4.675333333333333563e-01
4.684666666666666424e-01
4.676000000000000156e-01
4.665333333333333554e-01
4.665333333333333554e-01
4.687333333333333352e-01
4.677333333333333343e-01
4.665333333333333554e-01
4.693333333333333246e-01
4.664666666666666406e-01
4.682000000000000051e-01
4.704666666666666441e-01
4.680666666666666864e-01
4.685333333333333572e-01
4.727333333333333387e-01
4.719999999999999751e-01
4.719333333333333158e-01
4.702666666666666662e-01
4.669333333333333114e-01
4.709333333333333149e-01
4.736000000000000210e-01
4.723999999999999866e-01
4.742000000000000104e-01
4.737999999999999989e-01
4.697999999999999954e-01
4.709999999999999742e-01
4.732666666666666688e-01
4.734666666666666468e-01
4.689333333333333131e-01
4.755333333333333079e-01
4.709333333333333149e-01
4.747333333333333405e-01
4.736666666666666803e-01
4.714666666666666450e-01
4.713999999999999857e-01
4.731333333333333502e-01
4.783999999999999919e-01
4.740666666666666917e-01
4.745333333333333070e-01
4.742000000000000104e-01
4.743333333333333290e-01
4.760666666666666935e-01
4.722666666666666679e-01
4.759333333333333194e-01
4.782666666666666733e-01
4.762666666666666715e-01
4.733333333333333282e-01
4.804666666666666530e-01
4.763333333333333308e-01
4.762666666666666715e-01
4.752666666666666706e-01
4.765333333333333088e-01
4.776000000000000245e-01
4.790666666666666407e-01
4.808666666666666645e-01
4.752666666666666706e-01
4.760666666666666935e-01
4.773333333333333317e-01
4.767333333333333423e-01
4.770666666666666944e-01
4.792000000000000148e-01
4.838666666666666671e-01
4.822000000000000175e-01
4.806666666666666865e-01
4.813999999999999946e-01
4.819333333333333247e-01
4.822000000000000175e-01
4.802000000000000157e-01
4.815999999999999726e-01
4.815999999999999726e-01
4.822000000000000175e-01
4.813333333333333353e-01
4.832000000000000184e-01
4.806000000000000272e-01
4.786666666666666847e-01
4.782666666666666733e-01
4.828000000000000069e-01
4.820666666666666433e-01
4.831333333333333591e-01
4.812000000000000166e-01
4.829999999999999849e-01
4.861333333333333062e-01
4.828666666666666663e-01
4.832666666666666777e-01
4.838666666666666671e-01
4.835333333333333150e-01
4.852000000000000202e-01
4.839333333333333265e-01
4.863999999999999990e-01
4.865999999999999770e-01
4.855999999999999761e-01
4.867333333333333512e-01
4.879333333333333300e-01
4.890666666666666496e-01
4.858666666666666689e-01
4.866666666666666918e-01
4.821333333333333582e-01
4.878666666666666707e-01
4.825333333333333141e-01
4.852666666666666795e-01
4.844666666666666566e-01
4.879333333333333300e-01
4.851333333333333608e-01
4.858000000000000096e-01
4.912666666666666848e-01
4.845999999999999752e-01
4.872666666666666813e-01
4.875333333333333186e-01
4.889999999999999902e-01
4.848666666666666680e-01
4.909999999999999920e-01
4.892000000000000237e-01
4.883333333333333415e-01
4.918000000000000149e-01
4.878666666666666707e-01
4.878000000000000114e-01
4.863333333333333397e-01
4.885999999999999788e-01
4.919333333333333336e-01
4.895333333333333203e-01
4.897333333333333538e-01
4.855333333333333168e-01
4.919999999999999929e-01
4.879999999999999893e-01
4.869333333333333291e-01
4.941333333333333133e-01
4.908000000000000140e-01
4.888666666666666716e-01
4.908000000000000140e-01
4.930666666666666531e-01
4.877333333333333520e-01
4.915999999999999814e-01
4.965333333333333266e-01
4.938000000000000167e-01
4.914000000000000035e-01
4.941333333333333133e-01
4.932666666666666866e-01
4.930666666666666531e-01
4.924666666666666637e-01
4.919999999999999929e-01
4.934000000000000052e-01
4.919999999999999929e-01
4.917333333333333556e-01
4.944666666666666655e-01
4.903333333333333433e-01
4.938000000000000167e-01
4.926666666666666416e-01
4.927333333333333565e-01
4.928666666666666751e-01
4.933333333333333459e-01
4.975999999999999868e-01
4.922666666666666857e-01
4.932666666666666866e-01
4.955999999999999850e-01
4.925333333333333230e-01
4.970666666666666567e-01
4.971999999999999753e-01
4.915333333333333221e-01
4.940666666666666540e-01
4.956666666666666443e-01
4.919333333333333336e-01
4.976666666666666461e-01
4.979999999999999982e-01
4.939999999999999947e-01
4.932666666666666866e-01
4.930666666666666531e-01
4.986666666666666470e-01
4.973333333333333495e-01
4.978000000000000203e-01
4.977333333333333609e-01
4.961999999999999744e-01
4.961333333333333151e-01
4.946666666666666434e-01
4.970666666666666567e-01
4.912666666666666848e-01
4.965333333333333266e-01
4.995333333333333292e-01
4.965999999999999859e-01
4.950666666666666549e-01
4.975999999999999868e-01
5.004666666666666153e-01
4.973333333333333495e-01
4.981333333333333169e-01
4.967333333333333600e-01
5.001333333333333186e-01
4.995333333333333292e-01
4.989999999999999991e-01
4.985999999999999877e-01
4.998666666666666814e-01
5.033999999999999586e-01
4.937333333333333574e-01
4.992666666666666919e-01
4.945999999999999841e-01
4.949333333333333362e-01
5.009333333333333416e-01
4.988000000000000211e-01
4.962666666666666893e-01
4.995333333333333292e-01
4.989999999999999991e-01
5.050000000000000044e-01
4.990666666666666584e-01
5.020666666666666611e-01
5.028666666666666840e-01
5.056000000000000494e-01
5.037333333333333663e-01
5.028666666666666840e-01
5.001333333333333186e-01
5.026666666666667060e-01
5.033333333333332993e-01
5.005333333333333856e-01
5.032666666666666400e-01
5.015333333333333865e-01
5.008666666666666822e-01
5.002666666666666373e-01
5.036666666666667069e-01
5.008666666666666822e-01
4.992666666666666919e-01
5.011333333333333195e-01
5.006666666666667043e-01
5.040666666666666629e-01
5.070666666666666655e-01
5.012666666666666382e-01
5.003999999999999559e-01
5.041333333333333222e-01
5.015333333333333865e-01
5.013333333333332975e-01
5.001333333333333186e-01
5.026666666666667060e-01
5.029333333333333433e-01
5.050666666666666638e-01
5.041333333333333222e-01
5.034666666666666179e-01
5.055333333333332790e-01
5.033333333333332993e-01
5.020666666666666611e-01
5.051333333333333231e-01
5.058000000000000274e-01
5.067333333333333689e-01
5.035333333333333883e-01
5.056666666666667087e-01
5.041333333333333222e-01
5.079333333333333478e-01
5.042666666666666409e-01
5.058000000000000274e-01
5.053999999999999604e-01
5.042666666666666409e-01
5.063999999999999613e-01
5.094666666666666233e-01
5.066666666666667096e-01
5.047333333333333671e-01
5.055333333333332790e-01
5.062666666666666426e-01
5.088666666666666893e-01
5.080000000000000071e-01
5.052666666666666417e-01
5.085333333333332817e-01
5.091333333333333266e-01
5.038000000000000256e-01
5.055333333333332790e-01
5.070666666666666655e-01
5.088000000000000300e-01
5.098000000000000309e-01
5.108000000000000318e-01
5.080000000000000071e-01
5.075333333333332808e-01
5.101999999999999869e-01
5.065333333333332799e-01
5.090666666666666673e-01
5.106666666666667131e-01
5.073333333333333028e-01
5.093333333333333046e-01
5.093333333333333046e-01
5.062666666666666426e-01
5.087333333333333707e-01
5.090000000000000080e-01
5.098000000000000309e-01
5.083999999999999631e-01
5.112666666666666471e-01
5.158666666666666956e-01
5.080000000000000071e-01
5.080000000000000071e-01
5.076000000000000512e-01
5.096000000000000529e-01
5.091999999999999860e-01
5.096666666666667123e-01
5.106666666666667131e-01
5.102666666666666462e-01
5.089333333333333487e-01
5.096000000000000529e-01
5.136666666666667158e-01
5.086000000000000520e-01
5.104666666666666242e-01
5.091999999999999860e-01
5.092666666666666453e-01
5.091333333333333266e-01
5.076000000000000512e-01
5.090666666666666673e-01
5.078666666666666885e-01
5.104666666666666242e-01
5.054666666666666197e-01
5.128666666666666929e-01
5.115333333333332844e-01
5.082666666666666444e-01
5.128666666666666929e-01
5.121333333333333293e-01
5.120000000000000107e-01
5.167333333333333778e-01
5.151999999999999913e-01
5.127333333333333742e-01
5.120000000000000107e-01
5.145333333333332870e-01
5.098000000000000309e-01
5.126666666666667149e-01
5.117333333333333734e-01
5.098666666666666902e-01
5.133999999999999675e-01
5.125999999999999446e-01
5.141333333333333311e-01
5.113999999999999657e-01
5.125999999999999446e-01
5.132666666666666488e-01
5.158666666666666956e-01
5.134666666666666268e-01
5.153333333333333099e-01
5.130666666666666709e-01
5.121999999999999886e-01
5.157333333333333769e-01
5.114666666666666250e-01
5.125999999999999446e-01
5.146666666666667167e-01
5.136666666666667158e-01
5.153999999999999693e-01
5.130000000000000115e-01
5.125999999999999446e-01
5.128666666666666929e-01
5.134666666666666268e-01
5.159333333333333549e-01
5.140000000000000124e-01
5.111999999999999877e-01
5.133333333333333082e-01
5.149333333333333540e-01
5.152666666666666506e-01
5.165999999999999481e-01
5.177333333333333787e-01
5.143999999999999684e-01
5.166666666666667185e-01
5.144666666666666277e-01
5.172666666666666524e-01
5.161999999999999922e-01
5.149333333333333540e-01
5.193999999999999728e-01
5.176666666666667194e-01
5.155333333333332879e-01
5.161999999999999922e-01
5.178000000000000380e-01
5.159333333333333549e-01
5.170666666666666744e-01
5.170000000000000151e-01
5.170666666666666744e-01
5.157333333333333769e-01
5.140000000000000124e-01
5.168000000000000371e-01
5.169333333333333558e-01
5.187333333333333796e-01
5.198000000000000398e-01
5.208666666666667000e-01
5.211999999999999966e-01
5.171999999999999931e-01
5.178000000000000380e-01
5.182666666666666533e-01
5.151999999999999913e-01
5.171999999999999931e-01
5.144666666666666277e-01
5.139333333333333531e-01
5.171999999999999931e-01
5.181999999999999940e-01
5.163333333333333108e-01
5.220000000000000195e-01
5.205999999999999517e-01
5.186666666666667203e-01
5.195333333333332915e-01
5.201999999999999957e-01
5.195999999999999508e-01
5.171999999999999931e-01
5.151333333333333320e-01
5.195999999999999508e-01
5.207333333333333814e-01
5.208666666666667000e-01
5.192666666666666542e-01
5.190666666666666762e-01
5.165999999999999481e-01
5.190666666666666762e-01
5.203999999999999737e-01
5.199333333333333584e-01
5.170666666666666744e-01
5.195333333333332915e-01
5.237333333333333840e-01
5.217333333333333822e-01
5.183999999999999719e-01
5.194666666666666321e-01
5.208000000000000407e-01
5.218666666666667009e-01
5.212666666666666559e-01
5.137333333333333751e-01
5.263333333333333197e-01
5.220666666666666789e-01
5.220000000000000195e-01
5.223333333333333162e-01
5.181333333333333346e-01
5.223999999999999755e-01
5.233999999999999764e-01
5.230000000000000204e-01
5.198666666666666991e-01
5.217333333333333822e-01
5.240000000000000213e-01
5.208666666666667000e-01
5.196666666666667211e-01
5.250666666666666815e-01
5.193333333333333135e-01
5.209333333333333593e-01
5.246666666666666146e-01
5.239333333333333620e-01
5.185999999999999499e-01
5.225999999999999535e-01
5.271333333333333426e-01
5.237333333333333840e-01
5.235333333333332950e-01
5.178666666666666973e-01
5.240000000000000213e-01
5.228000000000000425e-01
5.221333333333333382e-01
5.247333333333333849e-01
5.230000000000000204e-01
5.235333333333332950e-01
5.230000000000000204e-01
5.238666666666667027e-01
5.212666666666666559e-01
5.230000000000000204e-01
5.224666666666666348e-01
5.265999999999999570e-01
5.270000000000000240e-01
5.241333333333333400e-01
5.250666666666666815e-01
5.232666666666666577e-01
5.230000000000000204e-01
5.225999999999999535e-01
5.225999999999999535e-01
5.215333333333332932e-01
5.245999999999999552e-01
5.264666666666666384e-01
5.254666666666666375e-01
5.255333333333332968e-01
5.218666666666667009e-01
5.241999999999999993e-01
5.247333333333333849e-01
5.247333333333333849e-01
5.266666666666666163e-01
5.189333333333333576e-01
5.241999999999999993e-01
5.252000000000000002e-01
5.248000000000000442e-01
5.254666666666666375e-01
5.265999999999999570e-01
5.245333333333332959e-01
5.259333333333333638e-01
5.231999999999999984e-01
5.287333333333333885e-01
5.250666666666666815e-01
5.253999999999999782e-01
5.272666666666666613e-01
5.243333333333333179e-01
5.250666666666666815e-01
5.228666666666667018e-01
5.238000000000000433e-01
5.235333333333332950e-01
5.248666666666667036e-01
5.260666666666666824e-01
5.279333333333333655e-01
5.325333333333333030e-01
5.258666666666667044e-01
5.245999999999999552e-01
5.243999999999999773e-01
5.238000000000000433e-01
5.298000000000000487e-01
5.262666666666666604e-01
5.265333333333332977e-01
5.298666666666667080e-01
5.277333333333333876e-01
5.268666666666667053e-01
5.249333333333333629e-01
5.284666666666666401e-01
5.272666666666666613e-01
5.251333333333333409e-01
5.261333333333333417e-01
5.295333333333333004e-01
5.296666666666666190e-01
5.271333333333333426e-01
5.285333333333332995e-01
5.300000000000000266e-01
5.265999999999999570e-01
5.267333333333333867e-01
5.294666666666666410e-01
5.310666666666666869e-01
5.285999999999999588e-01
5.285999999999999588e-01
5.275999999999999579e-01
5.285999999999999588e-01
5.295333333333333004e-01
5.288000000000000478e-01
5.310666666666666869e-01
5.294666666666666410e-01
5.270666666666666833e-01
5.330666666666666886e-01
5.289333333333333664e-01
5.270000000000000240e-01
5.313999999999999835e-01
5.319333333333333691e-01
5.294666666666666410e-01
5.294666666666666410e-01
5.308000000000000496e-01
5.333333333333333259e-01
5.283999999999999808e-01
5.293333333333333224e-01
5.306666666666666199e-01
5.286666666666666181e-01
5.325333333333333030e-01
5.268000000000000460e-01
5.298000000000000487e-01
5.344666666666666455e-01
5.316666666666666208e-01
5.298000000000000487e-01
5.313999999999999835e-01
5.312666666666666648e-01
5.306666666666666199e-01
5.282666666666666622e-01
5.334666666666666446e-01
5.310000000000000275e-01
5.315333333333333021e-01
5.343333333333333268e-01
5.343333333333333268e-01
5.283333333333333215e-01
5.275999999999999579e-01
5.299333333333333673e-01
5.322000000000000064e-01
5.314666666666666428e-01
5.352000000000000091e-01
5.364666666666666472e-01
5.348000000000000531e-01
5.331333333333333480e-01
5.293999999999999817e-01
5.329333333333333700e-01
5.304666666666666419e-01
5.323333333333333250e-01
5.322000000000000064e-01
5.314666666666666428e-01
