4.050666666666666860e-01
4.022000000000000020e-01
4.054666666666666419e-01
4.042000000000000037e-01
4.038666666666666516e-01
4.059333333333333127e-01
4.057999999999999940e-01
4.064666666666666428e-01
4.085333333333333594e-01
4.052000000000000046e-01
4.072000000000000064e-01
4.118666666666666587e-01
4.103999999999999870e-01
4.079333333333333145e-01
4.123333333333333295e-01
4.069333333333333136e-01
4.110666666666666913e-01
4.158000000000000029e-01
4.133999999999999897e-01
4.127333333333333409e-01
4.143333333333333313e-01
4.126666666666666816e-01
4.154666666666666508e-01
4.136000000000000232e-01
4.149333333333333207e-01
4.173999999999999932e-01
4.135333333333333083e-01
4.163333333333333330e-01
4.186000000000000276e-01
4.197333333333333472e-01
4.197333333333333472e-01
4.176000000000000267e-01
4.189999999999999836e-01
4.178000000000000047e-01
4.230666666666666464e-01
4.227333333333333498e-01
4.272000000000000242e-01
4.247333333333333516e-01
4.199999999999999845e-01
4.212000000000000188e-01
4.246666666666666923e-01
4.207333333333333480e-01
4.252666666666666817e-01
4.242666666666666808e-01
4.266666666666666941e-01
4.264000000000000012e-01
4.279999999999999916e-01
4.268000000000000127e-01
4.284666666666666623e-01
4.289333333333333331e-01
4.284666666666666623e-01
4.277333333333333543e-01
4.268000000000000127e-01
4.317333333333333578e-01
4.293333333333333446e-01
4.293333333333333446e-01
4.272666666666666835e-01
4.328666666666666774e-01
4.337333333333333596e-01
4.318666666666666765e-01
4.364000000000000101e-01
4.361333333333333173e-01
4.342666666666666897e-01
4.327333333333333587e-01
4.358000000000000207e-01
4.360666666666666580e-01
4.389333333333333420e-01
4.339999999999999969e-01
4.351999999999999758e-01
4.353333333333333499e-01
4.362666666666666915e-01
4.390000000000000013e-01
4.351999999999999758e-01
4.367333333333333067e-01
4.357333333333333059e-01
4.331333333333333147e-01
4.388000000000000234e-01
4.371333333333333182e-01
4.321333333333333138e-01
4.370666666666666589e-01
4.387333333333333085e-01
4.394666666666666721e-01
4.385333333333333306e-01
4.391333333333333200e-01
4.435999999999999943e-01
4.398666666666666836e-01
4.416666666666666519e-01
4.414000000000000146e-01
4.437333333333333130e-01
4.425333333333333341e-01
4.350666666666666571e-01
4.440000000000000058e-01
4.425999999999999934e-01
4.439333333333333464e-01
4.473333333333333606e-01
4.438666666666666871e-01
4.436666666666666536e-01
4.467999999999999750e-01
4.453333333333333588e-01
4.469333333333333491e-01
4.451999999999999846e-01
4.468666666666666898e-01
4.477999999999999758e-01
4.437999999999999723e-01
4.484000000000000208e-01
4.451999999999999846e-01
4.485999999999999988e-01
4.502666666666666484e-01
4.461333333333333262e-01
4.481999999999999873e-01
4.501999999999999891e-01
4.501999999999999891e-01
4.496666666666666590e-01
4.511999999999999900e-01
4.495333333333333403e-01
4.541333333333333333e-01
4.500000000000000111e-01
4.519333333333333536e-01
4.537333333333333218e-01
4.516000000000000014e-01
4.550666666666666749e-01
4.546666666666666634e-01
4.562666666666666537e-01
4.526000000000000023e-01
4.539333333333333553e-01
4.525333333333333430e-01
4.541999999999999926e-01
4.557999999999999829e-01
4.564666666666666872e-01
4.560000000000000164e-01
4.535333333333333439e-01
4.560000000000000164e-01
4.570000000000000173e-01
4.563999999999999724e-01
4.566666666666666652e-01
4.558666666666666423e-01
4.577999999999999847e-01
4.550666666666666749e-01
4.599333333333333607e-01
4.563999999999999724e-01
4.599333333333333607e-01
4.545333333333333448e-01
4.563333333333333131e-01
4.630000000000000226e-01
4.628666666666666485e-01
4.587999999999999856e-01
4.621333333333333404e-01
4.578666666666666440e-01
4.580666666666666775e-01
4.638666666666666494e-01
4.553333333333333122e-01
4.587333333333333263e-01
4.640000000000000235e-01
4.628666666666666485e-01
4.626000000000000112e-01
4.656000000000000139e-01
4.648666666666666503e-01
4.673333333333333228e-01
4.626666666666666705e-01
4.626666666666666705e-01
4.660666666666666846e-01
4.609333333333333060e-01
4.601333333333333386e-01
4.669333333333333114e-01
4.632000000000000006e-01
4.627999999999999892e-01
4.587999999999999856e-01
4.650666666666666837e-01
4.631333333333333413e-01
4.671333333333333449e-01
4.684666666666666424e-01
4.664666666666666406e-01
4.678666666666666529e-01
4.680666666666666864e-01
4.672000000000000042e-01
4.673333333333333228e-01
4.682666666666666644e-01
4.675333333333333563e-01
4.662666666666666626e-01
4.666666666666666741e-01
4.683333333333333237e-01
4.672666666666666635e-01
4.662666666666666626e-01
4.692666666666666653e-01
4.664666666666666406e-01
4.681333333333333457e-01
4.702666666666666662e-01
4.680666666666666864e-01
4.685333333333333572e-01
4.727333333333333387e-01
4.716666666666666785e-01
4.717333333333333378e-01
4.699333333333333140e-01
4.666666666666666741e-01
4.706000000000000183e-01
4.733333333333333282e-01
4.721333333333333493e-01
4.739333333333333176e-01
4.738666666666666583e-01
4.697999999999999954e-01
4.710666666666666891e-01
4.730666666666666909e-01
4.732000000000000095e-01
4.688666666666666538e-01
4.750666666666666926e-01
4.707333333333333369e-01
4.744666666666666477e-01
4.732666666666666688e-01
4.714666666666666450e-01
4.707999999999999963e-01
4.729333333333333167e-01
4.782666666666666733e-01
4.742666666666666697e-01
4.743999999999999884e-01
4.737999999999999989e-01
4.743999999999999884e-01
4.759999999999999787e-01
4.718666666666666565e-01
4.754666666666666486e-01
4.779999999999999805e-01
4.762000000000000122e-01
4.733999999999999875e-01
4.802666666666666750e-01
4.759999999999999787e-01
4.759333333333333194e-01
4.751333333333333520e-01
4.764666666666666495e-01
4.779333333333333211e-01
4.790666666666666407e-01
4.806000000000000272e-01
4.751333333333333520e-01
4.759999999999999787e-01
4.773999999999999910e-01
4.765333333333333088e-01
4.770666666666666944e-01
4.789999999999999813e-01
4.837333333333333485e-01
4.819999999999999840e-01
4.806000000000000272e-01
4.812666666666666759e-01
4.819333333333333247e-01
4.822666666666666768e-01
4.801333333333333564e-01
4.813999999999999946e-01
4.813999999999999946e-01
4.821333333333333582e-01
4.809333333333333238e-01
4.829333333333333256e-01
4.804666666666666530e-01
4.785333333333333106e-01
4.782000000000000139e-01
4.826666666666666883e-01
4.822000000000000175e-01
4.829999999999999849e-01
4.808666666666666645e-01
4.829999999999999849e-01
4.859999999999999876e-01
4.822666666666666768e-01
4.830666666666666442e-01
4.839999999999999858e-01
4.834666666666666557e-01
4.854666666666666575e-01
4.836666666666666892e-01
4.862000000000000210e-01
4.864666666666666583e-01
4.856666666666666909e-01
4.863999999999999990e-01
4.879333333333333300e-01
4.888000000000000123e-01
4.855999999999999761e-01
4.864666666666666583e-01
4.819999999999999840e-01
4.873999999999999999e-01
4.824666666666666548e-01
4.851333333333333608e-01
4.845333333333333159e-01
4.878000000000000114e-01
4.848666666666666680e-01
4.855333333333333168e-01
4.909333333333333327e-01
4.843999999999999972e-01
4.869999999999999885e-01
4.873999999999999999e-01
4.888666666666666716e-01
4.848666666666666680e-01
4.909999999999999920e-01
4.889333333333333309e-01
4.882666666666666822e-01
4.914666666666666628e-01
4.878000000000000114e-01
4.873999999999999999e-01
4.860666666666666469e-01
4.887333333333333529e-01
4.916666666666666408e-01
4.894000000000000017e-01
4.896666666666666390e-01
4.853999999999999981e-01
4.918666666666666742e-01
4.875333333333333186e-01
4.865999999999999770e-01
4.938666666666666760e-01
4.905333333333333212e-01
4.885999999999999788e-01
4.907333333333333547e-01
4.929999999999999938e-01
4.876666666666666927e-01
4.912000000000000255e-01
4.960666666666666558e-01
4.938000000000000167e-01
4.912666666666666848e-01
4.941999999999999726e-01
4.929333333333333345e-01
4.931333333333333124e-01
4.924666666666666637e-01
4.916666666666666408e-01
4.930666666666666531e-01
4.918666666666666742e-01
4.913333333333333441e-01
4.943333333333333468e-01
4.904000000000000026e-01
4.938000000000000167e-01
4.922666666666666857e-01
4.925333333333333230e-01
4.930666666666666531e-01
4.932000000000000273e-01
4.975333333333333274e-01
4.922000000000000264e-01
4.935333333333333239e-01
4.953333333333333477e-01
4.923333333333333450e-01
4.968666666666666787e-01
4.971999999999999753e-01
4.915333333333333221e-01
4.937333333333333574e-01
4.955333333333333257e-01
4.914000000000000035e-01
4.972666666666666901e-01
4.979333333333333389e-01
4.935333333333333239e-01
4.932666666666666866e-01
4.934000000000000052e-01
4.984666666666666690e-01
4.974000000000000088e-01
4.975333333333333274e-01
4.977333333333333609e-01
4.960666666666666558e-01
4.960666666666666558e-01
4.944000000000000061e-01
4.968666666666666787e-01
4.911333333333333107e-01
4.964000000000000079e-01
4.994666666666666699e-01
4.965333333333333266e-01
4.946666666666666434e-01
4.974666666666666681e-01
5.002666666666666373e-01
4.972666666666666901e-01
4.979999999999999982e-01
4.968666666666666787e-01
4.999333333333333407e-01
4.993333333333333512e-01
4.988666666666666805e-01
4.984666666666666690e-01
4.994666666666666699e-01
5.033999999999999586e-01
4.937333333333333574e-01
4.991999999999999771e-01
4.943333333333333468e-01
4.948666666666666769e-01
5.008666666666666822e-01
4.985333333333333283e-01
4.957333333333333591e-01
4.991999999999999771e-01
4.989333333333333398e-01
5.046666666666667078e-01
4.989333333333333398e-01
5.018666666666666831e-01
5.029333333333333433e-01
5.053999999999999604e-01
5.036000000000000476e-01
5.026000000000000467e-01
5.001333333333333186e-01
5.023333333333332984e-01
5.032666666666666400e-01
5.006666666666667043e-01
5.031333333333333213e-01
5.014666666666666162e-01
5.007333333333333636e-01
5.000000000000000000e-01
5.035333333333333883e-01
5.006666666666667043e-01
4.988666666666666805e-01
5.008000000000000229e-01
5.002666666666666373e-01
5.039333333333333442e-01
5.067333333333333689e-01
5.013333333333332975e-01
5.007333333333333636e-01
5.042666666666666409e-01
5.017333333333333645e-01
5.015333333333333865e-01
5.003333333333332966e-01
5.026666666666667060e-01
5.026000000000000467e-01
5.048666666666666858e-01
5.040000000000000036e-01
5.034666666666666179e-01
5.054666666666666197e-01
5.034666666666666179e-01
5.022666666666666391e-01
5.048000000000000265e-01
5.055333333333332790e-01
5.067333333333333689e-01
5.033333333333332993e-01
5.054666666666666197e-01
5.040666666666666629e-01
5.078000000000000291e-01
5.040000000000000036e-01
5.055333333333332790e-01
5.050666666666666638e-01
5.042666666666666409e-01
5.062666666666666426e-01
5.091333333333333266e-01
5.067333333333333689e-01
5.045333333333332781e-01
5.054666666666666197e-01
5.059333333333333460e-01
5.081999999999999851e-01
5.079333333333333478e-01
5.051333333333333231e-01
5.083999999999999631e-01
5.089333333333333487e-01
5.037333333333333663e-01
5.056000000000000494e-01
5.068666666666666876e-01
5.086666666666667114e-01
5.094666666666666233e-01
5.105333333333332835e-01
5.080000000000000071e-01
5.075333333333332808e-01
5.100000000000000089e-01
5.063999999999999613e-01
5.091333333333333266e-01
5.103999999999999648e-01
5.073333333333333028e-01
5.092666666666666453e-01
5.090666666666666673e-01
5.060000000000000053e-01
5.084666666666666224e-01
5.088000000000000300e-01
5.096000000000000529e-01
5.083999999999999631e-01
5.110000000000000098e-01
5.158000000000000362e-01
5.078000000000000291e-01
5.078666666666666885e-01
5.076666666666667105e-01
5.094666666666666233e-01
5.092666666666666453e-01
5.093333333333333046e-01
5.105333333333332835e-01
5.101333333333333275e-01
5.088000000000000300e-01
5.093999999999999639e-01
5.135999999999999455e-01
5.084666666666666224e-01
5.105333333333332835e-01
5.091999999999999860e-01
5.091333333333333266e-01
5.091333333333333266e-01
5.073999999999999622e-01
5.090000000000000080e-01
5.075333333333332808e-01
5.107333333333333725e-01
5.055333333333332790e-01
5.128000000000000336e-01
5.114666666666666250e-01
5.082666666666666444e-01
5.125999999999999446e-01
5.123333333333333073e-01
5.117333333333333734e-01
5.165333333333332888e-01
5.148000000000000353e-01
5.125999999999999446e-01
5.117333333333333734e-01
5.142666666666666497e-01
5.099333333333333496e-01
5.127333333333333742e-01
5.117333333333333734e-01
5.095333333333332826e-01
5.130666666666666709e-01
5.123333333333333073e-01
5.138000000000000345e-01
5.112666666666666471e-01
5.123999999999999666e-01
5.132666666666666488e-01
5.156666666666667176e-01
5.133333333333333082e-01
5.151333333333333320e-01
5.127333333333333742e-01
5.123333333333333073e-01
5.157333333333333769e-01
5.112666666666666471e-01
5.123333333333333073e-01
5.145333333333332870e-01
5.135999999999999455e-01
5.152666666666666506e-01
5.129333333333333522e-01
5.125999999999999446e-01
5.128000000000000336e-01
5.134666666666666268e-01
5.155999999999999472e-01
5.140000000000000124e-01
5.108666666666666911e-01
5.132666666666666488e-01
5.151333333333333320e-01
5.151999999999999913e-01
5.163999999999999702e-01
5.175999999999999490e-01
5.143333333333333091e-01
5.165333333333332888e-01
5.145333333333332870e-01
5.171999999999999931e-01
5.158000000000000362e-01
5.148666666666666947e-01
5.193999999999999728e-01
5.173333333333333117e-01
5.151999999999999913e-01
5.159333333333333549e-01
5.178000000000000380e-01
5.160000000000000142e-01
5.169333333333333558e-01
5.168666666666666965e-01
5.168666666666666965e-01
5.155999999999999472e-01
5.139333333333333531e-01
5.170000000000000151e-01
5.167333333333333778e-01
5.184666666666666313e-01
5.195333333333332915e-01
5.209333333333333593e-01
5.211999999999999966e-01
5.170666666666666744e-01
5.178000000000000380e-01
5.181333333333333346e-01
5.150000000000000133e-01
5.173333333333333117e-01
5.139333333333333531e-01
5.138666666666666938e-01
5.169333333333333558e-01
5.180666666666666753e-01
5.162666666666666515e-01
5.218666666666667009e-01
5.204666666666666330e-01
5.188000000000000389e-01
5.194666666666666321e-01
5.201333333333333364e-01
5.192666666666666542e-01
5.172666666666666524e-01
5.149333333333333540e-01
5.192666666666666542e-01
5.203333333333333144e-01
5.205333333333332924e-01
5.192666666666666542e-01
5.191333333333333355e-01
5.163999999999999702e-01
5.188666666666666982e-01
5.203999999999999737e-01
5.200000000000000178e-01
5.170000000000000151e-01
5.193999999999999728e-01
5.233999999999999764e-01
5.217333333333333822e-01
5.183333333333333126e-01
5.198000000000000398e-01
5.210000000000000187e-01
5.215333333333332932e-01
5.211333333333333373e-01
5.138000000000000345e-01
5.260666666666666824e-01
5.218000000000000416e-01
5.215333333333332932e-01
5.221999999999999975e-01
5.180000000000000160e-01
5.221999999999999975e-01
5.231999999999999984e-01
5.225999999999999535e-01
5.195333333333332915e-01
5.217333333333333822e-01
5.238666666666667027e-01
5.206666666666667220e-01
5.195999999999999508e-01
5.249333333333333629e-01
5.194666666666666321e-01
5.206666666666667220e-01
5.246666666666666146e-01
5.240000000000000213e-01
5.185333333333332906e-01
5.224666666666666348e-01
5.272000000000000020e-01
5.236666666666666137e-01
5.233999999999999764e-01
5.177333333333333787e-01
5.238666666666667027e-01
5.227333333333333831e-01
5.220666666666666789e-01
5.248000000000000442e-01
5.228000000000000425e-01
5.234666666666666357e-01
5.225999999999999535e-01
5.237333333333333840e-01
5.212666666666666559e-01
5.225999999999999535e-01
5.225333333333332941e-01
5.265999999999999570e-01
5.269333333333333647e-01
5.240000000000000213e-01
5.249333333333333629e-01
5.231333333333333391e-01
5.228666666666667018e-01
5.227333333333333831e-01
5.226666666666666128e-01
5.215999999999999526e-01
5.242666666666666586e-01
5.264666666666666384e-01
5.253333333333333188e-01
5.253333333333333188e-01
5.218000000000000416e-01
5.240000000000000213e-01
5.245333333333332959e-01
5.247333333333333849e-01
5.268666666666667053e-01
5.190000000000000169e-01
5.239333333333333620e-01
5.252000000000000002e-01
5.243999999999999773e-01
5.251333333333333409e-01
5.265999999999999570e-01
5.245333333333332959e-01
5.260666666666666824e-01
5.233333333333333171e-01
5.285999999999999588e-01
5.252000000000000002e-01
5.252000000000000002e-01
5.272000000000000020e-01
5.240000000000000213e-01
5.248666666666667036e-01
5.228000000000000425e-01
5.235999999999999543e-01
5.237333333333333840e-01
5.245333333333332959e-01
5.260666666666666824e-01
5.277333333333333876e-01
5.326666666666666217e-01
5.256666666666666154e-01
5.244666666666666366e-01
5.245333333333332959e-01
5.235333333333332950e-01
5.297333333333332783e-01
5.262000000000000011e-01
5.263999999999999790e-01
5.295999999999999597e-01
5.277333333333333876e-01
5.270000000000000240e-01
5.246666666666666146e-01
5.288000000000000478e-01
5.273333333333333206e-01
5.252000000000000002e-01
5.260000000000000231e-01
5.292666666666666631e-01
5.296666666666666190e-01
5.268666666666667053e-01
5.282666666666666622e-01
5.300666666666666860e-01
5.265999999999999570e-01
5.265999999999999570e-01
5.295999999999999597e-01
5.309333333333333682e-01
5.283999999999999808e-01
5.284666666666666401e-01
5.275333333333332986e-01
5.284666666666666401e-01
5.293999999999999817e-01
5.288000000000000478e-01
5.311333333333333462e-01
5.292666666666666631e-01
5.272666666666666613e-01
5.331333333333333480e-01
5.289333333333333664e-01
5.266666666666666163e-01
5.314666666666666428e-01
5.318000000000000504e-01
5.293999999999999817e-01
5.292666666666666631e-01
5.308000000000000496e-01
5.332000000000000073e-01
5.282000000000000028e-01
5.293333333333333224e-01
5.304666666666666419e-01
5.285999999999999588e-01
5.328000000000000513e-01
5.271333333333333426e-01
5.295999999999999597e-01
5.345999999999999641e-01
5.315333333333333021e-01
5.299333333333333673e-01
5.311333333333333462e-01
5.308000000000000496e-01
5.305999999999999606e-01
5.282666666666666622e-01
5.333333333333333259e-01
5.312666666666666648e-01
5.313333333333333242e-01
5.343333333333333268e-01
5.345333333333333048e-01
5.281333333333333435e-01
5.275333333333332986e-01
5.298666666666667080e-01
5.320000000000000284e-01
5.313999999999999835e-01
5.351333333333333497e-01
5.360666666666666913e-01
5.348000000000000531e-01
5.327333333333332810e-01
5.290666666666666851e-01
5.328000000000000513e-01
5.301333333333333453e-01
5.318666666666667098e-01
5.321333333333333471e-01
5.313333333333333242e-01
