3.997333333333333294e-01
3.977999999999999869e-01
4.013333333333333197e-01
3.998666666666666480e-01
3.989333333333333065e-01
4.016000000000000125e-01
4.007999999999999896e-01
4.012000000000000011e-01
4.033999999999999808e-01
4.008666666666666489e-01
4.032000000000000028e-01
4.075333333333333585e-01
4.060000000000000275e-01
4.041333333333333444e-01
4.090666666666666895e-01
4.035333333333333550e-01
4.069999999999999729e-01
4.117333333333333401e-01
4.099333333333333163e-01
4.086666666666666781e-01
4.103333333333333277e-01
4.079333333333333145e-01
4.120666666666666922e-01
4.105333333333333057e-01
4.113999999999999879e-01
4.136000000000000232e-01
4.102000000000000091e-01
4.133999999999999897e-01
4.162000000000000144e-01
4.157333333333333436e-01
4.160666666666666402e-01
4.158666666666666623e-01
4.160666666666666402e-01
4.140666666666666940e-01
4.206666666666666887e-01
4.199999999999999845e-01
4.242666666666666808e-01
4.213999999999999968e-01
4.175333333333333119e-01
4.183333333333333348e-01
4.218000000000000083e-01
4.178000000000000047e-01
4.218000000000000083e-01
4.212666666666666782e-01
4.234666666666666579e-01
4.239333333333333287e-01
4.254666666666666597e-01
4.241333333333333067e-01
4.259333333333333305e-01
4.252666666666666817e-01
4.259333333333333305e-01
4.244666666666666588e-01
4.243333333333333401e-01
4.294000000000000039e-01
4.268666666666666720e-01
4.278000000000000136e-01
4.249333333333333296e-01
4.311333333333333129e-01
4.314666666666666650e-01
4.296666666666666412e-01
4.341333333333333155e-01
4.344666666666666677e-01
4.321999999999999731e-01
4.308000000000000163e-01
4.337333333333333596e-01
4.338666666666666782e-01
4.365999999999999881e-01
4.316666666666666430e-01
4.324000000000000066e-01
4.334000000000000075e-01
4.353333333333333499e-01
4.366666666666666474e-01
4.334000000000000075e-01
4.352666666666666906e-01
4.339333333333333376e-01
4.305333333333333234e-01
4.376666666666666483e-01
4.356666666666666465e-01
4.307333333333333569e-01
4.345333333333333270e-01
4.370666666666666589e-01
4.375999999999999890e-01
4.365999999999999881e-01
4.376666666666666483e-01
4.421333333333333226e-01
4.380000000000000004e-01
4.400000000000000022e-01
4.394000000000000128e-01
4.424666666666666748e-01
4.411999999999999811e-01
4.338000000000000189e-01
4.421999999999999820e-01
4.412666666666666404e-01
4.417333333333333112e-01
4.455999999999999961e-01
4.420666666666666633e-01
4.410666666666666624e-01
4.451999999999999846e-01
4.438666666666666871e-01
4.447333333333333139e-01
4.437999999999999723e-01
4.451999999999999846e-01
4.459333333333333482e-01
4.423333333333333561e-01
4.470666666666666678e-01
4.435333333333333350e-01
4.465999999999999970e-01
4.486666666666666581e-01
4.445999999999999952e-01
4.467333333333333156e-01
4.487999999999999767e-01
4.489333333333333509e-01
4.480000000000000093e-01
4.499333333333333518e-01
4.479333333333333500e-01
4.524666666666666837e-01
4.491333333333333289e-01
4.507333333333333192e-01
4.525333333333333430e-01
4.505333333333333412e-01
4.527999999999999803e-01
4.528666666666666396e-01
4.545333333333333448e-01
4.510000000000000120e-01
4.527999999999999803e-01
4.511333333333333306e-01
4.526666666666666616e-01
4.541999999999999926e-01
4.549333333333333562e-01
4.544000000000000261e-01
4.517999999999999794e-01
4.541999999999999926e-01
4.553333333333333122e-01
4.548666666666666414e-01
4.556000000000000050e-01
4.547333333333333227e-01
4.562666666666666537e-01
4.531333333333333324e-01
4.590000000000000191e-01
4.551999999999999935e-01
4.581333333333333369e-01
4.531333333333333324e-01
4.547333333333333227e-01
4.613999999999999768e-01
4.619333333333333069e-01
4.575333333333333474e-01
4.611999999999999988e-01
4.566666666666666652e-01
4.567999999999999838e-01
4.623333333333333184e-01
4.532666666666666511e-01
4.575333333333333474e-01
4.630000000000000226e-01
4.617999999999999883e-01
4.613999999999999768e-01
4.642000000000000015e-01
4.637999999999999901e-01
4.665333333333333554e-01
4.611999999999999988e-01
4.610666666666666802e-01
4.648666666666666503e-01
4.597999999999999865e-01
4.588666666666666449e-01
4.653999999999999804e-01
4.621333333333333404e-01
4.621333333333333404e-01
4.578666666666666440e-01
4.643999999999999795e-01
4.620000000000000218e-01
4.653999999999999804e-01
4.673999999999999821e-01
4.654666666666666397e-01
4.669333333333333114e-01
4.678666666666666529e-01
4.666000000000000147e-01
4.662000000000000033e-01
4.673999999999999821e-01
4.663333333333333219e-01
4.652666666666666617e-01
4.649333333333333096e-01
4.668666666666666520e-01
4.665333333333333554e-01
4.652666666666666617e-01
4.682000000000000051e-01
4.652666666666666617e-01
4.672666666666666635e-01
4.688666666666666538e-01
4.670666666666666855e-01
4.680666666666666864e-01
4.714666666666666450e-01
4.702666666666666662e-01
4.707333333333333369e-01
4.683333333333333237e-01
4.656000000000000139e-01
4.693333333333333246e-01
4.728666666666666574e-01
4.709333333333333149e-01
4.730666666666666909e-01
4.728666666666666574e-01
4.683999999999999830e-01
4.699999999999999734e-01
4.722666666666666679e-01
4.720666666666666900e-01
4.677333333333333343e-01
4.747999999999999998e-01
4.705333333333333590e-01
4.736000000000000210e-01
4.732000000000000095e-01
4.700666666666666882e-01
4.700666666666666882e-01
4.717333333333333378e-01
4.769333333333333202e-01
4.727999999999999980e-01
4.736000000000000210e-01
4.729999999999999760e-01
4.733333333333333282e-01
4.752000000000000113e-01
4.713333333333333264e-01
4.741333333333333511e-01
4.766000000000000236e-01
4.752000000000000113e-01
4.726000000000000201e-01
4.793333333333333335e-01
4.754666666666666486e-01
4.752000000000000113e-01
4.745333333333333070e-01
4.752000000000000113e-01
4.775333333333333097e-01
4.777333333333333432e-01
4.796000000000000263e-01
4.741333333333333511e-01
4.752666666666666706e-01
4.761333333333333528e-01
4.758666666666666600e-01
4.762000000000000122e-01
4.778666666666666618e-01
4.829999999999999849e-01
4.807333333333333458e-01
4.795333333333333115e-01
4.805333333333333123e-01
4.808000000000000052e-01
4.809999999999999831e-01
4.793333333333333335e-01
4.808666666666666645e-01
4.801333333333333564e-01
4.808666666666666645e-01
4.802000000000000157e-01
4.817333333333333467e-01
4.793333333333333335e-01
4.775333333333333097e-01
4.769333333333333202e-01
4.822666666666666768e-01
4.812666666666666759e-01
4.823999999999999955e-01
4.803999999999999937e-01
4.819333333333333247e-01
4.850666666666666460e-01
4.820666666666666433e-01
4.820666666666666433e-01
4.828000000000000069e-01
4.827333333333333476e-01
4.848000000000000087e-01
4.832000000000000184e-01
4.853999999999999981e-01
4.857333333333333503e-01
4.849333333333333274e-01
4.851333333333333608e-01
4.862666666666666804e-01
4.880666666666666487e-01
4.847333333333333494e-01
4.852666666666666795e-01
4.813333333333333353e-01
4.871333333333333071e-01
4.815333333333333132e-01
4.842666666666666786e-01
4.835999999999999743e-01
4.872000000000000219e-01
4.839333333333333265e-01
4.846666666666666901e-01
4.900666666666666504e-01
4.836666666666666892e-01
4.860666666666666469e-01
4.863333333333333397e-01
4.879999999999999893e-01
4.846666666666666901e-01
4.901333333333333098e-01
4.881333333333333080e-01
4.874666666666666592e-01
4.902666666666666839e-01
4.868000000000000105e-01
4.868666666666666698e-01
4.849333333333333274e-01
4.877333333333333520e-01
4.908666666666666734e-01
4.884000000000000008e-01
4.892000000000000237e-01
4.845999999999999752e-01
4.904666666666666619e-01
4.872000000000000219e-01
4.859999999999999876e-01
4.928666666666666751e-01
4.898000000000000131e-01
4.879333333333333300e-01
4.899333333333333318e-01
4.920666666666666522e-01
4.871333333333333071e-01
4.902666666666666839e-01
4.958666666666666778e-01
4.928000000000000158e-01
4.905999999999999805e-01
4.939333333333333353e-01
4.920666666666666522e-01
4.928000000000000158e-01
4.919333333333333336e-01
4.914666666666666628e-01
4.923333333333333450e-01
4.913333333333333441e-01
4.911333333333333107e-01
4.941333333333333133e-01
4.892000000000000237e-01
4.932000000000000273e-01
4.916666666666666408e-01
4.915333333333333221e-01
4.924666666666666637e-01
4.922000000000000264e-01
4.969333333333333380e-01
4.921333333333333115e-01
4.925999999999999823e-01
4.945999999999999841e-01
4.917333333333333556e-01
4.955999999999999850e-01
4.966666666666666452e-01
4.912666666666666848e-01
4.930666666666666531e-01
4.948666666666666769e-01
4.910666666666666513e-01
4.968666666666666787e-01
4.971333333333333160e-01
4.925999999999999823e-01
4.919999999999999929e-01
4.929999999999999938e-01
4.970666666666666567e-01
4.962666666666666893e-01
4.969333333333333380e-01
4.973333333333333495e-01
4.959333333333333371e-01
4.957333333333333591e-01
4.938666666666666760e-01
4.959999999999999964e-01
4.906666666666666399e-01
4.959999999999999964e-01
4.985999999999999877e-01
4.961333333333333151e-01
4.944666666666666655e-01
4.969333333333333380e-01
4.994666666666666699e-01
4.970666666666666567e-01
4.969999999999999973e-01
4.959999999999999964e-01
4.996666666666666479e-01
4.989333333333333398e-01
4.981333333333333169e-01
4.977333333333333609e-01
4.991999999999999771e-01
5.030000000000000027e-01
4.928666666666666751e-01
4.986666666666666470e-01
4.935333333333333239e-01
4.941333333333333133e-01
5.003999999999999559e-01
4.979333333333333389e-01
4.950666666666666549e-01
4.984666666666666690e-01
4.980666666666666575e-01
5.041333333333333222e-01
4.981333333333333169e-01
5.008000000000000229e-01
5.021333333333333204e-01
5.048666666666666858e-01
5.031999999999999806e-01
5.025333333333333874e-01
4.995999999999999885e-01
5.016666666666667052e-01
5.021999999999999797e-01
5.005333333333333856e-01
5.023999999999999577e-01
5.006666666666667043e-01
5.000666666666666593e-01
4.993333333333333512e-01
5.029333333333333433e-01
5.001999999999999780e-01
4.988000000000000211e-01
5.003333333333332966e-01
4.999333333333333407e-01
5.027333333333333654e-01
5.063333333333333020e-01
5.011333333333333195e-01
4.995999999999999885e-01
5.035333333333333883e-01
5.008000000000000229e-01
5.009333333333333416e-01
4.994000000000000106e-01
5.023333333333332984e-01
5.021333333333333204e-01
5.041333333333333222e-01
5.039333333333333442e-01
5.028666666666666840e-01
5.048666666666666858e-01
5.033333333333332993e-01
5.020000000000000018e-01
5.046000000000000485e-01
5.049333333333333451e-01
5.064666666666666206e-01
5.029333333333333433e-01
5.052666666666666417e-01
5.033999999999999586e-01
5.073333333333333028e-01
5.043333333333333002e-01
5.051999999999999824e-01
5.045333333333332781e-01
5.040000000000000036e-01
5.057333333333333680e-01
5.085333333333332817e-01
5.061333333333333240e-01
5.041999999999999815e-01
5.050666666666666638e-01
5.054666666666666197e-01
5.081333333333333258e-01
5.072666666666666435e-01
5.050666666666666638e-01
5.080000000000000071e-01
5.084666666666666224e-01
5.029333333333333433e-01
5.052666666666666417e-01
5.065333333333332799e-01
5.087333333333333707e-01
5.092666666666666453e-01
5.102666666666666462e-01
5.069333333333333469e-01
5.069333333333333469e-01
5.094666666666666233e-01
5.056000000000000494e-01
5.081333333333333258e-01
5.100666666666666682e-01
5.066000000000000503e-01
5.088000000000000300e-01
5.079333333333333478e-01
5.052666666666666417e-01
5.072666666666666435e-01
5.081999999999999851e-01
5.091999999999999860e-01
5.078666666666666885e-01
5.101333333333333275e-01
5.150666666666666726e-01
5.077333333333333698e-01
5.076666666666667105e-01
5.070000000000000062e-01
5.088000000000000300e-01
5.090000000000000080e-01
5.087333333333333707e-01
5.095333333333332826e-01
5.096000000000000529e-01
5.083333333333333037e-01
5.088666666666666893e-01
5.135333333333332861e-01
5.077333333333333698e-01
5.098000000000000309e-01
5.087333333333333707e-01
5.090000000000000080e-01
5.088666666666666893e-01
5.071999999999999842e-01
5.087333333333333707e-01
5.071333333333333249e-01
5.099333333333333496e-01
5.053333333333333011e-01
5.124666666666666259e-01
5.110666666666666691e-01
5.073333333333333028e-01
5.121333333333333293e-01
5.121999999999999886e-01
5.110000000000000098e-01
5.162666666666666515e-01
5.140000000000000124e-01
5.118000000000000327e-01
5.109333333333333504e-01
5.138666666666666938e-01
5.089333333333333487e-01
5.123333333333333073e-01
5.111333333333333284e-01
5.090000000000000080e-01
5.118666666666666920e-01
5.118000000000000327e-01
5.126666666666667149e-01
5.106666666666667131e-01
5.117333333333333734e-01
5.121999999999999886e-01
5.153333333333333099e-01
5.127333333333333742e-01
5.143999999999999684e-01
5.121999999999999886e-01
5.116666666666667140e-01
5.150000000000000133e-01
5.106666666666667131e-01
5.125333333333332853e-01
5.138666666666666938e-01
5.128000000000000336e-01
5.142666666666666497e-01
5.123333333333333073e-01
5.117333333333333734e-01
5.121999999999999886e-01
5.135999999999999455e-01
5.151999999999999913e-01
5.137333333333333751e-01
5.101999999999999869e-01
5.123333333333333073e-01
5.146666666666667167e-01
5.150000000000000133e-01
5.165333333333332888e-01
5.168666666666666965e-01
5.139333333333333531e-01
5.162666666666666515e-01
5.140666666666666718e-01
5.161999999999999922e-01
5.155333333333332879e-01
5.150000000000000133e-01
5.190000000000000169e-01
5.166666666666667185e-01
5.143999999999999684e-01
5.151999999999999913e-01
5.169333333333333558e-01
5.151999999999999913e-01
5.161999999999999922e-01
5.158666666666666956e-01
5.166666666666667185e-01
5.150666666666666726e-01
5.135333333333332861e-01
5.158000000000000362e-01
5.167333333333333778e-01
5.182666666666666533e-01
5.191333333333333355e-01
5.204666666666666330e-01
5.207333333333333814e-01
5.167333333333333778e-01
5.168666666666666965e-01
5.175999999999999490e-01
5.146666666666667167e-01
5.169333333333333558e-01
5.133999999999999675e-01
5.133999999999999675e-01
5.160666666666666735e-01
5.174666666666666304e-01
5.158666666666666956e-01
5.211333333333333373e-01
5.199333333333333584e-01
5.185999999999999499e-01
5.192666666666666542e-01
5.200000000000000178e-01
5.188000000000000389e-01
5.168000000000000371e-01
5.140666666666666718e-01
5.190666666666666762e-01
5.195333333333332915e-01
5.200666666666666771e-01
5.187333333333333796e-01
5.184666666666666313e-01
5.159333333333333549e-01
5.184666666666666313e-01
5.195999999999999508e-01
5.195999999999999508e-01
5.165333333333332888e-01
5.189333333333333576e-01
5.238000000000000433e-01
5.211999999999999966e-01
5.183999999999999719e-01
5.191999999999999948e-01
5.205333333333332924e-01
5.210666666666666780e-01
5.208666666666667000e-01
5.130000000000000115e-01
5.258000000000000451e-01
5.215333333333332932e-01
5.215333333333332932e-01
5.218666666666667009e-01
5.175333333333332897e-01
5.217333333333333822e-01
5.228000000000000425e-01
5.221333333333333382e-01
5.190666666666666762e-01
5.211999999999999966e-01
5.238000000000000433e-01
5.204666666666666330e-01
5.191333333333333355e-01
5.243999999999999773e-01
5.193333333333333135e-01
5.195333333333332915e-01
5.242666666666666586e-01
5.232666666666666577e-01
5.185333333333332906e-01
5.213999999999999746e-01
5.269333333333333647e-01
5.228666666666667018e-01
5.231999999999999984e-01
5.173333333333333117e-01
5.234666666666666357e-01
5.215333333333332932e-01
5.211999999999999966e-01
5.244666666666666366e-01
5.222666666666666568e-01
5.229333333333333611e-01
5.222666666666666568e-01
5.232666666666666577e-01
5.206666666666667220e-01
5.221333333333333382e-01
5.219333333333333602e-01
5.259333333333333638e-01
5.265333333333332977e-01
5.233999999999999764e-01
5.243333333333333179e-01
5.223333333333333162e-01
5.223333333333333162e-01
5.223999999999999755e-01
5.225333333333332941e-01
5.209333333333333593e-01
5.238000000000000433e-01
5.263999999999999790e-01
5.254666666666666375e-01
5.255333333333332968e-01
5.214666666666666339e-01
5.233333333333333171e-01
5.240000000000000213e-01
5.238666666666667027e-01
5.263333333333333197e-01
5.184666666666666313e-01
5.236666666666666137e-01
5.245999999999999552e-01
5.237333333333333840e-01
5.243999999999999773e-01
5.258000000000000451e-01
5.237333333333333840e-01
5.252666666666666595e-01
5.222666666666666568e-01
5.282666666666666622e-01
5.242666666666666586e-01
5.250666666666666815e-01
5.265999999999999570e-01
5.233999999999999764e-01
5.245999999999999552e-01
5.221999999999999975e-01
5.232666666666666577e-01
5.229333333333333611e-01
5.240000000000000213e-01
5.255333333333332968e-01
5.269333333333333647e-01
5.313999999999999835e-01
5.250666666666666815e-01
5.237333333333333840e-01
5.238000000000000433e-01
5.230666666666666798e-01
5.288666666666667071e-01
5.255333333333332968e-01
5.259333333333333638e-01
5.294666666666666410e-01
5.275999999999999579e-01
5.267333333333333867e-01
5.245999999999999552e-01
5.283333333333333215e-01
5.269333333333333647e-01
5.250000000000000222e-01
5.257333333333333858e-01
5.288000000000000478e-01
5.288666666666667071e-01
5.264666666666666384e-01
5.283999999999999808e-01
5.295333333333333004e-01
5.259333333333333638e-01
5.265333333333332977e-01
5.292000000000000037e-01
5.303999999999999826e-01
5.283333333333333215e-01
5.276666666666666172e-01
5.267333333333333867e-01
5.281333333333333435e-01
5.289333333333333664e-01
5.282000000000000028e-01
5.303333333333333233e-01
5.294666666666666410e-01
5.263999999999999790e-01
5.328000000000000513e-01
5.279333333333333655e-01
5.251333333333333409e-01
5.311333333333333462e-01
5.314666666666666428e-01
5.289333333333333664e-01
5.285999999999999588e-01
5.302666666666666639e-01
5.328000000000000513e-01
5.280666666666666842e-01
5.288000000000000478e-01
5.303333333333333233e-01
5.282666666666666622e-01
5.320666666666666877e-01
5.270666666666666833e-01
5.305333333333333012e-01
5.345999999999999641e-01
5.308666666666667089e-01
5.294666666666666410e-01
5.310000000000000275e-01
5.302666666666666639e-01
5.300000000000000266e-01
5.272000000000000020e-01
5.326666666666666217e-01
5.308666666666667089e-01
5.309333333333333682e-01
5.331333333333333480e-01
5.342666666666666675e-01
5.278666666666667062e-01
5.271333333333333426e-01
5.293999999999999817e-01
5.320000000000000284e-01
5.307333333333332792e-01
5.346666666666666234e-01
5.354666666666666464e-01
5.338666666666667115e-01
5.329333333333333700e-01
5.283999999999999808e-01
5.322666666666666657e-01
5.295333333333333004e-01
5.318000000000000504e-01
5.318000000000000504e-01
5.308666666666667089e-01
