4.067999999999999949e-01
4.037333333333333329e-01
4.075333333333333585e-01
4.056666666666666754e-01
4.053333333333333233e-01
4.077333333333333365e-01
4.072000000000000064e-01
4.079999999999999738e-01
4.105333333333333057e-01
4.064666666666666428e-01
4.083999999999999853e-01
4.133333333333333304e-01
4.117333333333333401e-01
4.093999999999999861e-01
4.139333333333333198e-01
4.087999999999999967e-01
4.120666666666666922e-01
4.168000000000000038e-01
4.147333333333333427e-01
4.143333333333333313e-01
4.156666666666666843e-01
4.133999999999999897e-01
4.165333333333333110e-01
4.148666666666666614e-01
4.161333333333333551e-01
4.184666666666666535e-01
4.149333333333333207e-01
4.177333333333333454e-01
4.198000000000000065e-01
4.206666666666666887e-01
4.204666666666666552e-01
4.187333333333333463e-01
4.203333333333333366e-01
4.185333333333333128e-01
4.241333333333333067e-01
4.243999999999999995e-01
4.280666666666666509e-01
4.260666666666666491e-01
4.207333333333333480e-01
4.225333333333333163e-01
4.258000000000000118e-01
4.215999999999999748e-01
4.264666666666666606e-01
4.250666666666666482e-01
4.279333333333333322e-01
4.275333333333333208e-01
4.295999999999999819e-01
4.280666666666666509e-01
4.293333333333333446e-01
4.299999999999999933e-01
4.293333333333333446e-01
4.285333333333333217e-01
4.279333333333333322e-01
4.327333333333333587e-01
4.301333333333333120e-01
4.308000000000000163e-01
4.282666666666666844e-01
4.328666666666666774e-01
4.345999999999999863e-01
4.325333333333333252e-01
4.374000000000000110e-01
4.374666666666666703e-01
4.354000000000000092e-01
4.337333333333333596e-01
4.364000000000000101e-01
4.363333333333333508e-01
4.397333333333333094e-01
4.346666666666666456e-01
4.361333333333333173e-01
4.361333333333333173e-01
4.368666666666666809e-01
4.394000000000000128e-01
4.361333333333333173e-01
4.374666666666666703e-01
4.363333333333333508e-01
4.337333333333333596e-01
4.400666666666666615e-01
4.373333333333333517e-01
4.324666666666666659e-01
4.376666666666666483e-01
4.394666666666666721e-01
4.401333333333333209e-01
4.393333333333333535e-01
4.398000000000000242e-01
4.438666666666666871e-01
4.408000000000000251e-01
4.420666666666666633e-01
4.419333333333333447e-01
4.443333333333333579e-01
4.431999999999999829e-01
4.361999999999999766e-01
4.446666666666666545e-01
4.430666666666666642e-01
4.447333333333333139e-01
4.474666666666666792e-01
4.447333333333333139e-01
4.440666666666666651e-01
4.471999999999999864e-01
4.458666666666666889e-01
4.467333333333333156e-01
4.457333333333333147e-01
4.474666666666666792e-01
4.484666666666666801e-01
4.442666666666666431e-01
4.488666666666666916e-01
4.461333333333333262e-01
4.491333333333333289e-01
4.509333333333333527e-01
4.469333333333333491e-01
4.488666666666666916e-01
4.511333333333333306e-01
4.514666666666666828e-01
4.506666666666666599e-01
4.515333333333333421e-01
4.498666666666666925e-01
4.541999999999999926e-01
4.506000000000000005e-01
4.526000000000000023e-01
4.543333333333333113e-01
4.521999999999999909e-01
4.551999999999999935e-01
4.551999999999999935e-01
4.568666666666666432e-01
4.530000000000000138e-01
4.545333333333333448e-01
4.528666666666666396e-01
4.546666666666666634e-01
4.564666666666666872e-01
4.569333333333333580e-01
4.565333333333333465e-01
4.537999999999999812e-01
4.561999999999999944e-01
4.571999999999999953e-01
4.573333333333333139e-01
4.573999999999999733e-01
4.563999999999999724e-01
4.578666666666666440e-01
4.555333333333333456e-01
4.606000000000000094e-01
4.567999999999999838e-01
4.600000000000000200e-01
4.547999999999999821e-01
4.567333333333333245e-01
4.634666666666666934e-01
4.630666666666666820e-01
4.594666666666666899e-01
4.622666666666666591e-01
4.580666666666666775e-01
4.583999999999999742e-01
4.639333333333333087e-01
4.561333333333333351e-01
4.593999999999999750e-01
4.644666666666666943e-01
4.632000000000000006e-01
4.628666666666666485e-01
4.657333333333333325e-01
4.654666666666666397e-01
4.679333333333333123e-01
4.631333333333333413e-01
4.628666666666666485e-01
4.665333333333333554e-01
4.614666666666666917e-01
4.607333333333333281e-01
4.672000000000000042e-01
4.632000000000000006e-01
4.633333333333333193e-01
4.595333333333333492e-01
4.657999999999999918e-01
4.636666666666666714e-01
4.680000000000000271e-01
4.686666666666666758e-01
4.667333333333333334e-01
4.680666666666666864e-01
4.681333333333333457e-01
4.673333333333333228e-01
4.676666666666666750e-01
4.684666666666666424e-01
4.676666666666666750e-01
4.663333333333333219e-01
4.667999999999999927e-01
4.688666666666666538e-01
4.678666666666666529e-01
4.666666666666666741e-01
4.693999999999999839e-01
4.668666666666666520e-01
4.683333333333333237e-01
4.708666666666666556e-01
4.684666666666666424e-01
4.686000000000000165e-01
4.730666666666666909e-01
4.722666666666666679e-01
4.722000000000000086e-01
4.704666666666666441e-01
4.673333333333333228e-01
4.707999999999999963e-01
4.736000000000000210e-01
4.724666666666666459e-01
4.742000000000000104e-01
4.739999999999999769e-01
4.696000000000000174e-01
4.714666666666666450e-01
4.732666666666666688e-01
4.734666666666666468e-01
4.689333333333333131e-01
4.759333333333333194e-01
4.712000000000000077e-01
4.749333333333333185e-01
4.738666666666666583e-01
4.719333333333333158e-01
4.716000000000000192e-01
4.731333333333333502e-01
4.787333333333333441e-01
4.739999999999999769e-01
4.747333333333333405e-01
4.741333333333333511e-01
4.746000000000000218e-01
4.762000000000000122e-01
4.724666666666666459e-01
4.762000000000000122e-01
4.782666666666666733e-01
4.760666666666666935e-01
4.733999999999999875e-01
4.805333333333333123e-01
4.764666666666666495e-01
4.763999999999999901e-01
4.754666666666666486e-01
4.768666666666666609e-01
4.779999999999999805e-01
4.789999999999999813e-01
4.808000000000000052e-01
4.756000000000000227e-01
4.759333333333333194e-01
4.776000000000000245e-01
4.769333333333333202e-01
4.772000000000000131e-01
4.795333333333333115e-01
4.839333333333333265e-01
4.822000000000000175e-01
4.810666666666666424e-01
4.813999999999999946e-01
4.820666666666666433e-01
4.821333333333333582e-01
4.804666666666666530e-01
4.816666666666666874e-01
4.819333333333333247e-01
4.823999999999999955e-01
4.814666666666666539e-01
4.832666666666666777e-01
4.807333333333333458e-01
4.787333333333333441e-01
4.782666666666666733e-01
4.831333333333333591e-01
4.818666666666666654e-01
4.830666666666666442e-01
4.813999999999999946e-01
4.832666666666666777e-01
4.861333333333333062e-01
4.828666666666666663e-01
4.833333333333333370e-01
4.839999999999999858e-01
4.838666666666666671e-01
4.855333333333333168e-01
4.839999999999999858e-01
4.865999999999999770e-01
4.868000000000000105e-01
4.855999999999999761e-01
4.868666666666666698e-01
4.879999999999999893e-01
4.892000000000000237e-01
4.859333333333333282e-01
4.868000000000000105e-01
4.822000000000000175e-01
4.878000000000000114e-01
4.827333333333333476e-01
4.856666666666666909e-01
4.844666666666666566e-01
4.879333333333333300e-01
4.851333333333333608e-01
4.858666666666666689e-01
4.915333333333333221e-01
4.847333333333333494e-01
4.875333333333333186e-01
4.878666666666666707e-01
4.892666666666666830e-01
4.852666666666666795e-01
4.912666666666666848e-01
4.891333333333333089e-01
4.883333333333333415e-01
4.919333333333333336e-01
4.878666666666666707e-01
4.878666666666666707e-01
4.863999999999999990e-01
4.890666666666666496e-01
4.922666666666666857e-01
4.895333333333333203e-01
4.901333333333333098e-01
4.855333333333333168e-01
4.922000000000000264e-01
4.880666666666666487e-01
4.869999999999999885e-01
4.941999999999999726e-01
4.911333333333333107e-01
4.892000000000000237e-01
4.908666666666666734e-01
4.928000000000000158e-01
4.878000000000000114e-01
4.916666666666666408e-01
4.967333333333333600e-01
4.935999999999999832e-01
4.914666666666666628e-01
4.941999999999999726e-01
4.930666666666666531e-01
4.933333333333333459e-01
4.926666666666666416e-01
4.921333333333333115e-01
4.931333333333333124e-01
4.916666666666666408e-01
4.917333333333333556e-01
4.945999999999999841e-01
4.901333333333333098e-01
4.939999999999999947e-01
4.929999999999999938e-01
4.929333333333333345e-01
4.929333333333333345e-01
4.934666666666666646e-01
4.977333333333333609e-01
4.924666666666666637e-01
4.933333333333333459e-01
4.957333333333333591e-01
4.924666666666666637e-01
4.969999999999999973e-01
4.971999999999999753e-01
4.918666666666666742e-01
4.939333333333333353e-01
4.955999999999999850e-01
4.919333333333333336e-01
4.978666666666666796e-01
4.981333333333333169e-01
4.939333333333333353e-01
4.935333333333333239e-01
4.935999999999999832e-01
4.991333333333333178e-01
4.974000000000000088e-01
4.979999999999999982e-01
4.976666666666666461e-01
4.964000000000000079e-01
4.965999999999999859e-01
4.944666666666666655e-01
4.971999999999999753e-01
4.914000000000000035e-01
4.968000000000000194e-01
4.998666666666666814e-01
4.968000000000000194e-01
4.949999999999999956e-01
4.975333333333333274e-01
5.005333333333333856e-01
4.975333333333333274e-01
4.978666666666666796e-01
4.966666666666666452e-01
5.001333333333333186e-01
4.995999999999999885e-01
4.988000000000000211e-01
4.984000000000000097e-01
4.999333333333333407e-01
5.036666666666667069e-01
4.938666666666666760e-01
4.999333333333333407e-01
4.944000000000000061e-01
4.948000000000000176e-01
5.010000000000000009e-01
4.988000000000000211e-01
4.964000000000000079e-01
4.994666666666666699e-01
4.989999999999999991e-01
5.048000000000000265e-01
4.990666666666666584e-01
5.021333333333333204e-01
5.028666666666666840e-01
5.056000000000000494e-01
5.038000000000000256e-01
5.031333333333333213e-01
5.004666666666666153e-01
5.026666666666667060e-01
5.036666666666667069e-01
5.006000000000000449e-01
5.032666666666666400e-01
5.016000000000000458e-01
5.010000000000000009e-01
5.000666666666666593e-01
5.038666666666666849e-01
5.008666666666666822e-01
4.991999999999999771e-01
5.010666666666666602e-01
5.007333333333333636e-01
5.040666666666666629e-01
5.070000000000000062e-01
5.010666666666666602e-01
5.005333333333333856e-01
5.041333333333333222e-01
5.015333333333333865e-01
5.014666666666666162e-01
5.003333333333332966e-01
5.026666666666667060e-01
5.031999999999999806e-01
5.048666666666666858e-01
5.043333333333333002e-01
5.031999999999999806e-01
5.056000000000000494e-01
5.034666666666666179e-01
5.021999999999999797e-01
5.050666666666666638e-01
5.058666666666666867e-01
5.070000000000000062e-01
5.036666666666667069e-01
5.058000000000000274e-01
5.041333333333333222e-01
5.080666666666666664e-01
5.041333333333333222e-01
5.059333333333333460e-01
5.053333333333333011e-01
5.042666666666666409e-01
5.063333333333333020e-01
5.095333333333332826e-01
5.068000000000000282e-01
5.049333333333333451e-01
5.055333333333332790e-01
5.064666666666666206e-01
5.090000000000000080e-01
5.081333333333333258e-01
5.053999999999999604e-01
5.087333333333333707e-01
5.091333333333333266e-01
5.036666666666667069e-01
5.056666666666667087e-01
5.070666666666666655e-01
5.086666666666667114e-01
5.098000000000000309e-01
5.110666666666666691e-01
5.078000000000000291e-01
5.076666666666667105e-01
5.101333333333333275e-01
5.066000000000000503e-01
5.088666666666666893e-01
5.110000000000000098e-01
5.076000000000000512e-01
5.092666666666666453e-01
5.090000000000000080e-01
5.063999999999999613e-01
5.086666666666667114e-01
5.090000000000000080e-01
5.098666666666666902e-01
5.084666666666666224e-01
5.111999999999999877e-01
5.160666666666666735e-01
5.081999999999999851e-01
5.080666666666666664e-01
5.078666666666666885e-01
5.094666666666666233e-01
5.095333333333332826e-01
5.095333333333332826e-01
5.110000000000000098e-01
5.100666666666666682e-01
5.087333333333333707e-01
5.097333333333333716e-01
5.138000000000000345e-01
5.086000000000000520e-01
5.105333333333332835e-01
5.092666666666666453e-01
5.093999999999999639e-01
5.092666666666666453e-01
5.076666666666667105e-01
5.092666666666666453e-01
5.081333333333333258e-01
5.103999999999999648e-01
5.053999999999999604e-01
5.130666666666666709e-01
5.117333333333333734e-01
5.081999999999999851e-01
5.125999999999999446e-01
5.122666666666666480e-01
5.120000000000000107e-01
5.170000000000000151e-01
5.151333333333333320e-01
5.128000000000000336e-01
5.120000000000000107e-01
5.144666666666666277e-01
5.097333333333333716e-01
5.128666666666666929e-01
5.119333333333333513e-01
5.099333333333333496e-01
5.134666666666666268e-01
5.128000000000000336e-01
5.141333333333333311e-01
5.113333333333333064e-01
5.125999999999999446e-01
5.131999999999999895e-01
5.160000000000000142e-01
5.133999999999999675e-01
5.152666666666666506e-01
5.129333333333333522e-01
5.123333333333333073e-01
5.157333333333333769e-01
5.113333333333333064e-01
5.127333333333333742e-01
5.147333333333333760e-01
5.137333333333333751e-01
5.151999999999999913e-01
5.128666666666666929e-01
5.129333333333333522e-01
5.130666666666666709e-01
5.137333333333333751e-01
5.159333333333333549e-01
5.141333333333333311e-01
5.111999999999999877e-01
5.133999999999999675e-01
5.149333333333333540e-01
5.151333333333333320e-01
5.167333333333333778e-01
5.181333333333333346e-01
5.144666666666666277e-01
5.167333333333333778e-01
5.142666666666666497e-01
5.172666666666666524e-01
5.162666666666666515e-01
5.150666666666666726e-01
5.196666666666667211e-01
5.180000000000000160e-01
5.155333333333332879e-01
5.163333333333333108e-01
5.180000000000000160e-01
5.160666666666666735e-01
5.171333333333333337e-01
5.168000000000000371e-01
5.170000000000000151e-01
5.159333333333333549e-01
5.141333333333333311e-01
5.168666666666666965e-01
5.168000000000000371e-01
5.188000000000000389e-01
5.198000000000000398e-01
5.206666666666667220e-01
5.213999999999999746e-01
5.171999999999999931e-01
5.178000000000000380e-01
5.181999999999999940e-01
5.153333333333333099e-01
5.172666666666666524e-01
5.147333333333333760e-01
5.138000000000000345e-01
5.171999999999999931e-01
5.180666666666666753e-01
5.162666666666666515e-01
5.221999999999999975e-01
5.204666666666666330e-01
5.187333333333333796e-01
5.196666666666667211e-01
5.205333333333332924e-01
5.196666666666667211e-01
5.173333333333333117e-01
5.153333333333333099e-01
5.200666666666666771e-01
5.209333333333333593e-01
5.207333333333333814e-01
5.191333333333333355e-01
5.190666666666666762e-01
5.163999999999999702e-01
5.190666666666666762e-01
5.205333333333332924e-01
5.201999999999999957e-01
5.172666666666666524e-01
5.195999999999999508e-01
5.238666666666667027e-01
5.218000000000000416e-01
5.183999999999999719e-01
5.198666666666666991e-01
5.210000000000000187e-01
5.215999999999999526e-01
5.210000000000000187e-01
5.135999999999999455e-01
5.262666666666666604e-01
5.221999999999999975e-01
5.220000000000000195e-01
5.222666666666666568e-01
5.181999999999999940e-01
5.224666666666666348e-01
5.233999999999999764e-01
5.231333333333333391e-01
5.198000000000000398e-01
5.217333333333333822e-01
5.240666666666666806e-01
5.211333333333333373e-01
5.196666666666667211e-01
5.252666666666666595e-01
5.198666666666666991e-01
5.208666666666667000e-01
5.245999999999999552e-01
5.240666666666666806e-01
5.186666666666667203e-01
5.226666666666666128e-01
5.270000000000000240e-01
5.239333333333333620e-01
5.235333333333332950e-01
5.176666666666667194e-01
5.240666666666666806e-01
5.228000000000000425e-01
5.221999999999999975e-01
5.247333333333333849e-01
5.231999999999999984e-01
5.234666666666666357e-01
5.229333333333333611e-01
5.239333333333333620e-01
5.215333333333332932e-01
5.229333333333333611e-01
5.226666666666666128e-01
5.268000000000000460e-01
5.270666666666666833e-01
5.239333333333333620e-01
5.250000000000000222e-01
5.230000000000000204e-01
5.230666666666666798e-01
5.228000000000000425e-01
5.223999999999999755e-01
5.216666666666666119e-01
5.245999999999999552e-01
5.264666666666666384e-01
5.258000000000000451e-01
5.256666666666666154e-01
5.218000000000000416e-01
5.242666666666666586e-01
5.251333333333333409e-01
5.248666666666667036e-01
5.268666666666667053e-01
5.190666666666666762e-01
5.241999999999999993e-01
5.254666666666666375e-01
5.249333333333333629e-01
5.251333333333333409e-01
5.264666666666666384e-01
5.246666666666666146e-01
5.258666666666667044e-01
5.235333333333332950e-01
5.289333333333333664e-01
5.252666666666666595e-01
5.255999999999999561e-01
5.274666666666666393e-01
5.243333333333333179e-01
5.249333333333333629e-01
5.228000000000000425e-01
5.240666666666666806e-01
5.235333333333332950e-01
5.250666666666666815e-01
5.262000000000000011e-01
5.278666666666667062e-01
5.327333333333332810e-01
5.260000000000000231e-01
5.247333333333333849e-01
5.245999999999999552e-01
5.240000000000000213e-01
5.298000000000000487e-01
5.262000000000000011e-01
5.264666666666666384e-01
5.301333333333333453e-01
5.279333333333333655e-01
5.271333333333333426e-01
5.248000000000000442e-01
5.288666666666667071e-01
5.272666666666666613e-01
5.248666666666667036e-01
5.263333333333333197e-01
5.296666666666666190e-01
5.298666666666667080e-01
5.272000000000000020e-01
5.285999999999999588e-01
5.299333333333333673e-01
5.265333333333332977e-01
5.269333333333333647e-01
5.297333333333332783e-01
5.311333333333333462e-01
5.286666666666666181e-01
5.286666666666666181e-01
5.274666666666666393e-01
5.287333333333333885e-01
5.294666666666666410e-01
5.288000000000000478e-01
5.313333333333333242e-01
5.295333333333333004e-01
5.270666666666666833e-01
5.330000000000000293e-01
5.293999999999999817e-01
5.269333333333333647e-01
5.316666666666666208e-01
5.320666666666666877e-01
5.295333333333333004e-01
5.293333333333333224e-01
5.308666666666667089e-01
5.333999999999999853e-01
5.278000000000000469e-01
5.291333333333333444e-01
5.306666666666666199e-01
5.288666666666667071e-01
5.327333333333332810e-01
5.272000000000000020e-01
5.298000000000000487e-01
5.348666666666667124e-01
5.317333333333332801e-01
5.300000000000000266e-01
5.313999999999999835e-01
5.312666666666666648e-01
5.308000000000000496e-01
5.283333333333333215e-01
5.335333333333333039e-01
5.316666666666666208e-01
5.315999999999999615e-01
5.343999999999999861e-01
5.345333333333333048e-01
5.282000000000000028e-01
5.275999999999999579e-01
5.297333333333332783e-01
5.323999999999999844e-01
5.314666666666666428e-01
5.352000000000000091e-01
5.360666666666666913e-01
5.349333333333333718e-01
5.333999999999999853e-01
5.292666666666666631e-01
5.331333333333333480e-01
5.303333333333333233e-01
5.323999999999999844e-01
5.325999999999999623e-01
5.313999999999999835e-01
