4.139333333333333198e-01
4.106000000000000205e-01
4.138666666666666605e-01
4.124666666666666481e-01
4.132000000000000117e-01
4.137333333333333418e-01
4.142000000000000126e-01
4.144666666666666499e-01
4.177333333333333454e-01
4.132000000000000117e-01
4.141333333333333533e-01
4.189999999999999836e-01
4.178666666666666640e-01
4.168666666666666631e-01
4.196666666666666878e-01
4.162000000000000144e-01
4.172666666666666746e-01
4.213999999999999968e-01
4.202666666666666773e-01
4.198000000000000065e-01
4.217333333333333489e-01
4.183333333333333348e-01
4.233999999999999986e-01
4.189999999999999836e-01
4.212000000000000188e-01
4.230666666666666464e-01
4.203333333333333366e-01
4.231333333333333058e-01
4.249333333333333296e-01
4.264000000000000012e-01
4.259333333333333305e-01
4.238000000000000100e-01
4.260666666666666491e-01
4.223333333333333384e-01
4.288000000000000145e-01
4.292666666666666853e-01
4.321333333333333138e-01
4.301333333333333120e-01
4.262666666666666826e-01
4.270666666666666500e-01
4.304666666666666641e-01
4.259999999999999898e-01
4.311333333333333129e-01
4.296666666666666412e-01
4.318666666666666765e-01
4.314666666666666650e-01
4.346666666666666456e-01
4.328666666666666774e-01
4.332666666666666888e-01
4.336666666666666448e-01
4.334000000000000075e-01
4.327333333333333587e-01
4.326666666666666439e-01
4.364666666666666694e-01
4.344000000000000083e-01
4.346666666666666456e-01
4.324666666666666659e-01
4.369999999999999996e-01
4.385999999999999899e-01
4.359999999999999987e-01
4.398666666666666836e-01
4.404666666666666730e-01
4.384000000000000119e-01
4.376666666666666483e-01
4.405333333333333323e-01
4.392666666666666941e-01
4.430666666666666642e-01
4.371999999999999775e-01
4.389333333333333420e-01
4.387333333333333085e-01
4.400666666666666615e-01
4.424666666666666748e-01
4.395999999999999908e-01
4.404000000000000137e-01
4.404000000000000137e-01
4.368000000000000216e-01
4.432666666666666422e-01
4.409333333333333438e-01
4.370666666666666589e-01
4.414000000000000146e-01
4.428666666666666862e-01
4.431333333333333235e-01
4.413333333333333552e-01
4.430000000000000049e-01
4.470666666666666678e-01
4.440000000000000058e-01
4.454666666666666774e-01
4.445999999999999952e-01
4.478666666666666907e-01
4.461333333333333262e-01
4.398000000000000242e-01
4.474666666666666792e-01
4.460000000000000075e-01
4.476666666666666572e-01
4.506666666666666599e-01
4.480666666666666687e-01
4.468666666666666898e-01
4.494666666666666810e-01
4.479333333333333500e-01
4.497333333333333183e-01
4.486666666666666581e-01
4.497333333333333183e-01
4.514666666666666828e-01
4.470666666666666678e-01
4.514666666666666828e-01
4.494666666666666810e-01
4.511999999999999900e-01
4.538666666666666405e-01
4.497333333333333183e-01
4.525333333333333430e-01
4.542666666666666520e-01
4.544666666666666854e-01
4.534666666666666845e-01
4.544666666666666854e-01
4.522666666666666502e-01
4.574666666666666881e-01
4.540666666666666740e-01
4.553333333333333122e-01
4.560000000000000164e-01
4.548666666666666414e-01
4.578666666666666440e-01
4.577999999999999847e-01
4.587333333333333263e-01
4.554000000000000270e-01
4.573333333333333139e-01
4.550666666666666749e-01
4.567999999999999838e-01
4.580000000000000182e-01
4.594666666666666899e-01
4.587333333333333263e-01
4.573333333333333139e-01
4.590000000000000191e-01
4.591333333333333377e-01
4.603999999999999759e-01
4.593333333333333157e-01
4.588666666666666449e-01
4.598666666666666458e-01
4.577333333333333254e-01
4.627999999999999892e-01
4.586666666666666670e-01
4.622666666666666591e-01
4.568666666666666432e-01
4.585333333333333483e-01
4.653999999999999804e-01
4.654666666666666397e-01
4.622666666666666591e-01
4.644666666666666943e-01
4.593999999999999750e-01
4.605333333333333501e-01
4.663333333333333219e-01
4.591333333333333377e-01
4.608666666666666467e-01
4.663999999999999813e-01
4.652666666666666617e-01
4.656666666666666732e-01
4.676666666666666750e-01
4.675333333333333563e-01
4.691333333333333466e-01
4.644666666666666943e-01
4.653999999999999804e-01
4.682000000000000051e-01
4.627999999999999892e-01
4.626666666666666705e-01
4.693333333333333246e-01
4.654666666666666397e-01
4.653333333333333210e-01
4.617333333333333290e-01
4.676000000000000156e-01
4.647999999999999909e-01
4.689333333333333131e-01
4.713333333333333264e-01
4.696000000000000174e-01
4.692000000000000060e-01
4.709333333333333149e-01
4.687333333333333352e-01
4.702000000000000068e-01
4.707999999999999963e-01
4.695333333333333581e-01
4.689333333333333131e-01
4.685333333333333572e-01
4.708666666666666556e-01
4.691333333333333466e-01
4.685333333333333572e-01
4.708666666666666556e-01
4.684666666666666424e-01
4.696666666666666767e-01
4.724666666666666459e-01
4.701333333333333475e-01
4.703333333333333255e-01
4.741333333333333511e-01
4.744666666666666477e-01
4.739999999999999769e-01
4.718666666666666565e-01
4.692666666666666653e-01
4.727999999999999980e-01
4.753999999999999893e-01
4.740666666666666917e-01
4.753333333333333299e-01
4.757333333333333414e-01
4.725333333333333607e-01
4.733333333333333282e-01
4.745333333333333070e-01
4.746000000000000218e-01
4.706666666666666776e-01
4.780666666666666398e-01
4.726000000000000201e-01
4.766666666666666829e-01
4.752666666666666706e-01
4.739999999999999769e-01
4.732666666666666688e-01
4.744666666666666477e-01
4.801333333333333564e-01
4.762666666666666715e-01
4.764666666666666495e-01
4.761333333333333528e-01
4.766000000000000236e-01
4.781333333333333546e-01
4.752000000000000113e-01
4.777333333333333432e-01
4.798000000000000043e-01
4.773999999999999910e-01
4.753333333333333299e-01
4.824666666666666548e-01
4.778000000000000025e-01
4.782000000000000139e-01
4.768666666666666609e-01
4.793333333333333335e-01
4.802000000000000157e-01
4.814666666666666539e-01
4.826666666666666883e-01
4.769999999999999796e-01
4.782666666666666733e-01
4.790666666666666407e-01
4.788000000000000034e-01
4.794666666666666521e-01
4.808000000000000052e-01
4.852666666666666795e-01
4.833333333333333370e-01
4.825333333333333141e-01
4.824666666666666548e-01
4.835333333333333150e-01
4.834666666666666557e-01
4.819999999999999840e-01
4.829999999999999849e-01
4.839333333333333265e-01
4.832666666666666777e-01
4.833999999999999964e-01
4.841333333333333599e-01
4.823333333333333361e-01
4.802666666666666750e-01
4.801333333333333564e-01
4.848666666666666680e-01
4.832000000000000184e-01
4.851333333333333608e-01
4.823999999999999955e-01
4.844666666666666566e-01
4.875999999999999779e-01
4.851333333333333608e-01
4.846666666666666901e-01
4.854666666666666575e-01
4.851333333333333608e-01
4.870666666666666478e-01
4.860666666666666469e-01
4.869333333333333291e-01
4.884000000000000008e-01
4.870666666666666478e-01
4.882000000000000228e-01
4.894666666666666610e-01
4.898666666666666725e-01
4.869333333333333291e-01
4.881333333333333080e-01
4.828666666666666663e-01
4.889999999999999902e-01
4.846666666666666901e-01
4.868666666666666698e-01
4.854666666666666575e-01
4.888666666666666716e-01
4.864666666666666583e-01
4.871333333333333071e-01
4.923333333333333450e-01
4.859333333333333282e-01
4.884000000000000008e-01
4.894666666666666610e-01
4.901333333333333098e-01
4.863333333333333397e-01
4.922666666666666857e-01
4.905999999999999805e-01
4.898000000000000131e-01
4.929999999999999938e-01
4.894666666666666610e-01
4.894000000000000017e-01
4.882000000000000228e-01
4.907333333333333547e-01
4.931333333333333124e-01
4.912666666666666848e-01
4.907333333333333547e-01
4.866666666666666918e-01
4.938666666666666760e-01
4.898666666666666725e-01
4.880666666666666487e-01
4.961333333333333151e-01
4.919999999999999929e-01
4.899999999999999911e-01
4.915999999999999814e-01
4.942666666666666875e-01
4.891333333333333089e-01
4.927333333333333565e-01
4.975999999999999868e-01
4.939999999999999947e-01
4.927333333333333565e-01
4.951999999999999735e-01
4.944666666666666655e-01
4.941999999999999726e-01
4.938666666666666760e-01
4.938000000000000167e-01
4.945999999999999841e-01
4.929333333333333345e-01
4.932666666666666866e-01
4.961999999999999744e-01
4.913333333333333441e-01
4.952666666666666884e-01
4.946666666666666434e-01
4.938666666666666760e-01
4.935333333333333239e-01
4.948000000000000176e-01
4.985999999999999877e-01
4.936666666666666425e-01
4.943333333333333468e-01
4.968666666666666787e-01
4.934666666666666646e-01
4.979999999999999982e-01
4.983333333333333504e-01
4.929999999999999938e-01
4.948000000000000176e-01
4.969333333333333380e-01
4.930666666666666531e-01
4.989999999999999991e-01
4.984000000000000097e-01
4.948666666666666769e-01
4.944666666666666655e-01
4.941999999999999726e-01
5.003333333333332966e-01
4.983333333333333504e-01
4.996666666666666479e-01
4.993333333333333512e-01
4.975999999999999868e-01
4.976666666666666461e-01
4.953333333333333477e-01
4.985999999999999877e-01
4.925333333333333230e-01
4.975333333333333274e-01
5.011999999999999789e-01
4.978000000000000203e-01
4.964000000000000079e-01
4.979999999999999982e-01
5.016666666666667052e-01
4.986666666666666470e-01
4.988000000000000211e-01
4.979999999999999982e-01
5.016000000000000458e-01
5.009333333333333416e-01
5.008000000000000229e-01
4.994666666666666699e-01
5.010666666666666602e-01
5.050000000000000044e-01
4.949333333333333362e-01
5.008000000000000229e-01
4.968000000000000194e-01
4.960666666666666558e-01
5.020000000000000018e-01
4.998666666666666814e-01
4.975999999999999868e-01
5.006666666666667043e-01
4.994000000000000106e-01
5.053333333333333011e-01
4.998666666666666814e-01
5.032666666666666400e-01
5.036666666666667069e-01
5.063999999999999613e-01
5.045333333333332781e-01
5.040000000000000036e-01
5.010666666666666602e-01
5.033999999999999586e-01
5.042666666666666409e-01
5.013333333333332975e-01
5.045333333333332781e-01
5.026000000000000467e-01
5.021999999999999797e-01
5.012666666666666382e-01
5.051999999999999824e-01
5.019333333333333425e-01
5.008000000000000229e-01
5.024666666666666170e-01
5.016000000000000458e-01
5.056000000000000494e-01
5.078666666666666885e-01
5.023999999999999577e-01
5.018000000000000238e-01
5.053999999999999604e-01
5.023333333333332984e-01
5.021333333333333204e-01
5.013999999999999568e-01
5.030000000000000027e-01
5.038666666666666849e-01
5.051999999999999824e-01
5.048000000000000265e-01
5.037333333333333663e-01
5.065333333333332799e-01
5.041333333333333222e-01
5.033999999999999586e-01
5.063999999999999613e-01
5.064666666666666206e-01
5.088666666666666893e-01
5.044666666666666188e-01
5.061333333333333240e-01
5.053999999999999604e-01
5.096000000000000529e-01
5.053999999999999604e-01
5.070000000000000062e-01
5.064666666666666206e-01
5.056000000000000494e-01
5.070666666666666655e-01
5.104666666666666242e-01
5.076000000000000512e-01
5.051333333333333231e-01
5.064666666666666206e-01
5.077333333333333698e-01
5.094666666666666233e-01
5.085333333333332817e-01
5.060000000000000053e-01
5.093999999999999639e-01
5.096666666666667123e-01
5.050000000000000044e-01
5.066666666666667096e-01
5.082666666666666444e-01
5.098666666666666902e-01
5.102666666666666462e-01
5.120000000000000107e-01
5.082666666666666444e-01
5.088666666666666893e-01
5.108000000000000318e-01
5.070666666666666655e-01
5.100666666666666682e-01
5.113999999999999657e-01
5.080000000000000071e-01
5.103333333333333055e-01
5.093999999999999639e-01
5.076666666666667105e-01
5.097333333333333716e-01
5.103999999999999648e-01
5.109333333333333504e-01
5.092666666666666453e-01
5.118000000000000327e-01
5.168666666666666965e-01
5.091333333333333266e-01
5.090000000000000080e-01
5.083333333333333037e-01
5.103333333333333055e-01
5.098666666666666902e-01
5.105333333333332835e-01
5.113999999999999657e-01
5.113333333333333064e-01
5.098000000000000309e-01
5.106666666666667131e-01
5.150666666666666726e-01
5.093999999999999639e-01
5.111999999999999877e-01
5.099333333333333496e-01
5.103333333333333055e-01
5.104666666666666242e-01
5.082666666666666444e-01
5.102666666666666462e-01
5.086666666666667114e-01
5.114666666666666250e-01
5.061999999999999833e-01
5.139333333333333531e-01
5.126666666666667149e-01
5.090000000000000080e-01
5.135999999999999455e-01
5.135333333333332861e-01
5.125999999999999446e-01
5.178666666666666973e-01
5.163333333333333108e-01
5.138666666666666938e-01
5.130666666666666709e-01
5.150000000000000133e-01
5.113333333333333064e-01
5.137333333333333751e-01
5.131333333333333302e-01
5.110666666666666691e-01
5.148000000000000353e-01
5.141999999999999904e-01
5.153333333333333099e-01
5.121333333333333293e-01
5.132666666666666488e-01
5.142666666666666497e-01
5.172666666666666524e-01
5.145999999999999464e-01
5.159333333333333549e-01
5.137333333333333751e-01
5.128666666666666929e-01
5.168666666666666965e-01
5.121333333333333293e-01
5.136666666666667158e-01
5.154666666666666286e-01
5.145333333333332870e-01
5.158000000000000362e-01
5.135333333333332861e-01
5.132666666666666488e-01
5.133999999999999675e-01
5.149333333333333540e-01
5.170000000000000151e-01
5.146666666666667167e-01
5.120000000000000107e-01
5.143333333333333091e-01
5.160666666666666735e-01
5.161333333333333329e-01
5.171333333333333337e-01
5.189333333333333576e-01
5.157333333333333769e-01
5.177333333333333787e-01
5.159333333333333549e-01
5.183999999999999719e-01
5.171999999999999931e-01
5.164666666666666295e-01
5.203333333333333144e-01
5.187333333333333796e-01
5.163333333333333108e-01
5.171999999999999931e-01
5.189333333333333576e-01
5.162666666666666515e-01
5.180000000000000160e-01
5.173333333333333117e-01
5.181333333333333346e-01
5.160000000000000142e-01
5.141999999999999904e-01
5.180666666666666753e-01
5.180666666666666753e-01
5.195333333333332915e-01
5.205333333333332924e-01
5.211333333333333373e-01
5.224666666666666348e-01
5.179333333333333567e-01
5.189333333333333576e-01
5.197333333333333805e-01
5.161999999999999922e-01
5.177333333333333787e-01
5.153333333333333099e-01
5.147333333333333760e-01
5.180000000000000160e-01
5.189333333333333576e-01
5.166666666666667185e-01
5.233333333333333171e-01
5.213999999999999746e-01
5.199333333333333584e-01
5.210000000000000187e-01
5.216666666666666119e-01
5.210000000000000187e-01
5.190666666666666762e-01
5.161333333333333329e-01
5.205333333333332924e-01
5.218000000000000416e-01
5.213999999999999746e-01
5.195999999999999508e-01
5.198666666666666991e-01
5.176666666666667194e-01
5.195999999999999508e-01
5.211999999999999966e-01
5.201999999999999957e-01
5.184666666666666313e-01
5.201333333333333364e-01
5.245333333333332959e-01
5.228000000000000425e-01
5.192666666666666542e-01
5.205999999999999517e-01
5.215333333333332932e-01
5.227333333333333831e-01
5.221999999999999975e-01
5.144666666666666277e-01
5.273333333333333206e-01
5.233999999999999764e-01
5.227333333333333831e-01
5.226666666666666128e-01
5.194666666666666321e-01
5.231999999999999984e-01
5.238666666666667027e-01
5.233999999999999764e-01
5.205333333333332924e-01
5.225333333333332941e-01
5.249333333333333629e-01
5.213333333333333153e-01
5.210000000000000187e-01
5.257333333333333858e-01
5.208666666666667000e-01
5.213333333333333153e-01
5.258000000000000451e-01
5.246666666666666146e-01
5.193333333333333135e-01
5.235999999999999543e-01
5.279333333333333655e-01
5.246666666666666146e-01
5.252000000000000002e-01
5.183999999999999719e-01
5.250666666666666815e-01
5.233999999999999764e-01
5.228666666666667018e-01
5.260666666666666824e-01
5.237333333333333840e-01
5.240000000000000213e-01
5.240666666666666806e-01
5.244666666666666366e-01
5.222666666666666568e-01
5.235333333333332950e-01
5.230000000000000204e-01
5.273999999999999799e-01
5.278000000000000469e-01
5.248000000000000442e-01
5.255333333333332968e-01
5.233999999999999764e-01
5.238000000000000433e-01
5.238666666666667027e-01
5.234666666666666357e-01
5.226666666666666128e-01
5.253333333333333188e-01
5.279333333333333655e-01
5.272000000000000020e-01
5.264666666666666384e-01
5.228666666666667018e-01
5.255333333333332968e-01
5.259333333333333638e-01
5.263999999999999790e-01
5.278666666666667062e-01
5.200000000000000178e-01
5.252666666666666595e-01
5.263333333333333197e-01
5.252666666666666595e-01
5.262666666666666604e-01
5.278000000000000469e-01
5.253999999999999782e-01
5.269333333333333647e-01
5.241999999999999993e-01
5.298666666666667080e-01
5.260000000000000231e-01
5.260666666666666824e-01
5.282000000000000028e-01
5.251333333333333409e-01
5.260000000000000231e-01
5.234666666666666357e-01
5.246666666666666146e-01
5.243999999999999773e-01
5.256666666666666154e-01
5.270000000000000240e-01
5.285999999999999588e-01
5.331333333333333480e-01
5.265999999999999570e-01
5.255333333333332968e-01
5.248000000000000442e-01
5.247333333333333849e-01
5.300666666666666860e-01
5.272000000000000020e-01
5.274666666666666393e-01
5.309333333333333682e-01
5.286666666666666181e-01
5.277333333333333876e-01
5.253333333333333188e-01
5.297333333333332783e-01
5.282000000000000028e-01
5.259333333333333638e-01
5.272000000000000020e-01
5.302666666666666639e-01
5.305999999999999606e-01
5.282000000000000028e-01
5.298000000000000487e-01
5.311333333333333462e-01
5.273999999999999799e-01
5.277333333333333876e-01
5.303999999999999826e-01
5.319333333333333691e-01
5.288666666666667071e-01
5.295333333333333004e-01
5.287333333333333885e-01
5.298000000000000487e-01
5.302000000000000046e-01
5.299333333333333673e-01
5.318666666666667098e-01
5.303999999999999826e-01
5.275999999999999579e-01
5.341333333333333488e-01
5.301333333333333453e-01
5.273999999999999799e-01
5.318000000000000504e-01
5.328000000000000513e-01
5.305999999999999606e-01
5.303999999999999826e-01
5.318000000000000504e-01
5.345999999999999641e-01
5.290000000000000258e-01
5.305999999999999606e-01
5.312666666666666648e-01
5.298000000000000487e-01
5.339333333333333709e-01
5.279333333333333655e-01
5.305333333333333012e-01
5.356666666666666243e-01
5.325333333333333030e-01
5.309333333333333682e-01
5.323333333333333250e-01
5.321333333333333471e-01
5.316666666666666208e-01
5.294666666666666410e-01
5.344666666666666455e-01
5.325999999999999623e-01
5.320000000000000284e-01
5.345333333333333048e-01
5.345999999999999641e-01
5.292000000000000037e-01
5.290000000000000258e-01
5.306666666666666199e-01
5.328666666666667107e-01
5.318666666666667098e-01
5.356666666666666243e-01
5.369333333333333735e-01
5.362000000000000099e-01
5.338666666666667115e-01
5.297333333333332783e-01
5.335333333333333039e-01
5.305999999999999606e-01
5.330000000000000293e-01
5.329333333333333700e-01
5.327333333333332810e-01
