4.113333333333333286e-01
4.066666666666666763e-01
4.102666666666666684e-01
4.099333333333333163e-01
4.108666666666666578e-01
4.115333333333333066e-01
4.118666666666666587e-01
4.120666666666666922e-01
4.153999999999999915e-01
4.104666666666666464e-01
4.115333333333333066e-01
4.173333333333333339e-01
4.153333333333333321e-01
4.139999999999999791e-01
4.178666666666666640e-01
4.126666666666666816e-01
4.150666666666666393e-01
4.194666666666666544e-01
4.183333333333333348e-01
4.177333333333333454e-01
4.192000000000000171e-01
4.164666666666666517e-01
4.209333333333333260e-01
4.170666666666666411e-01
4.192000000000000171e-01
4.212000000000000188e-01
4.182000000000000162e-01
4.214666666666666561e-01
4.228000000000000091e-01
4.244666666666666588e-01
4.241333333333333067e-01
4.213333333333333375e-01
4.241333333333333067e-01
4.209333333333333260e-01
4.272666666666666835e-01
4.272666666666666835e-01
4.301333333333333120e-01
4.287333333333333552e-01
4.244666666666666588e-01
4.249333333333333296e-01
4.285999999999999810e-01
4.245999999999999774e-01
4.291333333333333111e-01
4.284000000000000030e-01
4.306666666666666421e-01
4.299333333333333340e-01
4.331333333333333147e-01
4.308000000000000163e-01
4.321999999999999731e-01
4.321333333333333138e-01
4.315999999999999837e-01
4.312000000000000277e-01
4.307333333333333569e-01
4.353333333333333499e-01
4.325333333333333252e-01
4.329999999999999960e-01
4.308000000000000163e-01
4.358666666666666800e-01
4.372666666666666924e-01
4.347333333333333605e-01
4.388000000000000234e-01
4.393333333333333535e-01
4.366666666666666474e-01
4.351333333333333164e-01
4.382666666666666933e-01
4.379333333333333411e-01
4.420000000000000040e-01
4.364000000000000101e-01
4.381333333333333191e-01
4.378666666666666818e-01
4.385333333333333306e-01
4.410000000000000031e-01
4.381999999999999784e-01
4.394000000000000128e-01
4.388000000000000234e-01
4.358666666666666800e-01
4.422666666666666413e-01
4.388000000000000234e-01
4.355999999999999872e-01
4.400666666666666615e-01
4.416666666666666519e-01
4.418000000000000260e-01
4.407333333333333103e-01
4.420000000000000040e-01
4.462666666666666448e-01
4.430666666666666642e-01
4.444000000000000172e-01
4.436666666666666536e-01
4.465333333333333377e-01
4.451999999999999846e-01
4.378000000000000225e-01
4.466666666666666563e-01
4.448666666666666880e-01
4.457999999999999741e-01
4.490000000000000102e-01
4.470000000000000084e-01
4.454666666666666774e-01
4.482666666666666466e-01
4.472666666666666457e-01
4.483333333333333059e-01
4.475333333333333385e-01
4.487333333333333174e-01
4.506666666666666599e-01
4.457333333333333147e-01
4.502666666666666484e-01
4.478666666666666907e-01
4.503333333333333077e-01
4.521999999999999909e-01
4.487999999999999767e-01
4.514000000000000234e-01
4.534666666666666845e-01
4.530666666666666731e-01
4.526666666666666616e-01
4.530666666666666731e-01
4.516000000000000014e-01
4.566000000000000059e-01
4.526000000000000023e-01
4.541333333333333333e-01
4.551999999999999935e-01
4.536000000000000032e-01
4.567333333333333245e-01
4.565333333333333465e-01
4.576000000000000068e-01
4.541333333333333333e-01
4.560000000000000164e-01
4.546666666666666634e-01
4.563333333333333131e-01
4.568666666666666432e-01
4.583333333333333148e-01
4.576666666666666661e-01
4.558666666666666423e-01
4.580000000000000182e-01
4.582666666666666555e-01
4.586666666666666670e-01
4.584666666666666890e-01
4.577333333333333254e-01
4.593999999999999750e-01
4.571333333333333360e-01
4.617333333333333290e-01
4.579333333333333589e-01
4.614666666666666917e-01
4.564666666666666872e-01
4.580000000000000182e-01
4.643999999999999795e-01
4.641333333333333422e-01
4.610666666666666802e-01
4.635333333333333528e-01
4.587333333333333263e-01
4.598666666666666458e-01
4.652666666666666617e-01
4.580000000000000182e-01
4.604666666666666908e-01
4.657333333333333325e-01
4.643333333333333202e-01
4.646000000000000130e-01
4.670000000000000262e-01
4.666000000000000147e-01
4.688666666666666538e-01
4.637999999999999901e-01
4.641333333333333422e-01
4.676000000000000156e-01
4.621999999999999997e-01
4.620000000000000218e-01
4.687999999999999945e-01
4.647333333333333316e-01
4.643999999999999795e-01
4.608666666666666467e-01
4.671333333333333449e-01
4.645333333333333536e-01
4.687333333333333352e-01
4.703999999999999848e-01
4.686000000000000165e-01
4.687999999999999945e-01
4.700666666666666882e-01
4.683333333333333237e-01
4.690666666666666873e-01
4.696666666666666767e-01
4.688666666666666538e-01
4.677999999999999936e-01
4.679333333333333123e-01
4.700666666666666882e-01
4.683999999999999830e-01
4.675333333333333563e-01
4.698666666666666547e-01
4.677999999999999936e-01
4.687999999999999945e-01
4.714666666666666450e-01
4.693999999999999839e-01
4.699333333333333140e-01
4.738666666666666583e-01
4.736666666666666803e-01
4.727333333333333387e-01
4.708666666666666556e-01
4.687333333333333352e-01
4.719333333333333158e-01
4.747999999999999998e-01
4.733333333333333282e-01
4.749333333333333185e-01
4.745333333333333070e-01
4.708666666666666556e-01
4.724666666666666459e-01
4.743999999999999884e-01
4.740666666666666917e-01
4.702666666666666662e-01
4.771333333333333537e-01
4.722666666666666679e-01
4.763333333333333308e-01
4.752000000000000113e-01
4.730666666666666909e-01
4.725333333333333607e-01
4.739333333333333176e-01
4.798000000000000043e-01
4.755333333333333079e-01
4.753999999999999893e-01
4.757333333333333414e-01
4.760666666666666935e-01
4.773999999999999910e-01
4.740666666666666917e-01
4.770666666666666944e-01
4.790666666666666407e-01
4.769333333333333202e-01
4.745333333333333070e-01
4.817333333333333467e-01
4.771333333333333537e-01
4.773999999999999910e-01
4.763333333333333308e-01
4.784666666666666512e-01
4.793999999999999928e-01
4.808666666666666645e-01
4.818666666666666654e-01
4.763333333333333308e-01
4.774666666666666504e-01
4.785333333333333106e-01
4.779333333333333211e-01
4.785333333333333106e-01
4.805333333333333123e-01
4.848666666666666680e-01
4.833999999999999964e-01
4.819333333333333247e-01
4.820666666666666433e-01
4.832666666666666777e-01
4.829333333333333256e-01
4.818000000000000060e-01
4.825999999999999734e-01
4.832000000000000184e-01
4.828666666666666663e-01
4.823999999999999955e-01
4.841333333333333599e-01
4.817333333333333467e-01
4.797333333333333449e-01
4.792666666666666742e-01
4.843333333333333379e-01
4.825999999999999734e-01
4.845333333333333159e-01
4.818000000000000060e-01
4.838000000000000078e-01
4.867333333333333512e-01
4.844666666666666566e-01
4.843333333333333379e-01
4.849999999999999867e-01
4.848000000000000087e-01
4.863333333333333397e-01
4.853333333333333388e-01
4.864666666666666583e-01
4.874666666666666592e-01
4.862000000000000210e-01
4.873999999999999999e-01
4.888666666666666716e-01
4.894666666666666610e-01
4.867333333333333512e-01
4.877333333333333520e-01
4.826666666666666883e-01
4.885333333333333194e-01
4.836666666666666892e-01
4.863333333333333397e-01
4.853999999999999981e-01
4.884000000000000008e-01
4.858666666666666689e-01
4.867333333333333512e-01
4.918000000000000149e-01
4.854666666666666575e-01
4.881333333333333080e-01
4.887333333333333529e-01
4.899999999999999911e-01
4.861333333333333062e-01
4.919333333333333336e-01
4.902000000000000246e-01
4.892000000000000237e-01
4.928000000000000158e-01
4.886666666666666936e-01
4.889333333333333309e-01
4.874666666666666592e-01
4.899999999999999911e-01
4.928666666666666751e-01
4.906666666666666399e-01
4.904666666666666619e-01
4.860666666666666469e-01
4.932000000000000273e-01
4.886666666666666936e-01
4.875999999999999779e-01
4.950666666666666549e-01
4.913333333333333441e-01
4.894000000000000017e-01
4.912666666666666848e-01
4.936666666666666425e-01
4.889333333333333309e-01
4.921333333333333115e-01
4.974666666666666681e-01
4.938666666666666760e-01
4.923333333333333450e-01
4.944666666666666655e-01
4.935999999999999832e-01
4.937333333333333574e-01
4.933333333333333459e-01
4.929999999999999938e-01
4.936666666666666425e-01
4.924666666666666637e-01
4.925333333333333230e-01
4.956666666666666443e-01
4.905333333333333212e-01
4.945999999999999841e-01
4.941999999999999726e-01
4.935999999999999832e-01
4.935999999999999832e-01
4.939333333333333353e-01
4.983333333333333504e-01
4.929333333333333345e-01
4.940666666666666540e-01
4.961999999999999744e-01
4.933333333333333459e-01
4.975999999999999868e-01
4.981333333333333169e-01
4.924666666666666637e-01
4.946666666666666434e-01
4.966666666666666452e-01
4.924000000000000044e-01
4.985333333333333283e-01
4.985333333333333283e-01
4.944666666666666655e-01
4.942666666666666875e-01
4.943333333333333468e-01
4.999333333333333407e-01
4.979333333333333389e-01
4.989333333333333398e-01
4.988000000000000211e-01
4.973333333333333495e-01
4.972666666666666901e-01
4.950666666666666549e-01
4.980666666666666575e-01
4.921333333333333115e-01
4.975333333333333274e-01
5.006666666666667043e-01
4.974666666666666681e-01
4.959999999999999964e-01
4.977333333333333609e-01
5.010666666666666602e-01
4.983333333333333504e-01
4.983333333333333504e-01
4.977333333333333609e-01
5.008666666666666822e-01
5.003999999999999559e-01
5.004666666666666153e-01
4.990666666666666584e-01
5.001999999999999780e-01
5.046000000000000485e-01
4.946666666666666434e-01
5.005333333333333856e-01
4.960666666666666558e-01
4.956666666666666443e-01
5.018000000000000238e-01
4.993333333333333512e-01
4.970666666666666567e-01
5.000000000000000000e-01
4.991333333333333178e-01
5.050666666666666638e-01
4.995999999999999885e-01
5.029333333333333433e-01
5.034666666666666179e-01
5.060000000000000053e-01
5.042666666666666409e-01
5.033999999999999586e-01
5.006666666666667043e-01
5.030666666666666620e-01
5.036666666666667069e-01
5.013333333333332975e-01
5.042666666666666409e-01
5.023999999999999577e-01
5.015333333333333865e-01
5.005333333333333856e-01
5.046666666666667078e-01
5.013999999999999568e-01
5.002666666666666373e-01
5.018666666666666831e-01
5.015333333333333865e-01
5.046000000000000485e-01
5.075333333333332808e-01
5.016666666666667052e-01
5.013333333333332975e-01
5.049333333333333451e-01
5.020666666666666611e-01
5.022666666666666391e-01
5.011333333333333195e-01
5.027333333333333654e-01
5.037333333333333663e-01
5.050666666666666638e-01
5.048666666666666858e-01
5.036666666666667069e-01
5.064666666666666206e-01
5.040666666666666629e-01
5.031999999999999806e-01
5.061333333333333240e-01
5.061333333333333240e-01
5.079333333333333478e-01
5.042666666666666409e-01
5.061999999999999833e-01
5.051333333333333231e-01
5.086666666666667114e-01
5.048000000000000265e-01
5.067333333333333689e-01
5.061333333333333240e-01
5.048666666666666858e-01
5.070000000000000062e-01
5.104666666666666242e-01
5.072666666666666435e-01
5.050666666666666638e-01
5.059333333333333460e-01
5.073333333333333028e-01
5.094666666666666233e-01
5.083333333333333037e-01
5.056666666666667087e-01
5.091333333333333266e-01
5.093999999999999639e-01
5.043333333333333002e-01
5.060000000000000053e-01
5.076666666666667105e-01
5.090666666666666673e-01
5.098666666666666902e-01
5.116666666666667140e-01
5.085333333333332817e-01
5.081999999999999851e-01
5.106666666666667131e-01
5.067333333333333689e-01
5.095333333333332826e-01
5.113999999999999657e-01
5.078000000000000291e-01
5.099333333333333496e-01
5.093333333333333046e-01
5.068666666666666876e-01
5.089333333333333487e-01
5.097333333333333716e-01
5.106666666666667131e-01
5.088666666666666893e-01
5.116000000000000547e-01
5.165333333333332888e-01
5.086000000000000520e-01
5.084666666666666224e-01
5.081999999999999851e-01
5.103999999999999648e-01
5.100000000000000089e-01
5.101333333333333275e-01
5.113333333333333064e-01
5.109333333333333504e-01
5.097333333333333716e-01
5.103333333333333055e-01
5.145333333333332870e-01
5.090000000000000080e-01
5.108666666666666911e-01
5.097333333333333716e-01
5.099333333333333496e-01
5.100666666666666682e-01
5.078000000000000291e-01
5.098000000000000309e-01
5.086666666666667114e-01
5.111999999999999877e-01
5.061999999999999833e-01
5.135333333333332861e-01
5.121999999999999886e-01
5.087333333333333707e-01
5.134666666666666268e-01
5.130000000000000115e-01
5.121999999999999886e-01
5.175333333333332897e-01
5.156666666666667176e-01
5.131999999999999895e-01
5.124666666666666259e-01
5.146666666666667167e-01
5.111999999999999877e-01
5.135333333333332861e-01
5.128666666666666929e-01
5.108666666666666911e-01
5.144666666666666277e-01
5.138000000000000345e-01
5.150666666666666726e-01
5.119333333333333513e-01
5.130000000000000115e-01
5.135333333333332861e-01
5.168000000000000371e-01
5.139333333333333531e-01
5.157333333333333769e-01
5.131333333333333302e-01
5.125333333333332853e-01
5.161999999999999922e-01
5.117333333333333734e-01
5.134666666666666268e-01
5.154666666666666286e-01
5.145333333333332870e-01
5.156666666666667176e-01
5.129333333333333522e-01
5.131333333333333302e-01
5.131333333333333302e-01
5.143999999999999684e-01
5.160000000000000142e-01
5.143333333333333091e-01
5.116666666666667140e-01
5.138000000000000345e-01
5.155333333333332879e-01
5.160000000000000142e-01
5.172666666666666524e-01
5.185999999999999499e-01
5.153333333333333099e-01
5.174666666666666304e-01
5.156666666666667176e-01
5.178000000000000380e-01
5.165999999999999481e-01
5.158000000000000362e-01
5.202666666666666551e-01
5.182666666666666533e-01
5.161333333333333329e-01
5.170000000000000151e-01
5.183999999999999719e-01
5.160000000000000142e-01
5.176666666666667194e-01
5.169333333333333558e-01
5.174666666666666304e-01
5.158000000000000362e-01
5.141333333333333311e-01
5.173999999999999710e-01
5.175999999999999490e-01
5.191999999999999948e-01
5.202666666666666551e-01
5.213333333333333153e-01
5.223333333333333162e-01
5.178666666666666973e-01
5.184666666666666313e-01
5.190666666666666762e-01
5.157333333333333769e-01
5.174666666666666304e-01
5.148666666666666947e-01
5.141999999999999904e-01
5.175333333333332897e-01
5.185333333333332906e-01
5.164666666666666295e-01
5.229333333333333611e-01
5.210000000000000187e-01
5.192666666666666542e-01
5.204666666666666330e-01
5.211333333333333373e-01
5.205333333333332924e-01
5.183999999999999719e-01
5.155999999999999472e-01
5.204666666666666330e-01
5.214666666666666339e-01
5.213333333333333153e-01
5.193999999999999728e-01
5.196666666666667211e-01
5.170000000000000151e-01
5.191333333333333355e-01
5.209333333333333593e-01
5.201999999999999957e-01
5.181333333333333346e-01
5.198666666666666991e-01
5.243999999999999773e-01
5.226666666666666128e-01
5.188666666666666982e-01
5.199333333333333584e-01
5.210000000000000187e-01
5.221999999999999975e-01
5.216666666666666119e-01
5.140666666666666718e-01
5.264666666666666384e-01
5.230666666666666798e-01
5.221999999999999975e-01
5.226666666666666128e-01
5.190000000000000169e-01
5.225999999999999535e-01
5.238000000000000433e-01
5.234666666666666357e-01
5.201333333333333364e-01
5.222666666666666568e-01
5.245999999999999552e-01
5.208666666666667000e-01
5.205333333333332924e-01
5.253999999999999782e-01
5.201999999999999957e-01
5.210666666666666780e-01
5.254666666666666375e-01
5.242666666666666586e-01
5.189333333333333576e-01
5.230000000000000204e-01
5.274666666666666393e-01
5.241333333333333400e-01
5.245333333333332959e-01
5.184666666666666313e-01
5.245333333333332959e-01
5.230000000000000204e-01
5.224666666666666348e-01
5.260666666666666824e-01
5.235333333333332950e-01
5.239333333333333620e-01
5.237333333333333840e-01
5.244666666666666366e-01
5.220000000000000195e-01
5.233999999999999764e-01
5.229333333333333611e-01
5.272666666666666613e-01
5.274666666666666393e-01
5.245333333333332959e-01
5.252000000000000002e-01
5.231999999999999984e-01
5.233333333333333171e-01
5.231999999999999984e-01
5.229333333333333611e-01
5.224666666666666348e-01
5.250666666666666815e-01
5.275333333333332986e-01
5.263999999999999790e-01
5.261333333333333417e-01
5.222666666666666568e-01
5.250666666666666815e-01
5.257333333333333858e-01
5.258666666666667044e-01
5.276666666666666172e-01
5.193999999999999728e-01
5.246666666666666146e-01
5.261333333333333417e-01
5.252666666666666595e-01
5.258000000000000451e-01
5.272666666666666613e-01
5.254666666666666375e-01
5.263333333333333197e-01
5.238000000000000433e-01
5.292000000000000037e-01
5.257333333333333858e-01
5.257333333333333858e-01
5.277333333333333876e-01
5.243999999999999773e-01
5.258000000000000451e-01
5.230666666666666798e-01
5.240666666666666806e-01
5.241999999999999993e-01
5.255333333333332968e-01
5.268000000000000460e-01
5.283333333333333215e-01
5.328666666666667107e-01
5.263333333333333197e-01
5.250000000000000222e-01
5.245999999999999552e-01
5.241999999999999993e-01
5.299333333333333673e-01
5.266666666666666163e-01
5.268666666666667053e-01
5.305999999999999606e-01
5.282666666666666622e-01
5.274666666666666393e-01
5.251333333333333409e-01
5.292666666666666631e-01
5.279333333333333655e-01
5.253333333333333188e-01
5.267333333333333867e-01
5.302000000000000046e-01
5.303333333333333233e-01
5.280666666666666842e-01
5.294666666666666410e-01
5.303333333333333233e-01
5.271333333333333426e-01
5.274666666666666393e-01
5.305333333333333012e-01
5.316666666666666208e-01
5.287333333333333885e-01
5.295333333333333004e-01
5.285333333333332995e-01
5.291333333333333444e-01
5.301333333333333453e-01
5.294666666666666410e-01
5.316666666666666208e-01
5.302000000000000046e-01
5.275333333333332986e-01
5.336666666666666226e-01
5.297333333333332783e-01
5.273999999999999799e-01
5.317333333333332801e-01
5.323999999999999844e-01
5.302000000000000046e-01
5.298666666666667080e-01
5.312666666666666648e-01
5.343333333333333268e-01
5.288666666666667071e-01
5.301333333333333453e-01
5.310666666666666869e-01
5.292666666666666631e-01
5.332000000000000073e-01
5.273999999999999799e-01
5.303333333333333233e-01
5.351333333333333497e-01
5.324666666666666437e-01
5.305333333333333012e-01
5.320666666666666877e-01
5.322000000000000064e-01
5.315333333333333021e-01
5.290000000000000258e-01
5.338666666666667115e-01
5.322666666666666657e-01
5.317333333333332801e-01
5.342000000000000082e-01
5.343333333333333268e-01
5.290666666666666851e-01
5.284666666666666401e-01
5.302666666666666639e-01
5.327333333333332810e-01
5.318666666666667098e-01
5.356666666666666243e-01
5.368666666666667142e-01
5.355333333333333057e-01
5.335333333333333039e-01
5.297333333333332783e-01
5.331333333333333480e-01
5.302666666666666639e-01
5.326666666666666217e-01
5.328666666666667107e-01
5.321333333333333471e-01
