4.148000000000000020e-01
4.110666666666666913e-01
4.145333333333333092e-01
4.134666666666666490e-01
4.143333333333333313e-01
4.147333333333333427e-01
4.148000000000000020e-01
4.153999999999999915e-01
4.188000000000000056e-01
4.135333333333333083e-01
4.147333333333333427e-01
4.196666666666666878e-01
4.186000000000000276e-01
4.178000000000000047e-01
4.199333333333333251e-01
4.167333333333333445e-01
4.182000000000000162e-01
4.219333333333333269e-01
4.207333333333333480e-01
4.205333333333333146e-01
4.220666666666666456e-01
4.195333333333333137e-01
4.237333333333333507e-01
4.195333333333333137e-01
4.216666666666666896e-01
4.235333333333333172e-01
4.207333333333333480e-01
4.237333333333333507e-01
4.253333333333333410e-01
4.271333333333333093e-01
4.267333333333333534e-01
4.241333333333333067e-01
4.261333333333333084e-01
4.233333333333333393e-01
4.291333333333333111e-01
4.299999999999999933e-01
4.327333333333333587e-01
4.304000000000000048e-01
4.269333333333333313e-01
4.277333333333333543e-01
4.306666666666666421e-01
4.264000000000000012e-01
4.316666666666666430e-01
4.299333333333333340e-01
4.322666666666666879e-01
4.319999999999999951e-01
4.351333333333333164e-01
4.337333333333333596e-01
4.339333333333333376e-01
4.342666666666666897e-01
4.344000000000000083e-01
4.331333333333333147e-01
4.332666666666666888e-01
4.368666666666666809e-01
4.347333333333333605e-01
4.349333333333333385e-01
4.329999999999999960e-01
4.369333333333333402e-01
4.388000000000000234e-01
4.365999999999999881e-01
4.401333333333333209e-01
4.407333333333333103e-01
4.387333333333333085e-01
4.378666666666666818e-01
4.410666666666666624e-01
4.395333333333333314e-01
4.432666666666666422e-01
4.381333333333333191e-01
4.388666666666666827e-01
4.391333333333333200e-01
4.407333333333333103e-01
4.428000000000000269e-01
4.399333333333333429e-01
4.409333333333333438e-01
4.409333333333333438e-01
4.371333333333333182e-01
4.437999999999999723e-01
4.414000000000000146e-01
4.375999999999999890e-01
4.414000000000000146e-01
4.430666666666666642e-01
4.435999999999999943e-01
4.416666666666666519e-01
4.435333333333333350e-01
4.474666666666666792e-01
4.440000000000000058e-01
4.460000000000000075e-01
4.449333333333333473e-01
4.479333333333333500e-01
4.469333333333333491e-01
4.403333333333333544e-01
4.477333333333333165e-01
4.465999999999999970e-01
4.477333333333333165e-01
4.509333333333333527e-01
4.484000000000000208e-01
4.470666666666666678e-01
4.498666666666666925e-01
4.481333333333333280e-01
4.498666666666666925e-01
4.487333333333333174e-01
4.498666666666666925e-01
4.514000000000000234e-01
4.471333333333333271e-01
4.517999999999999794e-01
4.493333333333333068e-01
4.517999999999999794e-01
4.541333333333333333e-01
4.500666666666666704e-01
4.530666666666666731e-01
4.544666666666666854e-01
4.547999999999999821e-01
4.538666666666666405e-01
4.550666666666666749e-01
4.522666666666666502e-01
4.576000000000000068e-01
4.545333333333333448e-01
4.557999999999999829e-01
4.563333333333333131e-01
4.549333333333333562e-01
4.584666666666666890e-01
4.578666666666666440e-01
4.586666666666666670e-01
4.555333333333333456e-01
4.574666666666666881e-01
4.554000000000000270e-01
4.567999999999999838e-01
4.581333333333333369e-01
4.597999999999999865e-01
4.591999999999999971e-01
4.573999999999999733e-01
4.592666666666666564e-01
4.598666666666666458e-01
4.606666666666666687e-01
4.596666666666666679e-01
4.589333333333333598e-01
4.601333333333333386e-01
4.576000000000000068e-01
4.630000000000000226e-01
4.588666666666666449e-01
4.623999999999999777e-01
4.570000000000000173e-01
4.586000000000000076e-01
4.654666666666666397e-01
4.656000000000000139e-01
4.625333333333333519e-01
4.646666666666666723e-01
4.596000000000000085e-01
4.608666666666666467e-01
4.665333333333333554e-01
4.595333333333333492e-01
4.612666666666666582e-01
4.667333333333333334e-01
4.652666666666666617e-01
4.659333333333333105e-01
4.678666666666666529e-01
4.676000000000000156e-01
4.695333333333333581e-01
4.646000000000000130e-01
4.654666666666666397e-01
4.684666666666666424e-01
4.629333333333333078e-01
4.626666666666666705e-01
4.696000000000000174e-01
4.655333333333333545e-01
4.656666666666666732e-01
4.624666666666666925e-01
4.677999999999999936e-01
4.651333333333333431e-01
4.692666666666666653e-01
4.713333333333333264e-01
4.697999999999999954e-01
4.695333333333333581e-01
4.708666666666666556e-01
4.690666666666666873e-01
4.703333333333333255e-01
4.707999999999999963e-01
4.696000000000000174e-01
4.692000000000000060e-01
4.687333333333333352e-01
4.712666666666666671e-01
4.693999999999999839e-01
4.687333333333333352e-01
4.711333333333333484e-01
4.686666666666666758e-01
4.699999999999999734e-01
4.726666666666666794e-01
4.703999999999999848e-01
4.699999999999999734e-01
4.743333333333333290e-01
4.743999999999999884e-01
4.745333333333333070e-01
4.722000000000000086e-01
4.696000000000000174e-01
4.729333333333333167e-01
4.755333333333333079e-01
4.742000000000000104e-01
4.758000000000000007e-01
4.759333333333333194e-01
4.729333333333333167e-01
4.735333333333333061e-01
4.747999999999999998e-01
4.749333333333333185e-01
4.711333333333333484e-01
4.779333333333333211e-01
4.728666666666666574e-01
4.769333333333333202e-01
4.753333333333333299e-01
4.743333333333333290e-01
4.733333333333333282e-01
4.746666666666666812e-01
4.801333333333333564e-01
4.761333333333333528e-01
4.766000000000000236e-01
4.764666666666666495e-01
4.768666666666666609e-01
4.780666666666666398e-01
4.751333333333333520e-01
4.782000000000000139e-01
4.801333333333333564e-01
4.776666666666666838e-01
4.754666666666666486e-01
4.823999999999999955e-01
4.776666666666666838e-01
4.784666666666666512e-01
4.772000000000000131e-01
4.793333333333333335e-01
4.803333333333333344e-01
4.818000000000000060e-01
4.828000000000000069e-01
4.769999999999999796e-01
4.786666666666666847e-01
4.796000000000000263e-01
4.793333333333333335e-01
4.795333333333333115e-01
4.809333333333333238e-01
4.852000000000000202e-01
4.835999999999999743e-01
4.823999999999999955e-01
4.825999999999999734e-01
4.839333333333333265e-01
4.839999999999999858e-01
4.820666666666666433e-01
4.829333333333333256e-01
4.839333333333333265e-01
4.835999999999999743e-01
4.838000000000000078e-01
4.841333333333333599e-01
4.825333333333333141e-01
4.806666666666666865e-01
4.800666666666666416e-01
4.848666666666666680e-01
4.832000000000000184e-01
4.853999999999999981e-01
4.825999999999999734e-01
4.843999999999999972e-01
4.876666666666666927e-01
4.852000000000000202e-01
4.847333333333333494e-01
4.855999999999999761e-01
4.853999999999999981e-01
4.870666666666666478e-01
4.863333333333333397e-01
4.870666666666666478e-01
4.884666666666666601e-01
4.874666666666666592e-01
4.884000000000000008e-01
4.896666666666666390e-01
4.899999999999999911e-01
4.872666666666666813e-01
4.884666666666666601e-01
4.831333333333333591e-01
4.891333333333333089e-01
4.845999999999999752e-01
4.870666666666666478e-01
4.853999999999999981e-01
4.890666666666666496e-01
4.865333333333333177e-01
4.875333333333333186e-01
4.925333333333333230e-01
4.863333333333333397e-01
4.881333333333333080e-01
4.895999999999999797e-01
4.903333333333333433e-01
4.863333333333333397e-01
4.921333333333333115e-01
4.909333333333333327e-01
4.899999999999999911e-01
4.931333333333333124e-01
4.896666666666666390e-01
4.895999999999999797e-01
4.884666666666666601e-01
4.905999999999999805e-01
4.933333333333333459e-01
4.916666666666666408e-01
4.909999999999999920e-01
4.866666666666666918e-01
4.939999999999999947e-01
4.898000000000000131e-01
4.882666666666666822e-01
4.960666666666666558e-01
4.922000000000000264e-01
4.899999999999999911e-01
4.916666666666666408e-01
4.944666666666666655e-01
4.894666666666666610e-01
4.928000000000000158e-01
4.978000000000000203e-01
4.940666666666666540e-01
4.926666666666666416e-01
4.956666666666666443e-01
4.944000000000000061e-01
4.942666666666666875e-01
4.938666666666666760e-01
4.938000000000000167e-01
4.945999999999999841e-01
4.932666666666666866e-01
4.934666666666666646e-01
4.963333333333333486e-01
4.914666666666666628e-01
4.953333333333333477e-01
4.948666666666666769e-01
4.938000000000000167e-01
4.934666666666666646e-01
4.947333333333333583e-01
4.986666666666666470e-01
4.936666666666666425e-01
4.945999999999999841e-01
4.971333333333333160e-01
4.937333333333333574e-01
4.979333333333333389e-01
4.983333333333333504e-01
4.931333333333333124e-01
4.950666666666666549e-01
4.971999999999999753e-01
4.932666666666666866e-01
4.987333333333333063e-01
4.985999999999999877e-01
4.949999999999999956e-01
4.946666666666666434e-01
4.944000000000000061e-01
5.003999999999999559e-01
4.985333333333333283e-01
4.995333333333333292e-01
4.992666666666666919e-01
4.974666666666666681e-01
4.977333333333333609e-01
4.954000000000000070e-01
4.985999999999999877e-01
4.927333333333333565e-01
4.975999999999999868e-01
5.012666666666666382e-01
4.979333333333333389e-01
4.968000000000000194e-01
4.983333333333333504e-01
5.017333333333333645e-01
4.988666666666666805e-01
4.991333333333333178e-01
4.979999999999999982e-01
5.016000000000000458e-01
5.008666666666666822e-01
5.008666666666666822e-01
4.995333333333333292e-01
5.012666666666666382e-01
5.049333333333333451e-01
4.949333333333333362e-01
5.011333333333333195e-01
4.968666666666666787e-01
4.964000000000000079e-01
5.022666666666666391e-01
4.999333333333333407e-01
4.976666666666666461e-01
5.007333333333333636e-01
4.994666666666666699e-01
5.054666666666666197e-01
5.001333333333333186e-01
5.033333333333332993e-01
5.034666666666666179e-01
5.063999999999999613e-01
5.048000000000000265e-01
5.041999999999999815e-01
5.009333333333333416e-01
5.035333333333333883e-01
5.044666666666666188e-01
5.014666666666666162e-01
5.047333333333333671e-01
5.024666666666666170e-01
5.024666666666666170e-01
5.015333333333333865e-01
5.051333333333333231e-01
5.021333333333333204e-01
5.007333333333333636e-01
5.025333333333333874e-01
5.016000000000000458e-01
5.056666666666667087e-01
5.079333333333333478e-01
5.025333333333333874e-01
5.018666666666666831e-01
5.056000000000000494e-01
5.024666666666666170e-01
5.022666666666666391e-01
5.012666666666666382e-01
5.037333333333333663e-01
5.041333333333333222e-01
5.051333333333333231e-01
5.048666666666666858e-01
5.041333333333333222e-01
5.066666666666667096e-01
5.042666666666666409e-01
5.031999999999999806e-01
5.067333333333333689e-01
5.063333333333333020e-01
5.088000000000000300e-01
5.045333333333332781e-01
5.063999999999999613e-01
5.053999999999999604e-01
5.096000000000000529e-01
5.055333333333332790e-01
5.071333333333333249e-01
5.064666666666666206e-01
5.054666666666666197e-01
5.072666666666666435e-01
5.105333333333332835e-01
5.076666666666667105e-01
5.053333333333333011e-01
5.066666666666667096e-01
5.078666666666666885e-01
5.096000000000000529e-01
5.086000000000000520e-01
5.061999999999999833e-01
5.093999999999999639e-01
5.097333333333333716e-01
5.052666666666666417e-01
5.069333333333333469e-01
5.085333333333332817e-01
5.101999999999999869e-01
5.103333333333333055e-01
5.120000000000000107e-01
5.082666666666666444e-01
5.090000000000000080e-01
5.111333333333333284e-01
5.071333333333333249e-01
5.101333333333333275e-01
5.116666666666667140e-01
5.083999999999999631e-01
5.102666666666666462e-01
5.093999999999999639e-01
5.076666666666667105e-01
5.097333333333333716e-01
5.104666666666666242e-01
5.110666666666666691e-01
5.093333333333333046e-01
5.119333333333333513e-01
5.167333333333333778e-01
5.095333333333332826e-01
5.090000000000000080e-01
5.084666666666666224e-01
5.106000000000000538e-01
5.101999999999999869e-01
5.110000000000000098e-01
5.113999999999999657e-01
5.113999999999999657e-01
5.100000000000000089e-01
5.108000000000000318e-01
5.150000000000000133e-01
5.098666666666666902e-01
5.114666666666666250e-01
5.099333333333333496e-01
5.103999999999999648e-01
5.104666666666666242e-01
5.085333333333332817e-01
5.101999999999999869e-01
5.090000000000000080e-01
5.115333333333332844e-01
5.062666666666666426e-01
5.140666666666666718e-01
5.128666666666666929e-01
5.090666666666666673e-01
5.133999999999999675e-01
5.135333333333332861e-01
5.127333333333333742e-01
5.178000000000000380e-01
5.162666666666666515e-01
5.139333333333333531e-01
5.133999999999999675e-01
5.150000000000000133e-01
5.110666666666666691e-01
5.138000000000000345e-01
5.131333333333333302e-01
5.111999999999999877e-01
5.147333333333333760e-01
5.143333333333333091e-01
5.154666666666666286e-01
5.118666666666666920e-01
5.132666666666666488e-01
5.143333333333333091e-01
5.175999999999999490e-01
5.147333333333333760e-01
5.160666666666666735e-01
5.137333333333333751e-01
5.131999999999999895e-01
5.170666666666666744e-01
5.125333333333332853e-01
5.138666666666666938e-01
5.158000000000000362e-01
5.145333333333332870e-01
5.156666666666667176e-01
5.133999999999999675e-01
5.133999999999999675e-01
5.138666666666666938e-01
5.149333333333333540e-01
5.169333333333333558e-01
5.148666666666666947e-01
5.120000000000000107e-01
5.142666666666666497e-01
5.160000000000000142e-01
5.160666666666666735e-01
5.171333333333333337e-01
5.190666666666666762e-01
5.157333333333333769e-01
5.179333333333333567e-01
5.160000000000000142e-01
5.184666666666666313e-01
5.175333333333332897e-01
5.165333333333332888e-01
5.203999999999999737e-01
5.188000000000000389e-01
5.165333333333332888e-01
5.172666666666666524e-01
5.190000000000000169e-01
5.163999999999999702e-01
5.178000000000000380e-01
5.173333333333333117e-01
5.180666666666666753e-01
5.161333333333333329e-01
5.140666666666666718e-01
5.181999999999999940e-01
5.180000000000000160e-01
5.195999999999999508e-01
5.205999999999999517e-01
5.213999999999999746e-01
5.225999999999999535e-01
5.184666666666666313e-01
5.190000000000000169e-01
5.197333333333333805e-01
5.161999999999999922e-01
5.179333333333333567e-01
5.153999999999999693e-01
5.147333333333333760e-01
5.181333333333333346e-01
5.191333333333333355e-01
5.169333333333333558e-01
5.233999999999999764e-01
5.218000000000000416e-01
5.200000000000000178e-01
5.208000000000000407e-01
5.215999999999999526e-01
5.211333333333333373e-01
5.191999999999999948e-01
5.163999999999999702e-01
5.206666666666667220e-01
5.218000000000000416e-01
5.216666666666666119e-01
5.195333333333332915e-01
5.200666666666666771e-01
5.175999999999999490e-01
5.196666666666667211e-01
5.213333333333333153e-01
5.203333333333333144e-01
5.185999999999999499e-01
5.204666666666666330e-01
5.245999999999999552e-01
5.229333333333333611e-01
5.190000000000000169e-01
5.210000000000000187e-01
5.216666666666666119e-01
5.226666666666666128e-01
5.223999999999999755e-01
5.146666666666667167e-01
5.275999999999999579e-01
5.234666666666666357e-01
5.226666666666666128e-01
5.229333333333333611e-01
5.196666666666667211e-01
5.233333333333333171e-01
5.239333333333333620e-01
5.235999999999999543e-01
5.205999999999999517e-01
5.226666666666666128e-01
5.250000000000000222e-01
5.212666666666666559e-01
5.211999999999999966e-01
5.257333333333333858e-01
5.210666666666666780e-01
5.212666666666666559e-01
5.258000000000000451e-01
5.245999999999999552e-01
5.193999999999999728e-01
5.234666666666666357e-01
5.280666666666666842e-01
5.246666666666666146e-01
5.252666666666666595e-01
5.183999999999999719e-01
5.253333333333333188e-01
5.235333333333332950e-01
5.228666666666667018e-01
5.259333333333333638e-01
5.234666666666666357e-01
5.241333333333333400e-01
5.240000000000000213e-01
5.245333333333332959e-01
5.223999999999999755e-01
5.237333333333333840e-01
5.231333333333333391e-01
5.273999999999999799e-01
5.277333333333333876e-01
5.246666666666666146e-01
5.257333333333333858e-01
5.235999999999999543e-01
5.235333333333332950e-01
5.237333333333333840e-01
5.236666666666666137e-01
5.225999999999999535e-01
5.253999999999999782e-01
5.278000000000000469e-01
5.270666666666666833e-01
5.262000000000000011e-01
5.230000000000000204e-01
5.258000000000000451e-01
5.262666666666666604e-01
5.265333333333332977e-01
5.280000000000000249e-01
5.200666666666666771e-01
5.253333333333333188e-01
5.264666666666666384e-01
5.252000000000000002e-01
5.260666666666666824e-01
5.278666666666667062e-01
5.258000000000000451e-01
5.268666666666667053e-01
5.241999999999999993e-01
5.298000000000000487e-01
5.263333333333333197e-01
5.263333333333333197e-01
5.282666666666666622e-01
5.253999999999999782e-01
5.260000000000000231e-01
5.235999999999999543e-01
5.248000000000000442e-01
5.245999999999999552e-01
5.257333333333333858e-01
5.271333333333333426e-01
5.286666666666666181e-01
5.332000000000000073e-01
5.269333333333333647e-01
5.256666666666666154e-01
5.248666666666667036e-01
5.249333333333333629e-01
5.301333333333333453e-01
5.272666666666666613e-01
5.277333333333333876e-01
5.308000000000000496e-01
5.290666666666666851e-01
5.278000000000000469e-01
5.255999999999999561e-01
5.296666666666666190e-01
5.282666666666666622e-01
5.259333333333333638e-01
5.273999999999999799e-01
5.301333333333333453e-01
5.306666666666666199e-01
5.282000000000000028e-01
5.300000000000000266e-01
5.310666666666666869e-01
5.273999999999999799e-01
5.278000000000000469e-01
5.303333333333333233e-01
5.322000000000000064e-01
5.288000000000000478e-01
5.297333333333332783e-01
5.290000000000000258e-01
5.300666666666666860e-01
5.302000000000000046e-01
5.298666666666667080e-01
5.319333333333333691e-01
5.305999999999999606e-01
5.277333333333333876e-01
5.341333333333333488e-01
5.296666666666666190e-01
5.274666666666666393e-01
5.319333333333333691e-01
5.329333333333333700e-01
5.305333333333333012e-01
5.303999999999999826e-01
5.318000000000000504e-01
5.345999999999999641e-01
5.289333333333333664e-01
5.307333333333332792e-01
5.313999999999999835e-01
5.298000000000000487e-01
5.340666666666666895e-01
5.280666666666666842e-01
5.303999999999999826e-01
5.358000000000000540e-01
5.326666666666666217e-01
5.310666666666666869e-01
5.322666666666666657e-01
5.320666666666666877e-01
5.318000000000000504e-01
5.292000000000000037e-01
5.348000000000000531e-01
5.324666666666666437e-01
5.323333333333333250e-01
5.345333333333333048e-01
5.348000000000000531e-01
5.292666666666666631e-01
5.291333333333333444e-01
5.306666666666666199e-01
5.330000000000000293e-01
5.320666666666666877e-01
5.358000000000000540e-01
5.368666666666667142e-01
5.363333333333333286e-01
5.337333333333332819e-01
5.298000000000000487e-01
5.336666666666666226e-01
5.308000000000000496e-01
5.329333333333333700e-01
5.330000000000000293e-01
5.328666666666667107e-01
