4.092666666666666675e-01
4.057333333333333347e-01
4.089333333333333154e-01
4.072666666666666657e-01
4.078666666666666551e-01
4.096666666666666790e-01
4.092666666666666675e-01
4.097333333333333383e-01
4.135333333333333083e-01
4.083333333333333259e-01
4.095333333333333603e-01
4.153999999999999915e-01
4.133333333333333304e-01
4.117333333333333401e-01
4.161333333333333551e-01
4.113333333333333286e-01
4.138000000000000012e-01
4.179999999999999827e-01
4.165333333333333110e-01
4.158666666666666623e-01
4.178000000000000047e-01
4.149999999999999800e-01
4.192666666666666764e-01
4.161333333333333551e-01
4.175333333333333119e-01
4.201333333333333586e-01
4.168000000000000038e-01
4.195333333333333137e-01
4.215999999999999748e-01
4.225999999999999757e-01
4.222666666666666790e-01
4.198666666666666658e-01
4.223333333333333384e-01
4.198666666666666658e-01
4.262666666666666826e-01
4.256666666666666932e-01
4.290666666666666518e-01
4.274000000000000021e-01
4.228000000000000091e-01
4.242666666666666808e-01
4.270666666666666500e-01
4.230666666666666464e-01
4.278000000000000136e-01
4.269333333333333313e-01
4.292666666666666853e-01
4.285333333333333217e-01
4.312000000000000277e-01
4.295999999999999819e-01
4.309333333333333349e-01
4.311333333333333129e-01
4.307333333333333569e-01
4.296666666666666412e-01
4.293333333333333446e-01
4.339333333333333376e-01
4.314666666666666650e-01
4.318666666666666765e-01
4.296666666666666412e-01
4.348666666666666791e-01
4.362666666666666915e-01
4.334666666666666668e-01
4.371999999999999775e-01
4.381333333333333191e-01
4.361333333333333173e-01
4.347333333333333605e-01
4.374000000000000110e-01
4.371999999999999775e-01
4.407333333333333103e-01
4.358666666666666800e-01
4.374666666666666703e-01
4.371999999999999775e-01
4.377333333333333076e-01
4.398666666666666836e-01
4.371999999999999775e-01
4.386666666666666492e-01
4.378666666666666818e-01
4.349999999999999978e-01
4.412666666666666404e-01
4.381333333333333191e-01
4.343333333333333490e-01
4.387333333333333085e-01
4.406666666666666510e-01
4.410000000000000031e-01
4.400000000000000022e-01
4.408666666666666845e-01
4.454666666666666774e-01
4.416666666666666519e-01
4.435333333333333350e-01
4.423333333333333561e-01
4.457333333333333147e-01
4.441999999999999837e-01
4.372666666666666924e-01
4.453333333333333588e-01
4.436666666666666536e-01
4.450000000000000067e-01
4.481999999999999873e-01
4.459333333333333482e-01
4.444666666666666766e-01
4.478666666666666907e-01
4.464000000000000190e-01
4.472666666666666457e-01
4.470000000000000084e-01
4.479333333333333500e-01
4.495333333333333403e-01
4.450666666666666660e-01
4.497999999999999776e-01
4.467999999999999750e-01
4.498666666666666925e-01
4.515333333333333421e-01
4.478666666666666907e-01
4.498666666666666925e-01
4.520666666666666722e-01
4.522666666666666502e-01
4.514000000000000234e-01
4.525333333333333430e-01
4.510000000000000120e-01
4.557333333333333236e-01
4.520000000000000129e-01
4.533333333333333104e-01
4.546666666666666634e-01
4.528666666666666396e-01
4.554666666666666863e-01
4.551999999999999935e-01
4.568666666666666432e-01
4.536000000000000032e-01
4.553333333333333122e-01
4.537333333333333218e-01
4.554000000000000270e-01
4.568666666666666432e-01
4.576000000000000068e-01
4.570000000000000173e-01
4.547999999999999821e-01
4.573999999999999733e-01
4.577999999999999847e-01
4.576000000000000068e-01
4.579333333333333589e-01
4.569333333333333580e-01
4.586000000000000076e-01
4.565333333333333465e-01
4.612666666666666582e-01
4.573999999999999733e-01
4.609333333333333060e-01
4.558666666666666423e-01
4.573333333333333139e-01
4.640666666666666829e-01
4.634666666666666934e-01
4.603333333333333166e-01
4.629333333333333078e-01
4.584666666666666890e-01
4.591333333333333377e-01
4.645333333333333536e-01
4.572666666666666546e-01
4.595333333333333492e-01
4.651333333333333431e-01
4.639333333333333087e-01
4.637333333333333307e-01
4.666666666666666741e-01
4.660000000000000253e-01
4.687333333333333352e-01
4.633333333333333193e-01
4.633333333333333193e-01
4.671333333333333449e-01
4.616666666666666696e-01
4.616000000000000103e-01
4.681333333333333457e-01
4.638666666666666494e-01
4.637333333333333307e-01
4.600666666666666793e-01
4.661333333333333440e-01
4.639333333333333087e-01
4.685333333333333572e-01
4.695333333333333581e-01
4.680000000000000271e-01
4.682666666666666644e-01
4.695333333333333581e-01
4.678666666666666529e-01
4.683999999999999830e-01
4.690666666666666873e-01
4.684666666666666424e-01
4.673333333333333228e-01
4.675333333333333563e-01
4.696000000000000174e-01
4.680000000000000271e-01
4.670000000000000262e-01
4.694666666666666432e-01
4.672000000000000042e-01
4.684666666666666424e-01
4.712000000000000077e-01
4.687333333333333352e-01
4.687999999999999945e-01
4.735333333333333061e-01
4.729999999999999760e-01
4.725333333333333607e-01
4.708666666666666556e-01
4.682000000000000051e-01
4.713333333333333264e-01
4.739999999999999769e-01
4.730666666666666909e-01
4.747333333333333405e-01
4.745333333333333070e-01
4.702666666666666662e-01
4.721333333333333493e-01
4.740666666666666917e-01
4.737999999999999989e-01
4.697333333333333361e-01
4.765333333333333088e-01
4.716666666666666785e-01
4.757333333333333414e-01
4.746666666666666812e-01
4.727333333333333387e-01
4.719999999999999751e-01
4.735333333333333061e-01
4.788666666666666627e-01
4.747333333333333405e-01
4.751333333333333520e-01
4.747999999999999998e-01
4.750666666666666926e-01
4.769333333333333202e-01
4.732666666666666688e-01
4.766000000000000236e-01
4.786000000000000254e-01
4.767333333333333423e-01
4.736666666666666803e-01
4.814666666666666539e-01
4.767333333333333423e-01
4.772000000000000131e-01
4.758000000000000007e-01
4.776000000000000245e-01
4.786666666666666847e-01
4.799333333333333229e-01
4.813999999999999946e-01
4.759333333333333194e-01
4.768666666666666609e-01
4.782000000000000139e-01
4.778000000000000025e-01
4.779333333333333211e-01
4.803333333333333344e-01
4.842666666666666786e-01
4.828666666666666663e-01
4.813999999999999946e-01
4.818000000000000060e-01
4.827333333333333476e-01
4.825999999999999734e-01
4.805333333333333123e-01
4.818666666666666654e-01
4.827333333333333476e-01
4.825999999999999734e-01
4.820666666666666433e-01
4.833999999999999964e-01
4.809999999999999831e-01
4.793999999999999928e-01
4.784666666666666512e-01
4.834666666666666557e-01
4.821333333333333582e-01
4.839999999999999858e-01
4.816666666666666874e-01
4.838666666666666671e-01
4.863999999999999990e-01
4.836666666666666892e-01
4.840666666666666451e-01
4.843999999999999972e-01
4.843999999999999972e-01
4.861333333333333062e-01
4.849333333333333274e-01
4.867333333333333512e-01
4.875333333333333186e-01
4.859999999999999876e-01
4.875333333333333186e-01
4.885333333333333194e-01
4.894666666666666610e-01
4.865999999999999770e-01
4.872000000000000219e-01
4.825333333333333141e-01
4.884000000000000008e-01
4.833999999999999964e-01
4.858666666666666689e-01
4.849999999999999867e-01
4.883333333333333415e-01
4.857333333333333503e-01
4.862666666666666804e-01
4.915333333333333221e-01
4.852000000000000202e-01
4.874666666666666592e-01
4.882666666666666822e-01
4.898000000000000131e-01
4.855999999999999761e-01
4.915333333333333221e-01
4.895333333333333203e-01
4.888000000000000123e-01
4.922000000000000264e-01
4.883333333333333415e-01
4.885999999999999788e-01
4.870666666666666478e-01
4.893333333333333424e-01
4.925333333333333230e-01
4.902000000000000246e-01
4.905999999999999805e-01
4.856666666666666909e-01
4.926666666666666416e-01
4.886666666666666936e-01
4.873333333333333406e-01
4.948666666666666769e-01
4.911333333333333107e-01
4.892666666666666830e-01
4.910666666666666513e-01
4.931333333333333124e-01
4.879999999999999893e-01
4.916666666666666408e-01
4.968666666666666787e-01
4.934666666666666646e-01
4.920666666666666522e-01
4.946666666666666434e-01
4.935333333333333239e-01
4.934666666666666646e-01
4.928666666666666751e-01
4.925333333333333230e-01
4.932000000000000273e-01
4.922000000000000264e-01
4.922666666666666857e-01
4.953333333333333477e-01
4.905999999999999805e-01
4.942666666666666875e-01
4.934666666666666646e-01
4.933333333333333459e-01
4.934666666666666646e-01
4.935999999999999832e-01
4.981999999999999762e-01
4.928666666666666751e-01
4.935999999999999832e-01
4.957333333333333591e-01
4.929999999999999938e-01
4.974666666666666681e-01
4.979999999999999982e-01
4.922000000000000264e-01
4.941999999999999726e-01
4.961999999999999744e-01
4.918666666666666742e-01
4.981333333333333169e-01
4.984666666666666690e-01
4.940666666666666540e-01
4.940666666666666540e-01
4.939999999999999947e-01
4.995999999999999885e-01
4.975999999999999868e-01
4.985999999999999877e-01
4.983333333333333504e-01
4.968000000000000194e-01
4.966666666666666452e-01
4.948000000000000176e-01
4.975999999999999868e-01
4.916666666666666408e-01
4.970666666666666567e-01
5.003333333333332966e-01
4.974000000000000088e-01
4.958000000000000185e-01
4.978000000000000203e-01
5.006000000000000449e-01
4.981333333333333169e-01
4.982666666666666910e-01
4.974666666666666681e-01
5.003999999999999559e-01
4.997333333333333072e-01
4.997333333333333072e-01
4.989333333333333398e-01
5.002666666666666373e-01
5.040666666666666629e-01
4.941333333333333133e-01
5.001333333333333186e-01
4.952666666666666884e-01
4.953333333333333477e-01
5.014666666666666162e-01
4.991333333333333178e-01
4.967333333333333600e-01
4.997333333333333072e-01
4.990666666666666584e-01
5.049333333333333451e-01
4.994000000000000106e-01
5.026000000000000467e-01
5.035333333333333883e-01
5.058666666666666867e-01
5.043333333333333002e-01
5.030000000000000027e-01
5.004666666666666153e-01
5.030000000000000027e-01
5.038666666666666849e-01
5.006666666666667043e-01
5.038666666666666849e-01
5.020666666666666611e-01
5.013999999999999568e-01
5.004666666666666153e-01
5.043333333333333002e-01
5.010000000000000009e-01
4.995333333333333292e-01
5.014666666666666162e-01
5.011999999999999789e-01
5.045333333333332781e-01
5.073999999999999622e-01
5.013999999999999568e-01
5.008666666666666822e-01
5.044666666666666188e-01
5.018000000000000238e-01
5.018666666666666831e-01
5.007333333333333636e-01
5.025333333333333874e-01
5.031999999999999806e-01
5.050000000000000044e-01
5.044666666666666188e-01
5.038000000000000256e-01
5.058666666666666867e-01
5.038000000000000256e-01
5.025333333333333874e-01
5.057333333333333680e-01
5.063333333333333020e-01
5.076666666666667105e-01
5.038666666666666849e-01
5.059333333333333460e-01
5.046666666666667078e-01
5.083333333333333037e-01
5.048666666666666858e-01
5.063333333333333020e-01
5.056666666666667087e-01
5.045333333333332781e-01
5.068666666666666876e-01
5.100000000000000089e-01
5.068666666666666876e-01
5.049333333333333451e-01
5.056666666666667087e-01
5.067333333333333689e-01
5.093333333333333046e-01
5.080000000000000071e-01
5.056000000000000494e-01
5.090666666666666673e-01
5.094666666666666233e-01
5.039333333333333442e-01
5.057333333333333680e-01
5.074666666666666215e-01
5.088000000000000300e-01
5.099333333333333496e-01
5.112666666666666471e-01
5.081999999999999851e-01
5.079333333333333478e-01
5.102666666666666462e-01
5.064666666666666206e-01
5.090000000000000080e-01
5.111999999999999877e-01
5.073333333333333028e-01
5.097333333333333716e-01
5.090666666666666673e-01
5.067333333333333689e-01
5.090000000000000080e-01
5.093999999999999639e-01
5.102666666666666462e-01
5.087333333333333707e-01
5.110666666666666691e-01
5.165333333333332888e-01
5.080666666666666664e-01
5.081999999999999851e-01
5.079333333333333478e-01
5.099333333333333496e-01
5.096666666666667123e-01
5.098000000000000309e-01
5.112666666666666471e-01
5.103999999999999648e-01
5.091999999999999860e-01
5.102666666666666462e-01
5.143999999999999684e-01
5.091999999999999860e-01
5.106666666666667131e-01
5.098666666666666902e-01
5.100666666666666682e-01
5.097333333333333716e-01
5.076000000000000512e-01
5.091999999999999860e-01
5.084666666666666224e-01
5.112666666666666471e-01
5.059333333333333460e-01
5.133999999999999675e-01
5.118000000000000327e-01
5.086000000000000520e-01
5.130000000000000115e-01
5.125333333333332853e-01
5.121999999999999886e-01
5.173333333333333117e-01
5.153999999999999693e-01
5.131333333333333302e-01
5.123333333333333073e-01
5.145999999999999464e-01
5.103333333333333055e-01
5.130666666666666709e-01
5.123333333333333073e-01
5.104666666666666242e-01
5.141333333333333311e-01
5.134666666666666268e-01
5.148666666666666947e-01
5.114666666666666250e-01
5.126666666666667149e-01
5.135333333333332861e-01
5.161999999999999922e-01
5.133333333333333082e-01
5.157333333333333769e-01
5.130000000000000115e-01
5.123999999999999666e-01
5.157333333333333769e-01
5.118666666666666920e-01
5.129333333333333522e-01
5.151333333333333320e-01
5.138666666666666938e-01
5.153999999999999693e-01
5.133333333333333082e-01
5.131999999999999895e-01
5.130666666666666709e-01
5.140000000000000124e-01
5.161999999999999922e-01
5.141333333333333311e-01
5.113333333333333064e-01
5.135999999999999455e-01
5.149333333333333540e-01
5.156666666666667176e-01
5.171333333333333337e-01
5.183333333333333126e-01
5.150000000000000133e-01
5.170666666666666744e-01
5.149333333333333540e-01
5.175333333333332897e-01
5.167333333333333778e-01
5.155999999999999472e-01
5.201999999999999957e-01
5.180666666666666753e-01
5.158000000000000362e-01
5.165333333333332888e-01
5.181333333333333346e-01
5.160000000000000142e-01
5.174666666666666304e-01
5.173333333333333117e-01
5.173333333333333117e-01
5.160666666666666735e-01
5.139333333333333531e-01
5.171333333333333337e-01
5.172666666666666524e-01
5.188666666666666982e-01
5.198666666666666991e-01
5.209333333333333593e-01
5.215999999999999526e-01
5.177333333333333787e-01
5.185333333333332906e-01
5.188666666666666982e-01
5.155999999999999472e-01
5.173333333333333117e-01
5.148000000000000353e-01
5.140000000000000124e-01
5.171333333333333337e-01
5.185999999999999499e-01
5.163333333333333108e-01
5.227333333333333831e-01
5.205999999999999517e-01
5.190666666666666762e-01
5.203333333333333144e-01
5.210000000000000187e-01
5.201999999999999957e-01
5.178000000000000380e-01
5.156666666666667176e-01
5.201333333333333364e-01
5.213333333333333153e-01
5.209333333333333593e-01
5.193999999999999728e-01
5.193333333333333135e-01
5.170000000000000151e-01
5.193999999999999728e-01
5.208000000000000407e-01
5.201999999999999957e-01
5.177333333333333787e-01
5.195999999999999508e-01
5.241999999999999993e-01
5.225333333333332941e-01
5.188000000000000389e-01
5.197333333333333805e-01
5.211999999999999966e-01
5.218666666666667009e-01
5.216666666666666119e-01
5.138666666666666938e-01
5.265333333333332977e-01
5.228666666666667018e-01
5.220666666666666789e-01
5.225333333333332941e-01
5.191333333333333355e-01
5.223333333333333162e-01
5.234666666666666357e-01
5.232666666666666577e-01
5.198666666666666991e-01
5.221333333333333382e-01
5.243333333333333179e-01
5.210666666666666780e-01
5.200000000000000178e-01
5.253999999999999782e-01
5.198000000000000398e-01
5.208000000000000407e-01
5.251333333333333409e-01
5.241333333333333400e-01
5.188666666666666982e-01
5.226666666666666128e-01
5.271333333333333426e-01
5.240666666666666806e-01
5.241999999999999993e-01
5.181999999999999940e-01
5.241333333333333400e-01
5.228666666666667018e-01
5.223999999999999755e-01
5.255999999999999561e-01
5.232666666666666577e-01
5.236666666666666137e-01
5.233999999999999764e-01
5.241333333333333400e-01
5.219333333333333602e-01
5.230666666666666798e-01
5.228666666666667018e-01
5.272666666666666613e-01
5.272000000000000020e-01
5.245999999999999552e-01
5.249333333333333629e-01
5.230666666666666798e-01
5.235999999999999543e-01
5.230666666666666798e-01
5.230666666666666798e-01
5.220000000000000195e-01
5.248000000000000442e-01
5.269333333333333647e-01
5.262000000000000011e-01
5.258000000000000451e-01
5.221333333333333382e-01
5.245999999999999552e-01
5.252666666666666595e-01
5.255999999999999561e-01
5.270666666666666833e-01
5.193333333333333135e-01
5.245999999999999552e-01
5.255999999999999561e-01
5.248666666666667036e-01
5.254666666666666375e-01
5.270666666666666833e-01
5.252000000000000002e-01
5.262666666666666604e-01
5.235999999999999543e-01
5.290666666666666851e-01
5.254666666666666375e-01
5.256666666666666154e-01
5.275333333333332986e-01
5.243333333333333179e-01
5.254666666666666375e-01
5.230000000000000204e-01
5.243333333333333179e-01
5.241333333333333400e-01
5.250666666666666815e-01
5.265333333333332977e-01
5.280666666666666842e-01
5.328000000000000513e-01
5.262666666666666604e-01
5.245333333333332959e-01
5.245999999999999552e-01
5.244666666666666366e-01
5.297333333333332783e-01
5.263999999999999790e-01
5.263333333333333197e-01
5.300000000000000266e-01
5.278666666666667062e-01
5.272666666666666613e-01
5.251333333333333409e-01
5.291333333333333444e-01
5.277333333333333876e-01
5.253333333333333188e-01
5.263999999999999790e-01
5.296666666666666190e-01
5.298000000000000487e-01
5.274666666666666393e-01
5.286666666666666181e-01
5.301333333333333453e-01
5.270666666666666833e-01
5.269333333333333647e-01
5.301333333333333453e-01
5.314666666666666428e-01
5.285999999999999588e-01
5.293333333333333224e-01
5.280000000000000249e-01
5.289333333333333664e-01
5.300666666666666860e-01
5.291333333333333444e-01
5.314666666666666428e-01
5.299333333333333673e-01
5.272666666666666613e-01
5.332666666666666666e-01
5.293333333333333224e-01
5.272000000000000020e-01
5.318666666666667098e-01
5.321333333333333471e-01
5.298666666666667080e-01
5.297333333333332783e-01
5.312666666666666648e-01
5.337333333333332819e-01
5.286666666666666181e-01
5.295999999999999597e-01
5.310000000000000275e-01
5.294666666666666410e-01
5.327333333333332810e-01
5.273333333333333206e-01
5.302000000000000046e-01
5.350000000000000311e-01
5.323333333333333250e-01
5.303999999999999826e-01
5.317333333333332801e-01
5.321333333333333471e-01
5.312000000000000055e-01
5.286666666666666181e-01
5.336666666666666226e-01
5.317333333333332801e-01
5.316666666666666208e-01
5.343333333333333268e-01
5.344666666666666455e-01
5.287333333333333885e-01
5.280666666666666842e-01
5.301333333333333453e-01
5.325333333333333030e-01
5.316666666666666208e-01
5.354666666666666464e-01
5.361333333333333506e-01
5.352000000000000091e-01
5.332000000000000073e-01
5.298000000000000487e-01
5.334666666666666446e-01
5.304666666666666419e-01
5.325333333333333030e-01
5.329333333333333700e-01
5.315333333333333021e-01
