4.118666666666666587e-01
4.077999999999999958e-01
4.112666666666666693e-01
4.106666666666666798e-01
4.113333333333333286e-01
4.118666666666666587e-01
4.125333333333333075e-01
4.123999999999999888e-01
4.159999999999999809e-01
4.112000000000000099e-01
4.117333333333333401e-01
4.177333333333333454e-01
4.161333333333333551e-01
4.148000000000000020e-01
4.184666666666666535e-01
4.134666666666666490e-01
4.153999999999999915e-01
4.198000000000000065e-01
4.189999999999999836e-01
4.183333333333333348e-01
4.198666666666666658e-01
4.168666666666666631e-01
4.213999999999999968e-01
4.176000000000000267e-01
4.198666666666666658e-01
4.220666666666666456e-01
4.186000000000000276e-01
4.219333333333333269e-01
4.232666666666666799e-01
4.254000000000000004e-01
4.247333333333333516e-01
4.220666666666666456e-01
4.244666666666666588e-01
4.215333333333333155e-01
4.278666666666666729e-01
4.274000000000000021e-01
4.305333333333333234e-01
4.291333333333333111e-01
4.247333333333333516e-01
4.257333333333333525e-01
4.291333333333333111e-01
4.248000000000000109e-01
4.298000000000000154e-01
4.285999999999999810e-01
4.310666666666666536e-01
4.300666666666666527e-01
4.334000000000000075e-01
4.314666666666666650e-01
4.323333333333333472e-01
4.325333333333333252e-01
4.322666666666666879e-01
4.314666666666666650e-01
4.312000000000000277e-01
4.358000000000000207e-01
4.333333333333333481e-01
4.338000000000000189e-01
4.310666666666666536e-01
4.359999999999999987e-01
4.378000000000000225e-01
4.350666666666666571e-01
4.390666666666666607e-01
4.395333333333333314e-01
4.372666666666666924e-01
4.360666666666666580e-01
4.384000000000000119e-01
4.382666666666666933e-01
4.420666666666666633e-01
4.368000000000000216e-01
4.385999999999999899e-01
4.378000000000000225e-01
4.390666666666666607e-01
4.414000000000000146e-01
4.387333333333333085e-01
4.398666666666666836e-01
4.393333333333333535e-01
4.359333333333333393e-01
4.426666666666666528e-01
4.394000000000000128e-01
4.357333333333333059e-01
4.401333333333333209e-01
4.415999999999999925e-01
4.421999999999999820e-01
4.411333333333333218e-01
4.420000000000000040e-01
4.466666666666666563e-01
4.431333333333333235e-01
4.447333333333333139e-01
4.439333333333333464e-01
4.468666666666666898e-01
4.455333333333333368e-01
4.384000000000000119e-01
4.467333333333333156e-01
4.450666666666666660e-01
4.461333333333333262e-01
4.493333333333333068e-01
4.474666666666666792e-01
4.460000000000000075e-01
4.484666666666666801e-01
4.474000000000000199e-01
4.483333333333333059e-01
4.477333333333333165e-01
4.490666666666666695e-01
4.510000000000000120e-01
4.461333333333333262e-01
4.504000000000000226e-01
4.484666666666666801e-01
4.507999999999999785e-01
4.525333333333333430e-01
4.489333333333333509e-01
4.518666666666666942e-01
4.536666666666666625e-01
4.533333333333333104e-01
4.526666666666666616e-01
4.534000000000000252e-01
4.516000000000000014e-01
4.568666666666666432e-01
4.530666666666666731e-01
4.544666666666666854e-01
4.549333333333333562e-01
4.541999999999999926e-01
4.569333333333333580e-01
4.566666666666666652e-01
4.577999999999999847e-01
4.543333333333333113e-01
4.566000000000000059e-01
4.547999999999999821e-01
4.564666666666666872e-01
4.576000000000000068e-01
4.586666666666666670e-01
4.578666666666666440e-01
4.561333333333333351e-01
4.581333333333333369e-01
4.585333333333333483e-01
4.589333333333333598e-01
4.584666666666666890e-01
4.580666666666666775e-01
4.594666666666666899e-01
4.573333333333333139e-01
4.621333333333333404e-01
4.580000000000000182e-01
4.617333333333333290e-01
4.567333333333333245e-01
4.583333333333333148e-01
4.646000000000000130e-01
4.645333333333333536e-01
4.612666666666666582e-01
4.636000000000000121e-01
4.587333333333333263e-01
4.598666666666666458e-01
4.654666666666666397e-01
4.583999999999999742e-01
4.606666666666666687e-01
4.662000000000000033e-01
4.647999999999999909e-01
4.648666666666666503e-01
4.670666666666666855e-01
4.666000000000000147e-01
4.690666666666666873e-01
4.642000000000000015e-01
4.645333333333333536e-01
4.677333333333333343e-01
4.626666666666666705e-01
4.619333333333333069e-01
4.687333333333333352e-01
4.650000000000000244e-01
4.649333333333333096e-01
4.609333333333333060e-01
4.671333333333333449e-01
4.644666666666666943e-01
4.688666666666666538e-01
4.708666666666666556e-01
4.688666666666666538e-01
4.689999999999999725e-01
4.702000000000000068e-01
4.683333333333333237e-01
4.695333333333333581e-01
4.698666666666666547e-01
4.690666666666666873e-01
4.679333333333333123e-01
4.682666666666666644e-01
4.703333333333333255e-01
4.687333333333333352e-01
4.680666666666666864e-01
4.702666666666666662e-01
4.677999999999999936e-01
4.690666666666666873e-01
4.716666666666666785e-01
4.695333333333333581e-01
4.697999999999999954e-01
4.737999999999999989e-01
4.737999999999999989e-01
4.734666666666666468e-01
4.712000000000000077e-01
4.684666666666666424e-01
4.719333333333333158e-01
4.747333333333333405e-01
4.733333333333333282e-01
4.747999999999999998e-01
4.745333333333333070e-01
4.714666666666666450e-01
4.727999999999999980e-01
4.742666666666666697e-01
4.743999999999999884e-01
4.703333333333333255e-01
4.773999999999999910e-01
4.723333333333333273e-01
4.765333333333333088e-01
4.751333333333333520e-01
4.733333333333333282e-01
4.726666666666666794e-01
4.739333333333333176e-01
4.798000000000000043e-01
4.757333333333333414e-01
4.755333333333333079e-01
4.759333333333333194e-01
4.758000000000000007e-01
4.773999999999999910e-01
4.742666666666666697e-01
4.774666666666666504e-01
4.792000000000000148e-01
4.771333333333333537e-01
4.745333333333333070e-01
4.819999999999999840e-01
4.773999999999999910e-01
4.776000000000000245e-01
4.767333333333333423e-01
4.786000000000000254e-01
4.798000000000000043e-01
4.809999999999999831e-01
4.819999999999999840e-01
4.763333333333333308e-01
4.776000000000000245e-01
4.788000000000000034e-01
4.784666666666666512e-01
4.787333333333333441e-01
4.806666666666666865e-01
4.851333333333333608e-01
4.833333333333333370e-01
4.822000000000000175e-01
4.821333333333333582e-01
4.831333333333333591e-01
4.832666666666666777e-01
4.819333333333333247e-01
4.825333333333333141e-01
4.832000000000000184e-01
4.829999999999999849e-01
4.827333333333333476e-01
4.841333333333333599e-01
4.817333333333333467e-01
4.798666666666666636e-01
4.793333333333333335e-01
4.842666666666666786e-01
4.826666666666666883e-01
4.847333333333333494e-01
4.818000000000000060e-01
4.842666666666666786e-01
4.869333333333333291e-01
4.845333333333333159e-01
4.840666666666666451e-01
4.849999999999999867e-01
4.849333333333333274e-01
4.863999999999999990e-01
4.849999999999999867e-01
4.864666666666666583e-01
4.879333333333333300e-01
4.865999999999999770e-01
4.875999999999999779e-01
4.890666666666666496e-01
4.895333333333333203e-01
4.866666666666666918e-01
4.878666666666666707e-01
4.827333333333333476e-01
4.886666666666666936e-01
4.839999999999999858e-01
4.863999999999999990e-01
4.852666666666666795e-01
4.886666666666666936e-01
4.861333333333333062e-01
4.869333333333333291e-01
4.918666666666666742e-01
4.855333333333333168e-01
4.881333333333333080e-01
4.889333333333333309e-01
4.901333333333333098e-01
4.863999999999999990e-01
4.921333333333333115e-01
4.904000000000000026e-01
4.893333333333333424e-01
4.929333333333333345e-01
4.888666666666666716e-01
4.892000000000000237e-01
4.876666666666666927e-01
4.898666666666666725e-01
4.928666666666666751e-01
4.908666666666666734e-01
4.905999999999999805e-01
4.859333333333333282e-01
4.932666666666666866e-01
4.888666666666666716e-01
4.875999999999999779e-01
4.953333333333333477e-01
4.919333333333333336e-01
4.894000000000000017e-01
4.912666666666666848e-01
4.939333333333333353e-01
4.889333333333333309e-01
4.922000000000000264e-01
4.973333333333333495e-01
4.941999999999999726e-01
4.924666666666666637e-01
4.949333333333333362e-01
4.938666666666666760e-01
4.938000000000000167e-01
4.934666666666666646e-01
4.934666666666666646e-01
4.939999999999999947e-01
4.928000000000000158e-01
4.925333333333333230e-01
4.957333333333333591e-01
4.908666666666666734e-01
4.946666666666666434e-01
4.940666666666666540e-01
4.936666666666666425e-01
4.934000000000000052e-01
4.939999999999999947e-01
4.983333333333333504e-01
4.929999999999999938e-01
4.937333333333333574e-01
4.961999999999999744e-01
4.932666666666666866e-01
4.977333333333333609e-01
4.984000000000000097e-01
4.924000000000000044e-01
4.948000000000000176e-01
4.964000000000000079e-01
4.924000000000000044e-01
4.987333333333333063e-01
4.985999999999999877e-01
4.945333333333333248e-01
4.945333333333333248e-01
4.942666666666666875e-01
5.000000000000000000e-01
4.979999999999999982e-01
4.990666666666666584e-01
4.989333333333333398e-01
4.975333333333333274e-01
4.975333333333333274e-01
4.951333333333333142e-01
4.979333333333333389e-01
4.923333333333333450e-01
4.975333333333333274e-01
5.009333333333333416e-01
4.975999999999999868e-01
4.961999999999999744e-01
4.979333333333333389e-01
5.011999999999999789e-01
4.984000000000000097e-01
4.984666666666666690e-01
4.978000000000000203e-01
5.010000000000000009e-01
5.005333333333333856e-01
5.003999999999999559e-01
4.990666666666666584e-01
5.004666666666666153e-01
5.046666666666667078e-01
4.948000000000000176e-01
5.007333333333333636e-01
4.962666666666666893e-01
4.958666666666666778e-01
5.018000000000000238e-01
4.997333333333333072e-01
4.971999999999999753e-01
5.003333333333332966e-01
4.994000000000000106e-01
5.053333333333333011e-01
4.995999999999999885e-01
5.031333333333333213e-01
5.033999999999999586e-01
5.060000000000000053e-01
5.043999999999999595e-01
5.034666666666666179e-01
5.009333333333333416e-01
5.028666666666666840e-01
5.037333333333333663e-01
5.014666666666666162e-01
5.043999999999999595e-01
5.021999999999999797e-01
5.016666666666667052e-01
5.004666666666666153e-01
5.048666666666666858e-01
5.015333333333333865e-01
5.002666666666666373e-01
5.019333333333333425e-01
5.015333333333333865e-01
5.050000000000000044e-01
5.077333333333333698e-01
5.018666666666666831e-01
5.013333333333332975e-01
5.048666666666666858e-01
5.019333333333333425e-01
5.023333333333332984e-01
5.011999999999999789e-01
5.029333333333333433e-01
5.037333333333333663e-01
5.050666666666666638e-01
5.048666666666666858e-01
5.036666666666667069e-01
5.066000000000000503e-01
5.040666666666666629e-01
5.033999999999999586e-01
5.060666666666666647e-01
5.063999999999999613e-01
5.080666666666666664e-01
5.046666666666667078e-01
5.063999999999999613e-01
5.052666666666666417e-01
5.089333333333333487e-01
5.049333333333333451e-01
5.068000000000000282e-01
5.063333333333333020e-01
5.051333333333333231e-01
5.070666666666666655e-01
5.107333333333333725e-01
5.075333333333332808e-01
5.051333333333333231e-01
5.061999999999999833e-01
5.071999999999999842e-01
5.096000000000000529e-01
5.083333333333333037e-01
5.058000000000000274e-01
5.090000000000000080e-01
5.093999999999999639e-01
5.045333333333332781e-01
5.062666666666666426e-01
5.078666666666666885e-01
5.091999999999999860e-01
5.099333333333333496e-01
5.118666666666666920e-01
5.083999999999999631e-01
5.082666666666666444e-01
5.108666666666666911e-01
5.068666666666666876e-01
5.097333333333333716e-01
5.112666666666666471e-01
5.079333333333333478e-01
5.098000000000000309e-01
5.092666666666666453e-01
5.074666666666666215e-01
5.091333333333333266e-01
5.099333333333333496e-01
5.106666666666667131e-01
5.089333333333333487e-01
5.115333333333332844e-01
5.164666666666666295e-01
5.086000000000000520e-01
5.083999999999999631e-01
5.080666666666666664e-01
5.102666666666666462e-01
5.101333333333333275e-01
5.101999999999999869e-01
5.114666666666666250e-01
5.108666666666666911e-01
5.095333333333332826e-01
5.103333333333333055e-01
5.148666666666666947e-01
5.090000000000000080e-01
5.108000000000000318e-01
5.098000000000000309e-01
5.100666666666666682e-01
5.099333333333333496e-01
5.081999999999999851e-01
5.098000000000000309e-01
5.086666666666667114e-01
5.113999999999999657e-01
5.064666666666666206e-01
5.137333333333333751e-01
5.121333333333333293e-01
5.087333333333333707e-01
5.135333333333332861e-01
5.131999999999999895e-01
5.124666666666666259e-01
5.175333333333332897e-01
5.158666666666666956e-01
5.132666666666666488e-01
5.128000000000000336e-01
5.150000000000000133e-01
5.111333333333333284e-01
5.136666666666667158e-01
5.126666666666667149e-01
5.106666666666667131e-01
5.145999999999999464e-01
5.140000000000000124e-01
5.151333333333333320e-01
5.118000000000000327e-01
5.131333333333333302e-01
5.139333333333333531e-01
5.168666666666666965e-01
5.140000000000000124e-01
5.156666666666667176e-01
5.133999999999999675e-01
5.128000000000000336e-01
5.163999999999999702e-01
5.121333333333333293e-01
5.135999999999999455e-01
5.153999999999999693e-01
5.145333333333332870e-01
5.158000000000000362e-01
5.133333333333333082e-01
5.131333333333333302e-01
5.130000000000000115e-01
5.145999999999999464e-01
5.161999999999999922e-01
5.143333333333333091e-01
5.116666666666667140e-01
5.141333333333333311e-01
5.155333333333332879e-01
5.161333333333333329e-01
5.171333333333333337e-01
5.186666666666667203e-01
5.152666666666666506e-01
5.175999999999999490e-01
5.158666666666666956e-01
5.176666666666667194e-01
5.168666666666666965e-01
5.159333333333333549e-01
5.203333333333333144e-01
5.181999999999999940e-01
5.159333333333333549e-01
5.172666666666666524e-01
5.183333333333333126e-01
5.161333333333333329e-01
5.175999999999999490e-01
5.171333333333333337e-01
5.177333333333333787e-01
5.160000000000000142e-01
5.141333333333333311e-01
5.175333333333332897e-01
5.180000000000000160e-01
5.193333333333333135e-01
5.202666666666666551e-01
5.214666666666666339e-01
5.222666666666666568e-01
5.178666666666666973e-01
5.186666666666667203e-01
5.190666666666666762e-01
5.156666666666667176e-01
5.176666666666667194e-01
5.150000000000000133e-01
5.143333333333333091e-01
5.175999999999999490e-01
5.188000000000000389e-01
5.166666666666667185e-01
5.230000000000000204e-01
5.210666666666666780e-01
5.193333333333333135e-01
5.204666666666666330e-01
5.209333333333333593e-01
5.206666666666667220e-01
5.184666666666666313e-01
5.157333333333333769e-01
5.205333333333332924e-01
5.213999999999999746e-01
5.210666666666666780e-01
5.196666666666667211e-01
5.198000000000000398e-01
5.172666666666666524e-01
5.194666666666666321e-01
5.208666666666667000e-01
5.202666666666666551e-01
5.181999999999999940e-01
5.194666666666666321e-01
5.242666666666666586e-01
5.227333333333333831e-01
5.190666666666666762e-01
5.201333333333333364e-01
5.215333333333332932e-01
5.221999999999999975e-01
5.218666666666667009e-01
5.140000000000000124e-01
5.268666666666667053e-01
5.229333333333333611e-01
5.221333333333333382e-01
5.225999999999999535e-01
5.190000000000000169e-01
5.226666666666666128e-01
5.238000000000000433e-01
5.236666666666666137e-01
5.203333333333333144e-01
5.223333333333333162e-01
5.245999999999999552e-01
5.205999999999999517e-01
5.207333333333333814e-01
5.252666666666666595e-01
5.201999999999999957e-01
5.210666666666666780e-01
5.256666666666666154e-01
5.241333333333333400e-01
5.190666666666666762e-01
5.230666666666666798e-01
5.275333333333332986e-01
5.243333333333333179e-01
5.246666666666666146e-01
5.185999999999999499e-01
5.246666666666666146e-01
5.231999999999999984e-01
5.225333333333332941e-01
5.260666666666666824e-01
5.235999999999999543e-01
5.237333333333333840e-01
5.239333333333333620e-01
5.245333333333332959e-01
5.218000000000000416e-01
5.232666666666666577e-01
5.230000000000000204e-01
5.273333333333333206e-01
5.275999999999999579e-01
5.244666666666666366e-01
5.252000000000000002e-01
5.231333333333333391e-01
5.234666666666666357e-01
5.233999999999999764e-01
5.230000000000000204e-01
5.223999999999999755e-01
5.252666666666666595e-01
5.275999999999999579e-01
5.265333333333332977e-01
5.260666666666666824e-01
5.223333333333333162e-01
5.253999999999999782e-01
5.258000000000000451e-01
5.256666666666666154e-01
5.275999999999999579e-01
5.194666666666666321e-01
5.250000000000000222e-01
5.262000000000000011e-01
5.250666666666666815e-01
5.258666666666667044e-01
5.274666666666666393e-01
5.255999999999999561e-01
5.267333333333333867e-01
5.238666666666667027e-01
5.295333333333333004e-01
5.259333333333333638e-01
5.260000000000000231e-01
5.278000000000000469e-01
5.245999999999999552e-01
5.260000000000000231e-01
5.230666666666666798e-01
5.243333333333333179e-01
5.243333333333333179e-01
5.255999999999999561e-01
5.268000000000000460e-01
5.283999999999999808e-01
5.329333333333333700e-01
5.264666666666666384e-01
5.252666666666666595e-01
5.245999999999999552e-01
5.241999999999999993e-01
5.300000000000000266e-01
5.267333333333333867e-01
5.270666666666666833e-01
5.306666666666666199e-01
5.281333333333333435e-01
5.274666666666666393e-01
5.251333333333333409e-01
5.293999999999999817e-01
5.280000000000000249e-01
5.255999999999999561e-01
5.269333333333333647e-01
5.302000000000000046e-01
5.302666666666666639e-01
5.281333333333333435e-01
5.294666666666666410e-01
5.307333333333332792e-01
5.271333333333333426e-01
5.276666666666666172e-01
5.304666666666666419e-01
5.317333333333332801e-01
5.288666666666667071e-01
5.295333333333333004e-01
5.285333333333332995e-01
5.290000000000000258e-01
5.300666666666666860e-01
5.294666666666666410e-01
5.316666666666666208e-01
5.304666666666666419e-01
5.276666666666666172e-01
5.338666666666667115e-01
5.296666666666666190e-01
5.273999999999999799e-01
5.315999999999999615e-01
5.325999999999999623e-01
5.300666666666666860e-01
5.301333333333333453e-01
5.315999999999999615e-01
5.341333333333333488e-01
5.288000000000000478e-01
5.302000000000000046e-01
5.312666666666666648e-01
5.294666666666666410e-01
5.335333333333333039e-01
5.275999999999999579e-01
5.304666666666666419e-01
5.354666666666666464e-01
5.326666666666666217e-01
5.305999999999999606e-01
5.321333333333333471e-01
5.322666666666666657e-01
5.315333333333333021e-01
5.288666666666667071e-01
5.342000000000000082e-01
5.323333333333333250e-01
5.315999999999999615e-01
5.340000000000000302e-01
5.343333333333333268e-01
5.289333333333333664e-01
5.285999999999999588e-01
5.305333333333333012e-01
5.328000000000000513e-01
5.318666666666667098e-01
5.357333333333332837e-01
5.369333333333333735e-01
5.355333333333333057e-01
5.334666666666666446e-01
5.295999999999999597e-01
5.332000000000000073e-01
5.305333333333333012e-01
5.327333333333332810e-01
5.326666666666666217e-01
5.321333333333333471e-01
