4.201333333333333586e-01
4.157333333333333436e-01
4.201333333333333586e-01
4.180666666666666420e-01
4.198000000000000065e-01
4.198000000000000065e-01
4.212666666666666782e-01
4.213333333333333375e-01
4.245333333333333181e-01
4.191333333333333577e-01
4.192000000000000171e-01
4.240666666666666473e-01
4.223999999999999977e-01
4.221333333333333604e-01
4.242000000000000215e-01
4.212666666666666782e-01
4.238000000000000100e-01
4.263333333333333419e-01
4.248000000000000109e-01
4.249333333333333296e-01
4.268000000000000127e-01
4.243999999999999995e-01
4.277333333333333543e-01
4.248666666666666702e-01
4.264000000000000012e-01
4.284000000000000030e-01
4.249333333333333296e-01
4.272000000000000242e-01
4.298666666666666747e-01
4.308666666666666756e-01
4.308666666666666756e-01
4.289333333333333331e-01
4.312000000000000277e-01
4.274000000000000021e-01
4.339999999999999969e-01
4.339333333333333376e-01
4.365999999999999881e-01
4.347333333333333605e-01
4.305999999999999828e-01
4.315999999999999837e-01
4.335333333333333261e-01
4.295333333333333226e-01
4.353333333333333499e-01
4.343333333333333490e-01
4.361999999999999766e-01
4.358666666666666800e-01
4.389333333333333420e-01
4.368666666666666809e-01
4.371999999999999775e-01
4.374000000000000110e-01
4.375999999999999890e-01
4.371999999999999775e-01
4.367333333333333067e-01
4.404666666666666730e-01
4.383333333333333526e-01
4.382666666666666933e-01
4.358000000000000207e-01
4.405333333333333323e-01
4.427333333333333121e-01
4.398666666666666836e-01
4.414000000000000146e-01
4.442666666666666431e-01
4.417333333333333112e-01
4.407333333333333103e-01
4.441333333333333244e-01
4.430000000000000049e-01
4.461333333333333262e-01
4.419333333333333447e-01
4.431333333333333235e-01
4.423333333333333561e-01
4.440000000000000058e-01
4.467999999999999750e-01
4.426666666666666528e-01
4.444666666666666766e-01
4.434666666666666757e-01
4.398666666666666836e-01
4.466666666666666563e-01
4.440000000000000058e-01
4.407333333333333103e-01
4.441999999999999837e-01
4.458666666666666889e-01
4.455999999999999961e-01
4.451333333333333253e-01
4.462666666666666448e-01
4.500666666666666704e-01
4.471333333333333271e-01
4.480000000000000093e-01
4.471333333333333271e-01
4.507999999999999785e-01
4.506000000000000005e-01
4.435333333333333350e-01
4.500666666666666704e-01
4.485999999999999988e-01
4.501333333333333298e-01
4.532666666666666511e-01
4.508666666666666933e-01
4.499333333333333518e-01
4.525333333333333430e-01
4.510666666666666713e-01
4.527333333333333210e-01
4.513333333333333086e-01
4.526000000000000023e-01
4.547333333333333227e-01
4.500000000000000111e-01
4.544000000000000261e-01
4.521333333333333315e-01
4.536000000000000032e-01
4.563999999999999724e-01
4.520666666666666722e-01
4.555333333333333456e-01
4.565333333333333465e-01
4.567333333333333245e-01
4.559333333333333571e-01
4.580666666666666775e-01
4.548666666666666414e-01
4.601999999999999980e-01
4.570666666666666766e-01
4.577999999999999847e-01
4.583333333333333148e-01
4.568666666666666432e-01
4.606000000000000094e-01
4.607333333333333281e-01
4.612666666666666582e-01
4.573333333333333139e-01
4.596666666666666679e-01
4.577999999999999847e-01
4.593333333333333157e-01
4.603999999999999759e-01
4.621333333333333404e-01
4.611333333333333395e-01
4.593999999999999750e-01
4.616000000000000103e-01
4.621333333333333404e-01
4.628666666666666485e-01
4.615333333333333510e-01
4.615333333333333510e-01
4.621999999999999997e-01
4.607999999999999874e-01
4.649333333333333096e-01
4.610666666666666802e-01
4.644666666666666943e-01
4.586666666666666670e-01
4.607333333333333281e-01
4.680000000000000271e-01
4.672000000000000042e-01
4.641333333333333422e-01
4.662666666666666626e-01
4.626666666666666705e-01
4.621999999999999997e-01
4.682666666666666644e-01
4.617333333333333290e-01
4.633333333333333193e-01
4.689999999999999725e-01
4.677999999999999936e-01
4.677999999999999936e-01
4.692666666666666653e-01
4.706000000000000183e-01
4.702000000000000068e-01
4.670666666666666855e-01
4.676666666666666750e-01
4.697999999999999954e-01
4.652000000000000024e-01
4.649333333333333096e-01
4.706000000000000183e-01
4.674666666666666415e-01
4.673999999999999821e-01
4.639333333333333087e-01
4.694666666666666432e-01
4.676000000000000156e-01
4.707999999999999963e-01
4.735333333333333061e-01
4.712000000000000077e-01
4.713333333333333264e-01
4.722666666666666679e-01
4.710666666666666891e-01
4.722000000000000086e-01
4.733333333333333282e-01
4.712000000000000077e-01
4.703999999999999848e-01
4.705333333333333590e-01
4.728666666666666574e-01
4.713333333333333264e-01
4.703999999999999848e-01
4.727333333333333387e-01
4.696000000000000174e-01
4.709333333333333149e-01
4.743999999999999884e-01
4.721333333333333493e-01
4.720666666666666900e-01
4.758666666666666600e-01
4.755333333333333079e-01
4.759333333333333194e-01
4.737999999999999989e-01
4.716000000000000192e-01
4.745333333333333070e-01
4.772666666666666724e-01
4.756000000000000227e-01
4.772666666666666724e-01
4.776666666666666838e-01
4.746000000000000218e-01
4.752000000000000113e-01
4.768666666666666609e-01
4.766666666666666829e-01
4.725333333333333607e-01
4.796000000000000263e-01
4.748666666666666591e-01
4.785333333333333106e-01
4.769999999999999796e-01
4.759333333333333194e-01
4.755333333333333079e-01
4.762666666666666715e-01
4.822666666666666768e-01
4.785333333333333106e-01
4.780666666666666398e-01
4.781333333333333546e-01
4.782000000000000139e-01
4.793999999999999928e-01
4.768666666666666609e-01
4.789333333333333220e-01
4.818666666666666654e-01
4.793999999999999928e-01
4.773333333333333317e-01
4.838666666666666671e-01
4.796000000000000263e-01
4.799333333333333229e-01
4.786000000000000254e-01
4.808000000000000052e-01
4.817333333333333467e-01
4.832666666666666777e-01
4.834666666666666557e-01
4.786000000000000254e-01
4.797333333333333449e-01
4.808666666666666645e-01
4.806000000000000272e-01
4.808000000000000052e-01
4.815333333333333132e-01
4.868000000000000105e-01
4.846666666666666901e-01
4.836666666666666892e-01
4.840666666666666451e-01
4.855333333333333168e-01
4.858000000000000096e-01
4.835333333333333150e-01
4.842666666666666786e-01
4.849999999999999867e-01
4.845999999999999752e-01
4.851333333333333608e-01
4.852666666666666795e-01
4.842000000000000193e-01
4.820666666666666433e-01
4.816666666666666874e-01
4.860666666666666469e-01
4.842000000000000193e-01
4.861333333333333062e-01
4.839999999999999858e-01
4.858000000000000096e-01
4.902666666666666839e-01
4.871333333333333071e-01
4.864666666666666583e-01
4.868000000000000105e-01
4.869999999999999885e-01
4.884666666666666601e-01
4.869999999999999885e-01
4.884666666666666601e-01
4.904000000000000026e-01
4.889333333333333309e-01
4.895333333333333203e-01
4.912666666666666848e-01
4.913333333333333441e-01
4.888666666666666716e-01
4.895999999999999797e-01
4.845999999999999752e-01
4.906666666666666399e-01
4.858666666666666689e-01
4.882000000000000228e-01
4.861333333333333062e-01
4.909999999999999920e-01
4.878666666666666707e-01
4.884000000000000008e-01
4.934666666666666646e-01
4.871333333333333071e-01
4.892666666666666830e-01
4.914000000000000035e-01
4.914666666666666628e-01
4.875333333333333186e-01
4.934000000000000052e-01
4.919999999999999929e-01
4.909999999999999920e-01
4.942666666666666875e-01
4.910666666666666513e-01
4.908000000000000140e-01
4.895333333333333203e-01
4.915333333333333221e-01
4.938666666666666760e-01
4.928666666666666751e-01
4.915333333333333221e-01
4.875999999999999779e-01
4.948666666666666769e-01
4.905333333333333212e-01
4.891333333333333089e-01
4.969999999999999973e-01
4.929999999999999938e-01
4.909999999999999920e-01
4.925999999999999823e-01
4.953333333333333477e-01
4.909333333333333327e-01
4.939333333333333353e-01
4.983333333333333504e-01
4.948666666666666769e-01
4.938666666666666760e-01
4.965333333333333266e-01
4.955999999999999850e-01
4.954666666666666663e-01
4.942666666666666875e-01
4.945333333333333248e-01
4.953333333333333477e-01
4.944000000000000061e-01
4.945999999999999841e-01
4.972666666666666901e-01
4.922666666666666857e-01
4.968000000000000194e-01
4.955999999999999850e-01
4.948000000000000176e-01
4.944666666666666655e-01
4.959999999999999964e-01
5.001333333333333186e-01
4.950666666666666549e-01
4.958000000000000185e-01
4.980666666666666575e-01
4.948000000000000176e-01
4.984000000000000097e-01
5.000000000000000000e-01
4.938666666666666760e-01
4.959999999999999964e-01
4.979999999999999982e-01
4.943333333333333468e-01
4.995333333333333292e-01
4.998000000000000220e-01
4.959333333333333371e-01
4.957333333333333591e-01
4.954000000000000070e-01
5.013333333333332975e-01
4.998666666666666814e-01
5.000666666666666593e-01
5.008666666666666822e-01
4.985999999999999877e-01
4.993333333333333512e-01
4.960666666666666558e-01
4.997333333333333072e-01
4.934000000000000052e-01
4.989999999999999991e-01
5.021999999999999797e-01
4.986666666666666470e-01
4.979999999999999982e-01
5.000000000000000000e-01
5.028666666666666840e-01
4.996666666666666479e-01
4.999333333333333407e-01
4.990666666666666584e-01
5.024666666666666170e-01
5.023999999999999577e-01
5.015333333333333865e-01
5.006000000000000449e-01
5.016666666666667052e-01
5.055333333333332790e-01
4.958666666666666778e-01
5.022666666666666391e-01
4.988000000000000211e-01
4.968000000000000194e-01
5.030666666666666620e-01
5.008000000000000229e-01
4.987333333333333063e-01
5.013333333333332975e-01
5.005333333333333856e-01
5.066000000000000503e-01
5.008000000000000229e-01
5.038000000000000256e-01
5.045333333333332781e-01
5.077333333333333698e-01
5.061333333333333240e-01
5.049333333333333451e-01
5.021333333333333204e-01
5.045333333333332781e-01
5.053333333333333011e-01
5.027333333333333654e-01
5.055333333333332790e-01
5.029333333333333433e-01
5.024666666666666170e-01
5.021999999999999797e-01
5.061333333333333240e-01
5.033999999999999586e-01
5.021999999999999797e-01
5.034666666666666179e-01
5.029333333333333433e-01
5.061333333333333240e-01
5.086666666666667114e-01
5.032666666666666400e-01
5.036000000000000476e-01
5.064666666666666206e-01
5.036000000000000476e-01
5.033333333333332993e-01
5.024666666666666170e-01
5.044666666666666188e-01
5.050000000000000044e-01
5.067333333333333689e-01
5.067333333333333689e-01
5.052666666666666417e-01
5.075333333333332808e-01
5.051999999999999824e-01
5.041999999999999815e-01
5.080666666666666664e-01
5.070666666666666655e-01
5.097333333333333716e-01
5.051999999999999824e-01
5.075333333333332808e-01
5.063333333333333020e-01
5.101999999999999869e-01
5.061999999999999833e-01
5.083333333333333037e-01
5.073999999999999622e-01
5.063999999999999613e-01
5.081999999999999851e-01
5.116666666666667140e-01
5.086000000000000520e-01
5.062666666666666426e-01
5.076666666666667105e-01
5.080666666666666664e-01
5.103333333333333055e-01
5.092666666666666453e-01
5.067333333333333689e-01
5.101333333333333275e-01
5.107333333333333725e-01
5.061999999999999833e-01
5.078000000000000291e-01
5.094666666666666233e-01
5.114666666666666250e-01
5.113999999999999657e-01
5.132666666666666488e-01
5.093333333333333046e-01
5.097333333333333716e-01
5.116666666666667140e-01
5.080000000000000071e-01
5.110000000000000098e-01
5.124666666666666259e-01
5.096666666666667123e-01
5.110666666666666691e-01
5.101333333333333275e-01
5.090000000000000080e-01
5.110666666666666691e-01
5.109333333333333504e-01
5.116666666666667140e-01
5.099333333333333496e-01
5.132666666666666488e-01
5.173999999999999710e-01
5.100000000000000089e-01
5.098000000000000309e-01
5.086666666666667114e-01
5.115333333333332844e-01
5.113999999999999657e-01
5.120000000000000107e-01
5.128000000000000336e-01
5.116666666666667140e-01
5.103999999999999648e-01
5.118666666666666920e-01
5.156666666666667176e-01
5.103333333333333055e-01
5.120000000000000107e-01
5.110000000000000098e-01
5.115333333333332844e-01
5.112666666666666471e-01
5.100000000000000089e-01
5.107333333333333725e-01
5.097333333333333716e-01
5.121999999999999886e-01
5.071333333333333249e-01
5.146666666666667167e-01
5.135333333333332861e-01
5.100666666666666682e-01
5.143999999999999684e-01
5.141999999999999904e-01
5.136666666666667158e-01
5.188000000000000389e-01
5.168666666666666965e-01
5.148000000000000353e-01
5.139333333333333531e-01
5.155333333333332879e-01
5.119333333333333513e-01
5.146666666666667167e-01
5.138666666666666938e-01
5.115333333333332844e-01
5.160666666666666735e-01
5.150666666666666726e-01
5.161333333333333329e-01
5.127333333333333742e-01
5.144666666666666277e-01
5.154666666666666286e-01
5.179333333333333567e-01
5.153999999999999693e-01
5.164666666666666295e-01
5.142666666666666497e-01
5.140666666666666718e-01
5.174666666666666304e-01
5.133999999999999675e-01
5.148666666666666947e-01
5.163333333333333108e-01
5.155333333333332879e-01
5.165999999999999481e-01
5.148666666666666947e-01
5.141333333333333311e-01
5.146666666666667167e-01
5.159333333333333549e-01
5.175999999999999490e-01
5.156666666666667176e-01
5.130666666666666709e-01
5.148000000000000353e-01
5.165333333333332888e-01
5.169333333333333558e-01
5.182666666666666533e-01
5.200000000000000178e-01
5.162666666666666515e-01
5.183999999999999719e-01
5.168000000000000371e-01
5.193999999999999728e-01
5.178000000000000380e-01
5.175333333333332897e-01
5.212666666666666559e-01
5.192666666666666542e-01
5.172666666666666524e-01
5.170000000000000151e-01
5.195333333333332915e-01
5.169333333333333558e-01
5.183999999999999719e-01
5.182666666666666533e-01
5.188000000000000389e-01
5.163999999999999702e-01
5.151333333333333320e-01
5.187333333333333796e-01
5.181333333333333346e-01
5.199333333333333584e-01
5.213333333333333153e-01
5.217333333333333822e-01
5.225999999999999535e-01
5.188666666666666982e-01
5.192666666666666542e-01
5.203333333333333144e-01
5.166666666666667185e-01
5.189333333333333576e-01
5.165999999999999481e-01
5.149333333333333540e-01
5.188000000000000389e-01
5.205333333333332924e-01
5.179333333333333567e-01
5.238666666666667027e-01
5.225999999999999535e-01
5.209333333333333593e-01
5.220000000000000195e-01
5.231333333333333391e-01
5.218000000000000416e-01
5.193333333333333135e-01
5.165999999999999481e-01
5.213333333333333153e-01
5.228000000000000425e-01
5.225999999999999535e-01
5.208666666666667000e-01
5.208666666666667000e-01
5.181999999999999940e-01
5.205999999999999517e-01
5.223333333333333162e-01
5.212666666666666559e-01
5.200000000000000178e-01
5.211333333333333373e-01
5.254666666666666375e-01
5.238000000000000433e-01
5.198000000000000398e-01
5.216666666666666119e-01
5.222666666666666568e-01
5.237333333333333840e-01
5.233333333333333171e-01
5.151999999999999913e-01
5.281333333333333435e-01
5.241333333333333400e-01
5.234666666666666357e-01
5.238666666666667027e-01
5.207333333333333814e-01
5.240000000000000213e-01
5.252666666666666595e-01
5.241333333333333400e-01
5.212666666666666559e-01
5.228666666666667018e-01
5.254666666666666375e-01
5.222666666666666568e-01
5.217333333333333822e-01
5.265999999999999570e-01
5.214666666666666339e-01
5.221333333333333382e-01
5.262666666666666604e-01
5.256666666666666154e-01
5.203333333333333144e-01
5.239333333333333620e-01
5.286666666666666181e-01
5.256666666666666154e-01
5.254666666666666375e-01
5.191333333333333355e-01
5.254666666666666375e-01
5.239333333333333620e-01
5.233999999999999764e-01
5.268000000000000460e-01
5.242666666666666586e-01
5.248000000000000442e-01
5.243999999999999773e-01
5.250666666666666815e-01
5.235999999999999543e-01
5.244666666666666366e-01
5.241999999999999993e-01
5.284666666666666401e-01
5.284666666666666401e-01
5.250666666666666815e-01
5.255333333333332968e-01
5.242666666666666586e-01
5.243333333333333179e-01
5.240666666666666806e-01
5.244666666666666366e-01
5.238666666666667027e-01
5.258666666666667044e-01
5.286666666666666181e-01
5.272666666666666613e-01
5.273999999999999799e-01
5.235999999999999543e-01
5.260000000000000231e-01
5.266666666666666163e-01
5.270666666666666833e-01
5.282666666666666622e-01
5.201999999999999957e-01
5.258666666666667044e-01
5.273333333333333206e-01
5.253999999999999782e-01
5.268666666666667053e-01
5.280666666666666842e-01
5.263999999999999790e-01
5.272666666666666613e-01
5.246666666666666146e-01
5.304666666666666419e-01
5.267333333333333867e-01
5.267333333333333867e-01
5.293999999999999817e-01
5.262666666666666604e-01
5.265333333333332977e-01
5.241333333333333400e-01
5.252666666666666595e-01
5.253999999999999782e-01
5.266666666666666163e-01
5.280666666666666842e-01
5.289333333333333664e-01
5.338666666666667115e-01
5.282000000000000028e-01
5.269333333333333647e-01
5.254666666666666375e-01
5.258000000000000451e-01
5.311333333333333462e-01
5.278000000000000469e-01
5.283333333333333215e-01
5.313999999999999835e-01
5.298666666666667080e-01
5.293333333333333224e-01
5.262000000000000011e-01
5.304666666666666419e-01
5.285333333333332995e-01
5.269333333333333647e-01
5.280666666666666842e-01
5.307333333333332792e-01
5.312666666666666648e-01
5.293999999999999817e-01
5.302000000000000046e-01
5.313999999999999835e-01
5.282000000000000028e-01
5.291333333333333444e-01
5.310666666666666869e-01
5.329333333333333700e-01
5.295999999999999597e-01
5.301333333333333453e-01
5.289333333333333664e-01
5.302000000000000046e-01
5.308000000000000496e-01
5.303999999999999826e-01
5.323333333333333250e-01
5.318000000000000504e-01
5.280666666666666842e-01
5.348666666666667124e-01
5.306666666666666199e-01
5.282666666666666622e-01
5.329333333333333700e-01
5.336666666666666226e-01
5.316666666666666208e-01
5.312000000000000055e-01
5.323333333333333250e-01
5.352000000000000091e-01
5.290666666666666851e-01
5.310666666666666869e-01
5.320666666666666877e-01
5.304666666666666419e-01
5.342666666666666675e-01
5.285333333333332995e-01
5.314666666666666428e-01
5.360000000000000320e-01
5.330000000000000293e-01
5.319333333333333691e-01
5.332666666666666666e-01
5.328000000000000513e-01
5.318666666666667098e-01
5.295999999999999597e-01
5.352000000000000091e-01
5.334666666666666446e-01
5.333333333333333259e-01
5.355999999999999650e-01
5.355333333333333057e-01
5.298666666666667080e-01
5.297333333333332783e-01
5.312666666666666648e-01
5.339333333333333709e-01
5.326666666666666217e-01
5.360000000000000320e-01
5.372666666666666702e-01
5.365999999999999659e-01
5.340666666666666895e-01
5.303333333333333233e-01
5.342000000000000082e-01
5.312000000000000055e-01
5.330000000000000293e-01
5.333333333333333259e-01
5.331333333333333480e-01
