4.160666666666666402e-01
4.121333333333333515e-01
4.153999999999999915e-01
4.146000000000000241e-01
4.154666666666666508e-01
4.160666666666666402e-01
4.159999999999999809e-01
4.168666666666666631e-01
4.203333333333333366e-01
4.143999999999999906e-01
4.159333333333333216e-01
4.202000000000000179e-01
4.189333333333333242e-01
4.185333333333333128e-01
4.206666666666666887e-01
4.182000000000000162e-01
4.197333333333333472e-01
4.228000000000000091e-01
4.218666666666666676e-01
4.215333333333333155e-01
4.225999999999999757e-01
4.205333333333333146e-01
4.245999999999999774e-01
4.206666666666666887e-01
4.225333333333333163e-01
4.245999999999999774e-01
4.212666666666666782e-01
4.245333333333333181e-01
4.260666666666666491e-01
4.278666666666666729e-01
4.274666666666666615e-01
4.250666666666666482e-01
4.275333333333333208e-01
4.243333333333333401e-01
4.299333333333333340e-01
4.313333333333333464e-01
4.336666666666666448e-01
4.312000000000000277e-01
4.278666666666666729e-01
4.286666666666666403e-01
4.313333333333333464e-01
4.271333333333333093e-01
4.324666666666666659e-01
4.314000000000000057e-01
4.328666666666666774e-01
4.329999999999999960e-01
4.358000000000000207e-01
4.341333333333333155e-01
4.348666666666666791e-01
4.349999999999999978e-01
4.354000000000000092e-01
4.344666666666666677e-01
4.341333333333333155e-01
4.378000000000000225e-01
4.357333333333333059e-01
4.353333333333333499e-01
4.333333333333333481e-01
4.381999999999999784e-01
4.399333333333333429e-01
4.373333333333333517e-01
4.405999999999999917e-01
4.410666666666666624e-01
4.392666666666666941e-01
4.385333333333333306e-01
4.418666666666666853e-01
4.404000000000000137e-01
4.440666666666666651e-01
4.388666666666666827e-01
4.404666666666666730e-01
4.397333333333333094e-01
4.407333333333333103e-01
4.431333333333333235e-01
4.406666666666666510e-01
4.418000000000000260e-01
4.411999999999999811e-01
4.376666666666666483e-01
4.447333333333333139e-01
4.418666666666666853e-01
4.383333333333333526e-01
4.420000000000000040e-01
4.434666666666666757e-01
4.441333333333333244e-01
4.425999999999999934e-01
4.435333333333333350e-01
4.480666666666666687e-01
4.445333333333333359e-01
4.465999999999999970e-01
4.454666666666666774e-01
4.484000000000000208e-01
4.481333333333333280e-01
4.410666666666666624e-01
4.481999999999999873e-01
4.468666666666666898e-01
4.480000000000000093e-01
4.516666666666666607e-01
4.486666666666666581e-01
4.472666666666666457e-01
4.501999999999999891e-01
4.487333333333333174e-01
4.500666666666666704e-01
4.493333333333333068e-01
4.505333333333333412e-01
4.521333333333333315e-01
4.475333333333333385e-01
4.522666666666666502e-01
4.502666666666666484e-01
4.521999999999999909e-01
4.546666666666666634e-01
4.504000000000000226e-01
4.539333333333333553e-01
4.548666666666666414e-01
4.550000000000000155e-01
4.546000000000000041e-01
4.557333333333333236e-01
4.530000000000000138e-01
4.583999999999999742e-01
4.548666666666666414e-01
4.563999999999999724e-01
4.568666666666666432e-01
4.553333333333333122e-01
4.589333333333333598e-01
4.587999999999999856e-01
4.594666666666666899e-01
4.556666666666666643e-01
4.582666666666666555e-01
4.555333333333333456e-01
4.577999999999999847e-01
4.585333333333333483e-01
4.603999999999999759e-01
4.596000000000000085e-01
4.576666666666666661e-01
4.600666666666666793e-01
4.600666666666666793e-01
4.610666666666666802e-01
4.600666666666666793e-01
4.595333333333333492e-01
4.606666666666666687e-01
4.587333333333333263e-01
4.629333333333333078e-01
4.593333333333333157e-01
4.624666666666666925e-01
4.570000000000000173e-01
4.586666666666666670e-01
4.659333333333333105e-01
4.656666666666666732e-01
4.626666666666666705e-01
4.651333333333333431e-01
4.599333333333333607e-01
4.613999999999999768e-01
4.666666666666666741e-01
4.601333333333333386e-01
4.619333333333333069e-01
4.673333333333333228e-01
4.658666666666666512e-01
4.663333333333333219e-01
4.683333333333333237e-01
4.683333333333333237e-01
4.697999999999999954e-01
4.650666666666666837e-01
4.660666666666666846e-01
4.690666666666666873e-01
4.629333333333333078e-01
4.628666666666666485e-01
4.697333333333333361e-01
4.661333333333333440e-01
4.662666666666666626e-01
4.626666666666666705e-01
4.680000000000000271e-01
4.657333333333333325e-01
4.696666666666666767e-01
4.717999999999999972e-01
4.703333333333333255e-01
4.698666666666666547e-01
4.708666666666666556e-01
4.698666666666666547e-01
4.707999999999999963e-01
4.713333333333333264e-01
4.699999999999999734e-01
4.693333333333333246e-01
4.692666666666666653e-01
4.715333333333333599e-01
4.697999999999999954e-01
4.691333333333333466e-01
4.712000000000000077e-01
4.687999999999999945e-01
4.701333333333333475e-01
4.730666666666666909e-01
4.709333333333333149e-01
4.707999999999999963e-01
4.745333333333333070e-01
4.745333333333333070e-01
4.748666666666666591e-01
4.723999999999999866e-01
4.699999999999999734e-01
4.736666666666666803e-01
4.761333333333333528e-01
4.746000000000000218e-01
4.763333333333333308e-01
4.760666666666666935e-01
4.730666666666666909e-01
4.738666666666666583e-01
4.753999999999999893e-01
4.753999999999999893e-01
4.714666666666666450e-01
4.786000000000000254e-01
4.737999999999999989e-01
4.772666666666666724e-01
4.755333333333333079e-01
4.744666666666666477e-01
4.739999999999999769e-01
4.748666666666666591e-01
4.803999999999999937e-01
4.768666666666666609e-01
4.764666666666666495e-01
4.767333333333333423e-01
4.772000000000000131e-01
4.783999999999999919e-01
4.753999999999999893e-01
4.782666666666666733e-01
4.805333333333333123e-01
4.781333333333333546e-01
4.763333333333333308e-01
4.829999999999999849e-01
4.780666666666666398e-01
4.786666666666666847e-01
4.776000000000000245e-01
4.798000000000000043e-01
4.805333333333333123e-01
4.821333333333333582e-01
4.828666666666666663e-01
4.775333333333333097e-01
4.791333333333333555e-01
4.797333333333333449e-01
4.798000000000000043e-01
4.797333333333333449e-01
4.809999999999999831e-01
4.855999999999999761e-01
4.839333333333333265e-01
4.825333333333333141e-01
4.829333333333333256e-01
4.842000000000000193e-01
4.840666666666666451e-01
4.825333333333333141e-01
4.835999999999999743e-01
4.841333333333333599e-01
4.839333333333333265e-01
4.843333333333333379e-01
4.840666666666666451e-01
4.829333333333333256e-01
4.812666666666666759e-01
4.808000000000000052e-01
4.851333333333333608e-01
4.835999999999999743e-01
4.855999999999999761e-01
4.827333333333333476e-01
4.846666666666666901e-01
4.882000000000000228e-01
4.855999999999999761e-01
4.853999999999999981e-01
4.862000000000000210e-01
4.858000000000000096e-01
4.871333333333333071e-01
4.862666666666666804e-01
4.872666666666666813e-01
4.886666666666666936e-01
4.874666666666666592e-01
4.884666666666666601e-01
4.899999999999999911e-01
4.902666666666666839e-01
4.875333333333333186e-01
4.887333333333333529e-01
4.834666666666666557e-01
4.895333333333333203e-01
4.845333333333333159e-01
4.875333333333333186e-01
4.855999999999999761e-01
4.894000000000000017e-01
4.871333333333333071e-01
4.875333333333333186e-01
4.930666666666666531e-01
4.865999999999999770e-01
4.885999999999999788e-01
4.902000000000000246e-01
4.905999999999999805e-01
4.867333333333333512e-01
4.925999999999999823e-01
4.909999999999999920e-01
4.904666666666666619e-01
4.935333333333333239e-01
4.899999999999999911e-01
4.900666666666666504e-01
4.885999999999999788e-01
4.908666666666666734e-01
4.934666666666666646e-01
4.920666666666666522e-01
4.910666666666666513e-01
4.867333333333333512e-01
4.942666666666666875e-01
4.898666666666666725e-01
4.882666666666666822e-01
4.962666666666666893e-01
4.924000000000000044e-01
4.905999999999999805e-01
4.915999999999999814e-01
4.948000000000000176e-01
4.898666666666666725e-01
4.932000000000000273e-01
4.979333333333333389e-01
4.942666666666666875e-01
4.928666666666666751e-01
4.956666666666666443e-01
4.946666666666666434e-01
4.947333333333333583e-01
4.938000000000000167e-01
4.941333333333333133e-01
4.948000000000000176e-01
4.935333333333333239e-01
4.937333333333333574e-01
4.964666666666666672e-01
4.915999999999999814e-01
4.955333333333333257e-01
4.950666666666666549e-01
4.944000000000000061e-01
4.938666666666666760e-01
4.951999999999999735e-01
4.990666666666666584e-01
4.938000000000000167e-01
4.948666666666666769e-01
4.971999999999999753e-01
4.939999999999999947e-01
4.978666666666666796e-01
4.988000000000000211e-01
4.932000000000000273e-01
4.952666666666666884e-01
4.971333333333333160e-01
4.935999999999999832e-01
4.988666666666666805e-01
4.988000000000000211e-01
4.949999999999999956e-01
4.947333333333333583e-01
4.945999999999999841e-01
5.006666666666667043e-01
4.989999999999999991e-01
4.997333333333333072e-01
4.996666666666666479e-01
4.976666666666666461e-01
4.984666666666666690e-01
4.954666666666666663e-01
4.988000000000000211e-01
4.929333333333333345e-01
4.975999999999999868e-01
5.013333333333332975e-01
4.980666666666666575e-01
4.969333333333333380e-01
4.988000000000000211e-01
5.021999999999999797e-01
4.987333333333333063e-01
4.993333333333333512e-01
4.982666666666666910e-01
5.017333333333333645e-01
5.013999999999999568e-01
5.011333333333333195e-01
4.997333333333333072e-01
5.013333333333332975e-01
5.049333333333333451e-01
4.951333333333333142e-01
5.016000000000000458e-01
4.974666666666666681e-01
4.968000000000000194e-01
5.025333333333333874e-01
4.998666666666666814e-01
4.978000000000000203e-01
5.008000000000000229e-01
4.995999999999999885e-01
5.059333333333333460e-01
5.000666666666666593e-01
5.036000000000000476e-01
5.037333333333333663e-01
5.066666666666667096e-01
5.053333333333333011e-01
5.043333333333333002e-01
5.013333333333332975e-01
5.036666666666667069e-01
5.047333333333333671e-01
5.018666666666666831e-01
5.048000000000000265e-01
5.027333333333333654e-01
5.023999999999999577e-01
5.017333333333333645e-01
5.053333333333333011e-01
5.022666666666666391e-01
5.010666666666666602e-01
5.023999999999999577e-01
5.020000000000000018e-01
5.058000000000000274e-01
5.079333333333333478e-01
5.029333333333333433e-01
5.020000000000000018e-01
5.056666666666667087e-01
5.028666666666666840e-01
5.025333333333333874e-01
5.016000000000000458e-01
5.035333333333333883e-01
5.041333333333333222e-01
5.055333333333332790e-01
5.050000000000000044e-01
5.038000000000000256e-01
5.068666666666666876e-01
5.044666666666666188e-01
5.036000000000000476e-01
5.071333333333333249e-01
5.065333333333332799e-01
5.090000000000000080e-01
5.046666666666667078e-01
5.064666666666666206e-01
5.055333333333332790e-01
5.097333333333333716e-01
5.056666666666667087e-01
5.076000000000000512e-01
5.066666666666667096e-01
5.058666666666666867e-01
5.071999999999999842e-01
5.108666666666666911e-01
5.076000000000000512e-01
5.056000000000000494e-01
5.068000000000000282e-01
5.074666666666666215e-01
5.094666666666666233e-01
5.087333333333333707e-01
5.063333333333333020e-01
5.093999999999999639e-01
5.101999999999999869e-01
5.053999999999999604e-01
5.068000000000000282e-01
5.088000000000000300e-01
5.105333333333332835e-01
5.102666666666666462e-01
5.121999999999999886e-01
5.082666666666666444e-01
5.090666666666666673e-01
5.111333333333333284e-01
5.072666666666666435e-01
5.103999999999999648e-01
5.118666666666666920e-01
5.083999999999999631e-01
5.103999999999999648e-01
5.096666666666667123e-01
5.079333333333333478e-01
5.103333333333333055e-01
5.106000000000000538e-01
5.110666666666666691e-01
5.094666666666666233e-01
5.123333333333333073e-01
5.169333333333333558e-01
5.095333333333332826e-01
5.088666666666666893e-01
5.084666666666666224e-01
5.106000000000000538e-01
5.106666666666667131e-01
5.111333333333333284e-01
5.118000000000000327e-01
5.113333333333333064e-01
5.103333333333333055e-01
5.109333333333333504e-01
5.151999999999999913e-01
5.098000000000000309e-01
5.115333333333332844e-01
5.100666666666666682e-01
5.104666666666666242e-01
5.104666666666666242e-01
5.090000000000000080e-01
5.106000000000000538e-01
5.092666666666666453e-01
5.118000000000000327e-01
5.065333333333332799e-01
5.138666666666666938e-01
5.129333333333333522e-01
5.091333333333333266e-01
5.137333333333333751e-01
5.133999999999999675e-01
5.129333333333333522e-01
5.181999999999999940e-01
5.165333333333332888e-01
5.140000000000000124e-01
5.133333333333333082e-01
5.150666666666666726e-01
5.111333333333333284e-01
5.137333333333333751e-01
5.130666666666666709e-01
5.112666666666666471e-01
5.154666666666666286e-01
5.143999999999999684e-01
5.155999999999999472e-01
5.123333333333333073e-01
5.138000000000000345e-01
5.146666666666667167e-01
5.178000000000000380e-01
5.151333333333333320e-01
5.161333333333333329e-01
5.137333333333333751e-01
5.132666666666666488e-01
5.171999999999999931e-01
5.125999999999999446e-01
5.140000000000000124e-01
5.157333333333333769e-01
5.150666666666666726e-01
5.160666666666666735e-01
5.135999999999999455e-01
5.133999999999999675e-01
5.141999999999999904e-01
5.151999999999999913e-01
5.170666666666666744e-01
5.150000000000000133e-01
5.121999999999999886e-01
5.143999999999999684e-01
5.162666666666666515e-01
5.165999999999999481e-01
5.173999999999999710e-01
5.191333333333333355e-01
5.158000000000000362e-01
5.179333333333333567e-01
5.161999999999999922e-01
5.188000000000000389e-01
5.173333333333333117e-01
5.169333333333333558e-01
5.206666666666667220e-01
5.189333333333333576e-01
5.166666666666667185e-01
5.170666666666666744e-01
5.189333333333333576e-01
5.165999999999999481e-01
5.180000000000000160e-01
5.176666666666667194e-01
5.181999999999999940e-01
5.161999999999999922e-01
5.141999999999999904e-01
5.182666666666666533e-01
5.180666666666666753e-01
5.195999999999999508e-01
5.207333333333333814e-01
5.213999999999999746e-01
5.228000000000000425e-01
5.188666666666666982e-01
5.190000000000000169e-01
5.201333333333333364e-01
5.163333333333333108e-01
5.180000000000000160e-01
5.158666666666666956e-01
5.147333333333333760e-01
5.181333333333333346e-01
5.191333333333333355e-01
5.173999999999999710e-01
5.234666666666666357e-01
5.221999999999999975e-01
5.203999999999999737e-01
5.213999999999999746e-01
5.221333333333333382e-01
5.211999999999999966e-01
5.191333333333333355e-01
5.161333333333333329e-01
5.206666666666667220e-01
5.220000000000000195e-01
5.216666666666666119e-01
5.200000000000000178e-01
5.203333333333333144e-01
5.175333333333332897e-01
5.198666666666666991e-01
5.214666666666666339e-01
5.205333333333332924e-01
5.188000000000000389e-01
5.205333333333332924e-01
5.248000000000000442e-01
5.228000000000000425e-01
5.192666666666666542e-01
5.212666666666666559e-01
5.216666666666666119e-01
5.225999999999999535e-01
5.225999999999999535e-01
5.146666666666667167e-01
5.275333333333332986e-01
5.238000000000000433e-01
5.230666666666666798e-01
5.230666666666666798e-01
5.198666666666666991e-01
5.235333333333332950e-01
5.241333333333333400e-01
5.236666666666666137e-01
5.204666666666666330e-01
5.224666666666666348e-01
5.249333333333333629e-01
5.212666666666666559e-01
5.211999999999999966e-01
5.262000000000000011e-01
5.210000000000000187e-01
5.216666666666666119e-01
5.258666666666667044e-01
5.249333333333333629e-01
5.199333333333333584e-01
5.237333333333333840e-01
5.282000000000000028e-01
5.251333333333333409e-01
5.251333333333333409e-01
5.188000000000000389e-01
5.253999999999999782e-01
5.235999999999999543e-01
5.231999999999999984e-01
5.260666666666666824e-01
5.238000000000000433e-01
5.240000000000000213e-01
5.242666666666666586e-01
5.247333333333333849e-01
5.226666666666666128e-01
5.235999999999999543e-01
5.234666666666666357e-01
5.277333333333333876e-01
5.280000000000000249e-01
5.248000000000000442e-01
5.255999999999999561e-01
5.237333333333333840e-01
5.236666666666666137e-01
5.241999999999999993e-01
5.238666666666667027e-01
5.229333333333333611e-01
5.255333333333332968e-01
5.283333333333333215e-01
5.271333333333333426e-01
5.265333333333332977e-01
5.233333333333333171e-01
5.258000000000000451e-01
5.262000000000000011e-01
5.266666666666666163e-01
5.280666666666666842e-01
5.200666666666666771e-01
5.254666666666666375e-01
5.265999999999999570e-01
5.251333333333333409e-01
5.262000000000000011e-01
5.279333333333333655e-01
5.257333333333333858e-01
5.268000000000000460e-01
5.240666666666666806e-01
5.300666666666666860e-01
5.262666666666666604e-01
5.263999999999999790e-01
5.284666666666666401e-01
5.253333333333333188e-01
5.260666666666666824e-01
5.237333333333333840e-01
5.246666666666666146e-01
5.246666666666666146e-01
5.258000000000000451e-01
5.272666666666666613e-01
5.286666666666666181e-01
5.332000000000000073e-01
5.272000000000000020e-01
5.260666666666666824e-01
5.250666666666666815e-01
5.250000000000000222e-01
5.301333333333333453e-01
5.273333333333333206e-01
5.278000000000000469e-01
5.310000000000000275e-01
5.290666666666666851e-01
5.282000000000000028e-01
5.257333333333333858e-01
5.295999999999999597e-01
5.282666666666666622e-01
5.263999999999999790e-01
5.275333333333332986e-01
5.305999999999999606e-01
5.308666666666667089e-01
5.288000000000000478e-01
5.300000000000000266e-01
5.312000000000000055e-01
5.274666666666666393e-01
5.283999999999999808e-01
5.305999999999999606e-01
5.323999999999999844e-01
5.293333333333333224e-01
5.298666666666667080e-01
5.290000000000000258e-01
5.300666666666666860e-01
5.303333333333333233e-01
5.301333333333333453e-01
5.318666666666667098e-01
5.307333333333332792e-01
5.280666666666666842e-01
5.343999999999999861e-01
5.301333333333333453e-01
5.275999999999999579e-01
5.320666666666666877e-01
5.330666666666666886e-01
5.310000000000000275e-01
5.306666666666666199e-01
5.318000000000000504e-01
5.348000000000000531e-01
5.288666666666667071e-01
5.307333333333332792e-01
5.313999999999999835e-01
5.299333333333333673e-01
5.339333333333333709e-01
5.282666666666666622e-01
5.306666666666666199e-01
5.358666666666667133e-01
5.325999999999999623e-01
5.312666666666666648e-01
5.325999999999999623e-01
5.322000000000000064e-01
5.316666666666666208e-01
5.291333333333333444e-01
5.349333333333333718e-01
5.327333333333332810e-01
5.326666666666666217e-01
5.346666666666666234e-01
5.350000000000000311e-01
5.296666666666666190e-01
5.289333333333333664e-01
5.307333333333332792e-01
5.330666666666666886e-01
5.322666666666666657e-01
5.358666666666667133e-01
5.369333333333333735e-01
5.363333333333333286e-01
5.337333333333332819e-01
5.298666666666667080e-01
5.337333333333332819e-01
5.308000000000000496e-01
5.330000000000000293e-01
5.330000000000000293e-01
5.325999999999999623e-01
