4.186666666666666869e-01
4.138666666666666605e-01
4.186666666666666869e-01
4.164666666666666517e-01
4.176000000000000267e-01
4.178666666666666640e-01
4.192666666666666764e-01
4.196666666666666878e-01
4.232666666666666799e-01
4.169333333333333225e-01
4.179333333333333234e-01
4.228666666666666685e-01
4.206666666666666887e-01
4.207333333333333480e-01
4.228000000000000091e-01
4.198000000000000065e-01
4.219999999999999862e-01
4.245333333333333181e-01
4.233999999999999986e-01
4.233999999999999986e-01
4.250666666666666482e-01
4.227333333333333498e-01
4.260666666666666491e-01
4.233333333333333393e-01
4.244666666666666588e-01
4.269999999999999907e-01
4.235333333333333172e-01
4.255333333333333190e-01
4.278666666666666729e-01
4.293333333333333446e-01
4.295999999999999819e-01
4.274000000000000021e-01
4.295333333333333226e-01
4.262000000000000233e-01
4.325333333333333252e-01
4.330666666666666553e-01
4.358000000000000207e-01
4.335333333333333261e-01
4.301333333333333120e-01
4.306666666666666421e-01
4.328000000000000180e-01
4.285999999999999810e-01
4.342666666666666897e-01
4.329333333333333367e-01
4.349333333333333385e-01
4.344666666666666677e-01
4.374000000000000110e-01
4.358000000000000207e-01
4.360666666666666580e-01
4.365333333333333288e-01
4.367333333333333067e-01
4.359999999999999987e-01
4.356666666666666465e-01
4.391999999999999793e-01
4.369999999999999996e-01
4.369333333333333402e-01
4.347333333333333605e-01
4.393333333333333535e-01
4.412666666666666404e-01
4.390000000000000013e-01
4.410666666666666624e-01
4.427333333333333121e-01
4.405999999999999917e-01
4.395333333333333314e-01
4.434000000000000163e-01
4.417333333333333112e-01
4.455999999999999961e-01
4.406666666666666510e-01
4.420666666666666633e-01
4.411999999999999811e-01
4.428000000000000269e-01
4.457999999999999741e-01
4.418000000000000260e-01
4.429333333333333456e-01
4.425333333333333341e-01
4.389333333333333420e-01
4.460666666666666669e-01
4.431333333333333235e-01
4.395999999999999908e-01
4.431999999999999829e-01
4.450666666666666660e-01
4.447333333333333139e-01
4.440666666666666651e-01
4.448666666666666880e-01
4.495333333333333403e-01
4.459333333333333482e-01
4.475999999999999979e-01
4.463333333333333597e-01
4.500000000000000111e-01
4.496666666666666590e-01
4.424000000000000155e-01
4.497333333333333183e-01
4.480666666666666687e-01
4.492666666666666475e-01
4.526000000000000023e-01
4.500666666666666704e-01
4.485999999999999988e-01
4.515333333333333421e-01
4.500666666666666704e-01
4.517999999999999794e-01
4.504666666666666819e-01
4.519333333333333536e-01
4.534666666666666845e-01
4.489333333333333509e-01
4.532666666666666511e-01
4.510666666666666713e-01
4.531999999999999917e-01
4.557333333333333236e-01
4.512666666666666493e-01
4.551333333333333342e-01
4.556666666666666643e-01
4.555333333333333456e-01
4.554666666666666863e-01
4.570666666666666766e-01
4.541333333333333333e-01
4.597999999999999865e-01
4.561333333333333351e-01
4.571999999999999953e-01
4.575333333333333474e-01
4.560666666666666758e-01
4.598666666666666458e-01
4.597333333333333272e-01
4.603333333333333166e-01
4.567333333333333245e-01
4.591999999999999971e-01
4.567333333333333245e-01
4.583999999999999742e-01
4.596666666666666679e-01
4.620000000000000218e-01
4.603333333333333166e-01
4.586000000000000076e-01
4.609333333333333060e-01
4.612666666666666582e-01
4.621999999999999997e-01
4.610000000000000209e-01
4.606666666666666687e-01
4.616000000000000103e-01
4.597999999999999865e-01
4.643333333333333202e-01
4.605333333333333501e-01
4.635333333333333528e-01
4.580666666666666775e-01
4.600666666666666793e-01
4.673999999999999821e-01
4.664666666666666406e-01
4.634666666666666934e-01
4.655333333333333545e-01
4.611333333333333395e-01
4.619333333333333069e-01
4.676000000000000156e-01
4.606666666666666687e-01
4.626000000000000112e-01
4.683999999999999830e-01
4.667999999999999927e-01
4.670000000000000262e-01
4.692000000000000060e-01
4.693999999999999839e-01
4.697999999999999954e-01
4.663333333333333219e-01
4.667333333333333334e-01
4.695333333333333581e-01
4.641333333333333422e-01
4.637333333333333307e-01
4.702666666666666662e-01
4.666666666666666741e-01
4.666000000000000147e-01
4.630000000000000226e-01
4.690666666666666873e-01
4.667333333333333334e-01
4.702000000000000068e-01
4.729999999999999760e-01
4.706666666666666776e-01
4.706000000000000183e-01
4.711333333333333484e-01
4.702000000000000068e-01
4.717999999999999972e-01
4.723333333333333273e-01
4.706000000000000183e-01
4.700666666666666882e-01
4.702666666666666662e-01
4.725333333333333607e-01
4.709999999999999742e-01
4.697333333333333361e-01
4.720666666666666900e-01
4.689333333333333131e-01
4.703333333333333255e-01
4.737333333333333396e-01
4.716000000000000192e-01
4.712000000000000077e-01
4.753333333333333299e-01
4.749333333333333185e-01
4.754666666666666486e-01
4.732666666666666688e-01
4.709333333333333149e-01
4.739333333333333176e-01
4.769999999999999796e-01
4.751333333333333520e-01
4.768666666666666609e-01
4.768666666666666609e-01
4.738666666666666583e-01
4.748666666666666591e-01
4.762000000000000122e-01
4.763333333333333308e-01
4.722000000000000086e-01
4.789999999999999813e-01
4.741333333333333511e-01
4.782666666666666733e-01
4.763999999999999901e-01
4.752666666666666706e-01
4.752666666666666706e-01
4.753999999999999893e-01
4.815999999999999726e-01
4.778666666666666618e-01
4.774666666666666504e-01
4.775333333333333097e-01
4.773333333333333317e-01
4.786000000000000254e-01
4.763999999999999901e-01
4.785333333333333106e-01
4.814666666666666539e-01
4.789999999999999813e-01
4.766000000000000236e-01
4.831333333333333591e-01
4.789333333333333220e-01
4.792666666666666742e-01
4.780666666666666398e-01
4.802000000000000157e-01
4.812000000000000166e-01
4.828000000000000069e-01
4.833333333333333370e-01
4.779999999999999805e-01
4.793999999999999928e-01
4.806666666666666865e-01
4.798666666666666636e-01
4.802666666666666750e-01
4.812000000000000166e-01
4.862666666666666804e-01
4.842666666666666786e-01
4.829999999999999849e-01
4.838000000000000078e-01
4.849333333333333274e-01
4.852000000000000202e-01
4.832000000000000184e-01
4.837333333333333485e-01
4.843999999999999972e-01
4.844666666666666566e-01
4.848666666666666680e-01
4.848000000000000087e-01
4.839999999999999858e-01
4.819999999999999840e-01
4.812000000000000166e-01
4.859333333333333282e-01
4.839333333333333265e-01
4.855999999999999761e-01
4.835999999999999743e-01
4.851333333333333608e-01
4.894666666666666610e-01
4.862000000000000210e-01
4.862000000000000210e-01
4.864666666666666583e-01
4.863333333333333397e-01
4.877333333333333520e-01
4.866666666666666918e-01
4.879999999999999893e-01
4.893333333333333424e-01
4.882000000000000228e-01
4.890666666666666496e-01
4.905999999999999805e-01
4.907333333333333547e-01
4.883333333333333415e-01
4.893333333333333424e-01
4.842000000000000193e-01
4.901333333333333098e-01
4.853999999999999981e-01
4.879999999999999893e-01
4.858666666666666689e-01
4.904666666666666619e-01
4.875999999999999779e-01
4.880666666666666487e-01
4.933333333333333459e-01
4.866666666666666918e-01
4.890666666666666496e-01
4.909999999999999920e-01
4.911333333333333107e-01
4.872000000000000219e-01
4.932000000000000273e-01
4.916666666666666408e-01
4.905333333333333212e-01
4.938666666666666760e-01
4.908666666666666734e-01
4.903333333333333433e-01
4.892000000000000237e-01
4.912666666666666848e-01
4.936666666666666425e-01
4.924666666666666637e-01
4.913333333333333441e-01
4.872666666666666813e-01
4.941333333333333133e-01
4.901333333333333098e-01
4.884000000000000008e-01
4.967333333333333600e-01
4.924000000000000044e-01
4.908000000000000140e-01
4.925333333333333230e-01
4.954666666666666663e-01
4.905999999999999805e-01
4.938000000000000167e-01
4.980666666666666575e-01
4.945999999999999841e-01
4.934000000000000052e-01
4.959999999999999964e-01
4.950666666666666549e-01
4.952666666666666884e-01
4.940666666666666540e-01
4.943333333333333468e-01
4.950666666666666549e-01
4.939999999999999947e-01
4.940666666666666540e-01
4.968666666666666787e-01
4.918000000000000149e-01
4.962666666666666893e-01
4.951333333333333142e-01
4.945999999999999841e-01
4.943333333333333468e-01
4.955999999999999850e-01
4.994000000000000106e-01
4.944000000000000061e-01
4.954000000000000070e-01
4.975333333333333274e-01
4.943333333333333468e-01
4.981999999999999762e-01
4.997333333333333072e-01
4.934666666666666646e-01
4.958000000000000185e-01
4.975999999999999868e-01
4.935333333333333239e-01
4.989999999999999991e-01
4.993333333333333512e-01
4.956666666666666443e-01
4.952666666666666884e-01
4.949333333333333362e-01
5.010666666666666602e-01
4.997333333333333072e-01
4.999333333333333407e-01
5.004666666666666153e-01
4.982666666666666910e-01
4.990666666666666584e-01
4.958666666666666778e-01
4.990666666666666584e-01
4.932666666666666866e-01
4.983333333333333504e-01
5.018000000000000238e-01
4.982666666666666910e-01
4.974666666666666681e-01
4.993333333333333512e-01
5.026000000000000467e-01
4.995999999999999885e-01
4.995333333333333292e-01
4.989333333333333398e-01
5.023333333333332984e-01
5.017333333333333645e-01
5.013333333333332975e-01
5.001999999999999780e-01
5.015333333333333865e-01
5.053999999999999604e-01
4.954666666666666663e-01
5.018666666666666831e-01
4.982666666666666910e-01
4.966666666666666452e-01
5.025333333333333874e-01
5.002666666666666373e-01
4.984000000000000097e-01
5.010000000000000009e-01
5.000666666666666593e-01
5.062666666666666426e-01
5.004666666666666153e-01
5.037333333333333663e-01
5.036666666666667069e-01
5.073999999999999622e-01
5.056666666666667087e-01
5.046666666666667078e-01
5.017333333333333645e-01
5.040000000000000036e-01
5.052666666666666417e-01
5.021999999999999797e-01
5.053999999999999604e-01
5.031999999999999806e-01
5.021999999999999797e-01
5.020666666666666611e-01
5.058666666666666867e-01
5.030000000000000027e-01
5.014666666666666162e-01
5.032666666666666400e-01
5.025333333333333874e-01
5.061333333333333240e-01
5.083999999999999631e-01
5.032666666666666400e-01
5.028000000000000247e-01
5.059333333333333460e-01
5.030666666666666620e-01
5.026000000000000467e-01
5.023333333333332984e-01
5.040666666666666629e-01
5.047333333333333671e-01
5.066000000000000503e-01
5.061333333333333240e-01
5.046666666666667078e-01
5.068666666666666876e-01
5.047333333333333671e-01
5.041333333333333222e-01
5.076000000000000512e-01
5.067333333333333689e-01
5.092666666666666453e-01
5.049333333333333451e-01
5.071999999999999842e-01
5.058666666666666867e-01
5.100666666666666682e-01
5.059333333333333460e-01
5.080000000000000071e-01
5.073999999999999622e-01
5.063333333333333020e-01
5.080000000000000071e-01
5.111999999999999877e-01
5.080000000000000071e-01
5.059333333333333460e-01
5.071333333333333249e-01
5.078000000000000291e-01
5.099333333333333496e-01
5.088666666666666893e-01
5.064666666666666206e-01
5.096666666666667123e-01
5.103999999999999648e-01
5.058666666666666867e-01
5.074666666666666215e-01
5.094666666666666233e-01
5.110000000000000098e-01
5.110666666666666691e-01
5.126666666666667149e-01
5.091999999999999860e-01
5.093999999999999639e-01
5.110666666666666691e-01
5.078666666666666885e-01
5.106666666666667131e-01
5.122666666666666480e-01
5.090000000000000080e-01
5.107333333333333725e-01
5.101333333333333275e-01
5.086666666666667114e-01
5.107333333333333725e-01
5.106000000000000538e-01
5.114666666666666250e-01
5.094666666666666233e-01
5.124666666666666259e-01
5.173333333333333117e-01
5.096000000000000529e-01
5.094666666666666233e-01
5.086666666666667114e-01
5.110666666666666691e-01
5.111999999999999877e-01
5.118000000000000327e-01
5.123999999999999666e-01
5.116666666666667140e-01
5.102666666666666462e-01
5.116000000000000547e-01
5.152666666666666506e-01
5.100666666666666682e-01
5.119333333333333513e-01
5.108000000000000318e-01
5.110666666666666691e-01
5.108000000000000318e-01
5.096666666666667123e-01
5.107333333333333725e-01
5.094666666666666233e-01
5.120666666666666700e-01
5.070000000000000062e-01
5.141333333333333311e-01
5.134666666666666268e-01
5.096666666666667123e-01
5.143333333333333091e-01
5.138666666666666938e-01
5.133999999999999675e-01
5.184666666666666313e-01
5.165999999999999481e-01
5.143999999999999684e-01
5.137333333333333751e-01
5.153999999999999693e-01
5.111333333333333284e-01
5.145333333333332870e-01
5.135333333333332861e-01
5.113999999999999657e-01
5.156666666666667176e-01
5.148666666666666947e-01
5.160000000000000142e-01
5.125999999999999446e-01
5.141333333333333311e-01
5.149333333333333540e-01
5.178666666666666973e-01
5.152666666666666506e-01
5.163333333333333108e-01
5.141333333333333311e-01
5.138666666666666938e-01
5.173333333333333117e-01
5.129333333333333522e-01
5.144666666666666277e-01
5.161333333333333329e-01
5.151999999999999913e-01
5.165333333333332888e-01
5.138666666666666938e-01
5.138666666666666938e-01
5.148666666666666947e-01
5.155999999999999472e-01
5.173999999999999710e-01
5.153999999999999693e-01
5.125999999999999446e-01
5.145999999999999464e-01
5.164666666666666295e-01
5.166666666666667185e-01
5.179333333333333567e-01
5.196666666666667211e-01
5.159333333333333549e-01
5.178666666666666973e-01
5.164666666666666295e-01
5.190000000000000169e-01
5.177333333333333787e-01
5.171333333333333337e-01
5.208666666666667000e-01
5.190666666666666762e-01
5.169333333333333558e-01
5.171333333333333337e-01
5.191333333333333355e-01
5.167333333333333778e-01
5.182666666666666533e-01
5.179333333333333567e-01
5.185999999999999499e-01
5.163333333333333108e-01
5.146666666666667167e-01
5.183999999999999719e-01
5.183999999999999719e-01
5.201999999999999957e-01
5.213333333333333153e-01
5.215999999999999526e-01
5.225999999999999535e-01
5.188000000000000389e-01
5.189333333333333576e-01
5.202666666666666551e-01
5.163999999999999702e-01
5.183999999999999719e-01
5.162666666666666515e-01
5.148000000000000353e-01
5.185333333333332906e-01
5.198666666666666991e-01
5.174666666666666304e-01
5.238000000000000433e-01
5.223999999999999755e-01
5.203999999999999737e-01
5.218000000000000416e-01
5.225999999999999535e-01
5.215999999999999526e-01
5.196666666666667211e-01
5.165333333333332888e-01
5.210666666666666780e-01
5.223999999999999755e-01
5.220666666666666789e-01
5.203999999999999737e-01
5.205333333333332924e-01
5.180000000000000160e-01
5.200666666666666771e-01
5.218000000000000416e-01
5.211999999999999966e-01
5.194666666666666321e-01
5.209333333333333593e-01
5.252000000000000002e-01
5.234666666666666357e-01
5.195999999999999508e-01
5.215333333333332932e-01
5.222666666666666568e-01
5.233999999999999764e-01
5.232666666666666577e-01
5.146666666666667167e-01
5.279333333333333655e-01
5.241999999999999993e-01
5.233999999999999764e-01
5.235999999999999543e-01
5.203333333333333144e-01
5.238000000000000433e-01
5.242666666666666586e-01
5.238000000000000433e-01
5.209333333333333593e-01
5.226666666666666128e-01
5.252000000000000002e-01
5.220000000000000195e-01
5.218000000000000416e-01
5.265333333333332977e-01
5.212666666666666559e-01
5.220000000000000195e-01
5.260000000000000231e-01
5.251333333333333409e-01
5.200000000000000178e-01
5.238000000000000433e-01
5.284666666666666401e-01
5.253999999999999782e-01
5.253999999999999782e-01
5.191333333333333355e-01
5.250666666666666815e-01
5.235999999999999543e-01
5.235999999999999543e-01
5.265333333333332977e-01
5.240000000000000213e-01
5.245999999999999552e-01
5.244666666666666366e-01
5.246666666666666146e-01
5.230000000000000204e-01
5.240666666666666806e-01
5.240000000000000213e-01
5.280000000000000249e-01
5.282000000000000028e-01
5.252000000000000002e-01
5.255333333333332968e-01
5.239333333333333620e-01
5.240666666666666806e-01
5.242666666666666586e-01
5.240666666666666806e-01
5.234666666666666357e-01
5.258666666666667044e-01
5.282000000000000028e-01
5.270666666666666833e-01
5.268666666666667053e-01
5.231999999999999984e-01
5.262000000000000011e-01
5.265999999999999570e-01
5.268000000000000460e-01
5.282000000000000028e-01
5.201999999999999957e-01
5.258000000000000451e-01
5.270666666666666833e-01
5.250666666666666815e-01
5.260666666666666824e-01
5.278000000000000469e-01
5.258000000000000451e-01
5.271333333333333426e-01
5.245333333333332959e-01
5.302666666666666639e-01
5.265999999999999570e-01
5.266666666666666163e-01
5.291333333333333444e-01
5.257333333333333858e-01
5.262000000000000011e-01
5.240000000000000213e-01
5.247333333333333849e-01
5.247333333333333849e-01
5.263333333333333197e-01
5.276666666666666172e-01
5.287333333333333885e-01
5.336666666666666226e-01
5.273999999999999799e-01
5.266666666666666163e-01
5.252000000000000002e-01
5.252666666666666595e-01
5.308666666666667089e-01
5.278000000000000469e-01
5.280666666666666842e-01
5.314666666666666428e-01
5.295333333333333004e-01
5.289333333333333664e-01
5.260000000000000231e-01
5.298000000000000487e-01
5.282000000000000028e-01
5.266666666666666163e-01
5.279333333333333655e-01
5.306666666666666199e-01
5.310000000000000275e-01
5.290000000000000258e-01
5.300000000000000266e-01
5.311333333333333462e-01
5.278000000000000469e-01
5.285999999999999588e-01
5.310666666666666869e-01
5.325333333333333030e-01
5.293999999999999817e-01
5.298000000000000487e-01
5.290000000000000258e-01
5.301333333333333453e-01
5.305999999999999606e-01
5.301333333333333453e-01
5.323999999999999844e-01
5.311333333333333462e-01
5.280000000000000249e-01
5.348000000000000531e-01
5.304666666666666419e-01
5.280666666666666842e-01
5.324666666666666437e-01
5.332000000000000073e-01
5.313333333333333242e-01
5.309333333333333682e-01
5.320666666666666877e-01
5.351333333333333497e-01
5.292000000000000037e-01
5.310666666666666869e-01
5.319333333333333691e-01
5.302000000000000046e-01
5.342666666666666675e-01
5.283999999999999808e-01
5.309333333333333682e-01
5.360000000000000320e-01
5.327333333333332810e-01
5.314666666666666428e-01
5.330666666666666886e-01
5.325333333333333030e-01
5.321333333333333471e-01
5.292666666666666631e-01
5.348000000000000531e-01
5.328000000000000513e-01
5.329333333333333700e-01
5.351333333333333497e-01
5.350000000000000311e-01
5.295999999999999597e-01
5.292666666666666631e-01
5.310000000000000275e-01
5.336666666666666226e-01
5.325333333333333030e-01
5.359333333333333727e-01
5.369333333333333735e-01
5.363333333333333286e-01
5.338666666666667115e-01
5.300000000000000266e-01
5.340000000000000302e-01
5.310666666666666869e-01
5.329333333333333700e-01
5.331333333333333480e-01
5.325333333333333030e-01
