4.203999999999999959e-01
4.165333333333333110e-01
4.205999999999999739e-01
4.187333333333333463e-01
4.206666666666666887e-01
4.195999999999999730e-01
4.218000000000000083e-01
4.216666666666666896e-01
4.249333333333333296e-01
4.197333333333333472e-01
4.196666666666666878e-01
4.247333333333333516e-01
4.230666666666666464e-01
4.227333333333333498e-01
4.244666666666666588e-01
4.217333333333333489e-01
4.240666666666666473e-01
4.265999999999999792e-01
4.253333333333333410e-01
4.251333333333333075e-01
4.274666666666666615e-01
4.250666666666666482e-01
4.278000000000000136e-01
4.252666666666666817e-01
4.266666666666666941e-01
4.287333333333333552e-01
4.255333333333333190e-01
4.278666666666666729e-01
4.304666666666666641e-01
4.312000000000000277e-01
4.312000000000000277e-01
4.294666666666666632e-01
4.315333333333333243e-01
4.278000000000000136e-01
4.343333333333333490e-01
4.344000000000000083e-01
4.371999999999999775e-01
4.351333333333333164e-01
4.314666666666666650e-01
4.318666666666666765e-01
4.338000000000000189e-01
4.299333333333333340e-01
4.355999999999999872e-01
4.347333333333333605e-01
4.367333333333333067e-01
4.361999999999999766e-01
4.390666666666666607e-01
4.373333333333333517e-01
4.376666666666666483e-01
4.377333333333333076e-01
4.379333333333333411e-01
4.374000000000000110e-01
4.371999999999999775e-01
4.408666666666666845e-01
4.390000000000000013e-01
4.386666666666666492e-01
4.359333333333333393e-01
4.405999999999999917e-01
4.429333333333333456e-01
4.400000000000000022e-01
4.420000000000000040e-01
4.444000000000000172e-01
4.423333333333333561e-01
4.413333333333333552e-01
4.445333333333333359e-01
4.433333333333333570e-01
4.470000000000000084e-01
4.422666666666666413e-01
4.433333333333333570e-01
4.428666666666666862e-01
4.444000000000000172e-01
4.470000000000000084e-01
4.428666666666666862e-01
4.447333333333333139e-01
4.436666666666666536e-01
4.403333333333333544e-01
4.469333333333333491e-01
4.444666666666666766e-01
4.404666666666666730e-01
4.440000000000000058e-01
4.461999999999999855e-01
4.460666666666666669e-01
4.458666666666666889e-01
4.465333333333333377e-01
4.500666666666666704e-01
4.473333333333333606e-01
4.483333333333333059e-01
4.473333333333333606e-01
4.509333333333333527e-01
4.508666666666666933e-01
4.438666666666666871e-01
4.505333333333333412e-01
4.488666666666666916e-01
4.503333333333333077e-01
4.531999999999999917e-01
4.507999999999999785e-01
4.501333333333333298e-01
4.526666666666666616e-01
4.511999999999999900e-01
4.530666666666666731e-01
4.515333333333333421e-01
4.530000000000000138e-01
4.550666666666666749e-01
4.506000000000000005e-01
4.549333333333333562e-01
4.524666666666666837e-01
4.537333333333333218e-01
4.567333333333333245e-01
4.520666666666666722e-01
4.556000000000000050e-01
4.567333333333333245e-01
4.565333333333333465e-01
4.560000000000000164e-01
4.584666666666666890e-01
4.549333333333333562e-01
4.601999999999999980e-01
4.571333333333333360e-01
4.581333333333333369e-01
4.586666666666666670e-01
4.568666666666666432e-01
4.604666666666666908e-01
4.610000000000000209e-01
4.613333333333333175e-01
4.575333333333333474e-01
4.600000000000000200e-01
4.580666666666666775e-01
4.593999999999999750e-01
4.606000000000000094e-01
4.624666666666666925e-01
4.613333333333333175e-01
4.593999999999999750e-01
4.619333333333333069e-01
4.621999999999999997e-01
4.630000000000000226e-01
4.620000000000000218e-01
4.617333333333333290e-01
4.626666666666666705e-01
4.607999999999999874e-01
4.652000000000000024e-01
4.613333333333333175e-01
4.643999999999999795e-01
4.589333333333333598e-01
4.607333333333333281e-01
4.679333333333333123e-01
4.676666666666666750e-01
4.642666666666666608e-01
4.661333333333333440e-01
4.629333333333333078e-01
4.621999999999999997e-01
4.684666666666666424e-01
4.620666666666666811e-01
4.637999999999999901e-01
4.691333333333333466e-01
4.679333333333333123e-01
4.680000000000000271e-01
4.697333333333333361e-01
4.706000000000000183e-01
4.700666666666666882e-01
4.670000000000000262e-01
4.676000000000000156e-01
4.699333333333333140e-01
4.650666666666666837e-01
4.649333333333333096e-01
4.706666666666666776e-01
4.676666666666666750e-01
4.676666666666666750e-01
4.640000000000000235e-01
4.697999999999999954e-01
4.676000000000000156e-01
4.706666666666666776e-01
4.737999999999999989e-01
4.713333333333333264e-01
4.716666666666666785e-01
4.723999999999999866e-01
4.714666666666666450e-01
4.722000000000000086e-01
4.736666666666666803e-01
4.713999999999999857e-01
4.703333333333333255e-01
4.706666666666666776e-01
4.729999999999999760e-01
4.716000000000000192e-01
4.705333333333333590e-01
4.727999999999999980e-01
4.697999999999999954e-01
4.710666666666666891e-01
4.744666666666666477e-01
4.722000000000000086e-01
4.722666666666666679e-01
4.761333333333333528e-01
4.756000000000000227e-01
4.759999999999999787e-01
4.739333333333333176e-01
4.717333333333333378e-01
4.744666666666666477e-01
4.774666666666666504e-01
4.758666666666666600e-01
4.776000000000000245e-01
4.776666666666666838e-01
4.745333333333333070e-01
4.752000000000000113e-01
4.771333333333333537e-01
4.770666666666666944e-01
4.726000000000000201e-01
4.799333333333333229e-01
4.752666666666666706e-01
4.787333333333333441e-01
4.773333333333333317e-01
4.762666666666666715e-01
4.758666666666666600e-01
4.763333333333333308e-01
4.826666666666666883e-01
4.789333333333333220e-01
4.781333333333333546e-01
4.778666666666666618e-01
4.782666666666666733e-01
4.795333333333333115e-01
4.769999999999999796e-01
4.789999999999999813e-01
4.818000000000000060e-01
4.793999999999999928e-01
4.774666666666666504e-01
4.840666666666666451e-01
4.798000000000000043e-01
4.803333333333333344e-01
4.788666666666666627e-01
4.809333333333333238e-01
4.819999999999999840e-01
4.834666666666666557e-01
4.836666666666666892e-01
4.788666666666666627e-01
4.798000000000000043e-01
4.809333333333333238e-01
4.809333333333333238e-01
4.810666666666666424e-01
4.819999999999999840e-01
4.867333333333333512e-01
4.846666666666666901e-01
4.838000000000000078e-01
4.841333333333333599e-01
4.858666666666666689e-01
4.858000000000000096e-01
4.835999999999999743e-01
4.843333333333333379e-01
4.850666666666666460e-01
4.849333333333333274e-01
4.853999999999999981e-01
4.853333333333333388e-01
4.843999999999999972e-01
4.823333333333333361e-01
4.819333333333333247e-01
4.862666666666666804e-01
4.843333333333333379e-01
4.862666666666666804e-01
4.838666666666666671e-01
4.858000000000000096e-01
4.902666666666666839e-01
4.873999999999999999e-01
4.863999999999999990e-01
4.868666666666666698e-01
4.872666666666666813e-01
4.885999999999999788e-01
4.869999999999999885e-01
4.885999999999999788e-01
4.904666666666666619e-01
4.889333333333333309e-01
4.895999999999999797e-01
4.914666666666666628e-01
4.914666666666666628e-01
4.890666666666666496e-01
4.898666666666666725e-01
4.848000000000000087e-01
4.905999999999999805e-01
4.858000000000000096e-01
4.882666666666666822e-01
4.862000000000000210e-01
4.911333333333333107e-01
4.881333333333333080e-01
4.882666666666666822e-01
4.935999999999999832e-01
4.871333333333333071e-01
4.894000000000000017e-01
4.913333333333333441e-01
4.914666666666666628e-01
4.877333333333333520e-01
4.934666666666666646e-01
4.920666666666666522e-01
4.909333333333333327e-01
4.941999999999999726e-01
4.908000000000000140e-01
4.907333333333333547e-01
4.897333333333333538e-01
4.914666666666666628e-01
4.939333333333333353e-01
4.928666666666666751e-01
4.918666666666666742e-01
4.873999999999999999e-01
4.948000000000000176e-01
4.905999999999999805e-01
4.891333333333333089e-01
4.971333333333333160e-01
4.930666666666666531e-01
4.914000000000000035e-01
4.928000000000000158e-01
4.958000000000000185e-01
4.912000000000000255e-01
4.941999999999999726e-01
4.987333333333333063e-01
4.950666666666666549e-01
4.941999999999999726e-01
4.965999999999999859e-01
4.958000000000000185e-01
4.956666666666666443e-01
4.941999999999999726e-01
4.945999999999999841e-01
4.951999999999999735e-01
4.945333333333333248e-01
4.944666666666666655e-01
4.977333333333333609e-01
4.922000000000000264e-01
4.968666666666666787e-01
4.954666666666666663e-01
4.946666666666666434e-01
4.946666666666666434e-01
4.959333333333333371e-01
5.005333333333333856e-01
4.951999999999999735e-01
4.958666666666666778e-01
4.981999999999999762e-01
4.950666666666666549e-01
4.986666666666666470e-01
5.000000000000000000e-01
4.937333333333333574e-01
4.961999999999999744e-01
4.979999999999999982e-01
4.945999999999999841e-01
4.995333333333333292e-01
4.998000000000000220e-01
4.961333333333333151e-01
4.958000000000000185e-01
4.955333333333333257e-01
5.013999999999999568e-01
5.001333333333333186e-01
5.001999999999999780e-01
5.009333333333333416e-01
4.987333333333333063e-01
4.994000000000000106e-01
4.961999999999999744e-01
4.996666666666666479e-01
4.935333333333333239e-01
4.991333333333333178e-01
5.022666666666666391e-01
4.985999999999999877e-01
4.980666666666666575e-01
5.001999999999999780e-01
5.030666666666666620e-01
4.995333333333333292e-01
5.000000000000000000e-01
4.991999999999999771e-01
5.022666666666666391e-01
5.025333333333333874e-01
5.016000000000000458e-01
5.005333333333333856e-01
5.018000000000000238e-01
5.055333333333332790e-01
4.958666666666666778e-01
5.021999999999999797e-01
4.990666666666666584e-01
4.969333333333333380e-01
5.032666666666666400e-01
5.009333333333333416e-01
4.988000000000000211e-01
5.014666666666666162e-01
5.004666666666666153e-01
5.067333333333333689e-01
5.010000000000000009e-01
5.038000000000000256e-01
5.046000000000000485e-01
5.078000000000000291e-01
5.063333333333333020e-01
5.049333333333333451e-01
5.023333333333332984e-01
5.046666666666667078e-01
5.053333333333333011e-01
5.027333333333333654e-01
5.056666666666667087e-01
5.031333333333333213e-01
5.023999999999999577e-01
5.024666666666666170e-01
5.064666666666666206e-01
5.033999999999999586e-01
5.024666666666666170e-01
5.036666666666667069e-01
5.030000000000000027e-01
5.058666666666666867e-01
5.086000000000000520e-01
5.035333333333333883e-01
5.035333333333333883e-01
5.066000000000000503e-01
5.037333333333333663e-01
5.036666666666667069e-01
5.023999999999999577e-01
5.046666666666667078e-01
5.052666666666666417e-01
5.068666666666666876e-01
5.067333333333333689e-01
5.054666666666666197e-01
5.077333333333333698e-01
5.053333333333333011e-01
5.042666666666666409e-01
5.080666666666666664e-01
5.071333333333333249e-01
5.097333333333333716e-01
5.051999999999999824e-01
5.076000000000000512e-01
5.061333333333333240e-01
5.103999999999999648e-01
5.063333333333333020e-01
5.086000000000000520e-01
5.074666666666666215e-01
5.063333333333333020e-01
5.084666666666666224e-01
5.116000000000000547e-01
5.086000000000000520e-01
5.062666666666666426e-01
5.077333333333333698e-01
5.080666666666666664e-01
5.104666666666666242e-01
5.093999999999999639e-01
5.068666666666666876e-01
5.102666666666666462e-01
5.108000000000000318e-01
5.061999999999999833e-01
5.078666666666666885e-01
5.096666666666667123e-01
5.115333333333332844e-01
5.113999999999999657e-01
5.132666666666666488e-01
5.093333333333333046e-01
5.098000000000000309e-01
5.116666666666667140e-01
5.082666666666666444e-01
5.109333333333333504e-01
5.123999999999999666e-01
5.098000000000000309e-01
5.111999999999999877e-01
5.100000000000000089e-01
5.091999999999999860e-01
5.112666666666666471e-01
5.111999999999999877e-01
5.118000000000000327e-01
5.098666666666666902e-01
5.132666666666666488e-01
5.173333333333333117e-01
5.100666666666666682e-01
5.100666666666666682e-01
5.086666666666667114e-01
5.115333333333332844e-01
5.116000000000000547e-01
5.122666666666666480e-01
5.128666666666666929e-01
5.119333333333333513e-01
5.107333333333333725e-01
5.118666666666666920e-01
5.157333333333333769e-01
5.105333333333332835e-01
5.119333333333333513e-01
5.113333333333333064e-01
5.116666666666667140e-01
5.112666666666666471e-01
5.101333333333333275e-01
5.110000000000000098e-01
5.098000000000000309e-01
5.122666666666666480e-01
5.071999999999999842e-01
5.147333333333333760e-01
5.139333333333333531e-01
5.100666666666666682e-01
5.141999999999999904e-01
5.142666666666666497e-01
5.135999999999999455e-01
5.187333333333333796e-01
5.170000000000000151e-01
5.148000000000000353e-01
5.140000000000000124e-01
5.157333333333333769e-01
5.118000000000000327e-01
5.147333333333333760e-01
5.140666666666666718e-01
5.115333333333332844e-01
5.160000000000000142e-01
5.151999999999999913e-01
5.161999999999999922e-01
5.128666666666666929e-01
5.147333333333333760e-01
5.153999999999999693e-01
5.176666666666667194e-01
5.151999999999999913e-01
5.165333333333332888e-01
5.141999999999999904e-01
5.141999999999999904e-01
5.175999999999999490e-01
5.135999999999999455e-01
5.151999999999999913e-01
5.163999999999999702e-01
5.153999999999999693e-01
5.169333333333333558e-01
5.148000000000000353e-01
5.140666666666666718e-01
5.147333333333333760e-01
5.158000000000000362e-01
5.176666666666667194e-01
5.156666666666667176e-01
5.131333333333333302e-01
5.148000000000000353e-01
5.166666666666667185e-01
5.170000000000000151e-01
5.183333333333333126e-01
5.201333333333333364e-01
5.163333333333333108e-01
5.187333333333333796e-01
5.167333333333333778e-01
5.193999999999999728e-01
5.176666666666667194e-01
5.175999999999999490e-01
5.213333333333333153e-01
5.193999999999999728e-01
5.173333333333333117e-01
5.171333333333333337e-01
5.194666666666666321e-01
5.168000000000000371e-01
5.185333333333332906e-01
5.184666666666666313e-01
5.188666666666666982e-01
5.163999999999999702e-01
5.151333333333333320e-01
5.185999999999999499e-01
5.181999999999999940e-01
5.203333333333333144e-01
5.215333333333332932e-01
5.218666666666667009e-01
5.227333333333333831e-01
5.191333333333333355e-01
5.193333333333333135e-01
5.204666666666666330e-01
5.169333333333333558e-01
5.190000000000000169e-01
5.169333333333333558e-01
5.151999999999999913e-01
5.187333333333333796e-01
5.207333333333333814e-01
5.181333333333333346e-01
5.233999999999999764e-01
5.223999999999999755e-01
5.210000000000000187e-01
5.221333333333333382e-01
5.230666666666666798e-01
5.215999999999999526e-01
5.193999999999999728e-01
5.166666666666667185e-01
5.212666666666666559e-01
5.228000000000000425e-01
5.225333333333332941e-01
5.208666666666667000e-01
5.208666666666667000e-01
5.180666666666666753e-01
5.205999999999999517e-01
5.223333333333333162e-01
5.214666666666666339e-01
5.200000000000000178e-01
5.213333333333333153e-01
5.253333333333333188e-01
5.239333333333333620e-01
5.195999999999999508e-01
5.218000000000000416e-01
5.223333333333333162e-01
5.239333333333333620e-01
5.234666666666666357e-01
5.150666666666666726e-01
5.281333333333333435e-01
5.243333333333333179e-01
5.235333333333332950e-01
5.240666666666666806e-01
5.208000000000000407e-01
5.239333333333333620e-01
5.252000000000000002e-01
5.241333333333333400e-01
5.213999999999999746e-01
5.229333333333333611e-01
5.255333333333332968e-01
5.224666666666666348e-01
5.218000000000000416e-01
5.264666666666666384e-01
5.212666666666666559e-01
5.221333333333333382e-01
5.263333333333333197e-01
5.255999999999999561e-01
5.203999999999999737e-01
5.239333333333333620e-01
5.287333333333333885e-01
5.256666666666666154e-01
5.255999999999999561e-01
5.191999999999999948e-01
5.255333333333332968e-01
5.236666666666666137e-01
5.233999999999999764e-01
5.268666666666667053e-01
5.243999999999999773e-01
5.249333333333333629e-01
5.245999999999999552e-01
5.249333333333333629e-01
5.236666666666666137e-01
5.243333333333333179e-01
5.241999999999999993e-01
5.283999999999999808e-01
5.283999999999999808e-01
5.251333333333333409e-01
5.258000000000000451e-01
5.243999999999999773e-01
5.244666666666666366e-01
5.242666666666666586e-01
5.245999999999999552e-01
5.239333333333333620e-01
5.260000000000000231e-01
5.286666666666666181e-01
5.272000000000000020e-01
5.275999999999999579e-01
5.236666666666666137e-01
5.260000000000000231e-01
5.268000000000000460e-01
5.273333333333333206e-01
5.282000000000000028e-01
5.201999999999999957e-01
5.259333333333333638e-01
5.273333333333333206e-01
5.254666666666666375e-01
5.270000000000000240e-01
5.281333333333333435e-01
5.261333333333333417e-01
5.272666666666666613e-01
5.245999999999999552e-01
5.304666666666666419e-01
5.270000000000000240e-01
5.270000000000000240e-01
5.293999999999999817e-01
5.265333333333332977e-01
5.266666666666666163e-01
5.241333333333333400e-01
5.254666666666666375e-01
5.253333333333333188e-01
5.267333333333333867e-01
5.282000000000000028e-01
5.287333333333333885e-01
5.339333333333333709e-01
5.282666666666666622e-01
5.273333333333333206e-01
5.254666666666666375e-01
5.259333333333333638e-01
5.312666666666666648e-01
5.280666666666666842e-01
5.283999999999999808e-01
5.317333333333332801e-01
5.300000000000000266e-01
5.293999999999999817e-01
5.262000000000000011e-01
5.303999999999999826e-01
5.287333333333333885e-01
5.269333333333333647e-01
5.281333333333333435e-01
5.307333333333332792e-01
5.312666666666666648e-01
5.293999999999999817e-01
5.306666666666666199e-01
5.314666666666666428e-01
5.282666666666666622e-01
5.290000000000000258e-01
5.310666666666666869e-01
5.329333333333333700e-01
5.296666666666666190e-01
5.300666666666666860e-01
5.290666666666666851e-01
5.303333333333333233e-01
5.307333333333332792e-01
5.305999999999999606e-01
5.326666666666666217e-01
5.318000000000000504e-01
5.283333333333333215e-01
5.348666666666667124e-01
5.306666666666666199e-01
5.280000000000000249e-01
5.332000000000000073e-01
5.337333333333332819e-01
5.315999999999999615e-01
5.311333333333333462e-01
5.322000000000000064e-01
5.350000000000000311e-01
5.292666666666666631e-01
5.312666666666666648e-01
5.322000000000000064e-01
5.305333333333333012e-01
5.342666666666666675e-01
5.287333333333333885e-01
5.314666666666666428e-01
5.360666666666666913e-01
5.330000000000000293e-01
5.318000000000000504e-01
5.330000000000000293e-01
5.330000000000000293e-01
5.320000000000000284e-01
5.298666666666667080e-01
5.350000000000000311e-01
5.335999999999999632e-01
5.333999999999999853e-01
5.355333333333333057e-01
5.357333333333332837e-01
5.296666666666666190e-01
5.296666666666666190e-01
5.312666666666666648e-01
5.338666666666667115e-01
5.326666666666666217e-01
5.360666666666666913e-01
5.372666666666666702e-01
5.365999999999999659e-01
5.340666666666666895e-01
5.303999999999999826e-01
5.342666666666666675e-01
5.315333333333333021e-01
5.330000000000000293e-01
5.335333333333333039e-01
5.330666666666666886e-01
