4.196666666666666878e-01
4.158000000000000029e-01
4.199999999999999845e-01
4.174666666666666526e-01
4.193999999999999950e-01
4.193999999999999950e-01
4.204666666666666552e-01
4.206666666666666887e-01
4.239999999999999880e-01
4.183333333333333348e-01
4.187333333333333463e-01
4.235999999999999766e-01
4.218000000000000083e-01
4.216666666666666896e-01
4.238666666666666694e-01
4.208000000000000074e-01
4.234666666666666579e-01
4.254666666666666597e-01
4.244666666666666588e-01
4.243333333333333401e-01
4.255999999999999783e-01
4.240666666666666473e-01
4.272000000000000242e-01
4.243333333333333401e-01
4.262666666666666826e-01
4.277333333333333543e-01
4.246666666666666923e-01
4.264666666666666606e-01
4.292000000000000259e-01
4.308000000000000163e-01
4.306666666666666421e-01
4.284666666666666623e-01
4.305333333333333234e-01
4.271333333333333093e-01
4.334000000000000075e-01
4.335333333333333261e-01
4.363333333333333508e-01
4.344666666666666677e-01
4.305333333333333234e-01
4.312666666666666870e-01
4.331999999999999740e-01
4.289333333333333331e-01
4.348666666666666791e-01
4.337333333333333596e-01
4.360666666666666580e-01
4.355999999999999872e-01
4.384666666666666712e-01
4.365333333333333288e-01
4.364666666666666694e-01
4.372666666666666924e-01
4.369999999999999996e-01
4.365999999999999881e-01
4.364666666666666694e-01
4.401333333333333209e-01
4.378666666666666818e-01
4.378000000000000225e-01
4.355999999999999872e-01
4.397333333333333094e-01
4.424000000000000155e-01
4.394000000000000128e-01
4.411999999999999811e-01
4.438666666666666871e-01
4.415333333333333332e-01
4.404666666666666730e-01
4.437999999999999723e-01
4.427333333333333121e-01
4.461999999999999855e-01
4.413333333333333552e-01
4.425999999999999934e-01
4.418000000000000260e-01
4.437999999999999723e-01
4.461333333333333262e-01
4.422666666666666413e-01
4.438666666666666871e-01
4.434000000000000163e-01
4.394666666666666721e-01
4.457333333333333147e-01
4.437999999999999723e-01
4.404000000000000137e-01
4.441333333333333244e-01
4.456666666666666554e-01
4.453333333333333588e-01
4.447333333333333139e-01
4.457333333333333147e-01
4.500666666666666704e-01
4.465333333333333377e-01
4.478666666666666907e-01
4.467999999999999750e-01
4.503333333333333077e-01
4.503333333333333077e-01
4.430000000000000049e-01
4.500000000000000111e-01
4.485333333333333394e-01
4.500000000000000111e-01
4.527999999999999803e-01
4.504666666666666819e-01
4.493333333333333068e-01
4.522666666666666502e-01
4.507333333333333192e-01
4.524000000000000243e-01
4.511333333333333306e-01
4.524000000000000243e-01
4.542666666666666520e-01
4.496666666666666590e-01
4.540000000000000147e-01
4.521333333333333315e-01
4.532666666666666511e-01
4.560000000000000164e-01
4.517999999999999794e-01
4.554666666666666863e-01
4.560000000000000164e-01
4.562666666666666537e-01
4.559333333333333571e-01
4.575333333333333474e-01
4.544666666666666854e-01
4.599333333333333607e-01
4.566666666666666652e-01
4.575333333333333474e-01
4.580666666666666775e-01
4.567999999999999838e-01
4.601999999999999980e-01
4.605333333333333501e-01
4.607999999999999874e-01
4.570666666666666766e-01
4.592666666666666564e-01
4.571333333333333360e-01
4.591333333333333377e-01
4.600000000000000200e-01
4.619333333333333069e-01
4.610666666666666802e-01
4.588666666666666449e-01
4.614666666666666917e-01
4.619333333333333069e-01
4.625333333333333519e-01
4.615333333333333510e-01
4.608666666666666467e-01
4.618666666666666476e-01
4.604666666666666908e-01
4.647333333333333316e-01
4.607333333333333281e-01
4.641333333333333422e-01
4.586000000000000076e-01
4.606666666666666687e-01
4.678666666666666529e-01
4.666666666666666741e-01
4.633999999999999786e-01
4.659333333333333105e-01
4.623333333333333184e-01
4.620666666666666811e-01
4.683333333333333237e-01
4.613333333333333175e-01
4.630000000000000226e-01
4.686666666666666758e-01
4.670666666666666855e-01
4.674666666666666415e-01
4.693999999999999839e-01
4.703333333333333255e-01
4.701333333333333475e-01
4.668666666666666520e-01
4.670000000000000262e-01
4.697333333333333361e-01
4.648666666666666503e-01
4.647333333333333316e-01
4.705333333333333590e-01
4.671333333333333449e-01
4.671333333333333449e-01
4.634666666666666934e-01
4.693999999999999839e-01
4.676666666666666750e-01
4.707333333333333369e-01
4.733999999999999875e-01
4.709333333333333149e-01
4.709333333333333149e-01
4.716666666666666785e-01
4.702000000000000068e-01
4.721333333333333493e-01
4.732000000000000095e-01
4.709333333333333149e-01
4.703333333333333255e-01
4.703999999999999848e-01
4.727333333333333387e-01
4.708666666666666556e-01
4.702666666666666662e-01
4.726666666666666794e-01
4.693999999999999839e-01
4.708666666666666556e-01
4.743333333333333290e-01
4.719999999999999751e-01
4.716666666666666785e-01
4.758000000000000007e-01
4.752666666666666706e-01
4.755333333333333079e-01
4.736000000000000210e-01
4.713999999999999857e-01
4.745333333333333070e-01
4.770666666666666944e-01
4.752666666666666706e-01
4.772000000000000131e-01
4.771333333333333537e-01
4.743999999999999884e-01
4.750666666666666926e-01
4.768666666666666609e-01
4.764666666666666495e-01
4.725333333333333607e-01
4.793999999999999928e-01
4.745333333333333070e-01
4.784666666666666512e-01
4.766666666666666829e-01
4.756000000000000227e-01
4.753999999999999893e-01
4.759333333333333194e-01
4.822666666666666768e-01
4.782666666666666733e-01
4.776666666666666838e-01
4.778666666666666618e-01
4.782666666666666733e-01
4.788666666666666627e-01
4.768666666666666609e-01
4.789999999999999813e-01
4.815999999999999726e-01
4.793333333333333335e-01
4.772000000000000131e-01
4.835999999999999743e-01
4.792666666666666742e-01
4.798666666666666636e-01
4.785333333333333106e-01
4.805333333333333123e-01
4.814666666666666539e-01
4.831333333333333591e-01
4.833999999999999964e-01
4.786000000000000254e-01
4.792666666666666742e-01
4.808666666666666645e-01
4.806666666666666865e-01
4.807333333333333458e-01
4.813999999999999946e-01
4.867333333333333512e-01
4.845333333333333159e-01
4.833999999999999964e-01
4.841333333333333599e-01
4.852000000000000202e-01
4.854666666666666575e-01
4.834666666666666557e-01
4.839333333333333265e-01
4.846666666666666901e-01
4.845999999999999752e-01
4.849999999999999867e-01
4.852666666666666795e-01
4.840666666666666451e-01
4.819999999999999840e-01
4.813333333333333353e-01
4.857333333333333503e-01
4.840666666666666451e-01
4.860666666666666469e-01
4.839333333333333265e-01
4.855999999999999761e-01
4.899999999999999911e-01
4.867333333333333512e-01
4.863999999999999990e-01
4.867333333333333512e-01
4.869333333333333291e-01
4.883333333333333415e-01
4.869333333333333291e-01
4.882666666666666822e-01
4.901333333333333098e-01
4.886666666666666936e-01
4.893333333333333424e-01
4.910666666666666513e-01
4.911333333333333107e-01
4.886666666666666936e-01
4.895333333333333203e-01
4.845333333333333159e-01
4.902666666666666839e-01
4.855999999999999761e-01
4.882000000000000228e-01
4.859999999999999876e-01
4.908666666666666734e-01
4.879333333333333300e-01
4.883333333333333415e-01
4.934000000000000052e-01
4.871333333333333071e-01
4.891333333333333089e-01
4.910666666666666513e-01
4.913333333333333441e-01
4.874666666666666592e-01
4.933333333333333459e-01
4.918666666666666742e-01
4.907333333333333547e-01
4.939999999999999947e-01
4.909999999999999920e-01
4.903333333333333433e-01
4.894000000000000017e-01
4.914666666666666628e-01
4.936666666666666425e-01
4.928000000000000158e-01
4.914000000000000035e-01
4.874666666666666592e-01
4.948000000000000176e-01
4.905333333333333212e-01
4.889999999999999902e-01
4.970666666666666567e-01
4.927333333333333565e-01
4.909999999999999920e-01
4.924666666666666637e-01
4.949999999999999956e-01
4.908000000000000140e-01
4.937333333333333574e-01
4.980666666666666575e-01
4.947333333333333583e-01
4.938000000000000167e-01
4.964000000000000079e-01
4.956666666666666443e-01
4.954000000000000070e-01
4.942666666666666875e-01
4.944000000000000061e-01
4.953333333333333477e-01
4.941999999999999726e-01
4.945333333333333248e-01
4.974000000000000088e-01
4.920666666666666522e-01
4.965333333333333266e-01
4.952666666666666884e-01
4.948666666666666769e-01
4.944666666666666655e-01
4.957333333333333591e-01
4.997333333333333072e-01
4.948000000000000176e-01
4.959333333333333371e-01
4.977333333333333609e-01
4.947333333333333583e-01
4.983333333333333504e-01
4.999333333333333407e-01
4.935999999999999832e-01
4.960666666666666558e-01
4.978666666666666796e-01
4.941333333333333133e-01
4.995333333333333292e-01
4.997333333333333072e-01
4.958666666666666778e-01
4.955999999999999850e-01
4.951333333333333142e-01
5.012666666666666382e-01
4.995333333333333292e-01
5.000000000000000000e-01
5.006000000000000449e-01
4.985333333333333283e-01
4.994000000000000106e-01
4.958000000000000185e-01
4.994000000000000106e-01
4.933333333333333459e-01
4.987333333333333063e-01
5.021333333333333204e-01
4.986666666666666470e-01
4.979333333333333389e-01
4.998666666666666814e-01
5.026000000000000467e-01
4.994666666666666699e-01
4.998000000000000220e-01
4.991333333333333178e-01
5.021999999999999797e-01
5.023333333333332984e-01
5.014666666666666162e-01
5.003999999999999559e-01
5.014666666666666162e-01
5.056000000000000494e-01
4.954666666666666663e-01
5.020666666666666611e-01
4.987333333333333063e-01
4.965999999999999859e-01
5.029333333333333433e-01
5.006666666666667043e-01
4.985333333333333283e-01
5.013333333333332975e-01
5.004666666666666153e-01
5.065333333333332799e-01
5.006000000000000449e-01
5.038000000000000256e-01
5.042666666666666409e-01
5.075333333333332808e-01
5.060666666666666647e-01
5.048000000000000265e-01
5.021333333333333204e-01
5.043333333333333002e-01
5.052666666666666417e-01
5.023999999999999577e-01
5.054666666666666197e-01
5.029333333333333433e-01
5.023999999999999577e-01
5.020000000000000018e-01
5.061333333333333240e-01
5.031999999999999806e-01
5.018666666666666831e-01
5.033999999999999586e-01
5.030000000000000027e-01
5.062666666666666426e-01
5.085333333333332817e-01
5.031333333333333213e-01
5.034666666666666179e-01
5.061999999999999833e-01
5.031999999999999806e-01
5.031999999999999806e-01
5.023999999999999577e-01
5.043999999999999595e-01
5.050666666666666638e-01
5.066000000000000503e-01
5.062666666666666426e-01
5.051999999999999824e-01
5.076000000000000512e-01
5.051999999999999824e-01
5.039333333333333442e-01
5.081999999999999851e-01
5.069333333333333469e-01
5.095333333333332826e-01
5.049333333333333451e-01
5.076000000000000512e-01
5.057333333333333680e-01
5.103333333333333055e-01
5.060000000000000053e-01
5.083333333333333037e-01
5.073333333333333028e-01
5.064666666666666206e-01
5.081999999999999851e-01
5.114666666666666250e-01
5.086000000000000520e-01
5.061333333333333240e-01
5.072666666666666435e-01
5.080000000000000071e-01
5.102666666666666462e-01
5.090666666666666673e-01
5.066000000000000503e-01
5.101333333333333275e-01
5.105333333333332835e-01
5.061333333333333240e-01
5.076666666666667105e-01
5.094666666666666233e-01
5.113999999999999657e-01
5.111999999999999877e-01
5.131333333333333302e-01
5.093333333333333046e-01
5.096666666666667123e-01
5.116000000000000547e-01
5.080000000000000071e-01
5.108000000000000318e-01
5.123333333333333073e-01
5.093999999999999639e-01
5.108000000000000318e-01
5.101333333333333275e-01
5.086666666666667114e-01
5.109333333333333504e-01
5.110000000000000098e-01
5.117333333333333734e-01
5.096666666666667123e-01
5.130666666666666709e-01
5.173999999999999710e-01
5.097333333333333716e-01
5.100666666666666682e-01
5.086666666666667114e-01
5.108666666666666911e-01
5.113333333333333064e-01
5.118666666666666920e-01
5.123333333333333073e-01
5.113999999999999657e-01
5.103999999999999648e-01
5.115333333333332844e-01
5.153333333333333099e-01
5.101333333333333275e-01
5.118666666666666920e-01
5.110000000000000098e-01
5.113333333333333064e-01
5.110000000000000098e-01
5.098666666666666902e-01
5.107333333333333725e-01
5.096000000000000529e-01
5.120666666666666700e-01
5.070666666666666655e-01
5.145999999999999464e-01
5.135333333333332861e-01
5.100000000000000089e-01
5.143333333333333091e-01
5.141333333333333311e-01
5.135999999999999455e-01
5.186666666666667203e-01
5.166666666666667185e-01
5.146666666666667167e-01
5.138666666666666938e-01
5.154666666666666286e-01
5.115333333333332844e-01
5.145333333333332870e-01
5.138666666666666938e-01
5.114666666666666250e-01
5.158000000000000362e-01
5.149333333333333540e-01
5.161333333333333329e-01
5.123999999999999666e-01
5.143333333333333091e-01
5.151999999999999913e-01
5.178000000000000380e-01
5.153333333333333099e-01
5.165333333333332888e-01
5.140666666666666718e-01
5.141999999999999904e-01
5.175333333333332897e-01
5.133999999999999675e-01
5.144666666666666277e-01
5.163333333333333108e-01
5.152666666666666506e-01
5.165999999999999481e-01
5.143333333333333091e-01
5.141333333333333311e-01
5.145999999999999464e-01
5.157333333333333769e-01
5.174666666666666304e-01
5.155333333333332879e-01
5.128666666666666929e-01
5.146666666666667167e-01
5.165333333333332888e-01
5.168666666666666965e-01
5.181333333333333346e-01
5.199333333333333584e-01
5.161333333333333329e-01
5.184666666666666313e-01
5.165999999999999481e-01
5.193333333333333135e-01
5.178666666666666973e-01
5.174666666666666304e-01
5.212666666666666559e-01
5.193333333333333135e-01
5.172666666666666524e-01
5.170666666666666744e-01
5.194666666666666321e-01
5.170666666666666744e-01
5.183999999999999719e-01
5.180666666666666753e-01
5.188666666666666982e-01
5.160666666666666735e-01
5.150000000000000133e-01
5.185333333333332906e-01
5.183333333333333126e-01
5.198666666666666991e-01
5.210000000000000187e-01
5.214666666666666339e-01
5.228666666666667018e-01
5.186666666666667203e-01
5.189333333333333576e-01
5.203999999999999737e-01
5.167333333333333778e-01
5.185999999999999499e-01
5.165333333333332888e-01
5.149333333333333540e-01
5.186666666666667203e-01
5.202666666666666551e-01
5.176666666666667194e-01
5.238666666666667027e-01
5.225999999999999535e-01
5.208666666666667000e-01
5.220000000000000195e-01
5.227333333333333831e-01
5.218000000000000416e-01
5.193999999999999728e-01
5.165333333333332888e-01
5.212666666666666559e-01
5.229333333333333611e-01
5.222666666666666568e-01
5.208000000000000407e-01
5.208666666666667000e-01
5.179333333333333567e-01
5.204666666666666330e-01
5.220666666666666789e-01
5.211999999999999966e-01
5.195333333333332915e-01
5.211333333333333373e-01
5.252000000000000002e-01
5.237333333333333840e-01
5.198000000000000398e-01
5.213999999999999746e-01
5.221999999999999975e-01
5.235333333333332950e-01
5.233333333333333171e-01
5.150000000000000133e-01
5.282666666666666622e-01
5.242666666666666586e-01
5.235999999999999543e-01
5.238666666666667027e-01
5.205333333333332924e-01
5.238666666666667027e-01
5.248666666666667036e-01
5.240000000000000213e-01
5.210000000000000187e-01
5.225333333333332941e-01
5.254666666666666375e-01
5.221999999999999975e-01
5.215999999999999526e-01
5.267333333333333867e-01
5.215333333333332932e-01
5.221333333333333382e-01
5.262000000000000011e-01
5.255333333333332968e-01
5.202666666666666551e-01
5.239333333333333620e-01
5.287333333333333885e-01
5.256666666666666154e-01
5.256666666666666154e-01
5.192666666666666542e-01
5.252666666666666595e-01
5.235999999999999543e-01
5.235999999999999543e-01
5.268000000000000460e-01
5.241333333333333400e-01
5.247333333333333849e-01
5.243333333333333179e-01
5.248666666666667036e-01
5.230666666666666798e-01
5.243333333333333179e-01
5.241333333333333400e-01
5.282000000000000028e-01
5.282666666666666622e-01
5.251333333333333409e-01
5.256666666666666154e-01
5.240000000000000213e-01
5.241999999999999993e-01
5.241999999999999993e-01
5.243333333333333179e-01
5.239333333333333620e-01
5.260000000000000231e-01
5.282666666666666622e-01
5.270000000000000240e-01
5.272666666666666613e-01
5.234666666666666357e-01
5.260666666666666824e-01
5.268000000000000460e-01
5.270666666666666833e-01
5.283333333333333215e-01
5.201999999999999957e-01
5.258666666666667044e-01
5.271333333333333426e-01
5.253999999999999782e-01
5.268000000000000460e-01
5.282000000000000028e-01
5.263999999999999790e-01
5.271333333333333426e-01
5.246666666666666146e-01
5.305333333333333012e-01
5.265333333333332977e-01
5.266666666666666163e-01
5.293999999999999817e-01
5.261333333333333417e-01
5.262666666666666604e-01
5.238666666666667027e-01
5.252666666666666595e-01
5.250666666666666815e-01
5.264666666666666384e-01
5.279333333333333655e-01
5.290000000000000258e-01
5.336666666666666226e-01
5.281333333333333435e-01
5.272000000000000020e-01
5.253333333333333188e-01
5.256666666666666154e-01
5.308000000000000496e-01
5.278000000000000469e-01
5.281333333333333435e-01
5.313999999999999835e-01
5.295999999999999597e-01
5.293333333333333224e-01
5.261333333333333417e-01
5.302666666666666639e-01
5.283999999999999808e-01
5.266666666666666163e-01
5.280666666666666842e-01
5.305999999999999606e-01
5.312666666666666648e-01
5.292000000000000037e-01
5.303333333333333233e-01
5.313999999999999835e-01
5.280666666666666842e-01
5.290000000000000258e-01
5.310000000000000275e-01
5.326666666666666217e-01
5.293333333333333224e-01
5.301333333333333453e-01
5.289333333333333664e-01
5.302666666666666639e-01
5.306666666666666199e-01
5.302000000000000046e-01
5.323333333333333250e-01
5.318000000000000504e-01
5.281333333333333435e-01
5.348000000000000531e-01
5.303999999999999826e-01
5.281333333333333435e-01
5.327333333333332810e-01
5.333999999999999853e-01
5.315999999999999615e-01
5.311333333333333462e-01
5.323333333333333250e-01
5.350000000000000311e-01
5.292000000000000037e-01
5.310666666666666869e-01
5.321333333333333471e-01
5.302000000000000046e-01
5.341333333333333488e-01
5.284666666666666401e-01
5.310666666666666869e-01
5.360000000000000320e-01
5.330666666666666886e-01
5.318000000000000504e-01
5.334666666666666446e-01
5.328000000000000513e-01
5.320000000000000284e-01
5.296666666666666190e-01
5.352000000000000091e-01
5.334666666666666446e-01
5.329333333333333700e-01
5.353333333333333277e-01
5.355333333333333057e-01
5.296666666666666190e-01
5.292666666666666631e-01
5.312666666666666648e-01
5.338000000000000522e-01
5.325333333333333030e-01
5.359333333333333727e-01
5.372000000000000108e-01
5.364666666666666472e-01
5.342000000000000082e-01
5.302666666666666639e-01
5.337333333333332819e-01
5.310000000000000275e-01
5.329333333333333700e-01
5.331333333333333480e-01
5.327333333333332810e-01
