4.178666666666666640e-01
4.128666666666666596e-01
4.169999999999999818e-01
4.155333333333333101e-01
4.165333333333333110e-01
4.169999999999999818e-01
4.177333333333333454e-01
4.182000000000000162e-01
4.217333333333333489e-01
4.158000000000000029e-01
4.169999999999999818e-01
4.215999999999999748e-01
4.195999999999999730e-01
4.195999999999999730e-01
4.219333333333333269e-01
4.189999999999999836e-01
4.205999999999999739e-01
4.237333333333333507e-01
4.228000000000000091e-01
4.226666666666666905e-01
4.238666666666666694e-01
4.211333333333333595e-01
4.254000000000000004e-01
4.218666666666666676e-01
4.237333333333333507e-01
4.258000000000000118e-01
4.226666666666666905e-01
4.252666666666666817e-01
4.268000000000000127e-01
4.287333333333333552e-01
4.288000000000000145e-01
4.265333333333333199e-01
4.285999999999999810e-01
4.254000000000000004e-01
4.317333333333333578e-01
4.320666666666666544e-01
4.348666666666666791e-01
4.322666666666666879e-01
4.287333333333333552e-01
4.292666666666666853e-01
4.319333333333333358e-01
4.275999999999999801e-01
4.334000000000000075e-01
4.321999999999999731e-01
4.338666666666666782e-01
4.336666666666666448e-01
4.363333333333333508e-01
4.347333333333333605e-01
4.351999999999999758e-01
4.361999999999999766e-01
4.364000000000000101e-01
4.350666666666666571e-01
4.349999999999999978e-01
4.381999999999999784e-01
4.360666666666666580e-01
4.361333333333333173e-01
4.344666666666666677e-01
4.386666666666666492e-01
4.405333333333333323e-01
4.378000000000000225e-01
4.408666666666666845e-01
4.418666666666666853e-01
4.396666666666666501e-01
4.390000000000000013e-01
4.425999999999999934e-01
4.411333333333333218e-01
4.450666666666666660e-01
4.398666666666666836e-01
4.411333333333333218e-01
4.403333333333333544e-01
4.424666666666666748e-01
4.446666666666666545e-01
4.406666666666666510e-01
4.425333333333333341e-01
4.418666666666666853e-01
4.381999999999999784e-01
4.453333333333333588e-01
4.424666666666666748e-01
4.391999999999999793e-01
4.429333333333333456e-01
4.440666666666666651e-01
4.443333333333333579e-01
4.433333333333333570e-01
4.441333333333333244e-01
4.485999999999999988e-01
4.451333333333333253e-01
4.470666666666666678e-01
4.460000000000000075e-01
4.490000000000000102e-01
4.489333333333333509e-01
4.417333333333333112e-01
4.487999999999999767e-01
4.477333333333333165e-01
4.490000000000000102e-01
4.522666666666666502e-01
4.492666666666666475e-01
4.481333333333333280e-01
4.507333333333333192e-01
4.495333333333333403e-01
4.507333333333333192e-01
4.497999999999999776e-01
4.513333333333333086e-01
4.526666666666666616e-01
4.481999999999999873e-01
4.526666666666666616e-01
4.507333333333333192e-01
4.526000000000000023e-01
4.552666666666666528e-01
4.506000000000000005e-01
4.545333333333333448e-01
4.552666666666666528e-01
4.550666666666666749e-01
4.551333333333333342e-01
4.565333333333333465e-01
4.536666666666666625e-01
4.592666666666666564e-01
4.553333333333333122e-01
4.570000000000000173e-01
4.570000000000000173e-01
4.556000000000000050e-01
4.594666666666666899e-01
4.592666666666666564e-01
4.599333333333333607e-01
4.561333333333333351e-01
4.584666666666666890e-01
4.560000000000000164e-01
4.577999999999999847e-01
4.591999999999999971e-01
4.613333333333333175e-01
4.598666666666666458e-01
4.583999999999999742e-01
4.605333333333333501e-01
4.604666666666666908e-01
4.613999999999999768e-01
4.605333333333333501e-01
4.600666666666666793e-01
4.611999999999999988e-01
4.591333333333333377e-01
4.635333333333333528e-01
4.599333333333333607e-01
4.631333333333333413e-01
4.576000000000000068e-01
4.594666666666666899e-01
4.669333333333333114e-01
4.661333333333333440e-01
4.630000000000000226e-01
4.653999999999999804e-01
4.606000000000000094e-01
4.616666666666666696e-01
4.672666666666666635e-01
4.606666666666666687e-01
4.623333333333333184e-01
4.680000000000000271e-01
4.665333333333333554e-01
4.667333333333333334e-01
4.688666666666666538e-01
4.689999999999999725e-01
4.701333333333333475e-01
4.656000000000000139e-01
4.664666666666666406e-01
4.693333333333333246e-01
4.636666666666666714e-01
4.631333333333333413e-01
4.699333333333333140e-01
4.663333333333333219e-01
4.665333333333333554e-01
4.627333333333333298e-01
4.687333333333333352e-01
4.660000000000000253e-01
4.701333333333333475e-01
4.724666666666666459e-01
4.704666666666666441e-01
4.702000000000000068e-01
4.707999999999999963e-01
4.699333333333333140e-01
4.713333333333333264e-01
4.718666666666666565e-01
4.703333333333333255e-01
4.697333333333333361e-01
4.697999999999999954e-01
4.721333333333333493e-01
4.703999999999999848e-01
4.694666666666666432e-01
4.717999999999999972e-01
4.691333333333333466e-01
4.703999999999999848e-01
4.731333333333333502e-01
4.711333333333333484e-01
4.709333333333333149e-01
4.746666666666666812e-01
4.747999999999999998e-01
4.752666666666666706e-01
4.729333333333333167e-01
4.706666666666666776e-01
4.736666666666666803e-01
4.763333333333333308e-01
4.749999999999999778e-01
4.766666666666666829e-01
4.765333333333333088e-01
4.731333333333333502e-01
4.739333333333333176e-01
4.757333333333333414e-01
4.758000000000000007e-01
4.718666666666666565e-01
4.784666666666666512e-01
4.741333333333333511e-01
4.778000000000000025e-01
4.758000000000000007e-01
4.748666666666666591e-01
4.746000000000000218e-01
4.753333333333333299e-01
4.814666666666666539e-01
4.772666666666666724e-01
4.769333333333333202e-01
4.772000000000000131e-01
4.773333333333333317e-01
4.783333333333333326e-01
4.759999999999999787e-01
4.783333333333333326e-01
4.808666666666666645e-01
4.786666666666666847e-01
4.763999999999999901e-01
4.829999999999999849e-01
4.783999999999999919e-01
4.792000000000000148e-01
4.779999999999999805e-01
4.801333333333333564e-01
4.804666666666666530e-01
4.825999999999999734e-01
4.832666666666666777e-01
4.779333333333333211e-01
4.792000000000000148e-01
4.801333333333333564e-01
4.799999999999999822e-01
4.799999999999999822e-01
4.809333333333333238e-01
4.859999999999999876e-01
4.840666666666666451e-01
4.827333333333333476e-01
4.835333333333333150e-01
4.845999999999999752e-01
4.843333333333333379e-01
4.830666666666666442e-01
4.837333333333333485e-01
4.843333333333333379e-01
4.841333333333333599e-01
4.844666666666666566e-01
4.848000000000000087e-01
4.834666666666666557e-01
4.814666666666666539e-01
4.808666666666666645e-01
4.857333333333333503e-01
4.837333333333333485e-01
4.853999999999999981e-01
4.830666666666666442e-01
4.847333333333333494e-01
4.888000000000000123e-01
4.859333333333333282e-01
4.856666666666666909e-01
4.863999999999999990e-01
4.860666666666666469e-01
4.874666666666666592e-01
4.865999999999999770e-01
4.877333333333333520e-01
4.888000000000000123e-01
4.878666666666666707e-01
4.885333333333333194e-01
4.903333333333333433e-01
4.905999999999999805e-01
4.879333333333333300e-01
4.889333333333333309e-01
4.841333333333333599e-01
4.899999999999999911e-01
4.852666666666666795e-01
4.875999999999999779e-01
4.855333333333333168e-01
4.901333333333333098e-01
4.874666666666666592e-01
4.878666666666666707e-01
4.932000000000000273e-01
4.866666666666666918e-01
4.885999999999999788e-01
4.907333333333333547e-01
4.906666666666666399e-01
4.870666666666666478e-01
4.932000000000000273e-01
4.915333333333333221e-01
4.905333333333333212e-01
4.933333333333333459e-01
4.901333333333333098e-01
4.901333333333333098e-01
4.888000000000000123e-01
4.909333333333333327e-01
4.935999999999999832e-01
4.920666666666666522e-01
4.911333333333333107e-01
4.869999999999999885e-01
4.941999999999999726e-01
4.902000000000000246e-01
4.884000000000000008e-01
4.964000000000000079e-01
4.924000000000000044e-01
4.905999999999999805e-01
4.921333333333333115e-01
4.949333333333333362e-01
4.902666666666666839e-01
4.935333333333333239e-01
4.981333333333333169e-01
4.944666666666666655e-01
4.932666666666666866e-01
4.955999999999999850e-01
4.949999999999999956e-01
4.949333333333333362e-01
4.940666666666666540e-01
4.941333333333333133e-01
4.948000000000000176e-01
4.938000000000000167e-01
4.940666666666666540e-01
4.968000000000000194e-01
4.916666666666666408e-01
4.958666666666666778e-01
4.950666666666666549e-01
4.944000000000000061e-01
4.941999999999999726e-01
4.954666666666666663e-01
4.992666666666666919e-01
4.942666666666666875e-01
4.951333333333333142e-01
4.971999999999999753e-01
4.942666666666666875e-01
4.983333333333333504e-01
4.991999999999999771e-01
4.933333333333333459e-01
4.954666666666666663e-01
4.974000000000000088e-01
4.935999999999999832e-01
4.991999999999999771e-01
4.988000000000000211e-01
4.954666666666666663e-01
4.947333333333333583e-01
4.948000000000000176e-01
5.008000000000000229e-01
4.994000000000000106e-01
4.999333333333333407e-01
5.000666666666666593e-01
4.976666666666666461e-01
4.985999999999999877e-01
4.955999999999999850e-01
4.989999999999999991e-01
4.933333333333333459e-01
4.979999999999999982e-01
5.017333333333333645e-01
4.984000000000000097e-01
4.970666666666666567e-01
4.989333333333333398e-01
5.026000000000000467e-01
4.990666666666666584e-01
4.995333333333333292e-01
4.988000000000000211e-01
5.022666666666666391e-01
5.015333333333333865e-01
5.011999999999999789e-01
5.001333333333333186e-01
5.014666666666666162e-01
5.050666666666666638e-01
4.952666666666666884e-01
5.018666666666666831e-01
4.975999999999999868e-01
4.968666666666666787e-01
5.026666666666667060e-01
5.000666666666666593e-01
4.980666666666666575e-01
5.008666666666666822e-01
4.997333333333333072e-01
5.063333333333333020e-01
5.004666666666666153e-01
5.037333333333333663e-01
5.039333333333333442e-01
5.069333333333333469e-01
5.053999999999999604e-01
5.046000000000000485e-01
5.012666666666666382e-01
5.038000000000000256e-01
5.051999999999999824e-01
5.021333333333333204e-01
5.050666666666666638e-01
5.029333333333333433e-01
5.021333333333333204e-01
5.019333333333333425e-01
5.056666666666667087e-01
5.026000000000000467e-01
5.012666666666666382e-01
5.031333333333333213e-01
5.021999999999999797e-01
5.060666666666666647e-01
5.080000000000000071e-01
5.031999999999999806e-01
5.023333333333332984e-01
5.058666666666666867e-01
5.029333333333333433e-01
5.025333333333333874e-01
5.020666666666666611e-01
5.040666666666666629e-01
5.047333333333333671e-01
5.061999999999999833e-01
5.056666666666667087e-01
5.044666666666666188e-01
5.070666666666666655e-01
5.048666666666666858e-01
5.037333333333333663e-01
5.072666666666666435e-01
5.067333333333333689e-01
5.091999999999999860e-01
5.048000000000000265e-01
5.070000000000000062e-01
5.056666666666667087e-01
5.097333333333333716e-01
5.058000000000000274e-01
5.076000000000000512e-01
5.070666666666666655e-01
5.062666666666666426e-01
5.080666666666666664e-01
5.109333333333333504e-01
5.079333333333333478e-01
5.058666666666666867e-01
5.068000000000000282e-01
5.078666666666666885e-01
5.096666666666667123e-01
5.087333333333333707e-01
5.065333333333332799e-01
5.093333333333333046e-01
5.101333333333333275e-01
5.054666666666666197e-01
5.072666666666666435e-01
5.091333333333333266e-01
5.106000000000000538e-01
5.110666666666666691e-01
5.125999999999999446e-01
5.088000000000000300e-01
5.093999999999999639e-01
5.110666666666666691e-01
5.078666666666666885e-01
5.106000000000000538e-01
5.120000000000000107e-01
5.087333333333333707e-01
5.104666666666666242e-01
5.097333333333333716e-01
5.082666666666666444e-01
5.106000000000000538e-01
5.106666666666667131e-01
5.113333333333333064e-01
5.093999999999999639e-01
5.123333333333333073e-01
5.171999999999999931e-01
5.094666666666666233e-01
5.095333333333332826e-01
5.086000000000000520e-01
5.109333333333333504e-01
5.108000000000000318e-01
5.116000000000000547e-01
5.122666666666666480e-01
5.114666666666666250e-01
5.103333333333333055e-01
5.111333333333333284e-01
5.151999999999999913e-01
5.098666666666666902e-01
5.117333333333333734e-01
5.105333333333332835e-01
5.108000000000000318e-01
5.109333333333333504e-01
5.095333333333332826e-01
5.107333333333333725e-01
5.093999999999999639e-01
5.119333333333333513e-01
5.069333333333333469e-01
5.140000000000000124e-01
5.134666666666666268e-01
5.095333333333332826e-01
5.138000000000000345e-01
5.137333333333333751e-01
5.130000000000000115e-01
5.183999999999999719e-01
5.164666666666666295e-01
5.140666666666666718e-01
5.133999999999999675e-01
5.150000000000000133e-01
5.112666666666666471e-01
5.139333333333333531e-01
5.134666666666666268e-01
5.113333333333333064e-01
5.157333333333333769e-01
5.148000000000000353e-01
5.159333333333333549e-01
5.119333333333333513e-01
5.139333333333333531e-01
5.146666666666667167e-01
5.178000000000000380e-01
5.151999999999999913e-01
5.161333333333333329e-01
5.140666666666666718e-01
5.134666666666666268e-01
5.173333333333333117e-01
5.127333333333333742e-01
5.142666666666666497e-01
5.159333333333333549e-01
5.151999999999999913e-01
5.161999999999999922e-01
5.138666666666666938e-01
5.138666666666666938e-01
5.145333333333332870e-01
5.152666666666666506e-01
5.172666666666666524e-01
5.153333333333333099e-01
5.125999999999999446e-01
5.143333333333333091e-01
5.163333333333333108e-01
5.166666666666667185e-01
5.180666666666666753e-01
5.195999999999999508e-01
5.156666666666667176e-01
5.178666666666666973e-01
5.161333333333333329e-01
5.189333333333333576e-01
5.176666666666667194e-01
5.171999999999999931e-01
5.207333333333333814e-01
5.191333333333333355e-01
5.168666666666666965e-01
5.170000000000000151e-01
5.191999999999999948e-01
5.166666666666667185e-01
5.182666666666666533e-01
5.177333333333333787e-01
5.185333333333332906e-01
5.161333333333333329e-01
5.143999999999999684e-01
5.182666666666666533e-01
5.181999999999999940e-01
5.198666666666666991e-01
5.208666666666667000e-01
5.217333333333333822e-01
5.226666666666666128e-01
5.189333333333333576e-01
5.190666666666666762e-01
5.203333333333333144e-01
5.163333333333333108e-01
5.181999999999999940e-01
5.160666666666666735e-01
5.147333333333333760e-01
5.183999999999999719e-01
5.193999999999999728e-01
5.173999999999999710e-01
5.237333333333333840e-01
5.221333333333333382e-01
5.202666666666666551e-01
5.215333333333332932e-01
5.222666666666666568e-01
5.211999999999999966e-01
5.193999999999999728e-01
5.163999999999999702e-01
5.209333333333333593e-01
5.224666666666666348e-01
5.217333333333333822e-01
5.202666666666666551e-01
5.203333333333333144e-01
5.174666666666666304e-01
5.201333333333333364e-01
5.217333333333333822e-01
5.208000000000000407e-01
5.191999999999999948e-01
5.207333333333333814e-01
5.250000000000000222e-01
5.231333333333333391e-01
5.194666666666666321e-01
5.211999999999999966e-01
5.220000000000000195e-01
5.230000000000000204e-01
5.229333333333333611e-01
5.148000000000000353e-01
5.275999999999999579e-01
5.240666666666666806e-01
5.231999999999999984e-01
5.234666666666666357e-01
5.200000000000000178e-01
5.236666666666666137e-01
5.242666666666666586e-01
5.236666666666666137e-01
5.209333333333333593e-01
5.224666666666666348e-01
5.250000000000000222e-01
5.219333333333333602e-01
5.216666666666666119e-01
5.262666666666666604e-01
5.211333333333333373e-01
5.218000000000000416e-01
5.259333333333333638e-01
5.250666666666666815e-01
5.201333333333333364e-01
5.235333333333332950e-01
5.282000000000000028e-01
5.251333333333333409e-01
5.251333333333333409e-01
5.190000000000000169e-01
5.251333333333333409e-01
5.235333333333332950e-01
5.234666666666666357e-01
5.263999999999999790e-01
5.240666666666666806e-01
5.244666666666666366e-01
5.242666666666666586e-01
5.246666666666666146e-01
5.228666666666667018e-01
5.236666666666666137e-01
5.235999999999999543e-01
5.278000000000000469e-01
5.281333333333333435e-01
5.250666666666666815e-01
5.253999999999999782e-01
5.240000000000000213e-01
5.235999999999999543e-01
5.241999999999999993e-01
5.235999999999999543e-01
5.231333333333333391e-01
5.259333333333333638e-01
5.283333333333333215e-01
5.270666666666666833e-01
5.266666666666666163e-01
5.231999999999999984e-01
5.259333333333333638e-01
5.265333333333332977e-01
5.268000000000000460e-01
5.282666666666666622e-01
5.200000000000000178e-01
5.256666666666666154e-01
5.269333333333333647e-01
5.252666666666666595e-01
5.260000000000000231e-01
5.277333333333333876e-01
5.258666666666667044e-01
5.269333333333333647e-01
5.245333333333332959e-01
5.299333333333333673e-01
5.264666666666666384e-01
5.265999999999999570e-01
5.289333333333333664e-01
5.254666666666666375e-01
5.260666666666666824e-01
5.237333333333333840e-01
5.248000000000000442e-01
5.248666666666667036e-01
5.258666666666667044e-01
5.273999999999999799e-01
5.288000000000000478e-01
5.334666666666666446e-01
5.273999999999999799e-01
5.261333333333333417e-01
5.252000000000000002e-01
5.253999999999999782e-01
5.304666666666666419e-01
5.275999999999999579e-01
5.280000000000000249e-01
5.311333333333333462e-01
5.294666666666666410e-01
5.283999999999999808e-01
5.256666666666666154e-01
5.299333333333333673e-01
5.282000000000000028e-01
5.263333333333333197e-01
5.278666666666667062e-01
5.303999999999999826e-01
5.308666666666667089e-01
5.289333333333333664e-01
5.300666666666666860e-01
5.313333333333333242e-01
5.275999999999999579e-01
5.283333333333333215e-01
5.309333333333333682e-01
5.327333333333332810e-01
5.294666666666666410e-01
5.299333333333333673e-01
5.290666666666666851e-01
5.299333333333333673e-01
5.304666666666666419e-01
5.302000000000000046e-01
5.320666666666666877e-01
5.312666666666666648e-01
5.282000000000000028e-01
5.344666666666666455e-01
5.303333333333333233e-01
5.278666666666667062e-01
5.325999999999999623e-01
5.332666666666666666e-01
5.312666666666666648e-01
5.308000000000000496e-01
5.320000000000000284e-01
5.351333333333333497e-01
5.291333333333333444e-01
5.310666666666666869e-01
5.318666666666667098e-01
5.299333333333333673e-01
5.341333333333333488e-01
5.283333333333333215e-01
5.306666666666666199e-01
5.357333333333332837e-01
5.326666666666666217e-01
5.315999999999999615e-01
5.330000000000000293e-01
5.323333333333333250e-01
5.318000000000000504e-01
5.291333333333333444e-01
5.348666666666667124e-01
5.328666666666667107e-01
5.328000000000000513e-01
5.348666666666667124e-01
5.352000000000000091e-01
5.295999999999999597e-01
5.289333333333333664e-01
5.308666666666667089e-01
5.332000000000000073e-01
5.323333333333333250e-01
5.359333333333333727e-01
5.368000000000000549e-01
5.362666666666666693e-01
5.338666666666667115e-01
5.298000000000000487e-01
5.340000000000000302e-01
5.309333333333333682e-01
5.330000000000000293e-01
5.326666666666666217e-01
5.327333333333332810e-01
