4.242666666666666808e-01
4.199999999999999845e-01
4.244666666666666588e-01
4.223999999999999977e-01
4.239333333333333287e-01
4.243999999999999995e-01
4.249333333333333296e-01
4.253333333333333410e-01
4.284000000000000030e-01
4.233999999999999986e-01
4.238666666666666694e-01
4.280666666666666509e-01
4.264666666666666606e-01
4.256666666666666932e-01
4.270666666666666500e-01
4.251333333333333075e-01
4.272666666666666835e-01
4.300666666666666527e-01
4.282666666666666844e-01
4.284000000000000030e-01
4.313333333333333464e-01
4.272666666666666835e-01
4.304666666666666641e-01
4.284666666666666623e-01
4.290666666666666518e-01
4.315333333333333243e-01
4.291333333333333111e-01
4.313333333333333464e-01
4.329999999999999960e-01
4.342666666666666897e-01
4.340666666666666562e-01
4.319333333333333358e-01
4.344666666666666677e-01
4.314666666666666650e-01
4.372666666666666924e-01
4.372666666666666924e-01
4.396666666666666501e-01
4.371999999999999775e-01
4.339333333333333376e-01
4.349999999999999978e-01
4.364000000000000101e-01
4.332666666666666888e-01
4.384000000000000119e-01
4.372666666666666924e-01
4.391333333333333200e-01
4.390000000000000013e-01
4.414666666666666739e-01
4.401999999999999802e-01
4.397333333333333094e-01
4.400000000000000022e-01
4.407333333333333103e-01
4.397333333333333094e-01
4.394000000000000128e-01
4.428666666666666862e-01
4.415999999999999925e-01
4.408000000000000251e-01
4.381333333333333191e-01
4.434666666666666757e-01
4.454666666666666774e-01
4.427333333333333121e-01
4.435333333333333350e-01
4.461333333333333262e-01
4.442666666666666431e-01
4.434000000000000163e-01
4.465999999999999970e-01
4.454666666666666774e-01
4.496666666666666590e-01
4.445999999999999952e-01
4.454000000000000181e-01
4.451333333333333253e-01
4.468666666666666898e-01
4.487333333333333174e-01
4.442666666666666431e-01
4.470000000000000084e-01
4.459333333333333482e-01
4.425333333333333341e-01
4.489333333333333509e-01
4.470000000000000084e-01
4.430666666666666642e-01
4.465999999999999970e-01
4.483333333333333059e-01
4.480666666666666687e-01
4.480666666666666687e-01
4.487333333333333174e-01
4.524666666666666837e-01
4.480000000000000093e-01
4.497999999999999776e-01
4.490000000000000102e-01
4.528666666666666396e-01
4.531333333333333324e-01
4.458666666666666889e-01
4.528666666666666396e-01
4.504666666666666819e-01
4.516666666666666607e-01
4.550000000000000155e-01
4.527333333333333210e-01
4.516000000000000014e-01
4.539333333333333553e-01
4.526666666666666616e-01
4.560666666666666758e-01
4.536000000000000032e-01
4.550000000000000155e-01
4.572666666666666546e-01
4.528666666666666396e-01
4.564666666666666872e-01
4.546666666666666634e-01
4.562666666666666537e-01
4.587333333333333263e-01
4.533333333333333104e-01
4.571999999999999953e-01
4.576666666666666661e-01
4.585333333333333483e-01
4.581999999999999962e-01
4.603333333333333166e-01
4.567999999999999838e-01
4.620666666666666811e-01
4.584666666666666890e-01
4.602666666666666573e-01
4.610000000000000209e-01
4.590666666666666784e-01
4.624666666666666925e-01
4.629333333333333078e-01
4.632666666666666599e-01
4.594666666666666899e-01
4.615333333333333510e-01
4.604666666666666908e-01
4.610666666666666802e-01
4.620000000000000218e-01
4.637333333333333307e-01
4.632666666666666599e-01
4.607333333333333281e-01
4.636000000000000121e-01
4.638666666666666494e-01
4.643333333333333202e-01
4.633333333333333193e-01
4.627999999999999892e-01
4.634666666666666934e-01
4.624666666666666925e-01
4.668666666666666520e-01
4.632000000000000006e-01
4.656666666666666732e-01
4.601333333333333386e-01
4.622666666666666591e-01
4.692666666666666653e-01
4.689999999999999725e-01
4.650666666666666837e-01
4.678666666666666529e-01
4.641333333333333422e-01
4.636666666666666714e-01
4.694666666666666432e-01
4.632000000000000006e-01
4.648666666666666503e-01
4.706000000000000183e-01
4.701333333333333475e-01
4.692666666666666653e-01
4.703999999999999848e-01
4.719333333333333158e-01
4.716000000000000192e-01
4.680666666666666864e-01
4.692000000000000060e-01
4.714666666666666450e-01
4.672000000000000042e-01
4.666666666666666741e-01
4.723999999999999866e-01
4.687999999999999945e-01
4.694666666666666432e-01
4.656000000000000139e-01
4.705333333333333590e-01
4.689333333333333131e-01
4.718666666666666565e-01
4.746000000000000218e-01
4.714666666666666450e-01
4.726000000000000201e-01
4.736666666666666803e-01
4.724666666666666459e-01
4.729999999999999760e-01
4.744666666666666477e-01
4.727999999999999980e-01
4.723333333333333273e-01
4.717999999999999972e-01
4.739999999999999769e-01
4.726000000000000201e-01
4.724666666666666459e-01
4.742000000000000104e-01
4.706000000000000183e-01
4.722666666666666679e-01
4.758666666666666600e-01
4.732000000000000095e-01
4.728666666666666574e-01
4.775333333333333097e-01
4.766666666666666829e-01
4.772000000000000131e-01
4.742666666666666697e-01
4.726666666666666794e-01
4.762000000000000122e-01
4.786000000000000254e-01
4.770666666666666944e-01
4.788666666666666627e-01
4.789999999999999813e-01
4.762000000000000122e-01
4.763999999999999901e-01
4.781333333333333546e-01
4.778000000000000025e-01
4.733999999999999875e-01
4.808666666666666645e-01
4.766666666666666829e-01
4.800666666666666416e-01
4.792000000000000148e-01
4.767333333333333423e-01
4.768666666666666609e-01
4.778000000000000025e-01
4.838000000000000078e-01
4.801333333333333564e-01
4.794666666666666521e-01
4.787333333333333441e-01
4.793333333333333335e-01
4.806666666666666865e-01
4.778666666666666618e-01
4.799333333333333229e-01
4.830666666666666442e-01
4.807333333333333458e-01
4.787333333333333441e-01
4.849333333333333274e-01
4.806000000000000272e-01
4.813999999999999946e-01
4.799333333333333229e-01
4.815999999999999726e-01
4.828666666666666663e-01
4.847333333333333494e-01
4.842666666666666786e-01
4.799333333333333229e-01
4.804666666666666530e-01
4.821333333333333582e-01
4.819999999999999840e-01
4.822666666666666768e-01
4.835999999999999743e-01
4.878666666666666707e-01
4.861333333333333062e-01
4.845333333333333159e-01
4.855999999999999761e-01
4.871333333333333071e-01
4.865999999999999770e-01
4.848000000000000087e-01
4.852666666666666795e-01
4.858000000000000096e-01
4.859333333333333282e-01
4.866666666666666918e-01
4.862000000000000210e-01
4.859999999999999876e-01
4.832666666666666777e-01
4.825333333333333141e-01
4.870666666666666478e-01
4.849999999999999867e-01
4.869999999999999885e-01
4.847333333333333494e-01
4.860666666666666469e-01
4.902666666666666839e-01
4.874666666666666592e-01
4.871333333333333071e-01
4.874666666666666592e-01
4.884000000000000008e-01
4.892666666666666830e-01
4.876666666666666927e-01
4.892000000000000237e-01
4.908000000000000140e-01
4.896666666666666390e-01
4.908000000000000140e-01
4.924000000000000044e-01
4.918666666666666742e-01
4.905333333333333212e-01
4.906666666666666399e-01
4.858000000000000096e-01
4.913333333333333441e-01
4.861333333333333062e-01
4.892666666666666830e-01
4.872000000000000219e-01
4.919333333333333336e-01
4.883333333333333415e-01
4.892000000000000237e-01
4.941999999999999726e-01
4.883333333333333415e-01
4.904666666666666619e-01
4.922000000000000264e-01
4.920666666666666522e-01
4.885999999999999788e-01
4.941999999999999726e-01
4.928000000000000158e-01
4.919333333333333336e-01
4.948666666666666769e-01
4.918000000000000149e-01
4.915333333333333221e-01
4.903333333333333433e-01
4.924000000000000044e-01
4.942666666666666875e-01
4.935999999999999832e-01
4.927333333333333565e-01
4.879999999999999893e-01
4.955999999999999850e-01
4.917333333333333556e-01
4.900666666666666504e-01
4.975333333333333274e-01
4.939999999999999947e-01
4.923333333333333450e-01
4.936666666666666425e-01
4.966666666666666452e-01
4.916666666666666408e-01
4.945999999999999841e-01
4.995999999999999885e-01
4.961999999999999744e-01
4.944000000000000061e-01
4.974000000000000088e-01
4.967333333333333600e-01
4.967333333333333600e-01
4.949333333333333362e-01
4.954000000000000070e-01
4.958000000000000185e-01
4.955999999999999850e-01
4.951333333333333142e-01
4.988000000000000211e-01
4.935999999999999832e-01
4.974000000000000088e-01
4.961333333333333151e-01
4.960666666666666558e-01
4.959333333333333371e-01
4.965999999999999859e-01
5.011333333333333195e-01
4.964000000000000079e-01
4.972666666666666901e-01
4.990666666666666584e-01
4.959333333333333371e-01
4.993333333333333512e-01
5.001333333333333186e-01
4.949999999999999956e-01
4.969333333333333380e-01
4.986666666666666470e-01
4.947333333333333583e-01
5.006666666666667043e-01
5.001999999999999780e-01
4.966666666666666452e-01
4.969333333333333380e-01
4.961333333333333151e-01
5.023333333333332984e-01
5.009333333333333416e-01
5.002666666666666373e-01
5.018000000000000238e-01
4.994666666666666699e-01
4.998666666666666814e-01
4.964666666666666672e-01
5.003999999999999559e-01
4.938000000000000167e-01
4.995999999999999885e-01
5.029333333333333433e-01
4.986666666666666470e-01
4.986666666666666470e-01
5.008666666666666822e-01
5.040000000000000036e-01
5.000666666666666593e-01
5.006000000000000449e-01
5.000000000000000000e-01
5.033333333333332993e-01
5.029333333333333433e-01
5.024666666666666170e-01
5.010000000000000009e-01
5.020666666666666611e-01
5.058000000000000274e-01
4.968000000000000194e-01
5.026666666666667060e-01
5.000666666666666593e-01
4.974666666666666681e-01
5.043333333333333002e-01
5.013999999999999568e-01
5.000666666666666593e-01
5.023999999999999577e-01
5.014666666666666162e-01
5.066000000000000503e-01
5.015333333333333865e-01
5.042666666666666409e-01
5.046000000000000485e-01
5.077333333333333698e-01
5.068000000000000282e-01
5.052666666666666417e-01
5.027333333333333654e-01
5.048000000000000265e-01
5.054666666666666197e-01
5.026666666666667060e-01
5.066000000000000503e-01
5.034666666666666179e-01
5.035333333333333883e-01
5.030666666666666620e-01
5.068666666666666876e-01
5.036000000000000476e-01
5.026666666666667060e-01
5.043333333333333002e-01
5.038000000000000256e-01
5.064666666666666206e-01
5.094666666666666233e-01
5.043333333333333002e-01
5.040000000000000036e-01
5.073999999999999622e-01
5.043333333333333002e-01
5.043333333333333002e-01
5.029333333333333433e-01
5.050000000000000044e-01
5.061333333333333240e-01
5.078000000000000291e-01
5.071333333333333249e-01
5.058000000000000274e-01
5.081999999999999851e-01
5.058000000000000274e-01
5.050666666666666638e-01
5.090666666666666673e-01
5.076000000000000512e-01
5.100666666666666682e-01
5.056666666666667087e-01
5.081999999999999851e-01
5.063999999999999613e-01
5.110666666666666691e-01
5.070666666666666655e-01
5.091999999999999860e-01
5.081999999999999851e-01
5.071333333333333249e-01
5.090000000000000080e-01
5.121999999999999886e-01
5.090666666666666673e-01
5.063999999999999613e-01
5.082666666666666444e-01
5.087333333333333707e-01
5.110666666666666691e-01
5.099333333333333496e-01
5.072666666666666435e-01
5.108666666666666911e-01
5.113999999999999657e-01
5.070666666666666655e-01
5.090666666666666673e-01
5.100666666666666682e-01
5.121333333333333293e-01
5.117333333333333734e-01
5.136666666666667158e-01
5.101999999999999869e-01
5.102666666666666462e-01
5.123333333333333073e-01
5.088000000000000300e-01
5.111999999999999877e-01
5.130000000000000115e-01
5.106000000000000538e-01
5.110666666666666691e-01
5.109333333333333504e-01
5.100000000000000089e-01
5.112666666666666471e-01
5.116000000000000547e-01
5.121333333333333293e-01
5.101999999999999869e-01
5.140666666666666718e-01
5.172666666666666524e-01
5.110666666666666691e-01
5.107333333333333725e-01
5.093999999999999639e-01
5.125333333333332853e-01
5.125333333333332853e-01
5.125999999999999446e-01
5.130666666666666709e-01
5.128666666666666929e-01
5.120000000000000107e-01
5.125999999999999446e-01
5.158000000000000362e-01
5.116666666666667140e-01
5.122666666666666480e-01
5.121333333333333293e-01
5.118000000000000327e-01
5.114666666666666250e-01
5.106666666666667131e-01
5.109333333333333504e-01
5.098666666666666902e-01
5.130666666666666709e-01
5.076000000000000512e-01
5.150666666666666726e-01
5.141999999999999904e-01
5.102666666666666462e-01
5.153999999999999693e-01
5.144666666666666277e-01
5.143999999999999684e-01
5.196666666666667211e-01
5.177333333333333787e-01
5.155333333333332879e-01
5.141333333333333311e-01
5.156666666666667176e-01
5.124666666666666259e-01
5.155333333333332879e-01
5.147333333333333760e-01
5.122666666666666480e-01
5.161333333333333329e-01
5.153333333333333099e-01
5.167333333333333778e-01
5.131999999999999895e-01
5.153999999999999693e-01
5.156666666666667176e-01
5.185999999999999499e-01
5.163333333333333108e-01
5.172666666666666524e-01
5.144666666666666277e-01
5.149333333333333540e-01
5.181333333333333346e-01
5.138000000000000345e-01
5.156666666666667176e-01
5.166666666666667185e-01
5.157333333333333769e-01
5.170000000000000151e-01
5.153999999999999693e-01
5.144666666666666277e-01
5.154666666666666286e-01
5.162666666666666515e-01
5.185333333333332906e-01
5.157333333333333769e-01
5.130000000000000115e-01
5.148666666666666947e-01
5.173333333333333117e-01
5.168666666666666965e-01
5.190666666666666762e-01
5.208666666666667000e-01
5.168000000000000371e-01
5.185333333333332906e-01
5.173333333333333117e-01
5.197333333333333805e-01
5.184666666666666313e-01
5.183333333333333126e-01
5.216666666666666119e-01
5.199333333333333584e-01
5.173333333333333117e-01
5.178000000000000380e-01
5.202666666666666551e-01
5.171333333333333337e-01
5.191333333333333355e-01
5.187333333333333796e-01
5.192666666666666542e-01
5.168000000000000371e-01
5.161333333333333329e-01
5.193333333333333135e-01
5.187333333333333796e-01
5.205999999999999517e-01
5.215999999999999526e-01
5.225333333333332941e-01
5.233333333333333171e-01
5.197333333333333805e-01
5.195333333333332915e-01
5.210666666666666780e-01
5.175999999999999490e-01
5.196666666666667211e-01
5.172666666666666524e-01
5.156666666666667176e-01
5.191999999999999948e-01
5.207333333333333814e-01
5.178666666666666973e-01
5.238000000000000433e-01
5.236666666666666137e-01
5.216666666666666119e-01
5.226666666666666128e-01
5.234666666666666357e-01
5.219333333333333602e-01
5.200666666666666771e-01
5.170666666666666744e-01
5.217333333333333822e-01
5.238666666666667027e-01
5.228000000000000425e-01
5.213999999999999746e-01
5.213333333333333153e-01
5.183999999999999719e-01
5.212666666666666559e-01
5.225999999999999535e-01
5.218666666666667009e-01
5.206666666666667220e-01
5.219333333333333602e-01
5.259333333333333638e-01
5.241999999999999993e-01
5.205999999999999517e-01
5.215999999999999526e-01
5.230000000000000204e-01
5.241999999999999993e-01
5.235333333333332950e-01
5.158000000000000362e-01
5.282666666666666622e-01
5.247333333333333849e-01
5.243999999999999773e-01
5.248000000000000442e-01
5.220000000000000195e-01
5.246666666666666146e-01
5.261333333333333417e-01
5.245999999999999552e-01
5.218666666666667009e-01
5.234666666666666357e-01
5.261333333333333417e-01
5.224666666666666348e-01
5.224666666666666348e-01
5.268666666666667053e-01
5.216666666666666119e-01
5.230666666666666798e-01
5.262000000000000011e-01
5.260666666666666824e-01
5.204666666666666330e-01
5.245999999999999552e-01
5.289333333333333664e-01
5.254666666666666375e-01
5.258000000000000451e-01
5.197333333333333805e-01
5.262000000000000011e-01
5.245999999999999552e-01
5.238000000000000433e-01
5.274666666666666393e-01
5.252666666666666595e-01
5.253999999999999782e-01
5.251333333333333409e-01
5.258666666666667044e-01
5.240000000000000213e-01
5.244666666666666366e-01
5.251333333333333409e-01
5.289333333333333664e-01
5.290666666666666851e-01
5.260666666666666824e-01
5.258666666666667044e-01
5.249333333333333629e-01
5.246666666666666146e-01
5.248000000000000442e-01
5.255999999999999561e-01
5.246666666666666146e-01
5.265999999999999570e-01
5.287333333333333885e-01
5.277333333333333876e-01
5.278000000000000469e-01
5.243333333333333179e-01
5.265333333333332977e-01
5.275333333333332986e-01
5.278666666666667062e-01
5.285999999999999588e-01
5.208666666666667000e-01
5.262000000000000011e-01
5.282666666666666622e-01
5.262666666666666604e-01
5.275333333333332986e-01
5.285999999999999588e-01
5.267333333333333867e-01
5.276666666666666172e-01
5.252000000000000002e-01
5.311333333333333462e-01
5.276666666666666172e-01
5.270666666666666833e-01
5.302666666666666639e-01
5.276666666666666172e-01
5.275999999999999579e-01
5.250000000000000222e-01
5.260000000000000231e-01
5.262666666666666604e-01
5.270666666666666833e-01
5.285999999999999588e-01
5.293999999999999817e-01
5.344666666666666455e-01
5.288000000000000478e-01
5.278000000000000469e-01
5.260666666666666824e-01
5.266666666666666163e-01
5.316666666666666208e-01
5.285999999999999588e-01
5.288666666666667071e-01
5.323333333333333250e-01
5.301333333333333453e-01
5.297333333333332783e-01
5.266666666666666163e-01
5.309333333333333682e-01
5.291333333333333444e-01
5.270666666666666833e-01
5.282666666666666622e-01
5.312666666666666648e-01
5.316666666666666208e-01
5.294666666666666410e-01
5.311333333333333462e-01
5.318666666666667098e-01
5.284666666666666401e-01
5.292666666666666631e-01
5.312666666666666648e-01
5.330000000000000293e-01
5.297333333333332783e-01
5.305333333333333012e-01
5.293333333333333224e-01
5.309333333333333682e-01
5.312000000000000055e-01
5.314666666666666428e-01
5.329333333333333700e-01
5.327333333333332810e-01
5.286666666666666181e-01
5.351333333333333497e-01
5.312000000000000055e-01
5.283333333333333215e-01
5.337333333333332819e-01
5.339333333333333709e-01
5.320666666666666877e-01
5.312000000000000055e-01
5.324666666666666437e-01
5.354666666666666464e-01
5.298666666666667080e-01
5.312666666666666648e-01
5.322000000000000064e-01
5.308000000000000496e-01
5.343999999999999861e-01
5.287333333333333885e-01
5.319333333333333691e-01
5.362000000000000099e-01
5.331333333333333480e-01
5.320666666666666877e-01
5.337333333333332819e-01
5.334666666666666446e-01
5.325999999999999623e-01
5.302666666666666639e-01
5.361333333333333506e-01
5.337333333333332819e-01
5.339333333333333709e-01
5.359333333333333727e-01
5.360000000000000320e-01
5.303333333333333233e-01
5.302666666666666639e-01
5.318666666666667098e-01
5.342666666666666675e-01
5.335999999999999632e-01
5.365333333333333066e-01
5.376666666666666261e-01
5.372666666666666702e-01
5.348666666666667124e-01
5.310000000000000275e-01
5.345333333333333048e-01
5.317333333333332801e-01
5.337333333333332819e-01
5.337333333333332819e-01
5.336666666666666226e-01
