4.208666666666666667e-01
4.173999999999999932e-01
4.209333333333333260e-01
4.188000000000000056e-01
4.215333333333333155e-01
4.204666666666666552e-01
4.224666666666666570e-01
4.221333333333333604e-01
4.255999999999999783e-01
4.204666666666666552e-01
4.201333333333333586e-01
4.253333333333333410e-01
4.237333333333333507e-01
4.235999999999999766e-01
4.252666666666666817e-01
4.225333333333333163e-01
4.242000000000000215e-01
4.271333333333333093e-01
4.258666666666666711e-01
4.255999999999999783e-01
4.280666666666666509e-01
4.253333333333333410e-01
4.280666666666666509e-01
4.256666666666666932e-01
4.269999999999999907e-01
4.291333333333333111e-01
4.256666666666666932e-01
4.285999999999999810e-01
4.306666666666666421e-01
4.313333333333333464e-01
4.315999999999999837e-01
4.298000000000000154e-01
4.319333333333333358e-01
4.284000000000000030e-01
4.350666666666666571e-01
4.347333333333333605e-01
4.374666666666666703e-01
4.354666666666666686e-01
4.316666666666666430e-01
4.319999999999999951e-01
4.342666666666666897e-01
4.306666666666666421e-01
4.358000000000000207e-01
4.351999999999999758e-01
4.371333333333333182e-01
4.361999999999999766e-01
4.395333333333333314e-01
4.374000000000000110e-01
4.380666666666666598e-01
4.379333333333333411e-01
4.384666666666666712e-01
4.377333333333333076e-01
4.374666666666666703e-01
4.411333333333333218e-01
4.393333333333333535e-01
4.388666666666666827e-01
4.364000000000000101e-01
4.411333333333333218e-01
4.433333333333333570e-01
4.405999999999999917e-01
4.423333333333333561e-01
4.449333333333333473e-01
4.427333333333333121e-01
4.411999999999999811e-01
4.448666666666666880e-01
4.434666666666666757e-01
4.472666666666666457e-01
4.426666666666666528e-01
4.436666666666666536e-01
4.431333333333333235e-01
4.445333333333333359e-01
4.471333333333333271e-01
4.431333333333333235e-01
4.447999999999999732e-01
4.440666666666666651e-01
4.405333333333333323e-01
4.471333333333333271e-01
4.448666666666666880e-01
4.411333333333333218e-01
4.436666666666666536e-01
4.461999999999999855e-01
4.460666666666666669e-01
4.459333333333333482e-01
4.467999999999999750e-01
4.506000000000000005e-01
4.475333333333333385e-01
4.487333333333333174e-01
4.471999999999999864e-01
4.511333333333333306e-01
4.511999999999999900e-01
4.439333333333333464e-01
4.506666666666666599e-01
4.490666666666666695e-01
4.505333333333333412e-01
4.537333333333333218e-01
4.511333333333333306e-01
4.501333333333333298e-01
4.531333333333333324e-01
4.514000000000000234e-01
4.534666666666666845e-01
4.517333333333333201e-01
4.531333333333333324e-01
4.551333333333333342e-01
4.507333333333333192e-01
4.550000000000000155e-01
4.527333333333333210e-01
4.540000000000000147e-01
4.568666666666666432e-01
4.520000000000000129e-01
4.558666666666666423e-01
4.567999999999999838e-01
4.568666666666666432e-01
4.563333333333333131e-01
4.588666666666666449e-01
4.554000000000000270e-01
4.606666666666666687e-01
4.572666666666666546e-01
4.582666666666666555e-01
4.589333333333333598e-01
4.569333333333333580e-01
4.606000000000000094e-01
4.609333333333333060e-01
4.616666666666666696e-01
4.576000000000000068e-01
4.603333333333333166e-01
4.583999999999999742e-01
4.598666666666666458e-01
4.605333333333333501e-01
4.626000000000000112e-01
4.617333333333333290e-01
4.596000000000000085e-01
4.621999999999999997e-01
4.622666666666666591e-01
4.630666666666666820e-01
4.619333333333333069e-01
4.617999999999999883e-01
4.625333333333333519e-01
4.611333333333333395e-01
4.653999999999999804e-01
4.615333333333333510e-01
4.643999999999999795e-01
4.590666666666666784e-01
4.611333333333333395e-01
4.680000000000000271e-01
4.676666666666666750e-01
4.642000000000000015e-01
4.665333333333333554e-01
4.630000000000000226e-01
4.623999999999999777e-01
4.683999999999999830e-01
4.621333333333333404e-01
4.638666666666666494e-01
4.696000000000000174e-01
4.681333333333333457e-01
4.680666666666666864e-01
4.700666666666666882e-01
4.707999999999999963e-01
4.706000000000000183e-01
4.672666666666666635e-01
4.678666666666666529e-01
4.702000000000000068e-01
4.652000000000000024e-01
4.651333333333333431e-01
4.712666666666666671e-01
4.676000000000000156e-01
4.679333333333333123e-01
4.642666666666666608e-01
4.698666666666666547e-01
4.676666666666666750e-01
4.708666666666666556e-01
4.739333333333333176e-01
4.715333333333333599e-01
4.717999999999999972e-01
4.724666666666666459e-01
4.713999999999999857e-01
4.722000000000000086e-01
4.736666666666666803e-01
4.716000000000000192e-01
4.707999999999999963e-01
4.707333333333333369e-01
4.731333333333333502e-01
4.717333333333333378e-01
4.709333333333333149e-01
4.732000000000000095e-01
4.699999999999999734e-01
4.710666666666666891e-01
4.748666666666666591e-01
4.725333333333333607e-01
4.722000000000000086e-01
4.763333333333333308e-01
4.756666666666666821e-01
4.762000000000000122e-01
4.738666666666666583e-01
4.717999999999999972e-01
4.746000000000000218e-01
4.777333333333333432e-01
4.761333333333333528e-01
4.776000000000000245e-01
4.776666666666666838e-01
4.747333333333333405e-01
4.754666666666666486e-01
4.773333333333333317e-01
4.773333333333333317e-01
4.727333333333333387e-01
4.801333333333333564e-01
4.753999999999999893e-01
4.791333333333333555e-01
4.779333333333333211e-01
4.763333333333333308e-01
4.759333333333333194e-01
4.766000000000000236e-01
4.827333333333333476e-01
4.792000000000000148e-01
4.782666666666666733e-01
4.779999999999999805e-01
4.783333333333333326e-01
4.796000000000000263e-01
4.768000000000000016e-01
4.791333333333333555e-01
4.819333333333333247e-01
4.796000000000000263e-01
4.772666666666666724e-01
4.841333333333333599e-01
4.802000000000000157e-01
4.806000000000000272e-01
4.790666666666666407e-01
4.810666666666666424e-01
4.822000000000000175e-01
4.835999999999999743e-01
4.835333333333333150e-01
4.792000000000000148e-01
4.801333333333333564e-01
4.812666666666666759e-01
4.810666666666666424e-01
4.813333333333333353e-01
4.821333333333333582e-01
4.872000000000000219e-01
4.849999999999999867e-01
4.835999999999999743e-01
4.838666666666666671e-01
4.861333333333333062e-01
4.858666666666666689e-01
4.838000000000000078e-01
4.845999999999999752e-01
4.851333333333333608e-01
4.849333333333333274e-01
4.855999999999999761e-01
4.854666666666666575e-01
4.847333333333333494e-01
4.822666666666666768e-01
4.820666666666666433e-01
4.859999999999999876e-01
4.843999999999999972e-01
4.863999999999999990e-01
4.841333333333333599e-01
4.858666666666666689e-01
4.903333333333333433e-01
4.873333333333333406e-01
4.865999999999999770e-01
4.869999999999999885e-01
4.875999999999999779e-01
4.888000000000000123e-01
4.876666666666666927e-01
4.888000000000000123e-01
4.905333333333333212e-01
4.894666666666666610e-01
4.898666666666666725e-01
4.915333333333333221e-01
4.915999999999999814e-01
4.891333333333333089e-01
4.899333333333333318e-01
4.848666666666666680e-01
4.902666666666666839e-01
4.857333333333333503e-01
4.883333333333333415e-01
4.863999999999999990e-01
4.912666666666666848e-01
4.878666666666666707e-01
4.884000000000000008e-01
4.934000000000000052e-01
4.874666666666666592e-01
4.894000000000000017e-01
4.914666666666666628e-01
4.914000000000000035e-01
4.880666666666666487e-01
4.934666666666666646e-01
4.919999999999999929e-01
4.910666666666666513e-01
4.944000000000000061e-01
4.912666666666666848e-01
4.909999999999999920e-01
4.895333333333333203e-01
4.917333333333333556e-01
4.940666666666666540e-01
4.931333333333333124e-01
4.919999999999999929e-01
4.874666666666666592e-01
4.949999999999999956e-01
4.909333333333333327e-01
4.892000000000000237e-01
4.971999999999999753e-01
4.928666666666666751e-01
4.915999999999999814e-01
4.929333333333333345e-01
4.958666666666666778e-01
4.912666666666666848e-01
4.941999999999999726e-01
4.988666666666666805e-01
4.952666666666666884e-01
4.941333333333333133e-01
4.968666666666666787e-01
4.961333333333333151e-01
4.955999999999999850e-01
4.945333333333333248e-01
4.946666666666666434e-01
4.954000000000000070e-01
4.949333333333333362e-01
4.944666666666666655e-01
4.978666666666666796e-01
4.920666666666666522e-01
4.968000000000000194e-01
4.954000000000000070e-01
4.948666666666666769e-01
4.947333333333333583e-01
4.959999999999999964e-01
5.005333333333333856e-01
4.952666666666666884e-01
4.959333333333333371e-01
4.981999999999999762e-01
4.947333333333333583e-01
4.988000000000000211e-01
4.998666666666666814e-01
4.941999999999999726e-01
4.963333333333333486e-01
4.983333333333333504e-01
4.942666666666666875e-01
4.998000000000000220e-01
4.999333333333333407e-01
4.960666666666666558e-01
4.958000000000000185e-01
4.955999999999999850e-01
5.016666666666667052e-01
5.001333333333333186e-01
5.002666666666666373e-01
5.009333333333333416e-01
4.989333333333333398e-01
4.994000000000000106e-01
4.961333333333333151e-01
5.001333333333333186e-01
4.934000000000000052e-01
4.991333333333333178e-01
5.021999999999999797e-01
4.984666666666666690e-01
4.980666666666666575e-01
5.000666666666666593e-01
5.031333333333333213e-01
4.994000000000000106e-01
5.001999999999999780e-01
4.993333333333333512e-01
5.023333333333332984e-01
5.025333333333333874e-01
5.018000000000000238e-01
5.006666666666667043e-01
5.017333333333333645e-01
5.053999999999999604e-01
4.958666666666666778e-01
5.023999999999999577e-01
4.993333333333333512e-01
4.969999999999999973e-01
5.033999999999999586e-01
5.011333333333333195e-01
4.987333333333333063e-01
5.015333333333333865e-01
5.007333333333333636e-01
5.066666666666667096e-01
5.010000000000000009e-01
5.037333333333333663e-01
5.046000000000000485e-01
5.078666666666666885e-01
5.061333333333333240e-01
5.051333333333333231e-01
5.023333333333332984e-01
5.044666666666666188e-01
5.053999999999999604e-01
5.026666666666667060e-01
5.058000000000000274e-01
5.031333333333333213e-01
5.024666666666666170e-01
5.025333333333333874e-01
5.065333333333332799e-01
5.032666666666666400e-01
5.024666666666666170e-01
5.038000000000000256e-01
5.030000000000000027e-01
5.060666666666666647e-01
5.088000000000000300e-01
5.037333333333333663e-01
5.035333333333333883e-01
5.064666666666666206e-01
5.039333333333333442e-01
5.036666666666667069e-01
5.026000000000000467e-01
5.049333333333333451e-01
5.053333333333333011e-01
5.068666666666666876e-01
5.064666666666666206e-01
5.055333333333332790e-01
5.078000000000000291e-01
5.051999999999999824e-01
5.041999999999999815e-01
5.083999999999999631e-01
5.070000000000000062e-01
5.097333333333333716e-01
5.051999999999999824e-01
5.076666666666667105e-01
5.061333333333333240e-01
5.103999999999999648e-01
5.064666666666666206e-01
5.085333333333332817e-01
5.071999999999999842e-01
5.063333333333333020e-01
5.086000000000000520e-01
5.118000000000000327e-01
5.084666666666666224e-01
5.062666666666666426e-01
5.081333333333333258e-01
5.083999999999999631e-01
5.103999999999999648e-01
5.095333333333332826e-01
5.070666666666666655e-01
5.103333333333333055e-01
5.109333333333333504e-01
5.063999999999999613e-01
5.078666666666666885e-01
5.096666666666667123e-01
5.113999999999999657e-01
5.116000000000000547e-01
5.132666666666666488e-01
5.096000000000000529e-01
5.096666666666667123e-01
5.119333333333333513e-01
5.081999999999999851e-01
5.109333333333333504e-01
5.123333333333333073e-01
5.099333333333333496e-01
5.112666666666666471e-01
5.100000000000000089e-01
5.093999999999999639e-01
5.113333333333333064e-01
5.109333333333333504e-01
5.118666666666666920e-01
5.099333333333333496e-01
5.133333333333333082e-01
5.172666666666666524e-01
5.101333333333333275e-01
5.098666666666666902e-01
5.087333333333333707e-01
5.118000000000000327e-01
5.115333333333332844e-01
5.120000000000000107e-01
5.128666666666666929e-01
5.123333333333333073e-01
5.109333333333333504e-01
5.121999999999999886e-01
5.158000000000000362e-01
5.110666666666666691e-01
5.120666666666666700e-01
5.113999999999999657e-01
5.115333333333332844e-01
5.112666666666666471e-01
5.104666666666666242e-01
5.110666666666666691e-01
5.098666666666666902e-01
5.126666666666667149e-01
5.073999999999999622e-01
5.146666666666667167e-01
5.138000000000000345e-01
5.097333333333333716e-01
5.145333333333332870e-01
5.139333333333333531e-01
5.135333333333332861e-01
5.189333333333333576e-01
5.170000000000000151e-01
5.150666666666666726e-01
5.138666666666666938e-01
5.155999999999999472e-01
5.119333333333333513e-01
5.148666666666666947e-01
5.142666666666666497e-01
5.114666666666666250e-01
5.160000000000000142e-01
5.149333333333333540e-01
5.161999999999999922e-01
5.130666666666666709e-01
5.148666666666666947e-01
5.153333333333333099e-01
5.179333333333333567e-01
5.156666666666667176e-01
5.167333333333333778e-01
5.140000000000000124e-01
5.141333333333333311e-01
5.175333333333332897e-01
5.135333333333332861e-01
5.151999999999999913e-01
5.165333333333332888e-01
5.154666666666666286e-01
5.170000000000000151e-01
5.147333333333333760e-01
5.142666666666666497e-01
5.147333333333333760e-01
5.158666666666666956e-01
5.179333333333333567e-01
5.156666666666667176e-01
5.128666666666666929e-01
5.148666666666666947e-01
5.169333333333333558e-01
5.168666666666666965e-01
5.182666666666666533e-01
5.200000000000000178e-01
5.161999999999999922e-01
5.185999999999999499e-01
5.168000000000000371e-01
5.191999999999999948e-01
5.177333333333333787e-01
5.179333333333333567e-01
5.213999999999999746e-01
5.195333333333332915e-01
5.170666666666666744e-01
5.171333333333333337e-01
5.193999999999999728e-01
5.169333333333333558e-01
5.188000000000000389e-01
5.184666666666666313e-01
5.190000000000000169e-01
5.161999999999999922e-01
5.152666666666666506e-01
5.190000000000000169e-01
5.181999999999999940e-01
5.204666666666666330e-01
5.213333333333333153e-01
5.219333333333333602e-01
5.230000000000000204e-01
5.192666666666666542e-01
5.193999999999999728e-01
5.205999999999999517e-01
5.169333333333333558e-01
5.190000000000000169e-01
5.168000000000000371e-01
5.151333333333333320e-01
5.185333333333332906e-01
5.206666666666667220e-01
5.181333333333333346e-01
5.237333333333333840e-01
5.228000000000000425e-01
5.211999999999999966e-01
5.222666666666666568e-01
5.231999999999999984e-01
5.214666666666666339e-01
5.195999999999999508e-01
5.166666666666667185e-01
5.214666666666666339e-01
5.230666666666666798e-01
5.225333333333332941e-01
5.210666666666666780e-01
5.210000000000000187e-01
5.178666666666666973e-01
5.203999999999999737e-01
5.223999999999999755e-01
5.213999999999999746e-01
5.200666666666666771e-01
5.213999999999999746e-01
5.255333333333332968e-01
5.239333333333333620e-01
5.197333333333333805e-01
5.219333333333333602e-01
5.223999999999999755e-01
5.241333333333333400e-01
5.233999999999999764e-01
5.151999999999999913e-01
5.278666666666667062e-01
5.242666666666666586e-01
5.235999999999999543e-01
5.241333333333333400e-01
5.210000000000000187e-01
5.241999999999999993e-01
5.251333333333333409e-01
5.241999999999999993e-01
5.213999999999999746e-01
5.228666666666667018e-01
5.255333333333332968e-01
5.223999999999999755e-01
5.217333333333333822e-01
5.265999999999999570e-01
5.210666666666666780e-01
5.224666666666666348e-01
5.260666666666666824e-01
5.259333333333333638e-01
5.204666666666666330e-01
5.235333333333332950e-01
5.285999999999999588e-01
5.255999999999999561e-01
5.255333333333332968e-01
5.192666666666666542e-01
5.256666666666666154e-01
5.241333333333333400e-01
5.235333333333332950e-01
5.270666666666666833e-01
5.245333333333332959e-01
5.250000000000000222e-01
5.245333333333332959e-01
5.253333333333333188e-01
5.238666666666667027e-01
5.243333333333333179e-01
5.244666666666666366e-01
5.285333333333332995e-01
5.285999999999999588e-01
5.253999999999999782e-01
5.260000000000000231e-01
5.243999999999999773e-01
5.242666666666666586e-01
5.245333333333332959e-01
5.246666666666666146e-01
5.238666666666667027e-01
5.261333333333333417e-01
5.286666666666666181e-01
5.272000000000000020e-01
5.275333333333332986e-01
5.235333333333332950e-01
5.260666666666666824e-01
5.268000000000000460e-01
5.273999999999999799e-01
5.283999999999999808e-01
5.205333333333332924e-01
5.262000000000000011e-01
5.273999999999999799e-01
5.254666666666666375e-01
5.272666666666666613e-01
5.277333333333333876e-01
5.258666666666667044e-01
5.271333333333333426e-01
5.243999999999999773e-01
5.303999999999999826e-01
5.270000000000000240e-01
5.271333333333333426e-01
5.295333333333333004e-01
5.264666666666666384e-01
5.266666666666666163e-01
5.241999999999999993e-01
5.253333333333333188e-01
5.255333333333332968e-01
5.267333333333333867e-01
5.282000000000000028e-01
5.292000000000000037e-01
5.340000000000000302e-01
5.285333333333332995e-01
5.272666666666666613e-01
5.255333333333332968e-01
5.260000000000000231e-01
5.312000000000000055e-01
5.280666666666666842e-01
5.286666666666666181e-01
5.317333333333332801e-01
5.298000000000000487e-01
5.293333333333333224e-01
5.262000000000000011e-01
5.304666666666666419e-01
5.288666666666667071e-01
5.270000000000000240e-01
5.281333333333333435e-01
5.306666666666666199e-01
5.313333333333333242e-01
5.293999999999999817e-01
5.307333333333332792e-01
5.313999999999999835e-01
5.281333333333333435e-01
5.292000000000000037e-01
5.310666666666666869e-01
5.327333333333332810e-01
5.292666666666666631e-01
5.302000000000000046e-01
5.290000000000000258e-01
5.303999999999999826e-01
5.306666666666666199e-01
5.308000000000000496e-01
5.328000000000000513e-01
5.319333333333333691e-01
5.283999999999999808e-01
5.350666666666666904e-01
5.305333333333333012e-01
5.279333333333333655e-01
5.332000000000000073e-01
5.337333333333332819e-01
5.317333333333332801e-01
5.312666666666666648e-01
5.323333333333333250e-01
5.353999999999999870e-01
5.295333333333333004e-01
5.312000000000000055e-01
5.320666666666666877e-01
5.303999999999999826e-01
5.342666666666666675e-01
5.287333333333333885e-01
5.314666666666666428e-01
5.360666666666666913e-01
5.328666666666667107e-01
5.317333333333332801e-01
5.332666666666666666e-01
5.332000000000000073e-01
5.321333333333333471e-01
5.299333333333333673e-01
5.352666666666666684e-01
5.336666666666666226e-01
5.336666666666666226e-01
5.354666666666666464e-01
5.358000000000000540e-01
5.298000000000000487e-01
5.299333333333333673e-01
5.315999999999999615e-01
5.337333333333332819e-01
5.325999999999999623e-01
5.363333333333333286e-01
5.371333333333333515e-01
5.366666666666666252e-01
5.340666666666666895e-01
5.303999999999999826e-01
5.345333333333333048e-01
5.313333333333333242e-01
5.333333333333333259e-01
5.334666666666666446e-01
5.331333333333333480e-01
