4.255999999999999783e-01
4.220666666666666456e-01
4.261333333333333084e-01
4.233333333333333393e-01
4.254000000000000004e-01
4.255333333333333190e-01
4.262000000000000233e-01
4.268000000000000127e-01
4.299333333333333340e-01
4.242666666666666808e-01
4.262666666666666826e-01
4.295999999999999819e-01
4.277333333333333543e-01
4.273333333333333428e-01
4.285999999999999810e-01
4.268000000000000127e-01
4.290666666666666518e-01
4.317333333333333578e-01
4.299333333333333340e-01
4.299999999999999933e-01
4.319999999999999951e-01
4.288000000000000145e-01
4.314666666666666650e-01
4.297333333333333560e-01
4.302000000000000268e-01
4.325999999999999845e-01
4.308000000000000163e-01
4.325999999999999845e-01
4.346666666666666456e-01
4.354000000000000092e-01
4.354666666666666686e-01
4.333333333333333481e-01
4.357333333333333059e-01
4.324666666666666659e-01
4.388000000000000234e-01
4.384000000000000119e-01
4.408000000000000251e-01
4.380666666666666598e-01
4.349333333333333385e-01
4.365333333333333288e-01
4.373333333333333517e-01
4.341999999999999749e-01
4.401999999999999802e-01
4.390000000000000013e-01
4.400000000000000022e-01
4.396666666666666501e-01
4.426666666666666528e-01
4.408000000000000251e-01
4.406666666666666510e-01
4.410000000000000031e-01
4.416666666666666519e-01
4.404666666666666730e-01
4.401333333333333209e-01
4.436666666666666536e-01
4.430666666666666642e-01
4.418000000000000260e-01
4.394666666666666721e-01
4.451999999999999846e-01
4.465333333333333377e-01
4.434000000000000163e-01
4.445999999999999952e-01
4.471999999999999864e-01
4.453333333333333588e-01
4.447999999999999732e-01
4.477999999999999758e-01
4.461999999999999855e-01
4.506000000000000005e-01
4.455333333333333368e-01
4.463333333333333597e-01
4.460666666666666669e-01
4.478666666666666907e-01
4.496666666666666590e-01
4.450666666666666660e-01
4.480000000000000093e-01
4.470000000000000084e-01
4.432666666666666422e-01
4.497999999999999776e-01
4.480000000000000093e-01
4.437999999999999723e-01
4.474000000000000199e-01
4.495333333333333403e-01
4.491999999999999882e-01
4.490666666666666695e-01
4.498666666666666925e-01
4.536000000000000032e-01
4.500666666666666704e-01
4.511333333333333306e-01
4.497999999999999776e-01
4.528666666666666396e-01
4.537999999999999812e-01
4.464666666666666783e-01
4.536000000000000032e-01
4.510000000000000120e-01
4.521999999999999909e-01
4.557333333333333236e-01
4.534000000000000252e-01
4.526000000000000023e-01
4.551333333333333342e-01
4.528666666666666396e-01
4.566666666666666652e-01
4.544000000000000261e-01
4.557999999999999829e-01
4.579333333333333589e-01
4.533333333333333104e-01
4.568666666666666432e-01
4.553333333333333122e-01
4.567999999999999838e-01
4.594666666666666899e-01
4.543333333333333113e-01
4.580666666666666775e-01
4.585333333333333483e-01
4.591999999999999971e-01
4.587333333333333263e-01
4.609333333333333060e-01
4.576666666666666661e-01
4.630000000000000226e-01
4.591999999999999971e-01
4.610000000000000209e-01
4.618666666666666476e-01
4.600666666666666793e-01
4.630000000000000226e-01
4.634666666666666934e-01
4.642666666666666608e-01
4.601999999999999980e-01
4.621999999999999997e-01
4.610000000000000209e-01
4.616000000000000103e-01
4.624666666666666925e-01
4.649333333333333096e-01
4.636000000000000121e-01
4.615333333333333510e-01
4.640666666666666829e-01
4.640666666666666829e-01
4.648666666666666503e-01
4.639333333333333087e-01
4.636666666666666714e-01
4.638666666666666494e-01
4.630000000000000226e-01
4.676666666666666750e-01
4.639333333333333087e-01
4.662666666666666626e-01
4.610666666666666802e-01
4.632666666666666599e-01
4.700666666666666882e-01
4.693333333333333246e-01
4.662666666666666626e-01
4.687333333333333352e-01
4.650000000000000244e-01
4.639333333333333087e-01
4.702000000000000068e-01
4.638666666666666494e-01
4.657333333333333325e-01
4.709333333333333149e-01
4.707999999999999963e-01
4.698666666666666547e-01
4.709333333333333149e-01
4.726666666666666794e-01
4.719999999999999751e-01
4.686000000000000165e-01
4.693333333333333246e-01
4.715333333333333599e-01
4.674666666666666415e-01
4.667999999999999927e-01
4.727999999999999980e-01
4.692000000000000060e-01
4.699333333333333140e-01
4.661333333333333440e-01
4.712666666666666671e-01
4.692666666666666653e-01
4.724666666666666459e-01
4.752666666666666706e-01
4.730666666666666909e-01
4.733999999999999875e-01
4.740666666666666917e-01
4.729999999999999760e-01
4.733333333333333282e-01
4.749999999999999778e-01
4.726666666666666794e-01
4.726000000000000201e-01
4.717999999999999972e-01
4.740666666666666917e-01
4.728666666666666574e-01
4.727333333333333387e-01
4.745333333333333070e-01
4.708666666666666556e-01
4.727333333333333387e-01
4.761333333333333528e-01
4.737999999999999989e-01
4.733333333333333282e-01
4.779333333333333211e-01
4.772000000000000131e-01
4.773999999999999910e-01
4.749333333333333185e-01
4.732000000000000095e-01
4.769333333333333202e-01
4.795333333333333115e-01
4.776000000000000245e-01
4.797333333333333449e-01
4.794666666666666521e-01
4.769333333333333202e-01
4.768666666666666609e-01
4.786666666666666847e-01
4.782000000000000139e-01
4.737999999999999989e-01
4.813333333333333353e-01
4.772666666666666724e-01
4.805333333333333123e-01
4.802000000000000157e-01
4.767333333333333423e-01
4.770666666666666944e-01
4.784666666666666512e-01
4.842000000000000193e-01
4.809333333333333238e-01
4.799333333333333229e-01
4.794666666666666521e-01
4.795333333333333115e-01
4.810666666666666424e-01
4.783333333333333326e-01
4.803999999999999937e-01
4.832666666666666777e-01
4.809333333333333238e-01
4.789333333333333220e-01
4.853333333333333388e-01
4.811333333333333573e-01
4.815999999999999726e-01
4.801333333333333564e-01
4.819999999999999840e-01
4.832666666666666777e-01
4.854666666666666575e-01
4.849999999999999867e-01
4.806000000000000272e-01
4.810666666666666424e-01
4.827333333333333476e-01
4.826666666666666883e-01
4.823999999999999955e-01
4.838666666666666671e-01
4.883333333333333415e-01
4.865999999999999770e-01
4.852000000000000202e-01
4.859999999999999876e-01
4.877333333333333520e-01
4.875999999999999779e-01
4.849999999999999867e-01
4.853999999999999981e-01
4.859333333333333282e-01
4.862666666666666804e-01
4.867333333333333512e-01
4.869333333333333291e-01
4.863333333333333397e-01
4.833999999999999964e-01
4.828000000000000069e-01
4.872666666666666813e-01
4.853333333333333388e-01
4.872666666666666813e-01
4.849999999999999867e-01
4.868000000000000105e-01
4.912000000000000255e-01
4.883333333333333415e-01
4.876666666666666927e-01
4.876666666666666927e-01
4.886666666666666936e-01
4.894666666666666610e-01
4.884666666666666601e-01
4.899999999999999911e-01
4.914000000000000035e-01
4.899999999999999911e-01
4.905333333333333212e-01
4.927333333333333565e-01
4.924000000000000044e-01
4.908666666666666734e-01
4.908666666666666734e-01
4.863333333333333397e-01
4.914666666666666628e-01
4.866666666666666918e-01
4.894666666666666610e-01
4.875999999999999779e-01
4.924000000000000044e-01
4.888666666666666716e-01
4.895333333333333203e-01
4.944000000000000061e-01
4.882666666666666822e-01
4.903333333333333433e-01
4.921333333333333115e-01
4.922000000000000264e-01
4.889333333333333309e-01
4.942666666666666875e-01
4.929333333333333345e-01
4.922666666666666857e-01
4.952666666666666884e-01
4.925333333333333230e-01
4.923333333333333450e-01
4.907333333333333547e-01
4.931333333333333124e-01
4.950666666666666549e-01
4.938666666666666760e-01
4.932000000000000273e-01
4.883333333333333415e-01
4.958666666666666778e-01
4.919999999999999929e-01
4.902666666666666839e-01
4.979333333333333389e-01
4.941999999999999726e-01
4.926666666666666416e-01
4.935333333333333239e-01
4.968666666666666787e-01
4.921333333333333115e-01
4.948000000000000176e-01
5.001333333333333186e-01
4.961999999999999744e-01
4.945999999999999841e-01
4.979333333333333389e-01
4.968666666666666787e-01
4.968666666666666787e-01
4.954666666666666663e-01
4.955999999999999850e-01
4.963333333333333486e-01
4.959999999999999964e-01
4.958666666666666778e-01
4.989333333333333398e-01
4.941999999999999726e-01
4.975999999999999868e-01
4.961333333333333151e-01
4.962666666666666893e-01
4.964000000000000079e-01
4.972666666666666901e-01
5.013999999999999568e-01
4.965333333333333266e-01
4.974666666666666681e-01
4.991999999999999771e-01
4.959999999999999964e-01
4.996666666666666479e-01
5.001999999999999780e-01
4.955333333333333257e-01
4.971333333333333160e-01
4.989333333333333398e-01
4.947333333333333583e-01
5.006000000000000449e-01
5.004666666666666153e-01
4.967333333333333600e-01
4.974000000000000088e-01
4.967333333333333600e-01
5.028666666666666840e-01
5.013333333333332975e-01
5.010000000000000009e-01
5.021333333333333204e-01
4.996666666666666479e-01
4.999333333333333407e-01
4.965333333333333266e-01
5.010666666666666602e-01
4.940666666666666540e-01
5.001333333333333186e-01
5.033333333333332993e-01
4.991999999999999771e-01
4.986666666666666470e-01
5.011333333333333195e-01
5.033333333333332993e-01
5.001333333333333186e-01
5.005333333333333856e-01
5.003333333333332966e-01
5.033999999999999586e-01
5.030000000000000027e-01
5.025333333333333874e-01
5.010666666666666602e-01
5.021999999999999797e-01
5.060666666666666647e-01
4.970666666666666567e-01
5.033333333333332993e-01
5.002666666666666373e-01
4.978000000000000203e-01
5.048000000000000265e-01
5.018666666666666831e-01
4.998666666666666814e-01
5.022666666666666391e-01
5.013999999999999568e-01
5.066666666666667096e-01
5.014666666666666162e-01
5.045333333333332781e-01
5.048666666666666858e-01
5.083999999999999631e-01
5.069333333333333469e-01
5.056000000000000494e-01
5.030666666666666620e-01
5.050666666666666638e-01
5.056000000000000494e-01
5.030000000000000027e-01
5.068000000000000282e-01
5.039333333333333442e-01
5.038666666666666849e-01
5.037333333333333663e-01
5.071999999999999842e-01
5.039333333333333442e-01
5.030000000000000027e-01
5.043333333333333002e-01
5.038666666666666849e-01
5.068000000000000282e-01
5.096666666666667123e-01
5.044666666666666188e-01
5.043999999999999595e-01
5.071333333333333249e-01
5.043999999999999595e-01
5.043999999999999595e-01
5.026666666666667060e-01
5.053333333333333011e-01
5.063333333333333020e-01
5.078666666666666885e-01
5.074666666666666215e-01
5.064666666666666206e-01
5.083333333333333037e-01
5.060000000000000053e-01
5.051999999999999824e-01
5.092666666666666453e-01
5.076666666666667105e-01
5.102666666666666462e-01
5.061333333333333240e-01
5.086666666666667114e-01
5.064666666666666206e-01
5.113333333333333064e-01
5.071999999999999842e-01
5.092666666666666453e-01
5.086666666666667114e-01
5.074666666666666215e-01
5.090000000000000080e-01
5.120666666666666700e-01
5.091333333333333266e-01
5.069333333333333469e-01
5.086666666666667114e-01
5.093333333333333046e-01
5.118666666666666920e-01
5.102666666666666462e-01
5.078000000000000291e-01
5.111999999999999877e-01
5.116000000000000547e-01
5.071999999999999842e-01
5.092666666666666453e-01
5.101999999999999869e-01
5.124666666666666259e-01
5.115333333333332844e-01
5.140666666666666718e-01
5.106000000000000538e-01
5.102666666666666462e-01
5.125999999999999446e-01
5.090000000000000080e-01
5.108000000000000318e-01
5.130000000000000115e-01
5.100000000000000089e-01
5.115333333333332844e-01
5.110666666666666691e-01
5.100000000000000089e-01
5.114666666666666250e-01
5.118000000000000327e-01
5.122666666666666480e-01
5.101333333333333275e-01
5.144666666666666277e-01
5.173333333333333117e-01
5.113333333333333064e-01
5.108666666666666911e-01
5.097333333333333716e-01
5.125333333333332853e-01
5.125999999999999446e-01
5.125333333333332853e-01
5.131333333333333302e-01
5.133999999999999675e-01
5.124666666666666259e-01
5.125333333333332853e-01
5.163333333333333108e-01
5.120666666666666700e-01
5.121999999999999886e-01
5.124666666666666259e-01
5.121999999999999886e-01
5.118000000000000327e-01
5.110666666666666691e-01
5.113999999999999657e-01
5.101333333333333275e-01
5.133999999999999675e-01
5.078000000000000291e-01
5.153333333333333099e-01
5.144666666666666277e-01
5.103333333333333055e-01
5.158666666666666956e-01
5.150666666666666726e-01
5.145333333333332870e-01
5.194666666666666321e-01
5.179333333333333567e-01
5.159333333333333549e-01
5.143333333333333091e-01
5.159333333333333549e-01
5.128000000000000336e-01
5.156666666666667176e-01
5.153999999999999693e-01
5.121999999999999886e-01
5.161333333333333329e-01
5.157333333333333769e-01
5.170666666666666744e-01
5.131333333333333302e-01
5.155999999999999472e-01
5.155333333333332879e-01
5.185999999999999499e-01
5.168000000000000371e-01
5.175999999999999490e-01
5.150666666666666726e-01
5.151333333333333320e-01
5.181333333333333346e-01
5.139333333333333531e-01
5.159333333333333549e-01
5.168000000000000371e-01
5.158666666666666956e-01
5.169333333333333558e-01
5.153999999999999693e-01
5.150000000000000133e-01
5.157333333333333769e-01
5.168000000000000371e-01
5.187333333333333796e-01
5.161999999999999922e-01
5.133999999999999675e-01
5.155333333333332879e-01
5.181333333333333346e-01
5.171999999999999931e-01
5.193999999999999728e-01
5.208000000000000407e-01
5.171333333333333337e-01
5.186666666666667203e-01
5.176666666666667194e-01
5.200000000000000178e-01
5.186666666666667203e-01
5.185333333333332906e-01
5.218000000000000416e-01
5.205333333333332924e-01
5.175333333333332897e-01
5.183999999999999719e-01
5.203333333333333144e-01
5.179333333333333567e-01
5.193999999999999728e-01
5.190666666666666762e-01
5.191333333333333355e-01
5.170666666666666744e-01
5.162666666666666515e-01
5.193999999999999728e-01
5.191999999999999948e-01
5.208000000000000407e-01
5.213999999999999746e-01
5.227333333333333831e-01
5.235333333333332950e-01
5.197333333333333805e-01
5.200666666666666771e-01
5.211999999999999966e-01
5.175999999999999490e-01
5.199333333333333584e-01
5.173333333333333117e-01
5.156666666666667176e-01
5.195999999999999508e-01
5.214666666666666339e-01
5.183333333333333126e-01
5.240666666666666806e-01
5.240666666666666806e-01
5.215333333333332932e-01
5.225999999999999535e-01
5.233333333333333171e-01
5.220000000000000195e-01
5.201999999999999957e-01
5.170666666666666744e-01
5.221999999999999975e-01
5.240666666666666806e-01
5.229333333333333611e-01
5.218666666666667009e-01
5.215999999999999526e-01
5.187333333333333796e-01
5.215333333333332932e-01
5.231333333333333391e-01
5.223999999999999755e-01
5.206666666666667220e-01
5.219333333333333602e-01
5.263333333333333197e-01
5.248000000000000442e-01
5.205333333333332924e-01
5.224666666666666348e-01
5.235333333333332950e-01
5.243999999999999773e-01
5.241999999999999993e-01
5.160666666666666735e-01
5.285333333333332995e-01
5.250666666666666815e-01
5.248666666666667036e-01
5.250000000000000222e-01
5.220000000000000195e-01
5.249333333333333629e-01
5.263333333333333197e-01
5.250000000000000222e-01
5.218666666666667009e-01
5.235999999999999543e-01
5.261333333333333417e-01
5.225999999999999535e-01
5.222666666666666568e-01
5.268666666666667053e-01
5.218666666666667009e-01
5.233999999999999764e-01
5.263999999999999790e-01
5.263333333333333197e-01
5.209333333333333593e-01
5.252666666666666595e-01
5.295333333333333004e-01
5.263333333333333197e-01
5.266666666666666163e-01
5.199333333333333584e-01
5.263333333333333197e-01
5.248000000000000442e-01
5.238666666666667027e-01
5.278000000000000469e-01
5.251333333333333409e-01
5.260666666666666824e-01
5.253999999999999782e-01
5.262000000000000011e-01
5.244666666666666366e-01
5.250000000000000222e-01
5.258666666666667044e-01
5.293333333333333224e-01
5.294666666666666410e-01
5.262666666666666604e-01
5.263999999999999790e-01
5.256666666666666154e-01
5.254666666666666375e-01
5.250000000000000222e-01
5.253999999999999782e-01
5.241999999999999993e-01
5.267333333333333867e-01
5.288666666666667071e-01
5.281333333333333435e-01
5.283333333333333215e-01
5.244666666666666366e-01
5.269333333333333647e-01
5.277333333333333876e-01
5.282000000000000028e-01
5.285333333333332995e-01
5.207333333333333814e-01
5.263999999999999790e-01
5.282666666666666622e-01
5.265333333333332977e-01
5.276666666666666172e-01
5.290666666666666851e-01
5.272000000000000020e-01
5.282666666666666622e-01
5.255333333333332968e-01
5.313999999999999835e-01
5.278666666666667062e-01
5.273333333333333206e-01
5.304666666666666419e-01
5.275999999999999579e-01
5.279333333333333655e-01
5.252000000000000002e-01
5.259333333333333638e-01
5.267333333333333867e-01
5.270666666666666833e-01
5.285999999999999588e-01
5.295999999999999597e-01
5.347333333333332828e-01
5.290000000000000258e-01
5.279333333333333655e-01
5.262666666666666604e-01
5.266666666666666163e-01
5.322666666666666657e-01
5.284666666666666401e-01
5.292000000000000037e-01
5.323333333333333250e-01
5.304666666666666419e-01
5.301333333333333453e-01
5.268666666666667053e-01
5.310000000000000275e-01
5.294666666666666410e-01
5.273999999999999799e-01
5.282000000000000028e-01
5.313999999999999835e-01
5.317333333333332801e-01
5.297333333333332783e-01
5.314666666666666428e-01
5.320000000000000284e-01
5.282666666666666622e-01
5.294666666666666410e-01
5.317333333333332801e-01
5.329333333333333700e-01
5.300666666666666860e-01
5.308000000000000496e-01
5.301333333333333453e-01
5.312666666666666648e-01
5.316666666666666208e-01
5.315999999999999615e-01
5.333999999999999853e-01
5.326666666666666217e-01
5.289333333333333664e-01
5.355999999999999650e-01
5.314666666666666428e-01
5.285333333333332995e-01
5.342000000000000082e-01
5.343333333333333268e-01
5.322666666666666657e-01
5.317333333333332801e-01
5.327333333333332810e-01
5.353999999999999870e-01
5.298000000000000487e-01
5.315333333333333021e-01
5.323333333333333250e-01
5.310000000000000275e-01
5.348000000000000531e-01
5.293333333333333224e-01
5.318666666666667098e-01
5.362666666666666693e-01
5.334666666666666446e-01
5.320666666666666877e-01
5.342666666666666675e-01
5.335999999999999632e-01
5.324666666666666437e-01
5.304666666666666419e-01
5.359333333333333727e-01
5.335333333333333039e-01
5.340000000000000302e-01
5.360666666666666913e-01
5.362000000000000099e-01
5.305333333333333012e-01
5.303999999999999826e-01
5.320666666666666877e-01
5.346666666666666234e-01
5.337333333333332819e-01
5.365333333333333066e-01
5.379333333333333744e-01
5.372000000000000108e-01
5.348000000000000531e-01
5.310666666666666869e-01
5.348666666666667124e-01
5.317333333333332801e-01
5.340666666666666895e-01
5.339333333333333709e-01
5.338000000000000522e-01
