4.228000000000000091e-01
4.193999999999999950e-01
4.229333333333333278e-01
4.211333333333333595e-01
4.229333333333333278e-01
4.216666666666666896e-01
4.238666666666666694e-01
4.240666666666666473e-01
4.269333333333333313e-01
4.219333333333333269e-01
4.222000000000000197e-01
4.265333333333333199e-01
4.246666666666666923e-01
4.245333333333333181e-01
4.262000000000000233e-01
4.236666666666666914e-01
4.261333333333333084e-01
4.284666666666666623e-01
4.275333333333333208e-01
4.272000000000000242e-01
4.297333333333333560e-01
4.266666666666666941e-01
4.291333333333333111e-01
4.270666666666666500e-01
4.279333333333333322e-01
4.305999999999999828e-01
4.275999999999999801e-01
4.302666666666666861e-01
4.324000000000000066e-01
4.325333333333333252e-01
4.325333333333333252e-01
4.307333333333333569e-01
4.331999999999999740e-01
4.300666666666666527e-01
4.364000000000000101e-01
4.358000000000000207e-01
4.387333333333333085e-01
4.363333333333333508e-01
4.328666666666666774e-01
4.338000000000000189e-01
4.354000000000000092e-01
4.319333333333333358e-01
4.373333333333333517e-01
4.362666666666666915e-01
4.381333333333333191e-01
4.371333333333333182e-01
4.404666666666666730e-01
4.388000000000000234e-01
4.385333333333333306e-01
4.388000000000000234e-01
4.398000000000000242e-01
4.388666666666666827e-01
4.385333333333333306e-01
4.420000000000000040e-01
4.404666666666666730e-01
4.400666666666666615e-01
4.379333333333333411e-01
4.425333333333333341e-01
4.443333333333333579e-01
4.415999999999999925e-01
4.427333333333333121e-01
4.456666666666666554e-01
4.433333333333333570e-01
4.420000000000000040e-01
4.456666666666666554e-01
4.444666666666666766e-01
4.487333333333333174e-01
4.438666666666666871e-01
4.447999999999999732e-01
4.441333333333333244e-01
4.457333333333333147e-01
4.480000000000000093e-01
4.436666666666666536e-01
4.460000000000000075e-01
4.448666666666666880e-01
4.415999999999999925e-01
4.481333333333333280e-01
4.458666666666666889e-01
4.422666666666666413e-01
4.456666666666666554e-01
4.474000000000000199e-01
4.466666666666666563e-01
4.467333333333333156e-01
4.479333333333333500e-01
4.517333333333333201e-01
4.484666666666666801e-01
4.496666666666666590e-01
4.484000000000000208e-01
4.521999999999999909e-01
4.518666666666666942e-01
4.447999999999999732e-01
4.520666666666666722e-01
4.494666666666666810e-01
4.511333333333333306e-01
4.545333333333333448e-01
4.523333333333333095e-01
4.507999999999999785e-01
4.537333333333333218e-01
4.519333333333333536e-01
4.546666666666666634e-01
4.524000000000000243e-01
4.540666666666666740e-01
4.560666666666666758e-01
4.515333333333333421e-01
4.557333333333333236e-01
4.537999999999999812e-01
4.550666666666666749e-01
4.577333333333333254e-01
4.527333333333333210e-01
4.565333333333333465e-01
4.571333333333333360e-01
4.575333333333333474e-01
4.573333333333333139e-01
4.599333333333333607e-01
4.561999999999999944e-01
4.615333333333333510e-01
4.582666666666666555e-01
4.591999999999999971e-01
4.597999999999999865e-01
4.580666666666666775e-01
4.619333333333333069e-01
4.621999999999999997e-01
4.621999999999999997e-01
4.586000000000000076e-01
4.607333333333333281e-01
4.593999999999999750e-01
4.607333333333333281e-01
4.611999999999999988e-01
4.636666666666666714e-01
4.625333333333333519e-01
4.601333333333333386e-01
4.626000000000000112e-01
4.632666666666666599e-01
4.636666666666666714e-01
4.629333333333333078e-01
4.621999999999999997e-01
4.631333333333333413e-01
4.619333333333333069e-01
4.663333333333333219e-01
4.625333333333333519e-01
4.652000000000000024e-01
4.593999999999999750e-01
4.617333333333333290e-01
4.687333333333333352e-01
4.682000000000000051e-01
4.646666666666666723e-01
4.675333333333333563e-01
4.636666666666666714e-01
4.630666666666666820e-01
4.690666666666666873e-01
4.629333333333333078e-01
4.642000000000000015e-01
4.700666666666666882e-01
4.693333333333333246e-01
4.686000000000000165e-01
4.702000000000000068e-01
4.713333333333333264e-01
4.712000000000000077e-01
4.677999999999999936e-01
4.685333333333333572e-01
4.707333333333333369e-01
4.662000000000000033e-01
4.661333333333333440e-01
4.714666666666666450e-01
4.680666666666666864e-01
4.687999999999999945e-01
4.649333333333333096e-01
4.702666666666666662e-01
4.680666666666666864e-01
4.715333333333333599e-01
4.746000000000000218e-01
4.719999999999999751e-01
4.721333333333333493e-01
4.732666666666666688e-01
4.720666666666666900e-01
4.728666666666666574e-01
4.742666666666666697e-01
4.723333333333333273e-01
4.712000000000000077e-01
4.714666666666666450e-01
4.736000000000000210e-01
4.720666666666666900e-01
4.719333333333333158e-01
4.737333333333333396e-01
4.704666666666666441e-01
4.716666666666666785e-01
4.754666666666666486e-01
4.731333333333333502e-01
4.727999999999999980e-01
4.772000000000000131e-01
4.759333333333333194e-01
4.768666666666666609e-01
4.743333333333333290e-01
4.724666666666666459e-01
4.755333333333333079e-01
4.782666666666666733e-01
4.765333333333333088e-01
4.782000000000000139e-01
4.782666666666666733e-01
4.758000000000000007e-01
4.761333333333333528e-01
4.779333333333333211e-01
4.774666666666666504e-01
4.729333333333333167e-01
4.802666666666666750e-01
4.758000000000000007e-01
4.793999999999999928e-01
4.784666666666666512e-01
4.763999999999999901e-01
4.766000000000000236e-01
4.772666666666666724e-01
4.835333333333333150e-01
4.799333333333333229e-01
4.786000000000000254e-01
4.786000000000000254e-01
4.786000000000000254e-01
4.802000000000000157e-01
4.773333333333333317e-01
4.797333333333333449e-01
4.825333333333333141e-01
4.803333333333333344e-01
4.780666666666666398e-01
4.844666666666666566e-01
4.804666666666666530e-01
4.808666666666666645e-01
4.793999999999999928e-01
4.815333333333333132e-01
4.825333333333333141e-01
4.839999999999999858e-01
4.839999999999999858e-01
4.796000000000000263e-01
4.802666666666666750e-01
4.815999999999999726e-01
4.817333333333333467e-01
4.821333333333333582e-01
4.831333333333333591e-01
4.874666666666666592e-01
4.853333333333333388e-01
4.843333333333333379e-01
4.849999999999999867e-01
4.868000000000000105e-01
4.865333333333333177e-01
4.845999999999999752e-01
4.848000000000000087e-01
4.852666666666666795e-01
4.850666666666666460e-01
4.861333333333333062e-01
4.858000000000000096e-01
4.852000000000000202e-01
4.827333333333333476e-01
4.824666666666666548e-01
4.862666666666666804e-01
4.845999999999999752e-01
4.868000000000000105e-01
4.845333333333333159e-01
4.862000000000000210e-01
4.903333333333333433e-01
4.878666666666666707e-01
4.872666666666666813e-01
4.874666666666666592e-01
4.883333333333333415e-01
4.891333333333333089e-01
4.877333333333333520e-01
4.890666666666666496e-01
4.909999999999999920e-01
4.898666666666666725e-01
4.899999999999999911e-01
4.920666666666666522e-01
4.915333333333333221e-01
4.901333333333333098e-01
4.905333333333333212e-01
4.852666666666666795e-01
4.909333333333333327e-01
4.861333333333333062e-01
4.888000000000000123e-01
4.868000000000000105e-01
4.916666666666666408e-01
4.879999999999999893e-01
4.889333333333333309e-01
4.940666666666666540e-01
4.875333333333333186e-01
4.902000000000000246e-01
4.921333333333333115e-01
4.918000000000000149e-01
4.885999999999999788e-01
4.935999999999999832e-01
4.924666666666666637e-01
4.914000000000000035e-01
4.945999999999999841e-01
4.915333333333333221e-01
4.914666666666666628e-01
4.899333333333333318e-01
4.925999999999999823e-01
4.941999999999999726e-01
4.935333333333333239e-01
4.924000000000000044e-01
4.879333333333333300e-01
4.951999999999999735e-01
4.911333333333333107e-01
4.897333333333333538e-01
4.975333333333333274e-01
4.935999999999999832e-01
4.917333333333333556e-01
4.930666666666666531e-01
4.962666666666666893e-01
4.915999999999999814e-01
4.944000000000000061e-01
4.991999999999999771e-01
4.958000000000000185e-01
4.946666666666666434e-01
4.970666666666666567e-01
4.964000000000000079e-01
4.960666666666666558e-01
4.948000000000000176e-01
4.948666666666666769e-01
4.956666666666666443e-01
4.951999999999999735e-01
4.950666666666666549e-01
4.983333333333333504e-01
4.930666666666666531e-01
4.972666666666666901e-01
4.961999999999999744e-01
4.956666666666666443e-01
4.955999999999999850e-01
4.959999999999999964e-01
5.007333333333333636e-01
4.956666666666666443e-01
4.966666666666666452e-01
4.985333333333333283e-01
4.954666666666666663e-01
4.990666666666666584e-01
5.001999999999999780e-01
4.945333333333333248e-01
4.969333333333333380e-01
4.984666666666666690e-01
4.945333333333333248e-01
5.003333333333332966e-01
5.000000000000000000e-01
4.963333333333333486e-01
4.964000000000000079e-01
4.957333333333333591e-01
5.023333333333332984e-01
5.007333333333333636e-01
5.005333333333333856e-01
5.014666666666666162e-01
4.994000000000000106e-01
4.995999999999999885e-01
4.962666666666666893e-01
5.005333333333333856e-01
4.938666666666666760e-01
4.995333333333333292e-01
5.025333333333333874e-01
4.985333333333333283e-01
4.982666666666666910e-01
5.003999999999999559e-01
5.036000000000000476e-01
4.996666666666666479e-01
5.001999999999999780e-01
4.997333333333333072e-01
5.030000000000000027e-01
5.030000000000000027e-01
5.018666666666666831e-01
5.010000000000000009e-01
5.018666666666666831e-01
5.058000000000000274e-01
4.964666666666666672e-01
5.026666666666667060e-01
4.995999999999999885e-01
4.971333333333333160e-01
5.036666666666667069e-01
5.010666666666666602e-01
4.991999999999999771e-01
5.016000000000000458e-01
5.011333333333333195e-01
5.068000000000000282e-01
5.011999999999999789e-01
5.043999999999999595e-01
5.046000000000000485e-01
5.080000000000000071e-01
5.064666666666666206e-01
5.050000000000000044e-01
5.026000000000000467e-01
5.050666666666666638e-01
5.053999999999999604e-01
5.026000000000000467e-01
5.061333333333333240e-01
5.034666666666666179e-01
5.033333333333332993e-01
5.026666666666667060e-01
5.068000000000000282e-01
5.035333333333333883e-01
5.025333333333333874e-01
5.038000000000000256e-01
5.034666666666666179e-01
5.063333333333333020e-01
5.091999999999999860e-01
5.041333333333333222e-01
5.041333333333333222e-01
5.070000000000000062e-01
5.041999999999999815e-01
5.044666666666666188e-01
5.031333333333333213e-01
5.048000000000000265e-01
5.059333333333333460e-01
5.070666666666666655e-01
5.071333333333333249e-01
5.060000000000000053e-01
5.081333333333333258e-01
5.054666666666666197e-01
5.046000000000000485e-01
5.089333333333333487e-01
5.076666666666667105e-01
5.099333333333333496e-01
5.053999999999999604e-01
5.078666666666666885e-01
5.062666666666666426e-01
5.106666666666667131e-01
5.068666666666666876e-01
5.093333333333333046e-01
5.078666666666666885e-01
5.068666666666666876e-01
5.088666666666666893e-01
5.118666666666666920e-01
5.084666666666666224e-01
5.064666666666666206e-01
5.084666666666666224e-01
5.082666666666666444e-01
5.110666666666666691e-01
5.094666666666666233e-01
5.069333333333333469e-01
5.108000000000000318e-01
5.110666666666666691e-01
5.068000000000000282e-01
5.087333333333333707e-01
5.097333333333333716e-01
5.117333333333333734e-01
5.119333333333333513e-01
5.133999999999999675e-01
5.098666666666666902e-01
5.100666666666666682e-01
5.122666666666666480e-01
5.083999999999999631e-01
5.111999999999999877e-01
5.125999999999999446e-01
5.102666666666666462e-01
5.110000000000000098e-01
5.104666666666666242e-01
5.096666666666667123e-01
5.115333333333332844e-01
5.112666666666666471e-01
5.119333333333333513e-01
5.101333333333333275e-01
5.135333333333332861e-01
5.171999999999999931e-01
5.102666666666666462e-01
5.104666666666666242e-01
5.091999999999999860e-01
5.121333333333333293e-01
5.118666666666666920e-01
5.125333333333332853e-01
5.131333333333333302e-01
5.123333333333333073e-01
5.118000000000000327e-01
5.121999999999999886e-01
5.159333333333333549e-01
5.111333333333333284e-01
5.123999999999999666e-01
5.118000000000000327e-01
5.120000000000000107e-01
5.114666666666666250e-01
5.108000000000000318e-01
5.108000000000000318e-01
5.099333333333333496e-01
5.126666666666667149e-01
5.074666666666666215e-01
5.146666666666667167e-01
5.141333333333333311e-01
5.103999999999999648e-01
5.151999999999999913e-01
5.143999999999999684e-01
5.141333333333333311e-01
5.193999999999999728e-01
5.173999999999999710e-01
5.154666666666666286e-01
5.140666666666666718e-01
5.158666666666666956e-01
5.122666666666666480e-01
5.151333333333333320e-01
5.147333333333333760e-01
5.119333333333333513e-01
5.163333333333333108e-01
5.151999999999999913e-01
5.163999999999999702e-01
5.129333333333333522e-01
5.152666666666666506e-01
5.152666666666666506e-01
5.182666666666666533e-01
5.157333333333333769e-01
5.167333333333333778e-01
5.142666666666666497e-01
5.143333333333333091e-01
5.180000000000000160e-01
5.134666666666666268e-01
5.154666666666666286e-01
5.166666666666667185e-01
5.155333333333332879e-01
5.169333333333333558e-01
5.153333333333333099e-01
5.146666666666667167e-01
5.151333333333333320e-01
5.161999999999999922e-01
5.178666666666666973e-01
5.158666666666666956e-01
5.131333333333333302e-01
5.148666666666666947e-01
5.172666666666666524e-01
5.171333333333333337e-01
5.185333333333332906e-01
5.203333333333333144e-01
5.168666666666666965e-01
5.186666666666667203e-01
5.174666666666666304e-01
5.197333333333333805e-01
5.180000000000000160e-01
5.182666666666666533e-01
5.217333333333333822e-01
5.197333333333333805e-01
5.172666666666666524e-01
5.178000000000000380e-01
5.197333333333333805e-01
5.172666666666666524e-01
5.192666666666666542e-01
5.185999999999999499e-01
5.191999999999999948e-01
5.166666666666667185e-01
5.156666666666667176e-01
5.189333333333333576e-01
5.185333333333332906e-01
5.208000000000000407e-01
5.217333333333333822e-01
5.222666666666666568e-01
5.230666666666666798e-01
5.193999999999999728e-01
5.195999999999999508e-01
5.208666666666667000e-01
5.170666666666666744e-01
5.193333333333333135e-01
5.170666666666666744e-01
5.154666666666666286e-01
5.190000000000000169e-01
5.210666666666666780e-01
5.181999999999999940e-01
5.238000000000000433e-01
5.231333333333333391e-01
5.212666666666666559e-01
5.224666666666666348e-01
5.231999999999999984e-01
5.219333333333333602e-01
5.200666666666666771e-01
5.171333333333333337e-01
5.220666666666666789e-01
5.237333333333333840e-01
5.228000000000000425e-01
5.209333333333333593e-01
5.211333333333333373e-01
5.182666666666666533e-01
5.209333333333333593e-01
5.222666666666666568e-01
5.218666666666667009e-01
5.203333333333333144e-01
5.217333333333333822e-01
5.259333333333333638e-01
5.242666666666666586e-01
5.201999999999999957e-01
5.220000000000000195e-01
5.223999999999999755e-01
5.242666666666666586e-01
5.231333333333333391e-01
5.158000000000000362e-01
5.281333333333333435e-01
5.244666666666666366e-01
5.239333333333333620e-01
5.243333333333333179e-01
5.215333333333332932e-01
5.245333333333332959e-01
5.255999999999999561e-01
5.244666666666666366e-01
5.218666666666667009e-01
5.233333333333333171e-01
5.258000000000000451e-01
5.223999999999999755e-01
5.218666666666667009e-01
5.270000000000000240e-01
5.214666666666666339e-01
5.225999999999999535e-01
5.261333333333333417e-01
5.258000000000000451e-01
5.207333333333333814e-01
5.243333333333333179e-01
5.291333333333333444e-01
5.255999999999999561e-01
5.259333333333333638e-01
5.193999999999999728e-01
5.258666666666667044e-01
5.245999999999999552e-01
5.236666666666666137e-01
5.273333333333333206e-01
5.251333333333333409e-01
5.253999999999999782e-01
5.248666666666667036e-01
5.257333333333333858e-01
5.240000000000000213e-01
5.246666666666666146e-01
5.249333333333333629e-01
5.285999999999999588e-01
5.288000000000000478e-01
5.258000000000000451e-01
5.259333333333333638e-01
5.245333333333332959e-01
5.245999999999999552e-01
5.248000000000000442e-01
5.251333333333333409e-01
5.242666666666666586e-01
5.264666666666666384e-01
5.285333333333332995e-01
5.276666666666666172e-01
5.278666666666667062e-01
5.240666666666666806e-01
5.263333333333333197e-01
5.272666666666666613e-01
5.273333333333333206e-01
5.285333333333332995e-01
5.209333333333333593e-01
5.263333333333333197e-01
5.278000000000000469e-01
5.258000000000000451e-01
5.273333333333333206e-01
5.283333333333333215e-01
5.267333333333333867e-01
5.276666666666666172e-01
5.250666666666666815e-01
5.308000000000000496e-01
5.276666666666666172e-01
5.272000000000000020e-01
5.300000000000000266e-01
5.273999999999999799e-01
5.270000000000000240e-01
5.245999999999999552e-01
5.258000000000000451e-01
5.258666666666667044e-01
5.268666666666667053e-01
5.283333333333333215e-01
5.295999999999999597e-01
5.340666666666666895e-01
5.288666666666667071e-01
5.276666666666666172e-01
5.259333333333333638e-01
5.265999999999999570e-01
5.317333333333332801e-01
5.285333333333332995e-01
5.288666666666667071e-01
5.320666666666666877e-01
5.299333333333333673e-01
5.294666666666666410e-01
5.264666666666666384e-01
5.308666666666667089e-01
5.291333333333333444e-01
5.272000000000000020e-01
5.285333333333332995e-01
5.310000000000000275e-01
5.316666666666666208e-01
5.293999999999999817e-01
5.309333333333333682e-01
5.315333333333333021e-01
5.282666666666666622e-01
5.292000000000000037e-01
5.307333333333332792e-01
5.329333333333333700e-01
5.296666666666666190e-01
5.302000000000000046e-01
5.295999999999999597e-01
5.307333333333332792e-01
5.310666666666666869e-01
5.313333333333333242e-01
5.330666666666666886e-01
5.323999999999999844e-01
5.286666666666666181e-01
5.351333333333333497e-01
5.310666666666666869e-01
5.284666666666666401e-01
5.334666666666666446e-01
5.340666666666666895e-01
5.317333333333332801e-01
5.312000000000000055e-01
5.325999999999999623e-01
5.356666666666666243e-01
5.295999999999999597e-01
5.313333333333333242e-01
5.323999999999999844e-01
5.303333333333333233e-01
5.339333333333333709e-01
5.287333333333333885e-01
5.318666666666667098e-01
5.362666666666666693e-01
5.330000000000000293e-01
5.323333333333333250e-01
5.335999999999999632e-01
5.332666666666666666e-01
5.325333333333333030e-01
5.301333333333333453e-01
5.358666666666667133e-01
5.338000000000000522e-01
5.338000000000000522e-01
5.359333333333333727e-01
5.359333333333333727e-01
5.299333333333333673e-01
5.301333333333333453e-01
5.317333333333332801e-01
5.339333333333333709e-01
5.331333333333333480e-01
5.364666666666666472e-01
5.376666666666666261e-01
5.370000000000000329e-01
5.345333333333333048e-01
5.307333333333332792e-01
5.345999999999999641e-01
5.315333333333333021e-01
5.334666666666666446e-01
5.335999999999999632e-01
5.338666666666667115e-01
