4.254000000000000004e-01
4.216666666666666896e-01
4.255999999999999783e-01
4.229999999999999871e-01
4.249999999999999889e-01
4.250666666666666482e-01
4.260666666666666491e-01
4.262000000000000233e-01
4.293333333333333446e-01
4.237333333333333507e-01
4.257333333333333525e-01
4.292666666666666853e-01
4.273333333333333428e-01
4.269333333333333313e-01
4.279333333333333322e-01
4.264000000000000012e-01
4.286666666666666403e-01
4.309999999999999942e-01
4.294000000000000039e-01
4.294666666666666632e-01
4.318000000000000171e-01
4.282000000000000250e-01
4.310666666666666536e-01
4.292666666666666853e-01
4.298666666666666747e-01
4.323333333333333472e-01
4.302666666666666861e-01
4.323333333333333472e-01
4.343333333333333490e-01
4.353333333333333499e-01
4.348666666666666791e-01
4.326666666666666439e-01
4.351999999999999758e-01
4.321333333333333138e-01
4.380666666666666598e-01
4.381999999999999784e-01
4.403333333333333544e-01
4.380000000000000004e-01
4.345999999999999863e-01
4.359333333333333393e-01
4.369999999999999996e-01
4.341999999999999749e-01
4.396666666666666501e-01
4.382666666666666933e-01
4.396666666666666501e-01
4.398666666666666836e-01
4.421333333333333226e-01
4.405333333333333323e-01
4.405333333333333323e-01
4.407333333333333103e-01
4.413333333333333552e-01
4.400666666666666615e-01
4.400666666666666615e-01
4.434000000000000163e-01
4.424000000000000155e-01
4.413333333333333552e-01
4.390000000000000013e-01
4.446666666666666545e-01
4.460666666666666669e-01
4.430000000000000049e-01
4.442666666666666431e-01
4.471333333333333271e-01
4.449333333333333473e-01
4.440000000000000058e-01
4.472666666666666457e-01
4.457333333333333147e-01
4.506666666666666599e-01
4.450000000000000067e-01
4.463333333333333597e-01
4.456666666666666554e-01
4.475333333333333385e-01
4.494000000000000217e-01
4.446666666666666545e-01
4.476666666666666572e-01
4.466666666666666563e-01
4.431333333333333235e-01
4.494000000000000217e-01
4.474000000000000199e-01
4.435333333333333350e-01
4.470000000000000084e-01
4.490000000000000102e-01
4.487333333333333174e-01
4.485999999999999988e-01
4.496666666666666590e-01
4.534666666666666845e-01
4.495333333333333403e-01
4.505333333333333412e-01
4.491333333333333289e-01
4.531333333333333324e-01
4.536000000000000032e-01
4.464000000000000190e-01
4.534000000000000252e-01
4.507333333333333192e-01
4.519333333333333536e-01
4.556000000000000050e-01
4.531999999999999917e-01
4.521999999999999909e-01
4.544666666666666854e-01
4.527999999999999803e-01
4.564666666666666872e-01
4.541333333333333333e-01
4.556666666666666643e-01
4.573333333333333139e-01
4.531999999999999917e-01
4.566666666666666652e-01
4.551333333333333342e-01
4.570666666666666766e-01
4.590666666666666784e-01
4.538666666666666405e-01
4.577999999999999847e-01
4.585333333333333483e-01
4.590666666666666784e-01
4.586000000000000076e-01
4.605333333333333501e-01
4.572666666666666546e-01
4.626666666666666705e-01
4.590666666666666784e-01
4.606666666666666687e-01
4.614666666666666917e-01
4.597999999999999865e-01
4.627333333333333298e-01
4.631333333333333413e-01
4.637333333333333307e-01
4.601333333333333386e-01
4.620666666666666811e-01
4.609333333333333060e-01
4.613333333333333175e-01
4.622666666666666591e-01
4.647333333333333316e-01
4.633999999999999786e-01
4.610666666666666802e-01
4.637999999999999901e-01
4.641333333333333422e-01
4.647999999999999909e-01
4.633999999999999786e-01
4.631333333333333413e-01
4.636666666666666714e-01
4.626666666666666705e-01
4.674666666666666415e-01
4.637999999999999901e-01
4.660666666666666846e-01
4.607333333333333281e-01
4.630666666666666820e-01
4.697999999999999954e-01
4.692666666666666653e-01
4.657333333333333325e-01
4.683333333333333237e-01
4.647333333333333316e-01
4.637333333333333307e-01
4.700666666666666882e-01
4.637999999999999901e-01
4.655333333333333545e-01
4.708666666666666556e-01
4.705333333333333590e-01
4.697999999999999954e-01
4.707999999999999963e-01
4.722666666666666679e-01
4.718666666666666565e-01
4.682666666666666644e-01
4.692000000000000060e-01
4.715333333333333599e-01
4.673333333333333228e-01
4.670000000000000262e-01
4.726000000000000201e-01
4.692000000000000060e-01
4.696666666666666767e-01
4.657333333333333325e-01
4.711333333333333484e-01
4.689999999999999725e-01
4.721333333333333493e-01
4.752666666666666706e-01
4.727999999999999980e-01
4.730666666666666909e-01
4.735333333333333061e-01
4.726000000000000201e-01
4.732666666666666688e-01
4.747333333333333405e-01
4.729333333333333167e-01
4.723333333333333273e-01
4.716666666666666785e-01
4.743333333333333290e-01
4.727999999999999980e-01
4.724666666666666459e-01
4.744666666666666477e-01
4.709333333333333149e-01
4.725333333333333607e-01
4.758666666666666600e-01
4.736666666666666803e-01
4.728666666666666574e-01
4.779333333333333211e-01
4.767333333333333423e-01
4.772666666666666724e-01
4.743999999999999884e-01
4.731333333333333502e-01
4.766000000000000236e-01
4.792666666666666742e-01
4.775333333333333097e-01
4.793999999999999928e-01
4.792666666666666742e-01
4.768666666666666609e-01
4.768000000000000016e-01
4.785333333333333106e-01
4.779999999999999805e-01
4.735333333333333061e-01
4.812666666666666759e-01
4.771333333333333537e-01
4.803999999999999937e-01
4.800666666666666416e-01
4.766000000000000236e-01
4.772000000000000131e-01
4.783333333333333326e-01
4.839999999999999858e-01
4.806666666666666865e-01
4.799999999999999822e-01
4.793333333333333335e-01
4.793333333333333335e-01
4.809999999999999831e-01
4.781333333333333546e-01
4.802000000000000157e-01
4.832000000000000184e-01
4.808666666666666645e-01
4.789999999999999813e-01
4.849333333333333274e-01
4.808666666666666645e-01
4.815333333333333132e-01
4.799999999999999822e-01
4.818666666666666654e-01
4.830666666666666442e-01
4.852000000000000202e-01
4.848000000000000087e-01
4.803999999999999937e-01
4.809999999999999831e-01
4.826666666666666883e-01
4.825999999999999734e-01
4.824666666666666548e-01
4.838000000000000078e-01
4.883333333333333415e-01
4.864666666666666583e-01
4.848000000000000087e-01
4.857333333333333503e-01
4.875333333333333186e-01
4.873999999999999999e-01
4.848666666666666680e-01
4.854666666666666575e-01
4.859333333333333282e-01
4.859999999999999876e-01
4.867333333333333512e-01
4.868000000000000105e-01
4.863333333333333397e-01
4.833999999999999964e-01
4.827333333333333476e-01
4.872000000000000219e-01
4.851333333333333608e-01
4.873999999999999999e-01
4.849333333333333274e-01
4.866666666666666918e-01
4.912000000000000255e-01
4.882000000000000228e-01
4.872666666666666813e-01
4.877333333333333520e-01
4.884000000000000008e-01
4.894666666666666610e-01
4.879999999999999893e-01
4.894666666666666610e-01
4.909333333333333327e-01
4.897333333333333538e-01
4.905999999999999805e-01
4.925333333333333230e-01
4.922666666666666857e-01
4.907333333333333547e-01
4.909333333333333327e-01
4.862666666666666804e-01
4.915333333333333221e-01
4.865333333333333177e-01
4.894000000000000017e-01
4.877333333333333520e-01
4.922666666666666857e-01
4.883333333333333415e-01
4.893333333333333424e-01
4.940666666666666540e-01
4.881333333333333080e-01
4.905999999999999805e-01
4.918666666666666742e-01
4.922000000000000264e-01
4.886666666666666936e-01
4.943333333333333468e-01
4.928000000000000158e-01
4.922000000000000264e-01
4.949333333333333362e-01
4.919999999999999929e-01
4.919999999999999929e-01
4.907333333333333547e-01
4.928666666666666751e-01
4.947333333333333583e-01
4.937333333333333574e-01
4.929333333333333345e-01
4.882000000000000228e-01
4.956666666666666443e-01
4.919999999999999929e-01
4.902666666666666839e-01
4.978666666666666796e-01
4.939999999999999947e-01
4.924000000000000044e-01
4.935999999999999832e-01
4.968000000000000194e-01
4.919999999999999929e-01
4.946666666666666434e-01
5.000666666666666593e-01
4.962666666666666893e-01
4.946666666666666434e-01
4.979333333333333389e-01
4.968666666666666787e-01
4.969999999999999973e-01
4.954000000000000070e-01
4.954666666666666663e-01
4.959999999999999964e-01
4.960666666666666558e-01
4.956666666666666443e-01
4.988666666666666805e-01
4.941999999999999726e-01
4.978000000000000203e-01
4.959999999999999964e-01
4.960666666666666558e-01
4.961999999999999744e-01
4.969333333333333380e-01
5.012666666666666382e-01
4.967333333333333600e-01
4.974666666666666681e-01
4.989999999999999991e-01
4.958666666666666778e-01
4.994000000000000106e-01
5.001333333333333186e-01
4.953333333333333477e-01
4.972666666666666901e-01
4.988666666666666805e-01
4.946666666666666434e-01
5.007333333333333636e-01
5.004666666666666153e-01
4.968000000000000194e-01
4.971999999999999753e-01
4.966666666666666452e-01
5.028666666666666840e-01
5.011999999999999789e-01
5.010000000000000009e-01
5.020000000000000018e-01
4.995333333333333292e-01
4.998000000000000220e-01
4.964000000000000079e-01
5.010000000000000009e-01
4.938666666666666760e-01
4.998666666666666814e-01
5.029333333333333433e-01
4.989333333333333398e-01
4.988000000000000211e-01
5.011333333333333195e-01
5.038000000000000256e-01
5.001333333333333186e-01
5.003999999999999559e-01
5.003999999999999559e-01
5.034666666666666179e-01
5.028666666666666840e-01
5.026000000000000467e-01
5.013333333333332975e-01
5.020666666666666611e-01
5.060000000000000053e-01
4.968666666666666787e-01
5.031333333333333213e-01
5.000666666666666593e-01
4.978666666666666796e-01
5.047333333333333671e-01
5.016000000000000458e-01
4.999333333333333407e-01
5.022666666666666391e-01
5.014666666666666162e-01
5.064666666666666206e-01
5.016000000000000458e-01
5.045333333333332781e-01
5.048000000000000265e-01
5.083333333333333037e-01
5.069333333333333469e-01
5.056000000000000494e-01
5.030000000000000027e-01
5.047333333333333671e-01
5.056000000000000494e-01
5.028666666666666840e-01
5.068000000000000282e-01
5.040000000000000036e-01
5.036000000000000476e-01
5.033999999999999586e-01
5.070000000000000062e-01
5.038000000000000256e-01
5.028000000000000247e-01
5.046000000000000485e-01
5.040666666666666629e-01
5.067333333333333689e-01
5.094666666666666233e-01
5.043333333333333002e-01
5.044666666666666188e-01
5.072666666666666435e-01
5.045333333333332781e-01
5.045333333333332781e-01
5.026666666666667060e-01
5.051999999999999824e-01
5.060666666666666647e-01
5.078666666666666885e-01
5.072666666666666435e-01
5.060000000000000053e-01
5.084666666666666224e-01
5.059333333333333460e-01
5.053999999999999604e-01
5.090666666666666673e-01
5.076000000000000512e-01
5.099333333333333496e-01
5.059333333333333460e-01
5.085333333333332817e-01
5.065333333333332799e-01
5.113333333333333064e-01
5.071333333333333249e-01
5.091333333333333266e-01
5.083999999999999631e-01
5.071999999999999842e-01
5.091333333333333266e-01
5.120666666666666700e-01
5.090666666666666673e-01
5.067333333333333689e-01
5.086000000000000520e-01
5.091999999999999860e-01
5.116000000000000547e-01
5.102666666666666462e-01
5.079333333333333478e-01
5.111333333333333284e-01
5.113999999999999657e-01
5.070666666666666655e-01
5.092666666666666453e-01
5.100000000000000089e-01
5.121999999999999886e-01
5.115333333333332844e-01
5.138666666666666938e-01
5.103999999999999648e-01
5.101333333333333275e-01
5.127333333333333742e-01
5.089333333333333487e-01
5.108666666666666911e-01
5.130000000000000115e-01
5.103333333333333055e-01
5.114666666666666250e-01
5.111999999999999877e-01
5.098666666666666902e-01
5.115333333333332844e-01
5.118666666666666920e-01
5.121999999999999886e-01
5.101999999999999869e-01
5.141999999999999904e-01
5.174666666666666304e-01
5.112666666666666471e-01
5.107333333333333725e-01
5.095333333333332826e-01
5.128666666666666929e-01
5.125999999999999446e-01
5.124666666666666259e-01
5.129333333333333522e-01
5.131999999999999895e-01
5.123333333333333073e-01
5.127333333333333742e-01
5.160666666666666735e-01
5.120666666666666700e-01
5.125999999999999446e-01
5.124666666666666259e-01
5.117333333333333734e-01
5.117333333333333734e-01
5.108666666666666911e-01
5.110666666666666691e-01
5.100000000000000089e-01
5.132666666666666488e-01
5.079333333333333478e-01
5.151999999999999913e-01
5.143333333333333091e-01
5.105333333333332835e-01
5.157333333333333769e-01
5.148666666666666947e-01
5.145333333333332870e-01
5.193999999999999728e-01
5.179333333333333567e-01
5.157333333333333769e-01
5.141333333333333311e-01
5.159333333333333549e-01
5.125999999999999446e-01
5.156666666666667176e-01
5.152666666666666506e-01
5.121999999999999886e-01
5.160666666666666735e-01
5.157333333333333769e-01
5.166666666666667185e-01
5.130666666666666709e-01
5.157333333333333769e-01
5.156666666666667176e-01
5.187333333333333796e-01
5.166666666666667185e-01
5.175999999999999490e-01
5.150000000000000133e-01
5.150000000000000133e-01
5.180666666666666753e-01
5.139333333333333531e-01
5.156666666666667176e-01
5.165999999999999481e-01
5.158000000000000362e-01
5.168666666666666965e-01
5.153333333333333099e-01
5.147333333333333760e-01
5.156666666666667176e-01
5.165999999999999481e-01
5.185333333333332906e-01
5.158666666666666956e-01
5.132666666666666488e-01
5.153333333333333099e-01
5.180000000000000160e-01
5.169333333333333558e-01
5.193999999999999728e-01
5.210000000000000187e-01
5.170666666666666744e-01
5.185333333333332906e-01
5.173999999999999710e-01
5.198666666666666991e-01
5.185999999999999499e-01
5.180666666666666753e-01
5.215333333333332932e-01
5.201333333333333364e-01
5.174666666666666304e-01
5.181999999999999940e-01
5.202666666666666551e-01
5.176666666666667194e-01
5.194666666666666321e-01
5.190000000000000169e-01
5.193999999999999728e-01
5.171999999999999931e-01
5.158666666666666956e-01
5.193333333333333135e-01
5.190000000000000169e-01
5.207333333333333814e-01
5.215999999999999526e-01
5.228666666666667018e-01
5.236666666666666137e-01
5.198000000000000398e-01
5.199333333333333584e-01
5.210666666666666780e-01
5.178000000000000380e-01
5.200666666666666771e-01
5.173333333333333117e-01
5.154666666666666286e-01
5.193333333333333135e-01
5.211999999999999966e-01
5.181999999999999940e-01
5.240000000000000213e-01
5.241333333333333400e-01
5.215333333333332932e-01
5.227333333333333831e-01
5.233333333333333171e-01
5.220666666666666789e-01
5.200666666666666771e-01
5.170666666666666744e-01
5.220666666666666789e-01
5.239333333333333620e-01
5.230666666666666798e-01
5.216666666666666119e-01
5.213999999999999746e-01
5.184666666666666313e-01
5.214666666666666339e-01
5.225999999999999535e-01
5.223333333333333162e-01
5.207333333333333814e-01
5.221333333333333382e-01
5.262666666666666604e-01
5.245333333333332959e-01
5.205999999999999517e-01
5.221333333333333382e-01
5.234666666666666357e-01
5.245333333333332959e-01
5.240000000000000213e-01
5.160666666666666735e-01
5.285999999999999588e-01
5.251333333333333409e-01
5.245999999999999552e-01
5.252000000000000002e-01
5.220000000000000195e-01
5.249333333333333629e-01
5.262666666666666604e-01
5.248666666666667036e-01
5.218666666666667009e-01
5.236666666666666137e-01
5.261333333333333417e-01
5.225333333333332941e-01
5.221333333333333382e-01
5.267333333333333867e-01
5.217333333333333822e-01
5.233999999999999764e-01
5.263333333333333197e-01
5.262666666666666604e-01
5.207333333333333814e-01
5.251333333333333409e-01
5.292666666666666631e-01
5.260666666666666824e-01
5.265333333333332977e-01
5.197333333333333805e-01
5.263999999999999790e-01
5.245333333333332959e-01
5.238000000000000433e-01
5.277333333333333876e-01
5.252666666666666595e-01
5.257333333333333858e-01
5.252666666666666595e-01
5.258000000000000451e-01
5.242666666666666586e-01
5.248000000000000442e-01
5.253999999999999782e-01
5.290000000000000258e-01
5.293333333333333224e-01
5.263999999999999790e-01
5.261333333333333417e-01
5.253333333333333188e-01
5.252000000000000002e-01
5.250666666666666815e-01
5.254666666666666375e-01
5.245999999999999552e-01
5.269333333333333647e-01
5.288000000000000478e-01
5.278000000000000469e-01
5.280666666666666842e-01
5.243999999999999773e-01
5.269333333333333647e-01
5.277333333333333876e-01
5.281333333333333435e-01
5.285999999999999588e-01
5.205333333333332924e-01
5.261333333333333417e-01
5.282000000000000028e-01
5.262000000000000011e-01
5.275999999999999579e-01
5.288000000000000478e-01
5.270666666666666833e-01
5.280666666666666842e-01
5.253333333333333188e-01
5.312666666666666648e-01
5.278000000000000469e-01
5.273333333333333206e-01
5.306666666666666199e-01
5.275999999999999579e-01
5.278000000000000469e-01
5.250666666666666815e-01
5.260666666666666824e-01
5.263999999999999790e-01
5.271333333333333426e-01
5.286666666666666181e-01
5.294666666666666410e-01
5.346666666666666234e-01
5.288666666666667071e-01
5.278000000000000469e-01
5.262666666666666604e-01
5.265333333333332977e-01
5.320000000000000284e-01
5.286666666666666181e-01
5.292000000000000037e-01
5.321333333333333471e-01
5.304666666666666419e-01
5.299333333333333673e-01
5.266666666666666163e-01
5.312000000000000055e-01
5.292666666666666631e-01
5.272666666666666613e-01
5.283999999999999808e-01
5.312000000000000055e-01
5.315999999999999615e-01
5.295999999999999597e-01
5.314666666666666428e-01
5.320000000000000284e-01
5.284666666666666401e-01
5.294666666666666410e-01
5.315999999999999615e-01
5.330000000000000293e-01
5.298000000000000487e-01
5.307333333333332792e-01
5.298666666666667080e-01
5.310666666666666869e-01
5.315999999999999615e-01
5.313999999999999835e-01
5.333333333333333259e-01
5.326666666666666217e-01
5.290000000000000258e-01
5.353999999999999870e-01
5.313999999999999835e-01
5.285333333333332995e-01
5.339333333333333709e-01
5.340666666666666895e-01
5.322000000000000064e-01
5.314666666666666428e-01
5.324666666666666437e-01
5.353999999999999870e-01
5.296666666666666190e-01
5.314666666666666428e-01
5.323999999999999844e-01
5.309333333333333682e-01
5.343999999999999861e-01
5.291333333333333444e-01
5.316666666666666208e-01
5.363333333333333286e-01
5.333999999999999853e-01
5.319333333333333691e-01
5.338666666666667115e-01
5.335999999999999632e-01
5.326666666666666217e-01
5.306666666666666199e-01
5.360666666666666913e-01
5.339333333333333709e-01
5.340000000000000302e-01
5.358000000000000540e-01
5.361333333333333506e-01
5.303999999999999826e-01
5.303333333333333233e-01
5.320666666666666877e-01
5.344666666666666455e-01
5.338000000000000522e-01
5.364666666666666472e-01
5.379333333333333744e-01
5.373999999999999888e-01
5.348666666666667124e-01
5.310666666666666869e-01
5.348666666666667124e-01
5.317333333333332801e-01
5.340666666666666895e-01
5.339333333333333709e-01
5.338000000000000522e-01
