4.216666666666666896e-01
4.181333333333333568e-01
4.213999999999999968e-01
4.195999999999999730e-01
4.220666666666666456e-01
4.208666666666666667e-01
4.228666666666666685e-01
4.228666666666666685e-01
4.259999999999999898e-01
4.212666666666666782e-01
4.210666666666666447e-01
4.258666666666666711e-01
4.240666666666666473e-01
4.239333333333333287e-01
4.255999999999999783e-01
4.231333333333333058e-01
4.249333333333333296e-01
4.274666666666666615e-01
4.265999999999999792e-01
4.263333333333333419e-01
4.288666666666666738e-01
4.259333333333333305e-01
4.287333333333333552e-01
4.262000000000000233e-01
4.273333333333333428e-01
4.295999999999999819e-01
4.262000000000000233e-01
4.289999999999999925e-01
4.311333333333333129e-01
4.315999999999999837e-01
4.317333333333333578e-01
4.299999999999999933e-01
4.324000000000000066e-01
4.290666666666666518e-01
4.353333333333333499e-01
4.349333333333333385e-01
4.383333333333333526e-01
4.357333333333333059e-01
4.322666666666666879e-01
4.328666666666666774e-01
4.346666666666666456e-01
4.311333333333333129e-01
4.361333333333333173e-01
4.358000000000000207e-01
4.375999999999999890e-01
4.366666666666666474e-01
4.398000000000000242e-01
4.378666666666666818e-01
4.381999999999999784e-01
4.383333333333333526e-01
4.386666666666666492e-01
4.384666666666666712e-01
4.381333333333333191e-01
4.414000000000000146e-01
4.398666666666666836e-01
4.394000000000000128e-01
4.369999999999999996e-01
4.414666666666666739e-01
4.437333333333333130e-01
4.411333333333333218e-01
4.424000000000000155e-01
4.451999999999999846e-01
4.430000000000000049e-01
4.416666666666666519e-01
4.451999999999999846e-01
4.438666666666666871e-01
4.475999999999999979e-01
4.431999999999999829e-01
4.440666666666666651e-01
4.436666666666666536e-01
4.445333333333333359e-01
4.473333333333333606e-01
4.434666666666666757e-01
4.452666666666666440e-01
4.444000000000000172e-01
4.410000000000000031e-01
4.475333333333333385e-01
4.451999999999999846e-01
4.415999999999999925e-01
4.448666666666666880e-01
4.466666666666666563e-01
4.464000000000000190e-01
4.463333333333333597e-01
4.470666666666666678e-01
4.507333333333333192e-01
4.480666666666666687e-01
4.490666666666666695e-01
4.478666666666666907e-01
4.516000000000000014e-01
4.517333333333333201e-01
4.441333333333333244e-01
4.508666666666666933e-01
4.491999999999999882e-01
4.506666666666666599e-01
4.540666666666666740e-01
4.517999999999999794e-01
4.504000000000000226e-01
4.532666666666666511e-01
4.516000000000000014e-01
4.538666666666666405e-01
4.522666666666666502e-01
4.535333333333333439e-01
4.556666666666666643e-01
4.510000000000000120e-01
4.551999999999999935e-01
4.530000000000000138e-01
4.545333333333333448e-01
4.566666666666666652e-01
4.523333333333333095e-01
4.559333333333333571e-01
4.569333333333333580e-01
4.571333333333333360e-01
4.566666666666666652e-01
4.594666666666666899e-01
4.557333333333333236e-01
4.607999999999999874e-01
4.577333333333333254e-01
4.586000000000000076e-01
4.596000000000000085e-01
4.575333333333333474e-01
4.609333333333333060e-01
4.612666666666666582e-01
4.619333333333333069e-01
4.577999999999999847e-01
4.606666666666666687e-01
4.586000000000000076e-01
4.600666666666666793e-01
4.607999999999999874e-01
4.632000000000000006e-01
4.620000000000000218e-01
4.599333333333333607e-01
4.621333333333333404e-01
4.627333333333333298e-01
4.630666666666666820e-01
4.622666666666666591e-01
4.619333333333333069e-01
4.630000000000000226e-01
4.616000000000000103e-01
4.657333333333333325e-01
4.619333333333333069e-01
4.647999999999999909e-01
4.590000000000000191e-01
4.613999999999999768e-01
4.683999999999999830e-01
4.676666666666666750e-01
4.646000000000000130e-01
4.667333333333333334e-01
4.634666666666666934e-01
4.625333333333333519e-01
4.686000000000000165e-01
4.621333333333333404e-01
4.637999999999999901e-01
4.696000000000000174e-01
4.686666666666666758e-01
4.686000000000000165e-01
4.701333333333333475e-01
4.709333333333333149e-01
4.708666666666666556e-01
4.674666666666666415e-01
4.678666666666666529e-01
4.702000000000000068e-01
4.653999999999999804e-01
4.654666666666666397e-01
4.713999999999999857e-01
4.676000000000000156e-01
4.681333333333333457e-01
4.643333333333333202e-01
4.701333333333333475e-01
4.678666666666666529e-01
4.712000000000000077e-01
4.741333333333333511e-01
4.717999999999999972e-01
4.717999999999999972e-01
4.726666666666666794e-01
4.715333333333333599e-01
4.727333333333333387e-01
4.739999999999999769e-01
4.717999999999999972e-01
4.709999999999999742e-01
4.712000000000000077e-01
4.730666666666666909e-01
4.718666666666666565e-01
4.711333333333333484e-01
4.733333333333333282e-01
4.701333333333333475e-01
4.713999999999999857e-01
4.752666666666666706e-01
4.725333333333333607e-01
4.723333333333333273e-01
4.767333333333333423e-01
4.759333333333333194e-01
4.763333333333333308e-01
4.741333333333333511e-01
4.719999999999999751e-01
4.751333333333333520e-01
4.778666666666666618e-01
4.762000000000000122e-01
4.779999999999999805e-01
4.782000000000000139e-01
4.752666666666666706e-01
4.758000000000000007e-01
4.776000000000000245e-01
4.773999999999999910e-01
4.729999999999999760e-01
4.803999999999999937e-01
4.753999999999999893e-01
4.793333333333333335e-01
4.780666666666666398e-01
4.763999999999999901e-01
4.762666666666666715e-01
4.767333333333333423e-01
4.832000000000000184e-01
4.793999999999999928e-01
4.783333333333333326e-01
4.783333333333333326e-01
4.786000000000000254e-01
4.797333333333333449e-01
4.772000000000000131e-01
4.793333333333333335e-01
4.820666666666666433e-01
4.799999999999999822e-01
4.777333333333333432e-01
4.839999999999999858e-01
4.802666666666666750e-01
4.806666666666666865e-01
4.795333333333333115e-01
4.813999999999999946e-01
4.822666666666666768e-01
4.836666666666666892e-01
4.838666666666666671e-01
4.794666666666666521e-01
4.801333333333333564e-01
4.810666666666666424e-01
4.812000000000000166e-01
4.813999999999999946e-01
4.825333333333333141e-01
4.873999999999999999e-01
4.852000000000000202e-01
4.839999999999999858e-01
4.846666666666666901e-01
4.862666666666666804e-01
4.859999999999999876e-01
4.838666666666666671e-01
4.847333333333333494e-01
4.852666666666666795e-01
4.850666666666666460e-01
4.858666666666666689e-01
4.857333333333333503e-01
4.849333333333333274e-01
4.825999999999999734e-01
4.822666666666666768e-01
4.860666666666666469e-01
4.845999999999999752e-01
4.865333333333333177e-01
4.842000000000000193e-01
4.861333333333333062e-01
4.904666666666666619e-01
4.873999999999999999e-01
4.869333333333333291e-01
4.872000000000000219e-01
4.878666666666666707e-01
4.887333333333333529e-01
4.875333333333333186e-01
4.889333333333333309e-01
4.908000000000000140e-01
4.894666666666666610e-01
4.900666666666666504e-01
4.918000000000000149e-01
4.914000000000000035e-01
4.895333333333333203e-01
4.902000000000000246e-01
4.849333333333333274e-01
4.905999999999999805e-01
4.857333333333333503e-01
4.885333333333333194e-01
4.863333333333333397e-01
4.913333333333333441e-01
4.879333333333333300e-01
4.885333333333333194e-01
4.938666666666666760e-01
4.873999999999999999e-01
4.898000000000000131e-01
4.918000000000000149e-01
4.913333333333333441e-01
4.882000000000000228e-01
4.938000000000000167e-01
4.922666666666666857e-01
4.913333333333333441e-01
4.944666666666666655e-01
4.911333333333333107e-01
4.913333333333333441e-01
4.899999999999999911e-01
4.918666666666666742e-01
4.939999999999999947e-01
4.934000000000000052e-01
4.921333333333333115e-01
4.875999999999999779e-01
4.951333333333333142e-01
4.912666666666666848e-01
4.893333333333333424e-01
4.970666666666666567e-01
4.930666666666666531e-01
4.918666666666666742e-01
4.928666666666666751e-01
4.961333333333333151e-01
4.912666666666666848e-01
4.944000000000000061e-01
4.989999999999999991e-01
4.954666666666666663e-01
4.944000000000000061e-01
4.968000000000000194e-01
4.962666666666666893e-01
4.958000000000000185e-01
4.945999999999999841e-01
4.948000000000000176e-01
4.951999999999999735e-01
4.950666666666666549e-01
4.945999999999999841e-01
4.983333333333333504e-01
4.928000000000000158e-01
4.972666666666666901e-01
4.958666666666666778e-01
4.949333333333333362e-01
4.949333333333333362e-01
4.959333333333333371e-01
5.006000000000000449e-01
4.954666666666666663e-01
4.961333333333333151e-01
4.984000000000000097e-01
4.952666666666666884e-01
4.988666666666666805e-01
5.001333333333333186e-01
4.945333333333333248e-01
4.965999999999999859e-01
4.983333333333333504e-01
4.944000000000000061e-01
5.000000000000000000e-01
5.000000000000000000e-01
4.958666666666666778e-01
4.963333333333333486e-01
4.956666666666666443e-01
5.018666666666666831e-01
5.001999999999999780e-01
5.001999999999999780e-01
5.012666666666666382e-01
4.991999999999999771e-01
4.996666666666666479e-01
4.964000000000000079e-01
5.000666666666666593e-01
4.936666666666666425e-01
4.993333333333333512e-01
5.023333333333332984e-01
4.985999999999999877e-01
4.979999999999999982e-01
5.001333333333333186e-01
5.032666666666666400e-01
4.994666666666666699e-01
5.002666666666666373e-01
4.994000000000000106e-01
5.026000000000000467e-01
5.028000000000000247e-01
5.019333333333333425e-01
5.008666666666666822e-01
5.018666666666666831e-01
5.053999999999999604e-01
4.959333333333333371e-01
5.025333333333333874e-01
4.994000000000000106e-01
4.971999999999999753e-01
5.036000000000000476e-01
5.009333333333333416e-01
4.991333333333333178e-01
5.017333333333333645e-01
5.008666666666666822e-01
5.069333333333333469e-01
5.010666666666666602e-01
5.040666666666666629e-01
5.046666666666667078e-01
5.079333333333333478e-01
5.064666666666666206e-01
5.050666666666666638e-01
5.022666666666666391e-01
5.048000000000000265e-01
5.053333333333333011e-01
5.028666666666666840e-01
5.058666666666666867e-01
5.032666666666666400e-01
5.027333333333333654e-01
5.026666666666667060e-01
5.066000000000000503e-01
5.035333333333333883e-01
5.023999999999999577e-01
5.039333333333333442e-01
5.030666666666666620e-01
5.063333333333333020e-01
5.088666666666666893e-01
5.037333333333333663e-01
5.038666666666666849e-01
5.068000000000000282e-01
5.043999999999999595e-01
5.041999999999999815e-01
5.029333333333333433e-01
5.050666666666666638e-01
5.051333333333333231e-01
5.070000000000000062e-01
5.068000000000000282e-01
5.057333333333333680e-01
5.078666666666666885e-01
5.052666666666666417e-01
5.044666666666666188e-01
5.084666666666666224e-01
5.074666666666666215e-01
5.100000000000000089e-01
5.051999999999999824e-01
5.077333333333333698e-01
5.061333333333333240e-01
5.106666666666667131e-01
5.063999999999999613e-01
5.090000000000000080e-01
5.076000000000000512e-01
5.068000000000000282e-01
5.088666666666666893e-01
5.120000000000000107e-01
5.085333333333332817e-01
5.063333333333333020e-01
5.083333333333333037e-01
5.086000000000000520e-01
5.106666666666667131e-01
5.097333333333333716e-01
5.070000000000000062e-01
5.103999999999999648e-01
5.109333333333333504e-01
5.064666666666666206e-01
5.082666666666666444e-01
5.095333333333332826e-01
5.113999999999999657e-01
5.116666666666667140e-01
5.131999999999999895e-01
5.096000000000000529e-01
5.097333333333333716e-01
5.120666666666666700e-01
5.083333333333333037e-01
5.111999999999999877e-01
5.123999999999999666e-01
5.101333333333333275e-01
5.111999999999999877e-01
5.100666666666666682e-01
5.093333333333333046e-01
5.115333333333332844e-01
5.112666666666666471e-01
5.119333333333333513e-01
5.099333333333333496e-01
5.133999999999999675e-01
5.173333333333333117e-01
5.101333333333333275e-01
5.100000000000000089e-01
5.088000000000000300e-01
5.118666666666666920e-01
5.116666666666667140e-01
5.122666666666666480e-01
5.129333333333333522e-01
5.123999999999999666e-01
5.110000000000000098e-01
5.119333333333333513e-01
5.159333333333333549e-01
5.111999999999999877e-01
5.121333333333333293e-01
5.114666666666666250e-01
5.118000000000000327e-01
5.113333333333333064e-01
5.107333333333333725e-01
5.108000000000000318e-01
5.098000000000000309e-01
5.128000000000000336e-01
5.076000000000000512e-01
5.147333333333333760e-01
5.139333333333333531e-01
5.100666666666666682e-01
5.148000000000000353e-01
5.143333333333333091e-01
5.138000000000000345e-01
5.191333333333333355e-01
5.171999999999999931e-01
5.151999999999999913e-01
5.140000000000000124e-01
5.155999999999999472e-01
5.120000000000000107e-01
5.150000000000000133e-01
5.144666666666666277e-01
5.114666666666666250e-01
5.161999999999999922e-01
5.153333333333333099e-01
5.164666666666666295e-01
5.132666666666666488e-01
5.150000000000000133e-01
5.153999999999999693e-01
5.180666666666666753e-01
5.155333333333332879e-01
5.167333333333333778e-01
5.143333333333333091e-01
5.143999999999999684e-01
5.177333333333333787e-01
5.135333333333332861e-01
5.155333333333332879e-01
5.165333333333332888e-01
5.155999999999999472e-01
5.169333333333333558e-01
5.152666666666666506e-01
5.146666666666667167e-01
5.147333333333333760e-01
5.160666666666666735e-01
5.179333333333333567e-01
5.156666666666667176e-01
5.128000000000000336e-01
5.147333333333333760e-01
5.168000000000000371e-01
5.170666666666666744e-01
5.182666666666666533e-01
5.201333333333333364e-01
5.164666666666666295e-01
5.183333333333333126e-01
5.171999999999999931e-01
5.193999999999999728e-01
5.178666666666666973e-01
5.180666666666666753e-01
5.214666666666666339e-01
5.193999999999999728e-01
5.170000000000000151e-01
5.171333333333333337e-01
5.197333333333333805e-01
5.169333333333333558e-01
5.190666666666666762e-01
5.185999999999999499e-01
5.190666666666666762e-01
5.165333333333332888e-01
5.153333333333333099e-01
5.190666666666666762e-01
5.183333333333333126e-01
5.205333333333332924e-01
5.216666666666666119e-01
5.218666666666667009e-01
5.232666666666666577e-01
5.195333333333332915e-01
5.193999999999999728e-01
5.206666666666667220e-01
5.170666666666666744e-01
5.190000000000000169e-01
5.170000000000000151e-01
5.153333333333333099e-01
5.188000000000000389e-01
5.206666666666667220e-01
5.182666666666666533e-01
5.238666666666667027e-01
5.228666666666667018e-01
5.211999999999999966e-01
5.220666666666666789e-01
5.233333333333333171e-01
5.215999999999999526e-01
5.192666666666666542e-01
5.169333333333333558e-01
5.216666666666666119e-01
5.234666666666666357e-01
5.226666666666666128e-01
5.211999999999999966e-01
5.208666666666667000e-01
5.180000000000000160e-01
5.205333333333332924e-01
5.223333333333333162e-01
5.217333333333333822e-01
5.201999999999999957e-01
5.216666666666666119e-01
5.255999999999999561e-01
5.240000000000000213e-01
5.200000000000000178e-01
5.221999999999999975e-01
5.225999999999999535e-01
5.240666666666666806e-01
5.233333333333333171e-01
5.155999999999999472e-01
5.280000000000000249e-01
5.241999999999999993e-01
5.238000000000000433e-01
5.243333333333333179e-01
5.214666666666666339e-01
5.242666666666666586e-01
5.253999999999999782e-01
5.240666666666666806e-01
5.215333333333332932e-01
5.230666666666666798e-01
5.260000000000000231e-01
5.226666666666666128e-01
5.217333333333333822e-01
5.268666666666667053e-01
5.213333333333333153e-01
5.226666666666666128e-01
5.262000000000000011e-01
5.258000000000000451e-01
5.204666666666666330e-01
5.236666666666666137e-01
5.290666666666666851e-01
5.252666666666666595e-01
5.256666666666666154e-01
5.193333333333333135e-01
5.257333333333333858e-01
5.241999999999999993e-01
5.234666666666666357e-01
5.271333333333333426e-01
5.245999999999999552e-01
5.252000000000000002e-01
5.248000000000000442e-01
5.257333333333333858e-01
5.240666666666666806e-01
5.246666666666666146e-01
5.248000000000000442e-01
5.285999999999999588e-01
5.289333333333333664e-01
5.255999999999999561e-01
5.259333333333333638e-01
5.246666666666666146e-01
5.244666666666666366e-01
5.247333333333333849e-01
5.248000000000000442e-01
5.241999999999999993e-01
5.262000000000000011e-01
5.286666666666666181e-01
5.272000000000000020e-01
5.275999999999999579e-01
5.239333333333333620e-01
5.262666666666666604e-01
5.269333333333333647e-01
5.273999999999999799e-01
5.284666666666666401e-01
5.207333333333333814e-01
5.262666666666666604e-01
5.274666666666666393e-01
5.258000000000000451e-01
5.272000000000000020e-01
5.281333333333333435e-01
5.262666666666666604e-01
5.273999999999999799e-01
5.245333333333332959e-01
5.305999999999999606e-01
5.271333333333333426e-01
5.273333333333333206e-01
5.297333333333332783e-01
5.268666666666667053e-01
5.267333333333333867e-01
5.241999999999999993e-01
5.255333333333332968e-01
5.253999999999999782e-01
5.266666666666666163e-01
5.282666666666666622e-01
5.293999999999999817e-01
5.339333333333333709e-01
5.286666666666666181e-01
5.274666666666666393e-01
5.258666666666667044e-01
5.261333333333333417e-01
5.314666666666666428e-01
5.281333333333333435e-01
5.285999999999999588e-01
5.319333333333333691e-01
5.298000000000000487e-01
5.293333333333333224e-01
5.261333333333333417e-01
5.306666666666666199e-01
5.285333333333332995e-01
5.268000000000000460e-01
5.280666666666666842e-01
5.309333333333333682e-01
5.313999999999999835e-01
5.293333333333333224e-01
5.307333333333332792e-01
5.316666666666666208e-01
5.282666666666666622e-01
5.292666666666666631e-01
5.310000000000000275e-01
5.328000000000000513e-01
5.292666666666666631e-01
5.301333333333333453e-01
5.292666666666666631e-01
5.304666666666666419e-01
5.308000000000000496e-01
5.309333333333333682e-01
5.329333333333333700e-01
5.320000000000000284e-01
5.285333333333332995e-01
5.350666666666666904e-01
5.306666666666666199e-01
5.281333333333333435e-01
5.332666666666666666e-01
5.339333333333333709e-01
5.317333333333332801e-01
5.314666666666666428e-01
5.323333333333333250e-01
5.354666666666666464e-01
5.294666666666666410e-01
5.313333333333333242e-01
5.321333333333333471e-01
5.305333333333333012e-01
5.340666666666666895e-01
5.288000000000000478e-01
5.316666666666666208e-01
5.360000000000000320e-01
5.328000000000000513e-01
5.320666666666666877e-01
5.333333333333333259e-01
5.332000000000000073e-01
5.323333333333333250e-01
5.298666666666667080e-01
5.353333333333333277e-01
5.336666666666666226e-01
5.335999999999999632e-01
5.359333333333333727e-01
5.358000000000000540e-01
5.299333333333333673e-01
5.300666666666666860e-01
5.315999999999999615e-01
5.340666666666666895e-01
5.327333333333332810e-01
5.364666666666666472e-01
5.374666666666666481e-01
5.367333333333332845e-01
5.343333333333333268e-01
5.304666666666666419e-01
5.346666666666666234e-01
5.313333333333333242e-01
5.332666666666666666e-01
5.336666666666666226e-01
5.332000000000000073e-01
