4.223333333333333384e-01
4.186000000000000276e-01
4.219999999999999862e-01
4.199333333333333251e-01
4.225999999999999757e-01
4.211333333333333595e-01
4.233333333333333393e-01
4.233999999999999986e-01
4.267333333333333534e-01
4.218000000000000083e-01
4.216666666666666896e-01
4.260666666666666491e-01
4.241333333333333067e-01
4.240666666666666473e-01
4.259333333333333305e-01
4.235999999999999766e-01
4.255333333333333190e-01
4.281333333333333102e-01
4.269999999999999907e-01
4.266666666666666941e-01
4.294000000000000039e-01
4.260666666666666491e-01
4.290666666666666518e-01
4.266666666666666941e-01
4.274666666666666615e-01
4.299333333333333340e-01
4.269999999999999907e-01
4.298666666666666747e-01
4.317333333333333578e-01
4.323333333333333472e-01
4.321333333333333138e-01
4.305333333333333234e-01
4.326666666666666439e-01
4.294666666666666632e-01
4.358666666666666800e-01
4.355999999999999872e-01
4.383333333333333526e-01
4.355999999999999872e-01
4.326666666666666439e-01
4.332666666666666888e-01
4.346666666666666456e-01
4.314000000000000057e-01
4.367333333333333067e-01
4.361333333333333173e-01
4.378666666666666818e-01
4.367333333333333067e-01
4.401999999999999802e-01
4.383333333333333526e-01
4.384666666666666712e-01
4.385333333333333306e-01
4.391999999999999793e-01
4.385333333333333306e-01
4.384666666666666712e-01
4.415999999999999925e-01
4.401333333333333209e-01
4.398000000000000242e-01
4.371999999999999775e-01
4.422666666666666413e-01
4.439333333333333464e-01
4.417333333333333112e-01
4.426666666666666528e-01
4.450666666666666660e-01
4.430666666666666642e-01
4.417333333333333112e-01
4.451333333333333253e-01
4.439333333333333464e-01
4.480666666666666687e-01
4.433333333333333570e-01
4.444000000000000172e-01
4.439333333333333464e-01
4.452666666666666440e-01
4.475999999999999979e-01
4.434000000000000163e-01
4.455999999999999961e-01
4.446666666666666545e-01
4.411999999999999811e-01
4.480000000000000093e-01
4.455999999999999961e-01
4.419333333333333447e-01
4.451999999999999846e-01
4.472666666666666457e-01
4.458666666666666889e-01
4.465999999999999970e-01
4.473333333333333606e-01
4.513333333333333086e-01
4.481999999999999873e-01
4.495333333333333403e-01
4.480000000000000093e-01
4.519333333333333536e-01
4.517999999999999794e-01
4.444000000000000172e-01
4.516666666666666607e-01
4.494000000000000217e-01
4.508666666666666933e-01
4.544000000000000261e-01
4.521999999999999909e-01
4.506000000000000005e-01
4.534000000000000252e-01
4.516666666666666607e-01
4.542666666666666520e-01
4.520666666666666722e-01
4.539333333333333553e-01
4.557333333333333236e-01
4.512666666666666493e-01
4.556000000000000050e-01
4.534000000000000252e-01
4.546666666666666634e-01
4.572666666666666546e-01
4.525333333333333430e-01
4.562666666666666537e-01
4.571333333333333360e-01
4.571999999999999953e-01
4.570000000000000173e-01
4.597333333333333272e-01
4.560000000000000164e-01
4.612666666666666582e-01
4.576666666666666661e-01
4.586666666666666670e-01
4.593333333333333157e-01
4.576666666666666661e-01
4.613333333333333175e-01
4.618666666666666476e-01
4.618666666666666476e-01
4.580666666666666775e-01
4.607333333333333281e-01
4.590000000000000191e-01
4.603333333333333166e-01
4.610000000000000209e-01
4.632666666666666599e-01
4.622666666666666591e-01
4.601999999999999980e-01
4.623999999999999777e-01
4.627333333333333298e-01
4.634666666666666934e-01
4.624666666666666925e-01
4.623999999999999777e-01
4.631333333333333413e-01
4.617333333333333290e-01
4.659333333333333105e-01
4.623333333333333184e-01
4.650000000000000244e-01
4.593333333333333157e-01
4.615333333333333510e-01
4.682666666666666644e-01
4.680666666666666864e-01
4.646666666666666723e-01
4.669333333333333114e-01
4.636000000000000121e-01
4.627333333333333298e-01
4.689333333333333131e-01
4.627333333333333298e-01
4.640666666666666829e-01
4.699333333333333140e-01
4.692666666666666653e-01
4.685333333333333572e-01
4.700666666666666882e-01
4.712666666666666671e-01
4.711333333333333484e-01
4.677999999999999936e-01
4.682666666666666644e-01
4.706000000000000183e-01
4.660000000000000253e-01
4.656000000000000139e-01
4.709999999999999742e-01
4.677333333333333343e-01
4.685333333333333572e-01
4.647999999999999909e-01
4.702000000000000068e-01
4.680666666666666864e-01
4.715333333333333599e-01
4.743999999999999884e-01
4.720666666666666900e-01
4.722000000000000086e-01
4.730666666666666909e-01
4.717999999999999972e-01
4.728666666666666574e-01
4.741333333333333511e-01
4.722666666666666679e-01
4.709999999999999742e-01
4.715333333333333599e-01
4.732000000000000095e-01
4.719333333333333158e-01
4.716000000000000192e-01
4.736000000000000210e-01
4.703333333333333255e-01
4.715333333333333599e-01
4.752000000000000113e-01
4.728666666666666574e-01
4.723999999999999866e-01
4.769333333333333202e-01
4.759999999999999787e-01
4.766666666666666829e-01
4.742666666666666697e-01
4.719999999999999751e-01
4.753333333333333299e-01
4.783333333333333326e-01
4.762000000000000122e-01
4.781333333333333546e-01
4.782666666666666733e-01
4.753999999999999893e-01
4.759999999999999787e-01
4.779333333333333211e-01
4.773999999999999910e-01
4.731333333333333502e-01
4.800666666666666416e-01
4.755333333333333079e-01
4.794666666666666521e-01
4.785333333333333106e-01
4.763333333333333308e-01
4.764666666666666495e-01
4.769333333333333202e-01
4.831333333333333591e-01
4.797333333333333449e-01
4.783999999999999919e-01
4.783999999999999919e-01
4.784666666666666512e-01
4.801333333333333564e-01
4.772000000000000131e-01
4.793333333333333335e-01
4.821333333333333582e-01
4.801333333333333564e-01
4.778666666666666618e-01
4.843333333333333379e-01
4.804666666666666530e-01
4.806666666666666865e-01
4.795333333333333115e-01
4.815999999999999726e-01
4.823999999999999955e-01
4.838000000000000078e-01
4.838666666666666671e-01
4.795333333333333115e-01
4.799999999999999822e-01
4.813333333333333353e-01
4.812666666666666759e-01
4.818666666666666654e-01
4.826666666666666883e-01
4.872666666666666813e-01
4.851333333333333608e-01
4.839333333333333265e-01
4.847333333333333494e-01
4.865999999999999770e-01
4.864666666666666583e-01
4.844666666666666566e-01
4.845999999999999752e-01
4.852666666666666795e-01
4.848000000000000087e-01
4.856666666666666909e-01
4.857333333333333503e-01
4.852000000000000202e-01
4.825333333333333141e-01
4.822666666666666768e-01
4.865333333333333177e-01
4.844666666666666566e-01
4.868000000000000105e-01
4.842000000000000193e-01
4.861333333333333062e-01
4.904666666666666619e-01
4.876666666666666927e-01
4.870666666666666478e-01
4.873333333333333406e-01
4.882000000000000228e-01
4.891333333333333089e-01
4.875999999999999779e-01
4.892000000000000237e-01
4.909999999999999920e-01
4.897333333333333538e-01
4.898666666666666725e-01
4.921333333333333115e-01
4.914000000000000035e-01
4.896666666666666390e-01
4.903333333333333433e-01
4.851333333333333608e-01
4.907333333333333547e-01
4.859333333333333282e-01
4.887333333333333529e-01
4.865333333333333177e-01
4.914666666666666628e-01
4.879333333333333300e-01
4.886666666666666936e-01
4.938666666666666760e-01
4.877333333333333520e-01
4.901333333333333098e-01
4.919999999999999929e-01
4.915999999999999814e-01
4.884000000000000008e-01
4.938666666666666760e-01
4.922666666666666857e-01
4.912000000000000255e-01
4.944666666666666655e-01
4.912666666666666848e-01
4.912666666666666848e-01
4.899999999999999911e-01
4.921333333333333115e-01
4.940666666666666540e-01
4.934666666666666646e-01
4.922666666666666857e-01
4.878000000000000114e-01
4.949999999999999956e-01
4.914000000000000035e-01
4.895999999999999797e-01
4.971333333333333160e-01
4.932000000000000273e-01
4.917333333333333556e-01
4.929333333333333345e-01
4.963333333333333486e-01
4.915333333333333221e-01
4.943333333333333468e-01
4.991999999999999771e-01
4.955999999999999850e-01
4.945999999999999841e-01
4.967333333333333600e-01
4.961999999999999744e-01
4.958666666666666778e-01
4.945999999999999841e-01
4.948666666666666769e-01
4.955333333333333257e-01
4.951999999999999735e-01
4.948666666666666769e-01
4.983333333333333504e-01
4.928666666666666751e-01
4.973333333333333495e-01
4.961333333333333151e-01
4.954000000000000070e-01
4.954000000000000070e-01
4.959999999999999964e-01
5.005333333333333856e-01
4.955999999999999850e-01
4.961999999999999744e-01
4.981333333333333169e-01
4.953333333333333477e-01
4.990666666666666584e-01
5.001999999999999780e-01
4.945999999999999841e-01
4.965999999999999859e-01
4.984000000000000097e-01
4.945999999999999841e-01
5.003999999999999559e-01
5.000666666666666593e-01
4.962666666666666893e-01
4.964000000000000079e-01
4.959333333333333371e-01
5.020000000000000018e-01
5.003333333333332966e-01
5.003999999999999559e-01
5.013333333333332975e-01
4.994000000000000106e-01
4.996666666666666479e-01
4.961333333333333151e-01
5.001999999999999780e-01
4.938000000000000167e-01
4.993333333333333512e-01
5.024666666666666170e-01
4.984000000000000097e-01
4.981333333333333169e-01
5.002666666666666373e-01
5.035333333333333883e-01
4.995999999999999885e-01
5.001333333333333186e-01
4.995333333333333292e-01
5.029333333333333433e-01
5.028000000000000247e-01
5.020000000000000018e-01
5.008000000000000229e-01
5.019333333333333425e-01
5.056000000000000494e-01
4.961333333333333151e-01
5.027333333333333654e-01
4.998000000000000220e-01
4.971999999999999753e-01
5.033333333333332993e-01
5.010666666666666602e-01
4.991999999999999771e-01
5.016000000000000458e-01
5.009333333333333416e-01
5.070000000000000062e-01
5.011333333333333195e-01
5.043999999999999595e-01
5.046000000000000485e-01
5.080666666666666664e-01
5.065333333333332799e-01
5.051999999999999824e-01
5.022666666666666391e-01
5.046666666666667078e-01
5.053333333333333011e-01
5.028000000000000247e-01
5.058666666666666867e-01
5.033333333333332993e-01
5.032666666666666400e-01
5.027333333333333654e-01
5.067333333333333689e-01
5.034666666666666179e-01
5.025333333333333874e-01
5.040000000000000036e-01
5.031999999999999806e-01
5.063999999999999613e-01
5.089333333333333487e-01
5.040000000000000036e-01
5.038000000000000256e-01
5.068000000000000282e-01
5.041999999999999815e-01
5.042666666666666409e-01
5.030000000000000027e-01
5.050666666666666638e-01
5.056666666666667087e-01
5.072666666666666435e-01
5.069333333333333469e-01
5.057333333333333680e-01
5.080666666666666664e-01
5.051999999999999824e-01
5.046000000000000485e-01
5.083999999999999631e-01
5.073999999999999622e-01
5.099333333333333496e-01
5.052666666666666417e-01
5.078666666666666885e-01
5.064666666666666206e-01
5.105333333333332835e-01
5.068666666666666876e-01
5.090000000000000080e-01
5.078000000000000291e-01
5.068000000000000282e-01
5.089333333333333487e-01
5.119333333333333513e-01
5.084666666666666224e-01
5.062666666666666426e-01
5.083333333333333037e-01
5.082666666666666444e-01
5.109333333333333504e-01
5.095333333333332826e-01
5.070000000000000062e-01
5.106000000000000538e-01
5.110000000000000098e-01
5.066000000000000503e-01
5.083999999999999631e-01
5.096000000000000529e-01
5.115333333333332844e-01
5.116666666666667140e-01
5.131999999999999895e-01
5.097333333333333716e-01
5.100000000000000089e-01
5.122666666666666480e-01
5.085333333333332817e-01
5.112666666666666471e-01
5.125333333333332853e-01
5.101999999999999869e-01
5.111333333333333284e-01
5.101333333333333275e-01
5.096000000000000529e-01
5.113333333333333064e-01
5.112666666666666471e-01
5.118000000000000327e-01
5.101333333333333275e-01
5.135333333333332861e-01
5.173333333333333117e-01
5.101999999999999869e-01
5.103999999999999648e-01
5.090000000000000080e-01
5.121333333333333293e-01
5.116000000000000547e-01
5.124666666666666259e-01
5.131333333333333302e-01
5.123333333333333073e-01
5.113333333333333064e-01
5.121333333333333293e-01
5.161999999999999922e-01
5.112666666666666471e-01
5.123999999999999666e-01
5.118666666666666920e-01
5.119333333333333513e-01
5.113999999999999657e-01
5.107333333333333725e-01
5.108000000000000318e-01
5.098000000000000309e-01
5.128666666666666929e-01
5.076666666666667105e-01
5.145333333333332870e-01
5.140000000000000124e-01
5.103333333333333055e-01
5.149333333333333540e-01
5.144666666666666277e-01
5.140000000000000124e-01
5.191999999999999948e-01
5.171999999999999931e-01
5.150666666666666726e-01
5.139333333333333531e-01
5.157333333333333769e-01
5.121333333333333293e-01
5.149333333333333540e-01
5.145999999999999464e-01
5.118000000000000327e-01
5.160666666666666735e-01
5.153333333333333099e-01
5.162666666666666515e-01
5.130666666666666709e-01
5.150666666666666726e-01
5.153333333333333099e-01
5.180666666666666753e-01
5.159333333333333549e-01
5.167333333333333778e-01
5.141999999999999904e-01
5.143333333333333091e-01
5.178000000000000380e-01
5.134666666666666268e-01
5.156666666666667176e-01
5.166666666666667185e-01
5.154666666666666286e-01
5.170000000000000151e-01
5.153999999999999693e-01
5.145333333333332870e-01
5.149333333333333540e-01
5.160666666666666735e-01
5.180000000000000160e-01
5.154666666666666286e-01
5.131999999999999895e-01
5.148000000000000353e-01
5.168666666666666965e-01
5.170000000000000151e-01
5.185333333333332906e-01
5.202666666666666551e-01
5.166666666666667185e-01
5.187333333333333796e-01
5.173999999999999710e-01
5.195999999999999508e-01
5.181333333333333346e-01
5.181333333333333346e-01
5.215999999999999526e-01
5.198000000000000398e-01
5.172666666666666524e-01
5.173999999999999710e-01
5.195333333333332915e-01
5.172666666666666524e-01
5.190666666666666762e-01
5.187333333333333796e-01
5.190666666666666762e-01
5.165999999999999481e-01
5.156666666666667176e-01
5.190000000000000169e-01
5.183333333333333126e-01
5.207333333333333814e-01
5.217333333333333822e-01
5.223333333333333162e-01
5.230666666666666798e-01
5.193999999999999728e-01
5.193999999999999728e-01
5.208000000000000407e-01
5.170000000000000151e-01
5.191999999999999948e-01
5.170666666666666744e-01
5.153999999999999693e-01
5.190000000000000169e-01
5.209333333333333593e-01
5.183333333333333126e-01
5.238000000000000433e-01
5.228666666666667018e-01
5.212666666666666559e-01
5.223333333333333162e-01
5.232666666666666577e-01
5.218000000000000416e-01
5.198000000000000398e-01
5.170666666666666744e-01
5.218000000000000416e-01
5.234666666666666357e-01
5.228000000000000425e-01
5.208666666666667000e-01
5.210000000000000187e-01
5.183999999999999719e-01
5.206666666666667220e-01
5.223333333333333162e-01
5.218666666666667009e-01
5.201999999999999957e-01
5.215333333333332932e-01
5.255999999999999561e-01
5.241999999999999993e-01
5.201999999999999957e-01
5.220000000000000195e-01
5.225999999999999535e-01
5.241999999999999993e-01
5.232666666666666577e-01
5.156666666666667176e-01
5.281333333333333435e-01
5.242666666666666586e-01
5.240000000000000213e-01
5.242666666666666586e-01
5.215333333333332932e-01
5.243999999999999773e-01
5.253999999999999782e-01
5.241999999999999993e-01
5.215333333333332932e-01
5.231999999999999984e-01
5.259333333333333638e-01
5.225333333333332941e-01
5.218666666666667009e-01
5.268666666666667053e-01
5.212666666666666559e-01
5.225333333333332941e-01
5.262666666666666604e-01
5.258666666666667044e-01
5.205333333333332924e-01
5.241333333333333400e-01
5.292000000000000037e-01
5.253999999999999782e-01
5.258666666666667044e-01
5.193333333333333135e-01
5.257333333333333858e-01
5.243333333333333179e-01
5.235999999999999543e-01
5.272000000000000020e-01
5.251333333333333409e-01
5.254666666666666375e-01
5.250000000000000222e-01
5.255999999999999561e-01
5.238666666666667027e-01
5.246666666666666146e-01
5.250000000000000222e-01
5.286666666666666181e-01
5.288666666666667071e-01
5.258000000000000451e-01
5.260000000000000231e-01
5.245999999999999552e-01
5.245999999999999552e-01
5.245999999999999552e-01
5.250666666666666815e-01
5.241999999999999993e-01
5.263999999999999790e-01
5.286666666666666181e-01
5.274666666666666393e-01
5.275999999999999579e-01
5.239333333333333620e-01
5.262000000000000011e-01
5.270000000000000240e-01
5.272666666666666613e-01
5.285333333333332995e-01
5.208000000000000407e-01
5.262000000000000011e-01
5.278000000000000469e-01
5.254666666666666375e-01
5.272666666666666613e-01
5.283999999999999808e-01
5.266666666666666163e-01
5.276666666666666172e-01
5.248666666666667036e-01
5.307333333333332792e-01
5.273333333333333206e-01
5.274666666666666393e-01
5.298000000000000487e-01
5.270000000000000240e-01
5.268000000000000460e-01
5.245333333333332959e-01
5.258000000000000451e-01
5.256666666666666154e-01
5.268000000000000460e-01
5.283333333333333215e-01
5.292666666666666631e-01
5.342000000000000082e-01
5.287333333333333885e-01
5.276666666666666172e-01
5.259333333333333638e-01
5.262666666666666604e-01
5.317333333333332801e-01
5.284666666666666401e-01
5.288000000000000478e-01
5.318666666666667098e-01
5.298666666666667080e-01
5.294666666666666410e-01
5.261333333333333417e-01
5.308666666666667089e-01
5.288666666666667071e-01
5.270000000000000240e-01
5.284666666666666401e-01
5.308666666666667089e-01
5.314666666666666428e-01
5.293333333333333224e-01
5.306666666666666199e-01
5.315333333333333021e-01
5.283999999999999808e-01
5.292000000000000037e-01
5.308000000000000496e-01
5.330666666666666886e-01
5.295333333333333004e-01
5.300666666666666860e-01
5.293999999999999817e-01
5.305999999999999606e-01
5.309333333333333682e-01
5.311333333333333462e-01
5.331333333333333480e-01
5.322000000000000064e-01
5.285999999999999588e-01
5.352000000000000091e-01
5.310000000000000275e-01
5.284666666666666401e-01
5.333999999999999853e-01
5.341333333333333488e-01
5.315333333333333021e-01
5.311333333333333462e-01
5.325333333333333030e-01
5.358000000000000540e-01
5.295999999999999597e-01
5.313333333333333242e-01
5.323999999999999844e-01
5.305333333333333012e-01
5.340000000000000302e-01
5.288666666666667071e-01
5.318000000000000504e-01
5.360000000000000320e-01
5.330666666666666886e-01
5.321333333333333471e-01
5.337333333333332819e-01
5.332000000000000073e-01
5.321333333333333471e-01
5.300000000000000266e-01
5.355999999999999650e-01
5.337333333333332819e-01
5.338666666666667115e-01
5.359333333333333727e-01
5.359333333333333727e-01
5.298666666666667080e-01
5.301333333333333453e-01
5.316666666666666208e-01
5.338666666666667115e-01
5.330000000000000293e-01
5.365333333333333066e-01
5.375333333333333075e-01
5.369333333333333735e-01
5.343999999999999861e-01
5.306666666666666199e-01
5.347333333333332828e-01
5.314666666666666428e-01
5.333999999999999853e-01
5.334666666666666446e-01
5.335999999999999632e-01
