4.249333333333333296e-01
4.205999999999999739e-01
4.251333333333333075e-01
4.228666666666666685e-01
4.247333333333333516e-01
4.246666666666666923e-01
4.255333333333333190e-01
4.257333333333333525e-01
4.289333333333333331e-01
4.238666666666666694e-01
4.248666666666666702e-01
4.286666666666666403e-01
4.267333333333333534e-01
4.261333333333333084e-01
4.276666666666666394e-01
4.257333333333333525e-01
4.284666666666666623e-01
4.302666666666666861e-01
4.289333333333333331e-01
4.288666666666666738e-01
4.314666666666666650e-01
4.278000000000000136e-01
4.305999999999999828e-01
4.289999999999999925e-01
4.295333333333333226e-01
4.319999999999999951e-01
4.296666666666666412e-01
4.319999999999999951e-01
4.333333333333333481e-01
4.344666666666666677e-01
4.347333333333333605e-01
4.323333333333333472e-01
4.348666666666666791e-01
4.319333333333333358e-01
4.377333333333333076e-01
4.379333333333333411e-01
4.400666666666666615e-01
4.380000000000000004e-01
4.340666666666666562e-01
4.355333333333333279e-01
4.367333333333333067e-01
4.338666666666666782e-01
4.391333333333333200e-01
4.378000000000000225e-01
4.395333333333333314e-01
4.395333333333333314e-01
4.419333333333333447e-01
4.403333333333333544e-01
4.403333333333333544e-01
4.403333333333333544e-01
4.411333333333333218e-01
4.399333333333333429e-01
4.398666666666666836e-01
4.430000000000000049e-01
4.421999999999999820e-01
4.412666666666666404e-01
4.386666666666666492e-01
4.440000000000000058e-01
4.459333333333333482e-01
4.428666666666666862e-01
4.440000000000000058e-01
4.464666666666666783e-01
4.445999999999999952e-01
4.436666666666666536e-01
4.468666666666666898e-01
4.456666666666666554e-01
4.501999999999999891e-01
4.448666666666666880e-01
4.459333333333333482e-01
4.454000000000000181e-01
4.472666666666666457e-01
4.491333333333333289e-01
4.447333333333333139e-01
4.474666666666666792e-01
4.463333333333333597e-01
4.427333333333333121e-01
4.490666666666666695e-01
4.471333333333333271e-01
4.431999999999999829e-01
4.471333333333333271e-01
4.487333333333333174e-01
4.485999999999999988e-01
4.481999999999999873e-01
4.490666666666666695e-01
4.528666666666666396e-01
4.494000000000000217e-01
4.499333333333333518e-01
4.495333333333333403e-01
4.532666666666666511e-01
4.532666666666666511e-01
4.463333333333333597e-01
4.531333333333333324e-01
4.506000000000000005e-01
4.517999999999999794e-01
4.551333333333333342e-01
4.529333333333333544e-01
4.521333333333333315e-01
4.541999999999999926e-01
4.526666666666666616e-01
4.561999999999999944e-01
4.537999999999999812e-01
4.554000000000000270e-01
4.573999999999999733e-01
4.529333333333333544e-01
4.566000000000000059e-01
4.550666666666666749e-01
4.569333333333333580e-01
4.590666666666666784e-01
4.537333333333333218e-01
4.576000000000000068e-01
4.582666666666666555e-01
4.588666666666666449e-01
4.583333333333333148e-01
4.605333333333333501e-01
4.569333333333333580e-01
4.621999999999999997e-01
4.587333333333333263e-01
4.606000000000000094e-01
4.612666666666666582e-01
4.594666666666666899e-01
4.627333333333333298e-01
4.630666666666666820e-01
4.637999999999999901e-01
4.601333333333333386e-01
4.617333333333333290e-01
4.610000000000000209e-01
4.613333333333333175e-01
4.621333333333333404e-01
4.643999999999999795e-01
4.632666666666666599e-01
4.607999999999999874e-01
4.637999999999999901e-01
4.638666666666666494e-01
4.648666666666666503e-01
4.633999999999999786e-01
4.629333333333333078e-01
4.637333333333333307e-01
4.627333333333333298e-01
4.672000000000000042e-01
4.636000000000000121e-01
4.657999999999999918e-01
4.604666666666666908e-01
4.626666666666666705e-01
4.697333333333333361e-01
4.693333333333333246e-01
4.656666666666666732e-01
4.682666666666666644e-01
4.644666666666666943e-01
4.636000000000000121e-01
4.699333333333333140e-01
4.635333333333333528e-01
4.652000000000000024e-01
4.707999999999999963e-01
4.703333333333333255e-01
4.695333333333333581e-01
4.705333333333333590e-01
4.721333333333333493e-01
4.715333333333333599e-01
4.684666666666666424e-01
4.691333333333333466e-01
4.715333333333333599e-01
4.673999999999999821e-01
4.667333333333333334e-01
4.726666666666666794e-01
4.689999999999999725e-01
4.696666666666666767e-01
4.656000000000000139e-01
4.709999999999999742e-01
4.692000000000000060e-01
4.721333333333333493e-01
4.752000000000000113e-01
4.725333333333333607e-01
4.727999999999999980e-01
4.733333333333333282e-01
4.725333333333333607e-01
4.731333333333333502e-01
4.745333333333333070e-01
4.730666666666666909e-01
4.722666666666666679e-01
4.718666666666666565e-01
4.739333333333333176e-01
4.726666666666666794e-01
4.726666666666666794e-01
4.743333333333333290e-01
4.709333333333333149e-01
4.723999999999999866e-01
4.760666666666666935e-01
4.736666666666666803e-01
4.729333333333333167e-01
4.778000000000000025e-01
4.769333333333333202e-01
4.772666666666666724e-01
4.743333333333333290e-01
4.731333333333333502e-01
4.766000000000000236e-01
4.789999999999999813e-01
4.776000000000000245e-01
4.790666666666666407e-01
4.792000000000000148e-01
4.765333333333333088e-01
4.766666666666666829e-01
4.782000000000000139e-01
4.778666666666666618e-01
4.736666666666666803e-01
4.811333333333333573e-01
4.769333333333333202e-01
4.802666666666666750e-01
4.797333333333333449e-01
4.767333333333333423e-01
4.772000000000000131e-01
4.779999999999999805e-01
4.840666666666666451e-01
4.803333333333333344e-01
4.798000000000000043e-01
4.789999999999999813e-01
4.793333333333333335e-01
4.807333333333333458e-01
4.777333333333333432e-01
4.802000000000000157e-01
4.832000000000000184e-01
4.809333333333333238e-01
4.790666666666666407e-01
4.848666666666666680e-01
4.808666666666666645e-01
4.813999999999999946e-01
4.799999999999999822e-01
4.819333333333333247e-01
4.828666666666666663e-01
4.850666666666666460e-01
4.845333333333333159e-01
4.803333333333333344e-01
4.804666666666666530e-01
4.824666666666666548e-01
4.823333333333333361e-01
4.824666666666666548e-01
4.838000000000000078e-01
4.880666666666666487e-01
4.863333333333333397e-01
4.847333333333333494e-01
4.858666666666666689e-01
4.872666666666666813e-01
4.872666666666666813e-01
4.848000000000000087e-01
4.853333333333333388e-01
4.859333333333333282e-01
4.862000000000000210e-01
4.865999999999999770e-01
4.864666666666666583e-01
4.861333333333333062e-01
4.833999999999999964e-01
4.828000000000000069e-01
4.869999999999999885e-01
4.849999999999999867e-01
4.869999999999999885e-01
4.848000000000000087e-01
4.865999999999999770e-01
4.909999999999999920e-01
4.880666666666666487e-01
4.874666666666666592e-01
4.874666666666666592e-01
4.882000000000000228e-01
4.894666666666666610e-01
4.878000000000000114e-01
4.894000000000000017e-01
4.911333333333333107e-01
4.895999999999999797e-01
4.905999999999999805e-01
4.924000000000000044e-01
4.920666666666666522e-01
4.908666666666666734e-01
4.907333333333333547e-01
4.860666666666666469e-01
4.914666666666666628e-01
4.865999999999999770e-01
4.893333333333333424e-01
4.875999999999999779e-01
4.922666666666666857e-01
4.885333333333333194e-01
4.892666666666666830e-01
4.941333333333333133e-01
4.883333333333333415e-01
4.905333333333333212e-01
4.921333333333333115e-01
4.919333333333333336e-01
4.889333333333333309e-01
4.943333333333333468e-01
4.928666666666666751e-01
4.920666666666666522e-01
4.948666666666666769e-01
4.918000000000000149e-01
4.918000000000000149e-01
4.905333333333333212e-01
4.928666666666666751e-01
4.946666666666666434e-01
4.934666666666666646e-01
4.929999999999999938e-01
4.881333333333333080e-01
4.957333333333333591e-01
4.918666666666666742e-01
4.901333333333333098e-01
4.978666666666666796e-01
4.940666666666666540e-01
4.923333333333333450e-01
4.935999999999999832e-01
4.965999999999999859e-01
4.917333333333333556e-01
4.948000000000000176e-01
4.998666666666666814e-01
4.963333333333333486e-01
4.947333333333333583e-01
4.977333333333333609e-01
4.968000000000000194e-01
4.970666666666666567e-01
4.952666666666666884e-01
4.955333333333333257e-01
4.957333333333333591e-01
4.954000000000000070e-01
4.955333333333333257e-01
4.990666666666666584e-01
4.939333333333333353e-01
4.978000000000000203e-01
4.962666666666666893e-01
4.962666666666666893e-01
4.960666666666666558e-01
4.967333333333333600e-01
5.011333333333333195e-01
4.967333333333333600e-01
4.975333333333333274e-01
4.989999999999999991e-01
4.960666666666666558e-01
4.994666666666666699e-01
5.001999999999999780e-01
4.951333333333333142e-01
4.970666666666666567e-01
4.987333333333333063e-01
4.947333333333333583e-01
5.007333333333333636e-01
5.003999999999999559e-01
4.965333333333333266e-01
4.969999999999999973e-01
4.964000000000000079e-01
5.026000000000000467e-01
5.012666666666666382e-01
5.010000000000000009e-01
5.020666666666666611e-01
4.994666666666666699e-01
5.000000000000000000e-01
4.963333333333333486e-01
5.006666666666667043e-01
4.938000000000000167e-01
4.997333333333333072e-01
5.028666666666666840e-01
4.990666666666666584e-01
4.989999999999999991e-01
5.010000000000000009e-01
5.040000000000000036e-01
5.000666666666666593e-01
5.006000000000000449e-01
4.998666666666666814e-01
5.033333333333332993e-01
5.030666666666666620e-01
5.024666666666666170e-01
5.013999999999999568e-01
5.020000000000000018e-01
5.057333333333333680e-01
4.970666666666666567e-01
5.030666666666666620e-01
5.003333333333332966e-01
4.977333333333333609e-01
5.046000000000000485e-01
5.015333333333333865e-01
5.001999999999999780e-01
5.023333333333332984e-01
5.015333333333333865e-01
5.065333333333332799e-01
5.016666666666667052e-01
5.042666666666666409e-01
5.046666666666667078e-01
5.082666666666666444e-01
5.070000000000000062e-01
5.053999999999999604e-01
5.030666666666666620e-01
5.049333333333333451e-01
5.054666666666666197e-01
5.028666666666666840e-01
5.066666666666667096e-01
5.041333333333333222e-01
5.038000000000000256e-01
5.033999999999999586e-01
5.070666666666666655e-01
5.037333333333333663e-01
5.026666666666667060e-01
5.043999999999999595e-01
5.038000000000000256e-01
5.066666666666667096e-01
5.096000000000000529e-01
5.043333333333333002e-01
5.045333333333332781e-01
5.072666666666666435e-01
5.044666666666666188e-01
5.046000000000000485e-01
5.030000000000000027e-01
5.052666666666666417e-01
5.060666666666666647e-01
5.078666666666666885e-01
5.071333333333333249e-01
5.060666666666666647e-01
5.085333333333332817e-01
5.060000000000000053e-01
5.052666666666666417e-01
5.090666666666666673e-01
5.075333333333332808e-01
5.100000000000000089e-01
5.060000000000000053e-01
5.082666666666666444e-01
5.063999999999999613e-01
5.111999999999999877e-01
5.070000000000000062e-01
5.090000000000000080e-01
5.083999999999999631e-01
5.068666666666666876e-01
5.090000000000000080e-01
5.122666666666666480e-01
5.089333333333333487e-01
5.068000000000000282e-01
5.086000000000000520e-01
5.091333333333333266e-01
5.116000000000000547e-01
5.100666666666666682e-01
5.079333333333333478e-01
5.111333333333333284e-01
5.112666666666666471e-01
5.071333333333333249e-01
5.091999999999999860e-01
5.100666666666666682e-01
5.123333333333333073e-01
5.116000000000000547e-01
5.135999999999999455e-01
5.102666666666666462e-01
5.099333333333333496e-01
5.125333333333332853e-01
5.090000000000000080e-01
5.111333333333333284e-01
5.130666666666666709e-01
5.105333333333332835e-01
5.111999999999999877e-01
5.108000000000000318e-01
5.100000000000000089e-01
5.113999999999999657e-01
5.118000000000000327e-01
5.123333333333333073e-01
5.101999999999999869e-01
5.140666666666666718e-01
5.175333333333332897e-01
5.112666666666666471e-01
5.108666666666666911e-01
5.094666666666666233e-01
5.128666666666666929e-01
5.125333333333332853e-01
5.125999999999999446e-01
5.131999999999999895e-01
5.128000000000000336e-01
5.123333333333333073e-01
5.127333333333333742e-01
5.162666666666666515e-01
5.118666666666666920e-01
5.123999999999999666e-01
5.123999999999999666e-01
5.116666666666667140e-01
5.116000000000000547e-01
5.109333333333333504e-01
5.112666666666666471e-01
5.098000000000000309e-01
5.132666666666666488e-01
5.077333333333333698e-01
5.153333333333333099e-01
5.143999999999999684e-01
5.105333333333332835e-01
5.156666666666667176e-01
5.147333333333333760e-01
5.143999999999999684e-01
5.194666666666666321e-01
5.179333333333333567e-01
5.159333333333333549e-01
5.141999999999999904e-01
5.160666666666666735e-01
5.126666666666667149e-01
5.156666666666667176e-01
5.151999999999999913e-01
5.122666666666666480e-01
5.163333333333333108e-01
5.158000000000000362e-01
5.168666666666666965e-01
5.132666666666666488e-01
5.156666666666667176e-01
5.158000000000000362e-01
5.186666666666667203e-01
5.167333333333333778e-01
5.175999999999999490e-01
5.150000000000000133e-01
5.150000000000000133e-01
5.181999999999999940e-01
5.138000000000000345e-01
5.158666666666666956e-01
5.165999999999999481e-01
5.158000000000000362e-01
5.170000000000000151e-01
5.153333333333333099e-01
5.146666666666667167e-01
5.153999999999999693e-01
5.165999999999999481e-01
5.185999999999999499e-01
5.157333333333333769e-01
5.133999999999999675e-01
5.152666666666666506e-01
5.178000000000000380e-01
5.171999999999999931e-01
5.191333333333333355e-01
5.210000000000000187e-01
5.168666666666666965e-01
5.185999999999999499e-01
5.173333333333333117e-01
5.197333333333333805e-01
5.185333333333332906e-01
5.182666666666666533e-01
5.215333333333332932e-01
5.200000000000000178e-01
5.175999999999999490e-01
5.180666666666666753e-01
5.203999999999999737e-01
5.175333333333332897e-01
5.192666666666666542e-01
5.186666666666667203e-01
5.192666666666666542e-01
5.170000000000000151e-01
5.161333333333333329e-01
5.191999999999999948e-01
5.188666666666666982e-01
5.208000000000000407e-01
5.216666666666666119e-01
5.227333333333333831e-01
5.236666666666666137e-01
5.198000000000000398e-01
5.198000000000000398e-01
5.211333333333333373e-01
5.175333333333332897e-01
5.198000000000000398e-01
5.175333333333332897e-01
5.151999999999999913e-01
5.193999999999999728e-01
5.210666666666666780e-01
5.180000000000000160e-01
5.237333333333333840e-01
5.241333333333333400e-01
5.215999999999999526e-01
5.225333333333332941e-01
5.234666666666666357e-01
5.220000000000000195e-01
5.202666666666666551e-01
5.168000000000000371e-01
5.218666666666667009e-01
5.238666666666667027e-01
5.228666666666667018e-01
5.215333333333332932e-01
5.213333333333333153e-01
5.185999999999999499e-01
5.214666666666666339e-01
5.223999999999999755e-01
5.223333333333333162e-01
5.207333333333333814e-01
5.221333333333333382e-01
5.259333333333333638e-01
5.245333333333332959e-01
5.206666666666667220e-01
5.221333333333333382e-01
5.231999999999999984e-01
5.245333333333332959e-01
5.236666666666666137e-01
5.161999999999999922e-01
5.285333333333332995e-01
5.251333333333333409e-01
5.246666666666666146e-01
5.250000000000000222e-01
5.220666666666666789e-01
5.248666666666667036e-01
5.262666666666666604e-01
5.248666666666667036e-01
5.219333333333333602e-01
5.235999999999999543e-01
5.259333333333333638e-01
5.222666666666666568e-01
5.221999999999999975e-01
5.268000000000000460e-01
5.218000000000000416e-01
5.232666666666666577e-01
5.264666666666666384e-01
5.260666666666666824e-01
5.207333333333333814e-01
5.250666666666666815e-01
5.292666666666666631e-01
5.261333333333333417e-01
5.263999999999999790e-01
5.198666666666666991e-01
5.262666666666666604e-01
5.246666666666666146e-01
5.238000000000000433e-01
5.274666666666666393e-01
5.252666666666666595e-01
5.255333333333332968e-01
5.248000000000000442e-01
5.258666666666667044e-01
5.240666666666666806e-01
5.245999999999999552e-01
5.255333333333332968e-01
5.288666666666667071e-01
5.292666666666666631e-01
5.260000000000000231e-01
5.263333333333333197e-01
5.250666666666666815e-01
5.249333333333333629e-01
5.250000000000000222e-01
5.255333333333332968e-01
5.248000000000000442e-01
5.270000000000000240e-01
5.288000000000000478e-01
5.277333333333333876e-01
5.280666666666666842e-01
5.243333333333333179e-01
5.268666666666667053e-01
5.277333333333333876e-01
5.279333333333333655e-01
5.286666666666666181e-01
5.210000000000000187e-01
5.262000000000000011e-01
5.282000000000000028e-01
5.260666666666666824e-01
5.276666666666666172e-01
5.287333333333333885e-01
5.270000000000000240e-01
5.277333333333333876e-01
5.252000000000000002e-01
5.312666666666666648e-01
5.278000000000000469e-01
5.272666666666666613e-01
5.305333333333333012e-01
5.276666666666666172e-01
5.280000000000000249e-01
5.249333333333333629e-01
5.258666666666667044e-01
5.263999999999999790e-01
5.270000000000000240e-01
5.286666666666666181e-01
5.295333333333333004e-01
5.345999999999999641e-01
5.288666666666667071e-01
5.277333333333333876e-01
5.263999999999999790e-01
5.267333333333333867e-01
5.316666666666666208e-01
5.285999999999999588e-01
5.292000000000000037e-01
5.325333333333333030e-01
5.303999999999999826e-01
5.299333333333333673e-01
5.268000000000000460e-01
5.311333333333333462e-01
5.293333333333333224e-01
5.272666666666666613e-01
5.284666666666666401e-01
5.313333333333333242e-01
5.318000000000000504e-01
5.295333333333333004e-01
5.313333333333333242e-01
5.320000000000000284e-01
5.287333333333333885e-01
5.293333333333333224e-01
5.317333333333332801e-01
5.331333333333333480e-01
5.298666666666667080e-01
5.307333333333332792e-01
5.295999999999999597e-01
5.310666666666666869e-01
5.315333333333333021e-01
5.313999999999999835e-01
5.331333333333333480e-01
5.329333333333333700e-01
5.289333333333333664e-01
5.352000000000000091e-01
5.315333333333333021e-01
5.285999999999999588e-01
5.337333333333332819e-01
5.340000000000000302e-01
5.320000000000000284e-01
5.315333333333333021e-01
5.323333333333333250e-01
5.353999999999999870e-01
5.295999999999999597e-01
5.312666666666666648e-01
5.323999999999999844e-01
5.308666666666667089e-01
5.344666666666666455e-01
5.290666666666666851e-01
5.316666666666666208e-01
5.363999999999999879e-01
5.334666666666666446e-01
5.321333333333333471e-01
5.338000000000000522e-01
5.335333333333333039e-01
5.325999999999999623e-01
5.305999999999999606e-01
5.360666666666666913e-01
5.340000000000000302e-01
5.338666666666667115e-01
5.361333333333333506e-01
5.360666666666666913e-01
5.304666666666666419e-01
5.302666666666666639e-01
5.317333333333332801e-01
5.343999999999999861e-01
5.335999999999999632e-01
5.365999999999999659e-01
5.380000000000000338e-01
5.370666666666666922e-01
5.349333333333333718e-01
5.310000000000000275e-01
5.348666666666667124e-01
5.318666666666667098e-01
5.338000000000000522e-01
5.339333333333333709e-01
5.337333333333332819e-01
