4.281333333333333102e-01
4.242000000000000215e-01
4.295333333333333226e-01
4.269333333333333313e-01
4.292666666666666853e-01
4.282000000000000250e-01
4.302000000000000268e-01
4.294000000000000039e-01
4.343333333333333490e-01
4.289333333333333331e-01
4.300666666666666527e-01
4.329333333333333367e-01
4.315999999999999837e-01
4.309333333333333349e-01
4.312666666666666870e-01
4.304000000000000048e-01
4.325999999999999845e-01
4.351999999999999758e-01
4.334000000000000075e-01
4.330666666666666553e-01
4.355999999999999872e-01
4.318000000000000171e-01
4.344666666666666677e-01
4.338000000000000189e-01
4.334000000000000075e-01
4.358666666666666800e-01
4.341333333333333155e-01
4.354666666666666686e-01
4.375999999999999890e-01
4.379333333333333411e-01
4.385999999999999899e-01
4.365333333333333288e-01
4.383333333333333526e-01
4.358666666666666800e-01
4.413333333333333552e-01
4.415333333333333332e-01
4.437333333333333130e-01
4.408666666666666845e-01
4.380000000000000004e-01
4.388666666666666827e-01
4.401999999999999802e-01
4.372666666666666924e-01
4.428666666666666862e-01
4.423333333333333561e-01
4.434000000000000163e-01
4.436666666666666536e-01
4.450666666666666660e-01
4.441999999999999837e-01
4.434666666666666757e-01
4.431333333333333235e-01
4.442666666666666431e-01
4.436666666666666536e-01
4.435333333333333350e-01
4.459333333333333482e-01
4.460000000000000075e-01
4.445333333333333359e-01
4.414000000000000146e-01
4.474666666666666792e-01
4.491333333333333289e-01
4.460666666666666669e-01
4.471999999999999864e-01
4.495333333333333403e-01
4.481999999999999873e-01
4.480666666666666687e-01
4.501999999999999891e-01
4.484000000000000208e-01
4.530000000000000138e-01
4.471999999999999864e-01
4.486666666666666581e-01
4.484666666666666801e-01
4.500666666666666704e-01
4.515333333333333421e-01
4.465333333333333377e-01
4.505333333333333412e-01
4.498666666666666925e-01
4.447999999999999732e-01
4.520000000000000129e-01
4.504666666666666819e-01
4.460000000000000075e-01
4.500666666666666704e-01
4.520666666666666722e-01
4.507333333333333192e-01
4.517999999999999794e-01
4.521333333333333315e-01
4.561333333333333351e-01
4.524666666666666837e-01
4.536666666666666625e-01
4.530000000000000138e-01
4.565333333333333465e-01
4.565333333333333465e-01
4.492666666666666475e-01
4.565333333333333465e-01
4.538666666666666405e-01
4.545333333333333448e-01
4.581999999999999962e-01
4.552666666666666528e-01
4.537333333333333218e-01
4.573999999999999733e-01
4.542666666666666520e-01
4.588666666666666449e-01
4.566666666666666652e-01
4.573333333333333139e-01
4.600000000000000200e-01
4.549333333333333562e-01
4.587999999999999856e-01
4.570666666666666766e-01
4.596666666666666679e-01
4.616666666666666696e-01
4.572666666666666546e-01
4.599333333333333607e-01
4.605333333333333501e-01
4.608666666666666467e-01
4.601999999999999980e-01
4.622666666666666591e-01
4.596000000000000085e-01
4.645333333333333536e-01
4.603999999999999759e-01
4.627999999999999892e-01
4.641333333333333422e-01
4.627999999999999892e-01
4.647333333333333316e-01
4.646666666666666723e-01
4.666000000000000147e-01
4.611999999999999988e-01
4.647333333333333316e-01
4.626000000000000112e-01
4.638666666666666494e-01
4.636000000000000121e-01
4.668666666666666520e-01
4.653999999999999804e-01
4.635333333333333528e-01
4.656000000000000139e-01
4.660000000000000253e-01
4.665333333333333554e-01
4.653333333333333210e-01
4.650666666666666837e-01
4.653999999999999804e-01
4.642666666666666608e-01
4.692000000000000060e-01
4.652666666666666617e-01
4.681333333333333457e-01
4.623333333333333184e-01
4.643999999999999795e-01
4.716000000000000192e-01
4.709999999999999742e-01
4.673999999999999821e-01
4.701333333333333475e-01
4.666666666666666741e-01
4.656666666666666732e-01
4.711333333333333484e-01
4.649333333333333096e-01
4.673999999999999821e-01
4.727333333333333387e-01
4.732000000000000095e-01
4.712000000000000077e-01
4.726666666666666794e-01
4.737999999999999989e-01
4.737999999999999989e-01
4.702000000000000068e-01
4.706000000000000183e-01
4.729999999999999760e-01
4.687333333333333352e-01
4.689333333333333131e-01
4.740666666666666917e-01
4.706000000000000183e-01
4.716666666666666785e-01
4.677333333333333343e-01
4.729333333333333167e-01
4.709999999999999742e-01
4.739999999999999769e-01
4.759999999999999787e-01
4.744666666666666477e-01
4.746666666666666812e-01
4.753333333333333299e-01
4.742666666666666697e-01
4.753999999999999893e-01
4.760666666666666935e-01
4.747333333333333405e-01
4.743333333333333290e-01
4.729333333333333167e-01
4.750666666666666926e-01
4.750666666666666926e-01
4.739999999999999769e-01
4.761333333333333528e-01
4.722666666666666679e-01
4.738666666666666583e-01
4.776000000000000245e-01
4.750666666666666926e-01
4.749333333333333185e-01
4.796666666666666856e-01
4.786666666666666847e-01
4.793333333333333335e-01
4.764666666666666495e-01
4.738666666666666583e-01
4.773999999999999910e-01
4.802000000000000157e-01
4.784666666666666512e-01
4.813333333333333353e-01
4.802666666666666750e-01
4.777333333333333432e-01
4.779333333333333211e-01
4.792666666666666742e-01
4.788666666666666627e-01
4.760666666666666935e-01
4.823333333333333361e-01
4.782666666666666733e-01
4.811333333333333573e-01
4.815999999999999726e-01
4.780666666666666398e-01
4.787333333333333441e-01
4.798000000000000043e-01
4.853999999999999981e-01
4.820666666666666433e-01
4.812000000000000166e-01
4.808000000000000052e-01
4.812000000000000166e-01
4.822000000000000175e-01
4.796000000000000263e-01
4.815333333333333132e-01
4.842666666666666786e-01
4.822000000000000175e-01
4.803333333333333344e-01
4.866666666666666918e-01
4.822666666666666768e-01
4.829999999999999849e-01
4.810666666666666424e-01
4.835333333333333150e-01
4.844666666666666566e-01
4.864666666666666583e-01
4.865999999999999770e-01
4.813999999999999946e-01
4.815999999999999726e-01
4.838000000000000078e-01
4.828666666666666663e-01
4.831333333333333591e-01
4.855333333333333168e-01
4.895333333333333203e-01
4.878666666666666707e-01
4.863333333333333397e-01
4.867333333333333512e-01
4.883333333333333415e-01
4.884666666666666601e-01
4.862000000000000210e-01
4.859333333333333282e-01
4.863333333333333397e-01
4.873333333333333406e-01
4.879999999999999893e-01
4.873999999999999999e-01
4.873333333333333406e-01
4.843999999999999972e-01
4.838666666666666671e-01
4.882666666666666822e-01
4.865333333333333177e-01
4.887333333333333529e-01
4.861333333333333062e-01
4.885999999999999788e-01
4.924000000000000044e-01
4.893333333333333424e-01
4.888000000000000123e-01
4.888000000000000123e-01
4.899333333333333318e-01
4.905999999999999805e-01
4.891333333333333089e-01
4.907333333333333547e-01
4.925333333333333230e-01
4.909999999999999920e-01
4.915333333333333221e-01
4.938666666666666760e-01
4.936666666666666425e-01
4.918000000000000149e-01
4.918666666666666742e-01
4.870666666666666478e-01
4.924666666666666637e-01
4.884000000000000008e-01
4.904000000000000026e-01
4.878666666666666707e-01
4.926666666666666416e-01
4.895333333333333203e-01
4.909333333333333327e-01
4.949999999999999956e-01
4.895333333333333203e-01
4.919999999999999929e-01
4.932000000000000273e-01
4.930666666666666531e-01
4.899333333333333318e-01
4.950666666666666549e-01
4.943333333333333468e-01
4.935999999999999832e-01
4.962666666666666893e-01
4.935999999999999832e-01
4.930666666666666531e-01
4.913333333333333441e-01
4.939333333333333353e-01
4.960666666666666558e-01
4.948000000000000176e-01
4.936666666666666425e-01
4.891333333333333089e-01
4.965999999999999859e-01
4.931333333333333124e-01
4.916666666666666408e-01
4.989333333333333398e-01
4.945999999999999841e-01
4.934666666666666646e-01
4.942666666666666875e-01
4.974666666666666681e-01
4.926666666666666416e-01
4.963333333333333486e-01
5.013333333333332975e-01
4.970666666666666567e-01
4.958000000000000185e-01
4.989999999999999991e-01
4.977333333333333609e-01
4.978666666666666796e-01
4.961999999999999744e-01
4.965333333333333266e-01
4.967333333333333600e-01
4.966666666666666452e-01
4.966666666666666452e-01
5.004666666666666153e-01
4.950666666666666549e-01
4.991999999999999771e-01
4.969999999999999973e-01
4.971999999999999753e-01
4.974000000000000088e-01
4.978666666666666796e-01
5.023999999999999577e-01
4.975333333333333274e-01
4.982666666666666910e-01
4.998000000000000220e-01
4.966666666666666452e-01
5.006000000000000449e-01
5.011333333333333195e-01
4.969333333333333380e-01
4.984000000000000097e-01
5.000666666666666593e-01
4.953333333333333477e-01
5.016666666666667052e-01
5.015333333333333865e-01
4.975999999999999868e-01
4.976666666666666461e-01
4.974666666666666681e-01
5.039333333333333442e-01
5.016666666666667052e-01
5.015333333333333865e-01
5.027333333333333654e-01
5.001333333333333186e-01
5.001999999999999780e-01
4.981333333333333169e-01
5.018666666666666831e-01
4.953333333333333477e-01
5.010666666666666602e-01
5.043333333333333002e-01
5.003999999999999559e-01
4.998666666666666814e-01
5.019333333333333425e-01
5.046666666666667078e-01
5.018666666666666831e-01
5.016000000000000458e-01
5.010666666666666602e-01
5.041333333333333222e-01
5.036000000000000476e-01
5.033999999999999586e-01
5.023999999999999577e-01
5.025333333333333874e-01
5.066666666666667096e-01
4.975999999999999868e-01
5.038666666666666849e-01
5.010000000000000009e-01
4.989999999999999991e-01
5.056666666666667087e-01
5.025333333333333874e-01
5.005333333333333856e-01
5.028000000000000247e-01
5.020666666666666611e-01
5.076000000000000512e-01
5.023999999999999577e-01
5.057333333333333680e-01
5.056666666666667087e-01
5.088666666666666893e-01
5.072666666666666435e-01
5.063999999999999613e-01
5.038000000000000256e-01
5.062666666666666426e-01
5.062666666666666426e-01
5.040666666666666629e-01
5.076000000000000512e-01
5.053999999999999604e-01
5.041333333333333222e-01
5.043333333333333002e-01
5.076666666666667105e-01
5.041999999999999815e-01
5.031333333333333213e-01
5.051999999999999824e-01
5.048000000000000265e-01
5.072666666666666435e-01
5.104666666666666242e-01
5.046000000000000485e-01
5.050000000000000044e-01
5.083999999999999631e-01
5.046666666666667078e-01
5.056666666666667087e-01
5.033333333333332993e-01
5.056666666666667087e-01
5.073333333333333028e-01
5.083333333333333037e-01
5.081999999999999851e-01
5.067333333333333689e-01
5.093999999999999639e-01
5.074666666666666215e-01
5.062666666666666426e-01
5.096000000000000529e-01
5.082666666666666444e-01
5.106000000000000538e-01
5.070000000000000062e-01
5.093999999999999639e-01
5.071333333333333249e-01
5.114666666666666250e-01
5.078666666666666885e-01
5.096666666666667123e-01
5.096666666666667123e-01
5.080000000000000071e-01
5.099333333333333496e-01
5.125999999999999446e-01
5.100000000000000089e-01
5.076000000000000512e-01
5.090000000000000080e-01
5.102666666666666462e-01
5.123999999999999666e-01
5.108000000000000318e-01
5.088666666666666893e-01
5.121333333333333293e-01
5.123999999999999666e-01
5.081999999999999851e-01
5.097333333333333716e-01
5.111333333333333284e-01
5.129333333333333522e-01
5.118666666666666920e-01
5.149333333333333540e-01
5.110666666666666691e-01
5.111999999999999877e-01
5.137333333333333751e-01
5.098000000000000309e-01
5.113999999999999657e-01
5.135333333333332861e-01
5.111999999999999877e-01
5.123333333333333073e-01
5.113333333333333064e-01
5.106666666666667131e-01
5.121999999999999886e-01
5.128000000000000336e-01
5.126666666666667149e-01
5.113999999999999657e-01
5.153333333333333099e-01
5.179333333333333567e-01
5.120666666666666700e-01
5.116000000000000547e-01
5.105333333333332835e-01
5.135999999999999455e-01
5.130000000000000115e-01
5.131333333333333302e-01
5.138666666666666938e-01
5.137333333333333751e-01
5.131333333333333302e-01
5.133333333333333082e-01
5.171999999999999931e-01
5.127333333333333742e-01
5.135333333333332861e-01
5.128000000000000336e-01
5.123333333333333073e-01
5.123333333333333073e-01
5.116000000000000547e-01
5.120666666666666700e-01
5.102666666666666462e-01
5.140000000000000124e-01
5.083999999999999631e-01
5.158000000000000362e-01
5.151333333333333320e-01
5.110000000000000098e-01
5.155999999999999472e-01
5.153999999999999693e-01
5.146666666666667167e-01
5.199333333333333584e-01
5.183333333333333126e-01
5.163333333333333108e-01
5.148000000000000353e-01
5.163333333333333108e-01
5.132666666666666488e-01
5.162666666666666515e-01
5.158666666666666956e-01
5.123333333333333073e-01
5.166666666666667185e-01
5.165333333333332888e-01
5.173999999999999710e-01
5.138000000000000345e-01
5.160666666666666735e-01
5.162666666666666515e-01
5.188666666666666982e-01
5.170000000000000151e-01
5.173999999999999710e-01
5.153333333333333099e-01
5.156666666666667176e-01
5.185333333333332906e-01
5.139333333333333531e-01
5.162666666666666515e-01
5.173999999999999710e-01
5.170666666666666744e-01
5.177333333333333787e-01
5.160000000000000142e-01
5.153999999999999693e-01
5.161333333333333329e-01
5.176666666666667194e-01
5.191999999999999948e-01
5.167333333333333778e-01
5.143999999999999684e-01
5.158000000000000362e-01
5.183333333333333126e-01
5.174666666666666304e-01
5.203333333333333144e-01
5.213999999999999746e-01
5.171999999999999931e-01
5.193333333333333135e-01
5.188000000000000389e-01
5.200666666666666771e-01
5.191999999999999948e-01
5.188000000000000389e-01
5.233333333333333171e-01
5.208666666666667000e-01
5.182666666666666533e-01
5.189333333333333576e-01
5.209333333333333593e-01
5.181333333333333346e-01
5.200666666666666771e-01
5.195333333333332915e-01
5.199333333333333584e-01
5.180000000000000160e-01
5.170000000000000151e-01
5.198666666666666991e-01
5.198000000000000398e-01
5.213999999999999746e-01
5.221999999999999975e-01
5.231333333333333391e-01
5.242666666666666586e-01
5.201333333333333364e-01
5.203999999999999737e-01
5.218666666666667009e-01
5.180666666666666753e-01
5.206666666666667220e-01
5.181999999999999940e-01
5.165999999999999481e-01
5.201333333333333364e-01
5.220000000000000195e-01
5.185999999999999499e-01
5.243333333333333179e-01
5.243999999999999773e-01
5.218666666666667009e-01
5.231999999999999984e-01
5.235999999999999543e-01
5.220666666666666789e-01
5.207333333333333814e-01
5.177333333333333787e-01
5.224666666666666348e-01
5.244666666666666366e-01
5.235333333333332950e-01
5.225333333333332941e-01
5.221999999999999975e-01
5.193333333333333135e-01
5.218666666666667009e-01
5.238000000000000433e-01
5.230000000000000204e-01
5.215333333333332932e-01
5.225333333333332941e-01
5.270000000000000240e-01
5.256666666666666154e-01
5.210000000000000187e-01
5.230000000000000204e-01
5.243333333333333179e-01
5.248000000000000442e-01
5.248000000000000442e-01
5.170000000000000151e-01
5.293333333333333224e-01
5.252666666666666595e-01
5.248666666666667036e-01
5.255999999999999561e-01
5.218666666666667009e-01
5.249333333333333629e-01
5.266666666666666163e-01
5.252000000000000002e-01
5.219333333333333602e-01
5.234666666666666357e-01
5.267333333333333867e-01
5.227333333333333831e-01
5.227333333333333831e-01
5.278000000000000469e-01
5.220666666666666789e-01
5.234666666666666357e-01
5.270666666666666833e-01
5.272000000000000020e-01
5.218000000000000416e-01
5.252666666666666595e-01
5.302000000000000046e-01
5.264666666666666384e-01
5.267333333333333867e-01
5.208000000000000407e-01
5.270666666666666833e-01
5.254666666666666375e-01
5.245333333333332959e-01
5.288666666666667071e-01
5.263333333333333197e-01
5.263999999999999790e-01
5.260666666666666824e-01
5.258000000000000451e-01
5.253999999999999782e-01
5.252666666666666595e-01
5.267333333333333867e-01
5.297333333333332783e-01
5.296666666666666190e-01
5.269333333333333647e-01
5.272000000000000020e-01
5.260000000000000231e-01
5.260666666666666824e-01
5.252666666666666595e-01
5.258000000000000451e-01
5.248000000000000442e-01
5.276666666666666172e-01
5.290666666666666851e-01
5.285333333333332995e-01
5.288666666666667071e-01
5.247333333333333849e-01
5.275999999999999579e-01
5.276666666666666172e-01
5.290000000000000258e-01
5.286666666666666181e-01
5.213333333333333153e-01
5.270000000000000240e-01
5.285999999999999588e-01
5.268000000000000460e-01
5.283999999999999808e-01
5.295999999999999597e-01
5.278000000000000469e-01
5.292666666666666631e-01
5.262000000000000011e-01
5.322000000000000064e-01
5.282666666666666622e-01
5.282000000000000028e-01
5.309333333333333682e-01
5.278666666666667062e-01
5.288000000000000478e-01
5.253999999999999782e-01
5.262000000000000011e-01
5.275999999999999579e-01
5.270000000000000240e-01
5.290000000000000258e-01
5.298666666666667080e-01
5.352666666666666684e-01
5.289333333333333664e-01
5.280666666666666842e-01
5.269333333333333647e-01
5.272666666666666613e-01
5.322666666666666657e-01
5.290666666666666851e-01
5.292666666666666631e-01
5.325333333333333030e-01
5.310000000000000275e-01
5.302000000000000046e-01
5.269333333333333647e-01
5.313333333333333242e-01
5.298000000000000487e-01
5.277333333333333876e-01
5.287333333333333885e-01
5.317333333333332801e-01
5.320666666666666877e-01
5.299333333333333673e-01
5.318666666666667098e-01
5.331333333333333480e-01
5.290666666666666851e-01
5.300000000000000266e-01
5.322666666666666657e-01
5.337333333333332819e-01
5.303333333333333233e-01
5.313999999999999835e-01
5.303333333333333233e-01
5.317333333333332801e-01
5.319333333333333691e-01
5.322666666666666657e-01
5.340000000000000302e-01
5.328666666666667107e-01
5.292666666666666631e-01
5.359333333333333727e-01
5.315999999999999615e-01
5.294666666666666410e-01
5.346666666666666234e-01
5.348666666666667124e-01
5.326666666666666217e-01
5.322666666666666657e-01
5.331333333333333480e-01
5.355999999999999650e-01
5.303333333333333233e-01
5.315999999999999615e-01
5.330000000000000293e-01
5.315333333333333021e-01
5.351333333333333497e-01
5.292666666666666631e-01
5.320666666666666877e-01
5.363333333333333286e-01
5.336666666666666226e-01
5.331333333333333480e-01
5.343999999999999861e-01
5.342000000000000082e-01
5.326666666666666217e-01
5.312666666666666648e-01
5.365333333333333066e-01
5.343333333333333268e-01
5.346666666666666234e-01
5.366666666666666252e-01
5.365333333333333066e-01
5.313333333333333242e-01
5.307333333333332792e-01
5.323999999999999844e-01
5.355333333333333057e-01
5.344666666666666455e-01
5.370000000000000329e-01
5.385333333333333083e-01
5.375333333333333075e-01
5.352666666666666684e-01
5.315999999999999615e-01
5.350666666666666904e-01
5.319333333333333691e-01
5.343999999999999861e-01
5.340000000000000302e-01
5.342000000000000082e-01
