4.273333333333333428e-01
4.227333333333333498e-01
4.285999999999999810e-01
4.256666666666666932e-01
4.278666666666666729e-01
4.274000000000000021e-01
4.288666666666666738e-01
4.285999999999999810e-01
4.331999999999999740e-01
4.272000000000000242e-01
4.283333333333333437e-01
4.318000000000000171e-01
4.308000000000000163e-01
4.297333333333333560e-01
4.308666666666666756e-01
4.291333333333333111e-01
4.313333333333333464e-01
4.339333333333333376e-01
4.319999999999999951e-01
4.321999999999999731e-01
4.344000000000000083e-01
4.308666666666666756e-01
4.334000000000000075e-01
4.321333333333333138e-01
4.318000000000000171e-01
4.349333333333333385e-01
4.328666666666666774e-01
4.344000000000000083e-01
4.362666666666666915e-01
4.369333333333333402e-01
4.374000000000000110e-01
4.350666666666666571e-01
4.369999999999999996e-01
4.348666666666666791e-01
4.401333333333333209e-01
4.405333333333333323e-01
4.431333333333333235e-01
4.398000000000000242e-01
4.370666666666666589e-01
4.380666666666666598e-01
4.391333333333333200e-01
4.359333333333333393e-01
4.418666666666666853e-01
4.412666666666666404e-01
4.418666666666666853e-01
4.422666666666666413e-01
4.440666666666666651e-01
4.432666666666666422e-01
4.427333333333333121e-01
4.424666666666666748e-01
4.434666666666666757e-01
4.424666666666666748e-01
4.423333333333333561e-01
4.444666666666666766e-01
4.448666666666666880e-01
4.437999999999999723e-01
4.410666666666666624e-01
4.464666666666666783e-01
4.481333333333333280e-01
4.451999999999999846e-01
4.460666666666666669e-01
4.485999999999999988e-01
4.467999999999999750e-01
4.465999999999999970e-01
4.496666666666666590e-01
4.475333333333333385e-01
4.517999999999999794e-01
4.465999999999999970e-01
4.483333333333333059e-01
4.477999999999999758e-01
4.491333333333333289e-01
4.506000000000000005e-01
4.459333333333333482e-01
4.495333333333333403e-01
4.487999999999999767e-01
4.442666666666666431e-01
4.514000000000000234e-01
4.500000000000000111e-01
4.444666666666666766e-01
4.487999999999999767e-01
4.507999999999999785e-01
4.504666666666666819e-01
4.507333333333333192e-01
4.516000000000000014e-01
4.550666666666666749e-01
4.514000000000000234e-01
4.530000000000000138e-01
4.517999999999999794e-01
4.554000000000000270e-01
4.556666666666666643e-01
4.482666666666666466e-01
4.552666666666666528e-01
4.526000000000000023e-01
4.530000000000000138e-01
4.570000000000000173e-01
4.547333333333333227e-01
4.538666666666666405e-01
4.565333333333333465e-01
4.537999999999999812e-01
4.580000000000000182e-01
4.560000000000000164e-01
4.572666666666666546e-01
4.591333333333333377e-01
4.541333333333333333e-01
4.580666666666666775e-01
4.566000000000000059e-01
4.584666666666666890e-01
4.606000000000000094e-01
4.560666666666666758e-01
4.593333333333333157e-01
4.595333333333333492e-01
4.603333333333333166e-01
4.597333333333333272e-01
4.615333333333333510e-01
4.590000000000000191e-01
4.640000000000000235e-01
4.600000000000000200e-01
4.626666666666666705e-01
4.632000000000000006e-01
4.621333333333333404e-01
4.643999999999999795e-01
4.641333333333333422e-01
4.657333333333333325e-01
4.610000000000000209e-01
4.637333333333333307e-01
4.621333333333333404e-01
4.627999999999999892e-01
4.630000000000000226e-01
4.663999999999999813e-01
4.648666666666666503e-01
4.626666666666666705e-01
4.647999999999999909e-01
4.653999999999999804e-01
4.658666666666666512e-01
4.650666666666666837e-01
4.644666666666666943e-01
4.649333333333333096e-01
4.640000000000000235e-01
4.683333333333333237e-01
4.646000000000000130e-01
4.671333333333333449e-01
4.618666666666666476e-01
4.640000000000000235e-01
4.709999999999999742e-01
4.698666666666666547e-01
4.669333333333333114e-01
4.694666666666666432e-01
4.662666666666666626e-01
4.651333333333333431e-01
4.708666666666666556e-01
4.646666666666666723e-01
4.667999999999999927e-01
4.717999999999999972e-01
4.722000000000000086e-01
4.708666666666666556e-01
4.719333333333333158e-01
4.732666666666666688e-01
4.729333333333333167e-01
4.694666666666666432e-01
4.699999999999999734e-01
4.726666666666666794e-01
4.683999999999999830e-01
4.682666666666666644e-01
4.736000000000000210e-01
4.700666666666666882e-01
4.712000000000000077e-01
4.671333333333333449e-01
4.722666666666666679e-01
4.703999999999999848e-01
4.735333333333333061e-01
4.758666666666666600e-01
4.739333333333333176e-01
4.743999999999999884e-01
4.749333333333333185e-01
4.737999999999999989e-01
4.746666666666666812e-01
4.758666666666666600e-01
4.739999999999999769e-01
4.736666666666666803e-01
4.723333333333333273e-01
4.746000000000000218e-01
4.738666666666666583e-01
4.735333333333333061e-01
4.753333333333333299e-01
4.713333333333333264e-01
4.733999999999999875e-01
4.765333333333333088e-01
4.739333333333333176e-01
4.738666666666666583e-01
4.789333333333333220e-01
4.784666666666666512e-01
4.787333333333333441e-01
4.755333333333333079e-01
4.739999999999999769e-01
4.773999999999999910e-01
4.801333333333333564e-01
4.780666666666666398e-01
4.807333333333333458e-01
4.799999999999999822e-01
4.775333333333333097e-01
4.774666666666666504e-01
4.792000000000000148e-01
4.786000000000000254e-01
4.756000000000000227e-01
4.816666666666666874e-01
4.776000000000000245e-01
4.808000000000000052e-01
4.811333333333333573e-01
4.772666666666666724e-01
4.784666666666666512e-01
4.793333333333333335e-01
4.849333333333333274e-01
4.813333333333333353e-01
4.808000000000000052e-01
4.798666666666666636e-01
4.806666666666666865e-01
4.818666666666666654e-01
4.790666666666666407e-01
4.811333333333333573e-01
4.842000000000000193e-01
4.817333333333333467e-01
4.800666666666666416e-01
4.859999999999999876e-01
4.819333333333333247e-01
4.823333333333333361e-01
4.809999999999999831e-01
4.823999999999999955e-01
4.842000000000000193e-01
4.862000000000000210e-01
4.861333333333333062e-01
4.813333333333333353e-01
4.811333333333333573e-01
4.834666666666666557e-01
4.828666666666666663e-01
4.831333333333333591e-01
4.848666666666666680e-01
4.891333333333333089e-01
4.870666666666666478e-01
4.858666666666666689e-01
4.866666666666666918e-01
4.882666666666666822e-01
4.880666666666666487e-01
4.857333333333333503e-01
4.859999999999999876e-01
4.862000000000000210e-01
4.872000000000000219e-01
4.875333333333333186e-01
4.873333333333333406e-01
4.868000000000000105e-01
4.842000000000000193e-01
4.835333333333333150e-01
4.878000000000000114e-01
4.858666666666666689e-01
4.881333333333333080e-01
4.855999999999999761e-01
4.879999999999999893e-01
4.920666666666666522e-01
4.889999999999999902e-01
4.881333333333333080e-01
4.884000000000000008e-01
4.895333333333333203e-01
4.906666666666666399e-01
4.889333333333333309e-01
4.905999999999999805e-01
4.922000000000000264e-01
4.908666666666666734e-01
4.917333333333333556e-01
4.937333333333333574e-01
4.935999999999999832e-01
4.913333333333333441e-01
4.914000000000000035e-01
4.865999999999999770e-01
4.918000000000000149e-01
4.878666666666666707e-01
4.897333333333333538e-01
4.873999999999999999e-01
4.922666666666666857e-01
4.889999999999999902e-01
4.906666666666666399e-01
4.949333333333333362e-01
4.888000000000000123e-01
4.912000000000000255e-01
4.926666666666666416e-01
4.928000000000000158e-01
4.894666666666666610e-01
4.945333333333333248e-01
4.937333333333333574e-01
4.927333333333333565e-01
4.959999999999999964e-01
4.934666666666666646e-01
4.928000000000000158e-01
4.912666666666666848e-01
4.937333333333333574e-01
4.955333333333333257e-01
4.943333333333333468e-01
4.934666666666666646e-01
4.887333333333333529e-01
4.964000000000000079e-01
4.924000000000000044e-01
4.909999999999999920e-01
4.982666666666666910e-01
4.942666666666666875e-01
4.930666666666666531e-01
4.938666666666666760e-01
4.971333333333333160e-01
4.921333333333333115e-01
4.952666666666666884e-01
5.003999999999999559e-01
4.968666666666666787e-01
4.952666666666666884e-01
4.986666666666666470e-01
4.975333333333333274e-01
4.976666666666666461e-01
4.960666666666666558e-01
4.961333333333333151e-01
4.966666666666666452e-01
4.961999999999999744e-01
4.961999999999999744e-01
4.998666666666666814e-01
4.948666666666666769e-01
4.988000000000000211e-01
4.966666666666666452e-01
4.967333333333333600e-01
4.967333333333333600e-01
4.973333333333333495e-01
5.018000000000000238e-01
4.967333333333333600e-01
4.978666666666666796e-01
4.996666666666666479e-01
4.964000000000000079e-01
5.001333333333333186e-01
5.006000000000000449e-01
4.963333333333333486e-01
4.979999999999999982e-01
4.998666666666666814e-01
4.953333333333333477e-01
5.010000000000000009e-01
5.014666666666666162e-01
4.973333333333333495e-01
4.972666666666666901e-01
4.971333333333333160e-01
5.036000000000000476e-01
5.016000000000000458e-01
5.013999999999999568e-01
5.021999999999999797e-01
4.998000000000000220e-01
4.995999999999999885e-01
4.973333333333333495e-01
5.015333333333333865e-01
4.951999999999999735e-01
5.004666666666666153e-01
5.037333333333333663e-01
4.997333333333333072e-01
4.993333333333333512e-01
5.018000000000000238e-01
5.041999999999999815e-01
5.010666666666666602e-01
5.011333333333333195e-01
5.008666666666666822e-01
5.041333333333333222e-01
5.037333333333333663e-01
5.030666666666666620e-01
5.018666666666666831e-01
5.025333333333333874e-01
5.061999999999999833e-01
4.973333333333333495e-01
5.036000000000000476e-01
5.006666666666667043e-01
4.984666666666666690e-01
5.051999999999999824e-01
5.023333333333332984e-01
5.001333333333333186e-01
5.028000000000000247e-01
5.019333333333333425e-01
5.071999999999999842e-01
5.018000000000000238e-01
5.050000000000000044e-01
5.052666666666666417e-01
5.083999999999999631e-01
5.071333333333333249e-01
5.059333333333333460e-01
5.033333333333332993e-01
5.060000000000000053e-01
5.061999999999999833e-01
5.036000000000000476e-01
5.073333333333333028e-01
5.050666666666666638e-01
5.040666666666666629e-01
5.044666666666666188e-01
5.077333333333333698e-01
5.040666666666666629e-01
5.030666666666666620e-01
5.046000000000000485e-01
5.045333333333332781e-01
5.072666666666666435e-01
5.102666666666666462e-01
5.046666666666667078e-01
5.047333333333333671e-01
5.081999999999999851e-01
5.046000000000000485e-01
5.052666666666666417e-01
5.034666666666666179e-01
5.053999999999999604e-01
5.067333333333333689e-01
5.082666666666666444e-01
5.077333333333333698e-01
5.066000000000000503e-01
5.091999999999999860e-01
5.070666666666666655e-01
5.059333333333333460e-01
5.096000000000000529e-01
5.082666666666666444e-01
5.103999999999999648e-01
5.065333333333332799e-01
5.090000000000000080e-01
5.069333333333333469e-01
5.112666666666666471e-01
5.075333333333332808e-01
5.097333333333333716e-01
5.092666666666666453e-01
5.076666666666667105e-01
5.093333333333333046e-01
5.120666666666666700e-01
5.094666666666666233e-01
5.071333333333333249e-01
5.088666666666666893e-01
5.098666666666666902e-01
5.121333333333333293e-01
5.106666666666667131e-01
5.084666666666666224e-01
5.116000000000000547e-01
5.120000000000000107e-01
5.078666666666666885e-01
5.097333333333333716e-01
5.109333333333333504e-01
5.128666666666666929e-01
5.118666666666666920e-01
5.148666666666666947e-01
5.108666666666666911e-01
5.109333333333333504e-01
5.132666666666666488e-01
5.093999999999999639e-01
5.113333333333333064e-01
5.134666666666666268e-01
5.108666666666666911e-01
5.117333333333333734e-01
5.115333333333332844e-01
5.101999999999999869e-01
5.119333333333333513e-01
5.122666666666666480e-01
5.123999999999999666e-01
5.113999999999999657e-01
5.149333333333333540e-01
5.178666666666666973e-01
5.118666666666666920e-01
5.108666666666666911e-01
5.098666666666666902e-01
5.130666666666666709e-01
5.129333333333333522e-01
5.129333333333333522e-01
5.132666666666666488e-01
5.133333333333333082e-01
5.128666666666666929e-01
5.131999999999999895e-01
5.168000000000000371e-01
5.124666666666666259e-01
5.130000000000000115e-01
5.127333333333333742e-01
5.120666666666666700e-01
5.121999999999999886e-01
5.113999999999999657e-01
5.117333333333333734e-01
5.101999999999999869e-01
5.136666666666667158e-01
5.079333333333333478e-01
5.155999999999999472e-01
5.151333333333333320e-01
5.110000000000000098e-01
5.156666666666667176e-01
5.153999999999999693e-01
5.144666666666666277e-01
5.199333333333333584e-01
5.182666666666666533e-01
5.161999999999999922e-01
5.143333333333333091e-01
5.161333333333333329e-01
5.132666666666666488e-01
5.157333333333333769e-01
5.155999999999999472e-01
5.125999999999999446e-01
5.165999999999999481e-01
5.162666666666666515e-01
5.172666666666666524e-01
5.134666666666666268e-01
5.159333333333333549e-01
5.159333333333333549e-01
5.187333333333333796e-01
5.170000000000000151e-01
5.175333333333332897e-01
5.154666666666666286e-01
5.155333333333332879e-01
5.185333333333332906e-01
5.135999999999999455e-01
5.160000000000000142e-01
5.170000000000000151e-01
5.163333333333333108e-01
5.172666666666666524e-01
5.155999999999999472e-01
5.153333333333333099e-01
5.159333333333333549e-01
5.171999999999999931e-01
5.191333333333333355e-01
5.165999999999999481e-01
5.137333333333333751e-01
5.158000000000000362e-01
5.182666666666666533e-01
5.171999999999999931e-01
5.199333333333333584e-01
5.210000000000000187e-01
5.173999999999999710e-01
5.190000000000000169e-01
5.183333333333333126e-01
5.198000000000000398e-01
5.192666666666666542e-01
5.185333333333332906e-01
5.224666666666666348e-01
5.208000000000000407e-01
5.183333333333333126e-01
5.188000000000000389e-01
5.207333333333333814e-01
5.181999999999999940e-01
5.198666666666666991e-01
5.195999999999999508e-01
5.200000000000000178e-01
5.180000000000000160e-01
5.168000000000000371e-01
5.198000000000000398e-01
5.196666666666667211e-01
5.210000000000000187e-01
5.220000000000000195e-01
5.230666666666666798e-01
5.234666666666666357e-01
5.201999999999999957e-01
5.204666666666666330e-01
5.213999999999999746e-01
5.178666666666666973e-01
5.200666666666666771e-01
5.178666666666666973e-01
5.158666666666666956e-01
5.194666666666666321e-01
5.218666666666667009e-01
5.186666666666667203e-01
5.241333333333333400e-01
5.243333333333333179e-01
5.213999999999999746e-01
5.232666666666666577e-01
5.233999999999999764e-01
5.216666666666666119e-01
5.205999999999999517e-01
5.173999999999999710e-01
5.222666666666666568e-01
5.243333333333333179e-01
5.233333333333333171e-01
5.221999999999999975e-01
5.218666666666667009e-01
5.190000000000000169e-01
5.218000000000000416e-01
5.234666666666666357e-01
5.229333333333333611e-01
5.211999999999999966e-01
5.222666666666666568e-01
5.268000000000000460e-01
5.251333333333333409e-01
5.212666666666666559e-01
5.230000000000000204e-01
5.240666666666666806e-01
5.250000000000000222e-01
5.245333333333332959e-01
5.167333333333333778e-01
5.290666666666666851e-01
5.255333333333332968e-01
5.248666666666667036e-01
5.256666666666666154e-01
5.220666666666666789e-01
5.250000000000000222e-01
5.263999999999999790e-01
5.252666666666666595e-01
5.219333333333333602e-01
5.235999999999999543e-01
5.261333333333333417e-01
5.227333333333333831e-01
5.225999999999999535e-01
5.272666666666666613e-01
5.218666666666667009e-01
5.235333333333332950e-01
5.268000000000000460e-01
5.268000000000000460e-01
5.214666666666666339e-01
5.251333333333333409e-01
5.300666666666666860e-01
5.264666666666666384e-01
5.266666666666666163e-01
5.204666666666666330e-01
5.269333333333333647e-01
5.250666666666666815e-01
5.243333333333333179e-01
5.289333333333333664e-01
5.255333333333332968e-01
5.261333333333333417e-01
5.257333333333333858e-01
5.258666666666667044e-01
5.250000000000000222e-01
5.250666666666666815e-01
5.262666666666666604e-01
5.300000000000000266e-01
5.296666666666666190e-01
5.266666666666666163e-01
5.269333333333333647e-01
5.258666666666667044e-01
5.258666666666667044e-01
5.252000000000000002e-01
5.258000000000000451e-01
5.250000000000000222e-01
5.274666666666666393e-01
5.290666666666666851e-01
5.283333333333333215e-01
5.284666666666666401e-01
5.246666666666666146e-01
5.273333333333333206e-01
5.276666666666666172e-01
5.286666666666666181e-01
5.286666666666666181e-01
5.210666666666666780e-01
5.268000000000000460e-01
5.287333333333333885e-01
5.270000000000000240e-01
5.282000000000000028e-01
5.295999999999999597e-01
5.273999999999999799e-01
5.286666666666666181e-01
5.255999999999999561e-01
5.318000000000000504e-01
5.282000000000000028e-01
5.278666666666667062e-01
5.311333333333333462e-01
5.278666666666667062e-01
5.280666666666666842e-01
5.253999999999999782e-01
5.260666666666666824e-01
5.268000000000000460e-01
5.270666666666666833e-01
5.286666666666666181e-01
5.295999999999999597e-01
5.352000000000000091e-01
5.290666666666666851e-01
5.280666666666666842e-01
5.268000000000000460e-01
5.268000000000000460e-01
5.322000000000000064e-01
5.287333333333333885e-01
5.292666666666666631e-01
5.321333333333333471e-01
5.308666666666667089e-01
5.302666666666666639e-01
5.268666666666667053e-01
5.309333333333333682e-01
5.295333333333333004e-01
5.273999999999999799e-01
5.288000000000000478e-01
5.315999999999999615e-01
5.320000000000000284e-01
5.298000000000000487e-01
5.316666666666666208e-01
5.325999999999999623e-01
5.290000000000000258e-01
5.294666666666666410e-01
5.320000000000000284e-01
5.336666666666666226e-01
5.302666666666666639e-01
5.310666666666666869e-01
5.301333333333333453e-01
5.315333333333333021e-01
5.318000000000000504e-01
5.319333333333333691e-01
5.338666666666667115e-01
5.325333333333333030e-01
5.290000000000000258e-01
5.355333333333333057e-01
5.317333333333332801e-01
5.291333333333333444e-01
5.345999999999999641e-01
5.342666666666666675e-01
5.325333333333333030e-01
5.322000000000000064e-01
5.327333333333332810e-01
5.359333333333333727e-01
5.303333333333333233e-01
5.318666666666667098e-01
5.329333333333333700e-01
5.315333333333333021e-01
5.350666666666666904e-01
5.292666666666666631e-01
5.322000000000000064e-01
5.361333333333333506e-01
5.334666666666666446e-01
5.330000000000000293e-01
5.342000000000000082e-01
5.339333333333333709e-01
5.328666666666667107e-01
5.311333333333333462e-01
5.363333333333333286e-01
5.340666666666666895e-01
5.342000000000000082e-01
5.364666666666666472e-01
5.364666666666666472e-01
5.310000000000000275e-01
5.305999999999999606e-01
5.320666666666666877e-01
5.353333333333333277e-01
5.340666666666666895e-01
5.367333333333332845e-01
5.380666666666666931e-01
5.373333333333333295e-01
5.351333333333333497e-01
5.318000000000000504e-01
5.350000000000000311e-01
5.316666666666666208e-01
5.342666666666666675e-01
5.339333333333333709e-01
5.340000000000000302e-01
