4.278000000000000136e-01
4.239333333333333287e-01
4.291333333333333111e-01
4.266666666666666941e-01
4.285999999999999810e-01
4.281333333333333102e-01
4.296666666666666412e-01
4.289999999999999925e-01
4.341999999999999749e-01
4.284666666666666623e-01
4.297333333333333560e-01
4.325333333333333252e-01
4.313333333333333464e-01
4.308000000000000163e-01
4.313333333333333464e-01
4.299999999999999933e-01
4.321333333333333138e-01
4.347333333333333605e-01
4.331333333333333147e-01
4.326666666666666439e-01
4.354666666666666686e-01
4.315999999999999837e-01
4.339999999999999969e-01
4.330666666666666553e-01
4.328666666666666774e-01
4.355999999999999872e-01
4.337333333333333596e-01
4.351999999999999758e-01
4.374000000000000110e-01
4.375999999999999890e-01
4.382666666666666933e-01
4.355999999999999872e-01
4.378000000000000225e-01
4.351999999999999758e-01
4.410666666666666624e-01
4.413333333333333552e-01
4.434666666666666757e-01
4.406666666666666510e-01
4.378000000000000225e-01
4.383333333333333526e-01
4.400000000000000022e-01
4.371333333333333182e-01
4.426666666666666528e-01
4.419333333333333447e-01
4.427333333333333121e-01
4.432666666666666422e-01
4.450000000000000067e-01
4.436666666666666536e-01
4.434000000000000163e-01
4.430666666666666642e-01
4.440000000000000058e-01
4.435333333333333350e-01
4.430000000000000049e-01
4.455333333333333368e-01
4.455333333333333368e-01
4.440000000000000058e-01
4.415333333333333332e-01
4.474666666666666792e-01
4.485999999999999988e-01
4.460000000000000075e-01
4.466666666666666563e-01
4.491333333333333289e-01
4.479333333333333500e-01
4.472666666666666457e-01
4.500666666666666704e-01
4.481999999999999873e-01
4.526666666666666616e-01
4.470000000000000084e-01
4.487999999999999767e-01
4.483333333333333059e-01
4.500000000000000111e-01
4.515333333333333421e-01
4.463333333333333597e-01
4.503333333333333077e-01
4.495333333333333403e-01
4.445999999999999952e-01
4.517333333333333201e-01
4.505333333333333412e-01
4.455333333333333368e-01
4.499333333333333518e-01
4.517999999999999794e-01
4.508666666666666933e-01
4.516666666666666607e-01
4.520666666666666722e-01
4.557999999999999829e-01
4.519333333333333536e-01
4.534666666666666845e-01
4.526000000000000023e-01
4.561333333333333351e-01
4.565333333333333465e-01
4.485999999999999988e-01
4.565333333333333465e-01
4.533333333333333104e-01
4.544000000000000261e-01
4.580000000000000182e-01
4.550000000000000155e-01
4.541333333333333333e-01
4.573333333333333139e-01
4.541999999999999926e-01
4.586666666666666670e-01
4.563333333333333131e-01
4.573999999999999733e-01
4.596666666666666679e-01
4.545333333333333448e-01
4.589333333333333598e-01
4.567333333333333245e-01
4.593333333333333157e-01
4.612666666666666582e-01
4.566666666666666652e-01
4.596666666666666679e-01
4.603333333333333166e-01
4.607333333333333281e-01
4.597999999999999865e-01
4.619333333333333069e-01
4.593333333333333157e-01
4.643333333333333202e-01
4.601999999999999980e-01
4.626666666666666705e-01
4.636000000000000121e-01
4.625333333333333519e-01
4.646000000000000130e-01
4.644666666666666943e-01
4.662000000000000033e-01
4.613333333333333175e-01
4.643999999999999795e-01
4.626666666666666705e-01
4.636666666666666714e-01
4.630000000000000226e-01
4.672000000000000042e-01
4.649333333333333096e-01
4.630666666666666820e-01
4.652000000000000024e-01
4.659333333333333105e-01
4.663333333333333219e-01
4.655333333333333545e-01
4.650666666666666837e-01
4.653333333333333210e-01
4.644666666666666943e-01
4.689333333333333131e-01
4.651333333333333431e-01
4.678666666666666529e-01
4.621333333333333404e-01
4.640666666666666829e-01
4.713333333333333264e-01
4.706666666666666776e-01
4.673333333333333228e-01
4.699333333333333140e-01
4.666000000000000147e-01
4.654666666666666397e-01
4.708666666666666556e-01
4.646666666666666723e-01
4.671333333333333449e-01
4.722666666666666679e-01
4.728666666666666574e-01
4.711333333333333484e-01
4.726000000000000201e-01
4.736666666666666803e-01
4.734666666666666468e-01
4.699999999999999734e-01
4.703333333333333255e-01
4.726666666666666794e-01
4.686000000000000165e-01
4.689999999999999725e-01
4.739333333333333176e-01
4.706000000000000183e-01
4.716000000000000192e-01
4.676666666666666750e-01
4.727999999999999980e-01
4.707333333333333369e-01
4.737333333333333396e-01
4.759333333333333194e-01
4.743333333333333290e-01
4.747333333333333405e-01
4.753999999999999893e-01
4.738666666666666583e-01
4.750666666666666926e-01
4.761333333333333528e-01
4.743999999999999884e-01
4.739999999999999769e-01
4.727333333333333387e-01
4.749333333333333185e-01
4.747333333333333405e-01
4.738666666666666583e-01
4.761333333333333528e-01
4.717999999999999972e-01
4.736666666666666803e-01
4.772000000000000131e-01
4.749999999999999778e-01
4.748666666666666591e-01
4.791333333333333555e-01
4.787333333333333441e-01
4.786000000000000254e-01
4.762666666666666715e-01
4.742000000000000104e-01
4.777333333333333432e-01
4.800666666666666416e-01
4.781333333333333546e-01
4.810666666666666424e-01
4.802000000000000157e-01
4.778000000000000025e-01
4.778666666666666618e-01
4.791333333333333555e-01
4.787333333333333441e-01
4.759333333333333194e-01
4.822666666666666768e-01
4.779333333333333211e-01
4.809333333333333238e-01
4.815333333333333132e-01
4.776666666666666838e-01
4.787333333333333441e-01
4.796000000000000263e-01
4.852666666666666795e-01
4.819999999999999840e-01
4.810666666666666424e-01
4.805333333333333123e-01
4.812666666666666759e-01
4.823333333333333361e-01
4.793999999999999928e-01
4.814666666666666539e-01
4.843333333333333379e-01
4.819333333333333247e-01
4.801333333333333564e-01
4.865999999999999770e-01
4.821333333333333582e-01
4.828666666666666663e-01
4.811333333333333573e-01
4.829999999999999849e-01
4.842666666666666786e-01
4.865333333333333177e-01
4.864666666666666583e-01
4.815333333333333132e-01
4.816666666666666874e-01
4.839333333333333265e-01
4.830666666666666442e-01
4.831333333333333591e-01
4.854666666666666575e-01
4.894000000000000017e-01
4.873999999999999999e-01
4.862666666666666804e-01
4.868666666666666698e-01
4.883333333333333415e-01
4.884000000000000008e-01
4.857333333333333503e-01
4.859333333333333282e-01
4.864666666666666583e-01
4.872000000000000219e-01
4.878666666666666707e-01
4.873333333333333406e-01
4.872000000000000219e-01
4.844666666666666566e-01
4.836666666666666892e-01
4.879333333333333300e-01
4.863333333333333397e-01
4.883333333333333415e-01
4.859333333333333282e-01
4.882666666666666822e-01
4.923333333333333450e-01
4.893333333333333424e-01
4.885999999999999788e-01
4.886666666666666936e-01
4.899999999999999911e-01
4.905999999999999805e-01
4.892666666666666830e-01
4.907333333333333547e-01
4.924666666666666637e-01
4.908666666666666734e-01
4.915999999999999814e-01
4.941333333333333133e-01
4.935999999999999832e-01
4.915999999999999814e-01
4.919333333333333336e-01
4.869999999999999885e-01
4.922000000000000264e-01
4.884000000000000008e-01
4.902000000000000246e-01
4.876666666666666927e-01
4.925333333333333230e-01
4.892000000000000237e-01
4.909333333333333327e-01
4.950666666666666549e-01
4.895333333333333203e-01
4.919333333333333336e-01
4.929999999999999938e-01
4.930666666666666531e-01
4.898000000000000131e-01
4.949333333333333362e-01
4.941999999999999726e-01
4.930666666666666531e-01
4.962666666666666893e-01
4.936666666666666425e-01
4.932000000000000273e-01
4.915999999999999814e-01
4.938000000000000167e-01
4.955999999999999850e-01
4.945999999999999841e-01
4.936666666666666425e-01
4.891333333333333089e-01
4.965999999999999859e-01
4.928666666666666751e-01
4.913333333333333441e-01
4.984000000000000097e-01
4.944666666666666655e-01
4.932666666666666866e-01
4.942666666666666875e-01
4.971333333333333160e-01
4.924000000000000044e-01
4.960666666666666558e-01
5.009333333333333416e-01
4.970666666666666567e-01
4.958000000000000185e-01
4.989999999999999991e-01
4.979333333333333389e-01
4.979999999999999982e-01
4.961999999999999744e-01
4.964000000000000079e-01
4.968666666666666787e-01
4.966666666666666452e-01
4.964000000000000079e-01
5.003333333333332966e-01
4.949999999999999956e-01
4.989999999999999991e-01
4.968000000000000194e-01
4.970666666666666567e-01
4.969999999999999973e-01
4.978000000000000203e-01
5.022666666666666391e-01
4.971333333333333160e-01
4.981333333333333169e-01
4.999333333333333407e-01
4.966666666666666452e-01
5.003333333333332966e-01
5.009333333333333416e-01
4.968666666666666787e-01
4.981333333333333169e-01
5.001999999999999780e-01
4.954000000000000070e-01
5.010000000000000009e-01
5.014666666666666162e-01
4.975333333333333274e-01
4.975333333333333274e-01
4.974000000000000088e-01
5.039333333333333442e-01
5.016666666666667052e-01
5.013999999999999568e-01
5.026000000000000467e-01
5.000000000000000000e-01
5.000666666666666593e-01
4.978000000000000203e-01
5.017333333333333645e-01
4.951333333333333142e-01
5.010666666666666602e-01
5.040000000000000036e-01
5.001999999999999780e-01
4.994666666666666699e-01
5.021333333333333204e-01
5.046666666666667078e-01
5.017333333333333645e-01
5.017333333333333645e-01
5.012666666666666382e-01
5.042666666666666409e-01
5.037333333333333663e-01
5.035333333333333883e-01
5.023999999999999577e-01
5.023333333333332984e-01
5.068666666666666876e-01
4.975333333333333274e-01
5.037333333333333663e-01
5.009333333333333416e-01
4.988666666666666805e-01
5.058666666666666867e-01
5.026000000000000467e-01
5.001333333333333186e-01
5.028000000000000247e-01
5.023333333333332984e-01
5.073333333333333028e-01
5.026000000000000467e-01
5.056000000000000494e-01
5.058000000000000274e-01
5.084666666666666224e-01
5.071333333333333249e-01
5.064666666666666206e-01
5.036000000000000476e-01
5.061999999999999833e-01
5.059333333333333460e-01
5.038000000000000256e-01
5.076000000000000512e-01
5.055333333333332790e-01
5.040666666666666629e-01
5.043333333333333002e-01
5.078666666666666885e-01
5.043999999999999595e-01
5.032666666666666400e-01
5.049333333333333451e-01
5.044666666666666188e-01
5.072666666666666435e-01
5.101333333333333275e-01
5.048000000000000265e-01
5.050000000000000044e-01
5.084666666666666224e-01
5.047333333333333671e-01
5.056000000000000494e-01
5.033999999999999586e-01
5.058000000000000274e-01
5.069333333333333469e-01
5.081999999999999851e-01
5.079333333333333478e-01
5.066666666666667096e-01
5.093999999999999639e-01
5.071999999999999842e-01
5.061999999999999833e-01
5.097333333333333716e-01
5.084666666666666224e-01
5.103999999999999648e-01
5.068666666666666876e-01
5.093999999999999639e-01
5.070666666666666655e-01
5.116000000000000547e-01
5.077333333333333698e-01
5.096000000000000529e-01
5.092666666666666453e-01
5.081999999999999851e-01
5.093999999999999639e-01
5.124666666666666259e-01
5.098000000000000309e-01
5.076666666666667105e-01
5.092666666666666453e-01
5.101999999999999869e-01
5.121999999999999886e-01
5.106666666666667131e-01
5.087333333333333707e-01
5.119333333333333513e-01
5.123999999999999666e-01
5.081333333333333258e-01
5.097333333333333716e-01
5.113333333333333064e-01
5.128000000000000336e-01
5.116666666666667140e-01
5.149333333333333540e-01
5.113333333333333064e-01
5.111999999999999877e-01
5.135333333333332861e-01
5.098000000000000309e-01
5.114666666666666250e-01
5.134666666666666268e-01
5.112666666666666471e-01
5.121999999999999886e-01
5.117333333333333734e-01
5.105333333333332835e-01
5.121999999999999886e-01
5.125999999999999446e-01
5.125999999999999446e-01
5.111999999999999877e-01
5.151333333333333320e-01
5.179333333333333567e-01
5.121333333333333293e-01
5.115333333333332844e-01
5.104666666666666242e-01
5.135333333333332861e-01
5.130000000000000115e-01
5.131333333333333302e-01
5.137333333333333751e-01
5.135999999999999455e-01
5.131999999999999895e-01
5.133999999999999675e-01
5.171333333333333337e-01
5.128000000000000336e-01
5.133999999999999675e-01
5.126666666666667149e-01
5.121333333333333293e-01
5.123999999999999666e-01
5.116666666666667140e-01
5.118666666666666920e-01
5.103999999999999648e-01
5.139333333333333531e-01
5.082666666666666444e-01
5.157333333333333769e-01
5.151333333333333320e-01
5.109333333333333504e-01
5.152666666666666506e-01
5.152666666666666506e-01
5.147333333333333760e-01
5.198000000000000398e-01
5.182666666666666533e-01
5.165333333333332888e-01
5.146666666666667167e-01
5.163999999999999702e-01
5.133999999999999675e-01
5.161333333333333329e-01
5.160000000000000142e-01
5.124666666666666259e-01
5.165333333333332888e-01
5.161333333333333329e-01
5.173999999999999710e-01
5.139333333333333531e-01
5.160666666666666735e-01
5.164666666666666295e-01
5.188666666666666982e-01
5.171333333333333337e-01
5.176666666666667194e-01
5.155333333333332879e-01
5.153999999999999693e-01
5.184666666666666313e-01
5.138000000000000345e-01
5.159333333333333549e-01
5.173999999999999710e-01
5.168666666666666965e-01
5.178000000000000380e-01
5.160666666666666735e-01
5.153333333333333099e-01
5.163999999999999702e-01
5.175333333333332897e-01
5.191333333333333355e-01
5.168000000000000371e-01
5.143333333333333091e-01
5.158000000000000362e-01
5.183999999999999719e-01
5.173333333333333117e-01
5.203333333333333144e-01
5.212666666666666559e-01
5.175333333333332897e-01
5.193333333333333135e-01
5.185999999999999499e-01
5.201333333333333364e-01
5.193333333333333135e-01
5.185333333333332906e-01
5.229333333333333611e-01
5.210666666666666780e-01
5.181333333333333346e-01
5.190666666666666762e-01
5.208000000000000407e-01
5.182666666666666533e-01
5.199333333333333584e-01
5.197333333333333805e-01
5.198000000000000398e-01
5.179333333333333567e-01
5.171333333333333337e-01
5.197333333333333805e-01
5.198000000000000398e-01
5.212666666666666559e-01
5.221333333333333382e-01
5.231999999999999984e-01
5.238666666666667027e-01
5.203999999999999737e-01
5.203999999999999737e-01
5.215999999999999526e-01
5.180000000000000160e-01
5.202666666666666551e-01
5.180666666666666753e-01
5.161333333333333329e-01
5.200000000000000178e-01
5.220666666666666789e-01
5.188000000000000389e-01
5.244666666666666366e-01
5.247333333333333849e-01
5.216666666666666119e-01
5.231999999999999984e-01
5.235999999999999543e-01
5.219333333333333602e-01
5.207333333333333814e-01
5.174666666666666304e-01
5.224666666666666348e-01
5.245999999999999552e-01
5.237333333333333840e-01
5.223999999999999755e-01
5.219333333333333602e-01
5.192666666666666542e-01
5.219333333333333602e-01
5.237333333333333840e-01
5.231999999999999984e-01
5.215999999999999526e-01
5.225333333333332941e-01
5.272000000000000020e-01
5.252666666666666595e-01
5.211333333333333373e-01
5.230666666666666798e-01
5.242666666666666586e-01
5.250666666666666815e-01
5.245333333333332959e-01
5.170666666666666744e-01
5.292666666666666631e-01
5.254666666666666375e-01
5.248666666666667036e-01
5.254666666666666375e-01
5.219333333333333602e-01
5.251333333333333409e-01
5.265333333333332977e-01
5.252000000000000002e-01
5.220666666666666789e-01
5.235999999999999543e-01
5.267333333333333867e-01
5.228666666666667018e-01
5.224666666666666348e-01
5.274666666666666393e-01
5.220000000000000195e-01
5.234666666666666357e-01
5.273333333333333206e-01
5.270000000000000240e-01
5.220000000000000195e-01
5.253333333333333188e-01
5.301333333333333453e-01
5.267333333333333867e-01
5.267333333333333867e-01
5.205999999999999517e-01
5.269333333333333647e-01
5.254666666666666375e-01
5.247333333333333849e-01
5.288666666666667071e-01
5.262000000000000011e-01
5.263333333333333197e-01
5.261333333333333417e-01
5.260000000000000231e-01
5.252000000000000002e-01
5.253333333333333188e-01
5.264666666666666384e-01
5.298666666666667080e-01
5.298000000000000487e-01
5.270666666666666833e-01
5.272000000000000020e-01
5.260000000000000231e-01
5.260666666666666824e-01
5.253333333333333188e-01
5.258000000000000451e-01
5.247333333333333849e-01
5.277333333333333876e-01
5.289333333333333664e-01
5.283999999999999808e-01
5.285333333333332995e-01
5.249333333333333629e-01
5.277333333333333876e-01
5.277333333333333876e-01
5.288000000000000478e-01
5.287333333333333885e-01
5.212666666666666559e-01
5.271333333333333426e-01
5.286666666666666181e-01
5.269333333333333647e-01
5.285333333333332995e-01
5.294666666666666410e-01
5.276666666666666172e-01
5.288000000000000478e-01
5.260666666666666824e-01
5.322666666666666657e-01
5.282000000000000028e-01
5.280666666666666842e-01
5.310666666666666869e-01
5.279333333333333655e-01
5.288666666666667071e-01
5.255333333333332968e-01
5.262000000000000011e-01
5.274666666666666393e-01
5.269333333333333647e-01
5.290666666666666851e-01
5.300000000000000266e-01
5.353333333333333277e-01
5.290000000000000258e-01
5.280666666666666842e-01
5.268000000000000460e-01
5.273333333333333206e-01
5.324666666666666437e-01
5.289333333333333664e-01
5.295333333333333004e-01
5.323333333333333250e-01
5.310666666666666869e-01
5.303333333333333233e-01
5.270666666666666833e-01
5.312666666666666648e-01
5.298666666666667080e-01
5.277333333333333876e-01
5.286666666666666181e-01
5.315999999999999615e-01
5.320000000000000284e-01
5.298000000000000487e-01
5.318000000000000504e-01
5.328000000000000513e-01
5.290666666666666851e-01
5.297333333333332783e-01
5.322000000000000064e-01
5.337333333333332819e-01
5.302000000000000046e-01
5.313999999999999835e-01
5.304666666666666419e-01
5.318666666666667098e-01
5.320666666666666877e-01
5.322000000000000064e-01
5.339333333333333709e-01
5.330000000000000293e-01
5.292666666666666631e-01
5.358000000000000540e-01
5.318000000000000504e-01
5.293333333333333224e-01
5.345333333333333048e-01
5.348666666666667124e-01
5.328666666666667107e-01
5.323333333333333250e-01
5.330000000000000293e-01
5.355999999999999650e-01
5.304666666666666419e-01
5.318000000000000504e-01
5.329333333333333700e-01
5.313333333333333242e-01
5.348666666666667124e-01
5.294666666666666410e-01
5.319333333333333691e-01
5.363999999999999879e-01
5.336666666666666226e-01
5.330666666666666886e-01
5.343999999999999861e-01
5.341333333333333488e-01
5.328666666666667107e-01
5.313333333333333242e-01
5.363999999999999879e-01
5.342000000000000082e-01
5.345999999999999641e-01
5.367333333333332845e-01
5.365333333333333066e-01
5.312666666666666648e-01
5.305333333333333012e-01
5.322000000000000064e-01
5.353333333333333277e-01
5.344666666666666455e-01
5.370666666666666922e-01
5.382666666666666710e-01
5.375999999999999668e-01
5.349333333333333718e-01
5.317333333333332801e-01
5.350000000000000311e-01
5.315999999999999615e-01
5.345999999999999641e-01
5.340000000000000302e-01
5.342000000000000082e-01
