4.273333333333333428e-01
4.237333333333333507e-01
4.287333333333333552e-01
4.263333333333333419e-01
4.282666666666666844e-01
4.276666666666666394e-01
4.293333333333333446e-01
4.292000000000000259e-01
4.338000000000000189e-01
4.282000000000000250e-01
4.291333333333333111e-01
4.321999999999999731e-01
4.309999999999999942e-01
4.304000000000000048e-01
4.312000000000000277e-01
4.295333333333333226e-01
4.319333333333333358e-01
4.342666666666666897e-01
4.322666666666666879e-01
4.323333333333333472e-01
4.349333333333333385e-01
4.313333333333333464e-01
4.338000000000000189e-01
4.329999999999999960e-01
4.323333333333333472e-01
4.349999999999999978e-01
4.334666666666666668e-01
4.350666666666666571e-01
4.365333333333333288e-01
4.371333333333333182e-01
4.376666666666666483e-01
4.358000000000000207e-01
4.374666666666666703e-01
4.351999999999999758e-01
4.405333333333333323e-01
4.409333333333333438e-01
4.434000000000000163e-01
4.402666666666666395e-01
4.374666666666666703e-01
4.381999999999999784e-01
4.396666666666666501e-01
4.363333333333333508e-01
4.426666666666666528e-01
4.415333333333333332e-01
4.421333333333333226e-01
4.425999999999999934e-01
4.445333333333333359e-01
4.435999999999999943e-01
4.431999999999999829e-01
4.428000000000000269e-01
4.439333333333333464e-01
4.430666666666666642e-01
4.427333333333333121e-01
4.449333333333333473e-01
4.451999999999999846e-01
4.437999999999999723e-01
4.412666666666666404e-01
4.470000000000000084e-01
4.483333333333333059e-01
4.459333333333333482e-01
4.464666666666666783e-01
4.488666666666666916e-01
4.474666666666666792e-01
4.470666666666666678e-01
4.495333333333333403e-01
4.480666666666666687e-01
4.524666666666666837e-01
4.468666666666666898e-01
4.485333333333333394e-01
4.481333333333333280e-01
4.497999999999999776e-01
4.509333333333333527e-01
4.461333333333333262e-01
4.500666666666666704e-01
4.491999999999999882e-01
4.444666666666666766e-01
4.515333333333333421e-01
4.502666666666666484e-01
4.444666666666666766e-01
4.493333333333333068e-01
4.512666666666666493e-01
4.506666666666666599e-01
4.514000000000000234e-01
4.519333333333333536e-01
4.553333333333333122e-01
4.518666666666666942e-01
4.531999999999999917e-01
4.521999999999999909e-01
4.557999999999999829e-01
4.562666666666666537e-01
4.485333333333333394e-01
4.557999999999999829e-01
4.530666666666666731e-01
4.540666666666666740e-01
4.570666666666666766e-01
4.550666666666666749e-01
4.540666666666666740e-01
4.572666666666666546e-01
4.539333333333333553e-01
4.583999999999999742e-01
4.559333333333333571e-01
4.575333333333333474e-01
4.593999999999999750e-01
4.544000000000000261e-01
4.587333333333333263e-01
4.565333333333333465e-01
4.590000000000000191e-01
4.610666666666666802e-01
4.563999999999999724e-01
4.593999999999999750e-01
4.600666666666666793e-01
4.607333333333333281e-01
4.598666666666666458e-01
4.620666666666666811e-01
4.591999999999999971e-01
4.643333333333333202e-01
4.601999999999999980e-01
4.626666666666666705e-01
4.633999999999999786e-01
4.623999999999999777e-01
4.646000000000000130e-01
4.643999999999999795e-01
4.660000000000000253e-01
4.610666666666666802e-01
4.639333333333333087e-01
4.621999999999999997e-01
4.630000000000000226e-01
4.632000000000000006e-01
4.668666666666666520e-01
4.651333333333333431e-01
4.627999999999999892e-01
4.651333333333333431e-01
4.656000000000000139e-01
4.662000000000000033e-01
4.651333333333333431e-01
4.647333333333333316e-01
4.648666666666666503e-01
4.643333333333333202e-01
4.686666666666666758e-01
4.647999999999999909e-01
4.677333333333333343e-01
4.619333333333333069e-01
4.638666666666666494e-01
4.712000000000000077e-01
4.702000000000000068e-01
4.671333333333333449e-01
4.698666666666666547e-01
4.664666666666666406e-01
4.654666666666666397e-01
4.708666666666666556e-01
4.646666666666666723e-01
4.670000000000000262e-01
4.721333333333333493e-01
4.726000000000000201e-01
4.709333333333333149e-01
4.723333333333333273e-01
4.735333333333333061e-01
4.733333333333333282e-01
4.698666666666666547e-01
4.703333333333333255e-01
4.726000000000000201e-01
4.686666666666666758e-01
4.686666666666666758e-01
4.737999999999999989e-01
4.704666666666666441e-01
4.715333333333333599e-01
4.673999999999999821e-01
4.725333333333333607e-01
4.706000000000000183e-01
4.737999999999999989e-01
4.758666666666666600e-01
4.742000000000000104e-01
4.744666666666666477e-01
4.750666666666666926e-01
4.740666666666666917e-01
4.748666666666666591e-01
4.760666666666666935e-01
4.740666666666666917e-01
4.733333333333333282e-01
4.726000000000000201e-01
4.747333333333333405e-01
4.744666666666666477e-01
4.737999999999999989e-01
4.756666666666666821e-01
4.717333333333333378e-01
4.735333333333333061e-01
4.768666666666666609e-01
4.746000000000000218e-01
4.743999999999999884e-01
4.785333333333333106e-01
4.786000000000000254e-01
4.788666666666666627e-01
4.758666666666666600e-01
4.741333333333333511e-01
4.776000000000000245e-01
4.799999999999999822e-01
4.783999999999999919e-01
4.810666666666666424e-01
4.798000000000000043e-01
4.776000000000000245e-01
4.776666666666666838e-01
4.792000000000000148e-01
4.786000000000000254e-01
4.759999999999999787e-01
4.819999999999999840e-01
4.776000000000000245e-01
4.812000000000000166e-01
4.813333333333333353e-01
4.776666666666666838e-01
4.786666666666666847e-01
4.796000000000000263e-01
4.852000000000000202e-01
4.817333333333333467e-01
4.808666666666666645e-01
4.803333333333333344e-01
4.809333333333333238e-01
4.821333333333333582e-01
4.792000000000000148e-01
4.814666666666666539e-01
4.842000000000000193e-01
4.818000000000000060e-01
4.799333333333333229e-01
4.863999999999999990e-01
4.822666666666666768e-01
4.825999999999999734e-01
4.809999999999999831e-01
4.827333333333333476e-01
4.842000000000000193e-01
4.863333333333333397e-01
4.862666666666666804e-01
4.815333333333333132e-01
4.814666666666666539e-01
4.836666666666666892e-01
4.829333333333333256e-01
4.832000000000000184e-01
4.851333333333333608e-01
4.890666666666666496e-01
4.873333333333333406e-01
4.858000000000000096e-01
4.868000000000000105e-01
4.882666666666666822e-01
4.883333333333333415e-01
4.857333333333333503e-01
4.859999999999999876e-01
4.863999999999999990e-01
4.871333333333333071e-01
4.878000000000000114e-01
4.872666666666666813e-01
4.869999999999999885e-01
4.842000000000000193e-01
4.837333333333333485e-01
4.876666666666666927e-01
4.862666666666666804e-01
4.883333333333333415e-01
4.858000000000000096e-01
4.882666666666666822e-01
4.922000000000000264e-01
4.893333333333333424e-01
4.884666666666666601e-01
4.887333333333333529e-01
4.898000000000000131e-01
4.905999999999999805e-01
4.891333333333333089e-01
4.908000000000000140e-01
4.924000000000000044e-01
4.908666666666666734e-01
4.917333333333333556e-01
4.939333333333333353e-01
4.935333333333333239e-01
4.915999999999999814e-01
4.916666666666666408e-01
4.871333333333333071e-01
4.919999999999999929e-01
4.878000000000000114e-01
4.899333333333333318e-01
4.877333333333333520e-01
4.925999999999999823e-01
4.892000000000000237e-01
4.907333333333333547e-01
4.950666666666666549e-01
4.894666666666666610e-01
4.915333333333333221e-01
4.928666666666666751e-01
4.929999999999999938e-01
4.894000000000000017e-01
4.947333333333333583e-01
4.941333333333333133e-01
4.932000000000000273e-01
4.960666666666666558e-01
4.934666666666666646e-01
4.929999999999999938e-01
4.915333333333333221e-01
4.941333333333333133e-01
4.955333333333333257e-01
4.944666666666666655e-01
4.938000000000000167e-01
4.888000000000000123e-01
4.965333333333333266e-01
4.928000000000000158e-01
4.911333333333333107e-01
4.982666666666666910e-01
4.944666666666666655e-01
4.934000000000000052e-01
4.940666666666666540e-01
4.972666666666666901e-01
4.923333333333333450e-01
4.957333333333333591e-01
5.005333333333333856e-01
4.967333333333333600e-01
4.955999999999999850e-01
4.991333333333333178e-01
4.977333333333333609e-01
4.978000000000000203e-01
4.961999999999999744e-01
4.960666666666666558e-01
4.969333333333333380e-01
4.964666666666666672e-01
4.964666666666666672e-01
5.002666666666666373e-01
4.947333333333333583e-01
4.988000000000000211e-01
4.968000000000000194e-01
4.969999999999999973e-01
4.969999999999999973e-01
4.975999999999999868e-01
5.020666666666666611e-01
4.968000000000000194e-01
4.981333333333333169e-01
4.998000000000000220e-01
4.965333333333333266e-01
5.004666666666666153e-01
5.008000000000000229e-01
4.963333333333333486e-01
4.981999999999999762e-01
5.000000000000000000e-01
4.954000000000000070e-01
5.010666666666666602e-01
5.012666666666666382e-01
4.973333333333333495e-01
4.974666666666666681e-01
4.971333333333333160e-01
5.040000000000000036e-01
5.017333333333333645e-01
5.013333333333332975e-01
5.025333333333333874e-01
4.997333333333333072e-01
5.000000000000000000e-01
4.978666666666666796e-01
5.016666666666667052e-01
4.953333333333333477e-01
5.007333333333333636e-01
5.040666666666666629e-01
5.001999999999999780e-01
4.994666666666666699e-01
5.020000000000000018e-01
5.046000000000000485e-01
5.013333333333332975e-01
5.016000000000000458e-01
5.011333333333333195e-01
5.041999999999999815e-01
5.038666666666666849e-01
5.032666666666666400e-01
5.020666666666666611e-01
5.028000000000000247e-01
5.066000000000000503e-01
4.974000000000000088e-01
5.038666666666666849e-01
5.006666666666667043e-01
4.985333333333333283e-01
5.053999999999999604e-01
5.025333333333333874e-01
5.001333333333333186e-01
5.027333333333333654e-01
5.020666666666666611e-01
5.073999999999999622e-01
5.024666666666666170e-01
5.055333333333332790e-01
5.054666666666666197e-01
5.086666666666667114e-01
5.071333333333333249e-01
5.063999999999999613e-01
5.038666666666666849e-01
5.059333333333333460e-01
5.061999999999999833e-01
5.035333333333333883e-01
5.073999999999999622e-01
5.052666666666666417e-01
5.041999999999999815e-01
5.044666666666666188e-01
5.079333333333333478e-01
5.041333333333333222e-01
5.031999999999999806e-01
5.050000000000000044e-01
5.048000000000000265e-01
5.073333333333333028e-01
5.100666666666666682e-01
5.048000000000000265e-01
5.050000000000000044e-01
5.083333333333333037e-01
5.048000000000000265e-01
5.054666666666666197e-01
5.035333333333333883e-01
5.056000000000000494e-01
5.068000000000000282e-01
5.081333333333333258e-01
5.076666666666667105e-01
5.068666666666666876e-01
5.091333333333333266e-01
5.071999999999999842e-01
5.060000000000000053e-01
5.094666666666666233e-01
5.083333333333333037e-01
5.105333333333332835e-01
5.065333333333332799e-01
5.093333333333333046e-01
5.069333333333333469e-01
5.113333333333333064e-01
5.078000000000000291e-01
5.098000000000000309e-01
5.093999999999999639e-01
5.078666666666666885e-01
5.093999999999999639e-01
5.121999999999999886e-01
5.097333333333333716e-01
5.073999999999999622e-01
5.091333333333333266e-01
5.100666666666666682e-01
5.120000000000000107e-01
5.108000000000000318e-01
5.086666666666667114e-01
5.120666666666666700e-01
5.122666666666666480e-01
5.078666666666666885e-01
5.098000000000000309e-01
5.111333333333333284e-01
5.129333333333333522e-01
5.116666666666667140e-01
5.149333333333333540e-01
5.111333333333333284e-01
5.111333333333333284e-01
5.135333333333332861e-01
5.096666666666667123e-01
5.113999999999999657e-01
5.134666666666666268e-01
5.109333333333333504e-01
5.121999999999999886e-01
5.118000000000000327e-01
5.105333333333332835e-01
5.121333333333333293e-01
5.125333333333332853e-01
5.125333333333332853e-01
5.112666666666666471e-01
5.151333333333333320e-01
5.178000000000000380e-01
5.120000000000000107e-01
5.111333333333333284e-01
5.100666666666666682e-01
5.131999999999999895e-01
5.130000000000000115e-01
5.130666666666666709e-01
5.135333333333332861e-01
5.135333333333332861e-01
5.131999999999999895e-01
5.132666666666666488e-01
5.169333333333333558e-01
5.128000000000000336e-01
5.133333333333333082e-01
5.129333333333333522e-01
5.121999999999999886e-01
5.122666666666666480e-01
5.116000000000000547e-01
5.120000000000000107e-01
5.102666666666666462e-01
5.136666666666667158e-01
5.082666666666666444e-01
5.158666666666666956e-01
5.153333333333333099e-01
5.110000000000000098e-01
5.155333333333332879e-01
5.153333333333333099e-01
5.148000000000000353e-01
5.199333333333333584e-01
5.183999999999999719e-01
5.163999999999999702e-01
5.146666666666667167e-01
5.164666666666666295e-01
5.133333333333333082e-01
5.158000000000000362e-01
5.156666666666667176e-01
5.125333333333332853e-01
5.166666666666667185e-01
5.163999999999999702e-01
5.171999999999999931e-01
5.138000000000000345e-01
5.160000000000000142e-01
5.164666666666666295e-01
5.189333333333333576e-01
5.171333333333333337e-01
5.176666666666667194e-01
5.155999999999999472e-01
5.157333333333333769e-01
5.184666666666666313e-01
5.139333333333333531e-01
5.161333333333333329e-01
5.170000000000000151e-01
5.165333333333332888e-01
5.174666666666666304e-01
5.157333333333333769e-01
5.152666666666666506e-01
5.161999999999999922e-01
5.173333333333333117e-01
5.191999999999999948e-01
5.168000000000000371e-01
5.140666666666666718e-01
5.158000000000000362e-01
5.183999999999999719e-01
5.173999999999999710e-01
5.201999999999999957e-01
5.213333333333333153e-01
5.175333333333332897e-01
5.193333333333333135e-01
5.183333333333333126e-01
5.199333333333333584e-01
5.192666666666666542e-01
5.185999999999999499e-01
5.228000000000000425e-01
5.207333333333333814e-01
5.180666666666666753e-01
5.188666666666666982e-01
5.208000000000000407e-01
5.182666666666666533e-01
5.201333333333333364e-01
5.198666666666666991e-01
5.198000000000000398e-01
5.179333333333333567e-01
5.170666666666666744e-01
5.197333333333333805e-01
5.196666666666667211e-01
5.213333333333333153e-01
5.220666666666666789e-01
5.231333333333333391e-01
5.237333333333333840e-01
5.202666666666666551e-01
5.204666666666666330e-01
5.215333333333332932e-01
5.180000000000000160e-01
5.201999999999999957e-01
5.180000000000000160e-01
5.160666666666666735e-01
5.198666666666666991e-01
5.221333333333333382e-01
5.188666666666666982e-01
5.243333333333333179e-01
5.243999999999999773e-01
5.216666666666666119e-01
5.231999999999999984e-01
5.236666666666666137e-01
5.216666666666666119e-01
5.206666666666667220e-01
5.173333333333333117e-01
5.224666666666666348e-01
5.245999999999999552e-01
5.235333333333332950e-01
5.224666666666666348e-01
5.218666666666667009e-01
5.190666666666666762e-01
5.220666666666666789e-01
5.237333333333333840e-01
5.230666666666666798e-01
5.213999999999999746e-01
5.224666666666666348e-01
5.270666666666666833e-01
5.253999999999999782e-01
5.211333333333333373e-01
5.231999999999999984e-01
5.240000000000000213e-01
5.251333333333333409e-01
5.248000000000000442e-01
5.169333333333333558e-01
5.292000000000000037e-01
5.255333333333332968e-01
5.250000000000000222e-01
5.255333333333332968e-01
5.220000000000000195e-01
5.250666666666666815e-01
5.266666666666666163e-01
5.252666666666666595e-01
5.218666666666667009e-01
5.233999999999999764e-01
5.263999999999999790e-01
5.228000000000000425e-01
5.227333333333333831e-01
5.273333333333333206e-01
5.219333333333333602e-01
5.231999999999999984e-01
5.271333333333333426e-01
5.270000000000000240e-01
5.218000000000000416e-01
5.253999999999999782e-01
5.301333333333333453e-01
5.264666666666666384e-01
5.269333333333333647e-01
5.205333333333332924e-01
5.268666666666667053e-01
5.250000000000000222e-01
5.246666666666666146e-01
5.288666666666667071e-01
5.260000000000000231e-01
5.261333333333333417e-01
5.260666666666666824e-01
5.260666666666666824e-01
5.252000000000000002e-01
5.253999999999999782e-01
5.265333333333332977e-01
5.298000000000000487e-01
5.297333333333332783e-01
5.268000000000000460e-01
5.268666666666667053e-01
5.259333333333333638e-01
5.261333333333333417e-01
5.252666666666666595e-01
5.258666666666667044e-01
5.246666666666666146e-01
5.275333333333332986e-01
5.290666666666666851e-01
5.285999999999999588e-01
5.287333333333333885e-01
5.248000000000000442e-01
5.273999999999999799e-01
5.278000000000000469e-01
5.290000000000000258e-01
5.285999999999999588e-01
5.213333333333333153e-01
5.271333333333333426e-01
5.287333333333333885e-01
5.270666666666666833e-01
5.283999999999999808e-01
5.295999999999999597e-01
5.274666666666666393e-01
5.285999999999999588e-01
5.258666666666667044e-01
5.320666666666666877e-01
5.283333333333333215e-01
5.280666666666666842e-01
5.308666666666667089e-01
5.280666666666666842e-01
5.286666666666666181e-01
5.253999999999999782e-01
5.263333333333333197e-01
5.273333333333333206e-01
5.269333333333333647e-01
5.288666666666667071e-01
5.298000000000000487e-01
5.352000000000000091e-01
5.292000000000000037e-01
5.282666666666666622e-01
5.269333333333333647e-01
5.270000000000000240e-01
5.324666666666666437e-01
5.288666666666667071e-01
5.293333333333333224e-01
5.324666666666666437e-01
5.309333333333333682e-01
5.303333333333333233e-01
5.271333333333333426e-01
5.312666666666666648e-01
5.295999999999999597e-01
5.276666666666666172e-01
5.290666666666666851e-01
5.317333333333332801e-01
5.321333333333333471e-01
5.296666666666666190e-01
5.318666666666667098e-01
5.325999999999999623e-01
5.290666666666666851e-01
5.295999999999999597e-01
5.321333333333333471e-01
5.335999999999999632e-01
5.304666666666666419e-01
5.313333333333333242e-01
5.302666666666666639e-01
5.318000000000000504e-01
5.319333333333333691e-01
5.318666666666667098e-01
5.338000000000000522e-01
5.326666666666666217e-01
5.291333333333333444e-01
5.358000000000000540e-01
5.316666666666666208e-01
5.292666666666666631e-01
5.346666666666666234e-01
5.348000000000000531e-01
5.327333333333332810e-01
5.323999999999999844e-01
5.329333333333333700e-01
5.358666666666667133e-01
5.302666666666666639e-01
5.318666666666667098e-01
5.327333333333332810e-01
5.314666666666666428e-01
5.349333333333333718e-01
5.292666666666666631e-01
5.321333333333333471e-01
5.362666666666666693e-01
5.335333333333333039e-01
5.330666666666666886e-01
5.343333333333333268e-01
5.342000000000000082e-01
5.327333333333332810e-01
5.312666666666666648e-01
5.363999999999999879e-01
5.340000000000000302e-01
5.345333333333333048e-01
5.366666666666666252e-01
5.367333333333332845e-01
5.311333333333333462e-01
5.305333333333333012e-01
5.322666666666666657e-01
5.352666666666666684e-01
5.342666666666666675e-01
5.370000000000000329e-01
5.382666666666666710e-01
5.373999999999999888e-01
5.351333333333333497e-01
5.315999999999999615e-01
5.350000000000000311e-01
5.316666666666666208e-01
5.346666666666666234e-01
5.341333333333333488e-01
5.340666666666666895e-01
