4.264000000000000012e-01
4.225333333333333163e-01
4.280666666666666509e-01
4.252666666666666817e-01
4.272000000000000242e-01
4.272000000000000242e-01
4.283333333333333437e-01
4.282666666666666844e-01
4.323333333333333472e-01
4.268000000000000127e-01
4.274000000000000021e-01
4.312666666666666870e-01
4.302000000000000268e-01
4.291333333333333111e-01
4.304000000000000048e-01
4.285999999999999810e-01
4.307333333333333569e-01
4.339333333333333376e-01
4.314666666666666650e-01
4.319333333333333358e-01
4.342666666666666897e-01
4.305999999999999828e-01
4.326666666666666439e-01
4.315999999999999837e-01
4.317333333333333578e-01
4.345333333333333270e-01
4.328000000000000180e-01
4.341999999999999749e-01
4.359999999999999987e-01
4.368000000000000216e-01
4.368666666666666809e-01
4.348000000000000198e-01
4.367333333333333067e-01
4.345333333333333270e-01
4.398000000000000242e-01
4.403333333333333544e-01
4.428000000000000269e-01
4.394000000000000128e-01
4.368000000000000216e-01
4.375999999999999890e-01
4.389333333333333420e-01
4.354666666666666686e-01
4.417333333333333112e-01
4.409333333333333438e-01
4.414000000000000146e-01
4.416666666666666519e-01
4.436666666666666536e-01
4.425999999999999934e-01
4.423333333333333561e-01
4.420666666666666633e-01
4.430666666666666642e-01
4.421999999999999820e-01
4.420666666666666633e-01
4.444666666666666766e-01
4.445333333333333359e-01
4.433333333333333570e-01
4.408666666666666845e-01
4.460000000000000075e-01
4.479333333333333500e-01
4.450000000000000067e-01
4.459333333333333482e-01
4.482666666666666466e-01
4.465999999999999970e-01
4.465333333333333377e-01
4.494666666666666810e-01
4.472666666666666457e-01
4.516000000000000014e-01
4.464666666666666783e-01
4.480000000000000093e-01
4.473333333333333606e-01
4.489333333333333509e-01
4.506000000000000005e-01
4.456666666666666554e-01
4.493333333333333068e-01
4.485333333333333394e-01
4.441333333333333244e-01
4.511999999999999900e-01
4.498666666666666925e-01
4.442666666666666431e-01
4.487999999999999767e-01
4.504666666666666819e-01
4.500666666666666704e-01
4.506666666666666599e-01
4.514000000000000234e-01
4.550000000000000155e-01
4.512666666666666493e-01
4.526000000000000023e-01
4.515333333333333421e-01
4.552666666666666528e-01
4.551333333333333342e-01
4.478666666666666907e-01
4.550000000000000155e-01
4.518666666666666942e-01
4.529333333333333544e-01
4.564666666666666872e-01
4.544666666666666854e-01
4.537333333333333218e-01
4.565333333333333465e-01
4.536000000000000032e-01
4.576666666666666661e-01
4.554666666666666863e-01
4.569333333333333580e-01
4.584666666666666890e-01
4.538666666666666405e-01
4.577333333333333254e-01
4.562666666666666537e-01
4.583333333333333148e-01
4.603999999999999759e-01
4.557333333333333236e-01
4.591333333333333377e-01
4.591999999999999971e-01
4.601999999999999980e-01
4.593333333333333157e-01
4.613999999999999768e-01
4.587999999999999856e-01
4.635333333333333528e-01
4.597333333333333272e-01
4.624666666666666925e-01
4.632000000000000006e-01
4.618666666666666476e-01
4.639333333333333087e-01
4.640666666666666829e-01
4.652666666666666617e-01
4.606666666666666687e-01
4.636666666666666714e-01
4.620000000000000218e-01
4.623333333333333184e-01
4.630000000000000226e-01
4.662666666666666626e-01
4.642666666666666608e-01
4.623999999999999777e-01
4.646666666666666723e-01
4.647999999999999909e-01
4.657999999999999918e-01
4.647999999999999909e-01
4.643333333333333202e-01
4.647333333333333316e-01
4.636666666666666714e-01
4.680666666666666864e-01
4.646666666666666723e-01
4.670666666666666855e-01
4.617333333333333290e-01
4.640000000000000235e-01
4.709999999999999742e-01
4.699999999999999734e-01
4.669333333333333114e-01
4.692666666666666653e-01
4.658666666666666512e-01
4.650666666666666837e-01
4.705333333333333590e-01
4.646000000000000130e-01
4.666666666666666741e-01
4.716666666666666785e-01
4.719333333333333158e-01
4.705333333333333590e-01
4.717333333333333378e-01
4.732666666666666688e-01
4.727999999999999980e-01
4.693333333333333246e-01
4.699333333333333140e-01
4.724666666666666459e-01
4.681333333333333457e-01
4.680666666666666864e-01
4.733333333333333282e-01
4.699999999999999734e-01
4.710666666666666891e-01
4.670666666666666855e-01
4.719999999999999751e-01
4.701333333333333475e-01
4.732000000000000095e-01
4.757333333333333414e-01
4.737999999999999989e-01
4.741333333333333511e-01
4.747333333333333405e-01
4.736000000000000210e-01
4.743333333333333290e-01
4.759333333333333194e-01
4.736000000000000210e-01
4.734666666666666468e-01
4.722000000000000086e-01
4.746666666666666812e-01
4.737333333333333396e-01
4.731333333333333502e-01
4.752666666666666706e-01
4.713333333333333264e-01
4.727999999999999980e-01
4.767333333333333423e-01
4.744666666666666477e-01
4.739999999999999769e-01
4.783999999999999919e-01
4.783333333333333326e-01
4.786000000000000254e-01
4.752666666666666706e-01
4.739999999999999769e-01
4.772666666666666724e-01
4.801333333333333564e-01
4.782000000000000139e-01
4.806666666666666865e-01
4.798000000000000043e-01
4.773333333333333317e-01
4.775333333333333097e-01
4.792000000000000148e-01
4.785333333333333106e-01
4.752666666666666706e-01
4.816666666666666874e-01
4.775333333333333097e-01
4.806666666666666865e-01
4.807333333333333458e-01
4.772000000000000131e-01
4.780666666666666398e-01
4.791333333333333555e-01
4.848000000000000087e-01
4.813999999999999946e-01
4.808666666666666645e-01
4.798000000000000043e-01
4.804666666666666530e-01
4.814666666666666539e-01
4.789333333333333220e-01
4.809999999999999831e-01
4.838666666666666671e-01
4.817333333333333467e-01
4.798666666666666636e-01
4.859999999999999876e-01
4.818000000000000060e-01
4.825333333333333141e-01
4.806666666666666865e-01
4.822666666666666768e-01
4.841333333333333599e-01
4.863333333333333397e-01
4.859999999999999876e-01
4.809333333333333238e-01
4.811333333333333573e-01
4.833999999999999964e-01
4.827333333333333476e-01
4.829333333333333256e-01
4.846666666666666901e-01
4.892666666666666830e-01
4.873333333333333406e-01
4.856666666666666909e-01
4.867333333333333512e-01
4.881333333333333080e-01
4.880666666666666487e-01
4.854666666666666575e-01
4.858000000000000096e-01
4.860666666666666469e-01
4.869999999999999885e-01
4.875333333333333186e-01
4.873333333333333406e-01
4.868000000000000105e-01
4.841333333333333599e-01
4.836666666666666892e-01
4.875999999999999779e-01
4.858000000000000096e-01
4.880666666666666487e-01
4.853333333333333388e-01
4.877333333333333520e-01
4.918000000000000149e-01
4.890666666666666496e-01
4.881333333333333080e-01
4.883333333333333415e-01
4.895999999999999797e-01
4.904000000000000026e-01
4.889999999999999902e-01
4.905999999999999805e-01
4.921333333333333115e-01
4.905333333333333212e-01
4.915333333333333221e-01
4.935333333333333239e-01
4.933333333333333459e-01
4.912666666666666848e-01
4.914666666666666628e-01
4.863999999999999990e-01
4.919999999999999929e-01
4.873333333333333406e-01
4.895999999999999797e-01
4.873333333333333406e-01
4.923333333333333450e-01
4.887333333333333529e-01
4.899999999999999911e-01
4.947333333333333583e-01
4.888666666666666716e-01
4.912000000000000255e-01
4.924666666666666637e-01
4.929333333333333345e-01
4.892666666666666830e-01
4.948666666666666769e-01
4.935999999999999832e-01
4.927333333333333565e-01
4.959333333333333371e-01
4.932666666666666866e-01
4.927333333333333565e-01
4.909999999999999920e-01
4.935999999999999832e-01
4.953333333333333477e-01
4.942666666666666875e-01
4.935333333333333239e-01
4.888000000000000123e-01
4.963333333333333486e-01
4.922000000000000264e-01
4.909333333333333327e-01
4.982666666666666910e-01
4.943333333333333468e-01
4.931333333333333124e-01
4.938000000000000167e-01
4.971333333333333160e-01
4.925999999999999823e-01
4.954000000000000070e-01
5.006000000000000449e-01
4.964000000000000079e-01
4.950666666666666549e-01
4.984000000000000097e-01
4.975333333333333274e-01
4.975999999999999868e-01
4.961333333333333151e-01
4.959333333333333371e-01
4.966666666666666452e-01
4.964000000000000079e-01
4.960666666666666558e-01
4.995333333333333292e-01
4.948666666666666769e-01
4.985999999999999877e-01
4.965999999999999859e-01
4.968000000000000194e-01
4.964666666666666672e-01
4.971999999999999753e-01
5.018666666666666831e-01
4.965999999999999859e-01
4.979333333333333389e-01
4.994000000000000106e-01
4.964666666666666672e-01
5.000000000000000000e-01
5.006666666666667043e-01
4.961999999999999744e-01
4.976666666666666461e-01
4.998666666666666814e-01
4.955333333333333257e-01
5.010000000000000009e-01
5.013333333333332975e-01
4.972666666666666901e-01
4.973333333333333495e-01
4.969333333333333380e-01
5.033999999999999586e-01
5.016666666666667052e-01
5.015333333333333865e-01
5.026000000000000467e-01
4.996666666666666479e-01
4.999333333333333407e-01
4.971999999999999753e-01
5.013999999999999568e-01
4.948666666666666769e-01
5.006666666666667043e-01
5.038000000000000256e-01
4.997333333333333072e-01
4.992666666666666919e-01
5.018666666666666831e-01
5.041333333333333222e-01
5.010000000000000009e-01
5.010666666666666602e-01
5.006000000000000449e-01
5.039333333333333442e-01
5.033999999999999586e-01
5.030000000000000027e-01
5.018666666666666831e-01
5.025333333333333874e-01
5.062666666666666426e-01
4.970666666666666567e-01
5.034666666666666179e-01
5.004666666666666153e-01
4.984000000000000097e-01
5.050666666666666638e-01
5.021999999999999797e-01
4.998666666666666814e-01
5.028000000000000247e-01
5.019333333333333425e-01
5.072666666666666435e-01
5.020666666666666611e-01
5.049333333333333451e-01
5.051999999999999824e-01
5.085333333333332817e-01
5.070000000000000062e-01
5.061333333333333240e-01
5.033333333333332993e-01
5.058000000000000274e-01
5.061999999999999833e-01
5.033333333333332993e-01
5.071999999999999842e-01
5.050666666666666638e-01
5.040000000000000036e-01
5.042666666666666409e-01
5.077333333333333698e-01
5.040000000000000036e-01
5.030000000000000027e-01
5.048000000000000265e-01
5.043999999999999595e-01
5.071333333333333249e-01
5.101999999999999869e-01
5.046666666666667078e-01
5.049333333333333451e-01
5.080666666666666664e-01
5.047333333333333671e-01
5.051333333333333231e-01
5.032666666666666400e-01
5.055333333333332790e-01
5.066666666666667096e-01
5.082666666666666444e-01
5.076000000000000512e-01
5.065333333333332799e-01
5.090666666666666673e-01
5.070666666666666655e-01
5.058666666666666867e-01
5.094666666666666233e-01
5.080666666666666664e-01
5.100666666666666682e-01
5.062666666666666426e-01
5.089333333333333487e-01
5.067333333333333689e-01
5.112666666666666471e-01
5.073999999999999622e-01
5.096000000000000529e-01
5.090666666666666673e-01
5.076666666666667105e-01
5.091999999999999860e-01
5.121333333333333293e-01
5.097333333333333716e-01
5.070666666666666655e-01
5.088666666666666893e-01
5.097333333333333716e-01
5.121999999999999886e-01
5.107333333333333725e-01
5.083999999999999631e-01
5.116666666666667140e-01
5.120000000000000107e-01
5.077333333333333698e-01
5.095333333333332826e-01
5.107333333333333725e-01
5.127333333333333742e-01
5.118666666666666920e-01
5.143333333333333091e-01
5.111333333333333284e-01
5.106666666666667131e-01
5.131999999999999895e-01
5.096000000000000529e-01
5.111333333333333284e-01
5.133333333333333082e-01
5.108666666666666911e-01
5.118000000000000327e-01
5.112666666666666471e-01
5.104666666666666242e-01
5.119333333333333513e-01
5.122666666666666480e-01
5.125333333333332853e-01
5.111333333333333284e-01
5.149333333333333540e-01
5.175999999999999490e-01
5.118666666666666920e-01
5.110000000000000098e-01
5.100000000000000089e-01
5.130000000000000115e-01
5.127333333333333742e-01
5.128000000000000336e-01
5.132666666666666488e-01
5.133999999999999675e-01
5.125999999999999446e-01
5.125999999999999446e-01
5.162666666666666515e-01
5.123999999999999666e-01
5.131333333333333302e-01
5.128000000000000336e-01
5.120000000000000107e-01
5.121999999999999886e-01
5.113333333333333064e-01
5.116666666666667140e-01
5.101999999999999869e-01
5.132666666666666488e-01
5.081999999999999851e-01
5.159333333333333549e-01
5.150000000000000133e-01
5.110000000000000098e-01
5.155999999999999472e-01
5.152666666666666506e-01
5.145999999999999464e-01
5.199333333333333584e-01
5.182666666666666533e-01
5.160666666666666735e-01
5.143333333333333091e-01
5.160666666666666735e-01
5.130666666666666709e-01
5.157333333333333769e-01
5.156666666666667176e-01
5.126666666666667149e-01
5.166666666666667185e-01
5.163999999999999702e-01
5.170666666666666744e-01
5.135999999999999455e-01
5.157333333333333769e-01
5.160000000000000142e-01
5.189333333333333576e-01
5.169333333333333558e-01
5.175333333333332897e-01
5.153999999999999693e-01
5.153333333333333099e-01
5.183333333333333126e-01
5.140000000000000124e-01
5.160666666666666735e-01
5.168000000000000371e-01
5.161333333333333329e-01
5.172666666666666524e-01
5.153333333333333099e-01
5.150666666666666726e-01
5.159333333333333549e-01
5.171333333333333337e-01
5.190666666666666762e-01
5.163999999999999702e-01
5.136666666666667158e-01
5.156666666666667176e-01
5.180000000000000160e-01
5.171333333333333337e-01
5.197333333333333805e-01
5.213333333333333153e-01
5.172666666666666524e-01
5.188666666666666982e-01
5.183333333333333126e-01
5.199333333333333584e-01
5.193333333333333135e-01
5.184666666666666313e-01
5.224666666666666348e-01
5.208000000000000407e-01
5.181333333333333346e-01
5.188666666666666982e-01
5.207333333333333814e-01
5.181333333333333346e-01
5.200000000000000178e-01
5.195999999999999508e-01
5.201333333333333364e-01
5.178000000000000380e-01
5.168666666666666965e-01
5.196666666666667211e-01
5.195333333333332915e-01
5.209333333333333593e-01
5.218000000000000416e-01
5.229333333333333611e-01
5.239333333333333620e-01
5.200000000000000178e-01
5.205333333333332924e-01
5.215333333333332932e-01
5.178666666666666973e-01
5.203333333333333144e-01
5.176666666666667194e-01
5.160000000000000142e-01
5.194666666666666321e-01
5.216666666666666119e-01
5.183999999999999719e-01
5.240666666666666806e-01
5.242666666666666586e-01
5.213333333333333153e-01
5.231999999999999984e-01
5.234666666666666357e-01
5.218666666666667009e-01
5.202666666666666551e-01
5.173333333333333117e-01
5.221999999999999975e-01
5.243333333333333179e-01
5.234666666666666357e-01
5.221999999999999975e-01
5.219333333333333602e-01
5.190666666666666762e-01
5.217333333333333822e-01
5.232666666666666577e-01
5.228666666666667018e-01
5.210666666666666780e-01
5.223999999999999755e-01
5.269333333333333647e-01
5.252000000000000002e-01
5.210666666666666780e-01
5.229333333333333611e-01
5.240666666666666806e-01
5.250666666666666815e-01
5.246666666666666146e-01
5.165333333333332888e-01
5.288666666666667071e-01
5.255999999999999561e-01
5.249333333333333629e-01
5.255999999999999561e-01
5.220666666666666789e-01
5.251333333333333409e-01
5.263333333333333197e-01
5.251333333333333409e-01
5.219333333333333602e-01
5.237333333333333840e-01
5.262666666666666604e-01
5.226666666666666128e-01
5.223333333333333162e-01
5.273333333333333206e-01
5.219333333333333602e-01
5.234666666666666357e-01
5.268666666666667053e-01
5.267333333333333867e-01
5.212666666666666559e-01
5.253999999999999782e-01
5.300000000000000266e-01
5.265333333333332977e-01
5.268000000000000460e-01
5.203999999999999737e-01
5.267333333333333867e-01
5.249333333333333629e-01
5.241333333333333400e-01
5.282666666666666622e-01
5.254666666666666375e-01
5.262666666666666604e-01
5.258000000000000451e-01
5.259333333333333638e-01
5.248000000000000442e-01
5.250000000000000222e-01
5.262000000000000011e-01
5.299333333333333673e-01
5.295333333333333004e-01
5.268000000000000460e-01
5.267333333333333867e-01
5.258000000000000451e-01
5.256666666666666154e-01
5.252666666666666595e-01
5.258000000000000451e-01
5.251333333333333409e-01
5.275999999999999579e-01
5.291333333333333444e-01
5.285333333333332995e-01
5.285333333333332995e-01
5.245333333333332959e-01
5.272000000000000020e-01
5.275333333333332986e-01
5.285999999999999588e-01
5.285999999999999588e-01
5.211999999999999966e-01
5.268666666666667053e-01
5.288000000000000478e-01
5.269333333333333647e-01
5.281333333333333435e-01
5.295333333333333004e-01
5.273333333333333206e-01
5.285999999999999588e-01
5.255333333333332968e-01
5.315999999999999615e-01
5.278666666666667062e-01
5.277333333333333876e-01
5.310000000000000275e-01
5.280000000000000249e-01
5.281333333333333435e-01
5.253999999999999782e-01
5.258000000000000451e-01
5.265999999999999570e-01
5.268666666666667053e-01
5.288000000000000478e-01
5.293333333333333224e-01
5.350000000000000311e-01
5.291333333333333444e-01
5.280666666666666842e-01
5.264666666666666384e-01
5.269333333333333647e-01
5.322666666666666657e-01
5.287333333333333885e-01
5.293333333333333224e-01
5.320666666666666877e-01
5.308666666666667089e-01
5.300666666666666860e-01
5.268666666666667053e-01
5.310000000000000275e-01
5.294666666666666410e-01
5.274666666666666393e-01
5.287333333333333885e-01
5.314666666666666428e-01
5.320000000000000284e-01
5.300000000000000266e-01
5.316666666666666208e-01
5.323333333333333250e-01
5.288666666666667071e-01
5.294666666666666410e-01
5.321333333333333471e-01
5.335999999999999632e-01
5.302666666666666639e-01
5.310000000000000275e-01
5.302000000000000046e-01
5.315333333333333021e-01
5.316666666666666208e-01
5.318666666666667098e-01
5.340000000000000302e-01
5.327333333333332810e-01
5.290666666666666851e-01
5.355333333333333057e-01
5.318000000000000504e-01
5.290000000000000258e-01
5.345999999999999641e-01
5.344666666666666455e-01
5.323999999999999844e-01
5.321333333333333471e-01
5.328666666666667107e-01
5.358000000000000540e-01
5.301333333333333453e-01
5.318000000000000504e-01
5.327333333333332810e-01
5.314666666666666428e-01
5.348666666666667124e-01
5.292000000000000037e-01
5.322000000000000064e-01
5.363333333333333286e-01
5.333333333333333259e-01
5.326666666666666217e-01
5.340666666666666895e-01
5.339333333333333709e-01
5.328666666666667107e-01
5.312666666666666648e-01
5.363999999999999879e-01
5.340666666666666895e-01
5.342666666666666675e-01
5.363999999999999879e-01
5.364666666666666472e-01
5.309333333333333682e-01
5.306666666666666199e-01
5.318666666666667098e-01
5.350000000000000311e-01
5.338666666666667115e-01
5.367333333333332845e-01
5.379333333333333744e-01
5.373999999999999888e-01
5.352000000000000091e-01
5.314666666666666428e-01
5.350000000000000311e-01
5.316666666666666208e-01
5.343999999999999861e-01
5.339333333333333709e-01
5.338666666666667115e-01
