3.317333333333333245e-01
3.308666666666666423e-01
3.376000000000000112e-01
3.390666666666666829e-01
3.426666666666666750e-01
3.452666666666666662e-01
3.432666666666666644e-01
3.477999999999999980e-01
3.514666666666666495e-01
3.513333333333333308e-01
3.534666666666666512e-01
3.598000000000000087e-01
3.624666666666666592e-01
3.595333333333333159e-01
3.629333333333333300e-01
3.596666666666666901e-01
3.646666666666666390e-01
3.695999999999999841e-01
3.701333333333333142e-01
3.672666666666666857e-01
3.718000000000000194e-01
3.719333333333333380e-01
3.776666666666666505e-01
3.755999999999999894e-01
3.761333333333333195e-01
3.788666666666666849e-01
3.788666666666666849e-01
3.798666666666666858e-01
3.843333333333333601e-01
3.845999999999999974e-01
3.845333333333333381e-01
3.869333333333333513e-01
3.862666666666666471e-01
3.865333333333333399e-01
3.932666666666666533e-01
3.939333333333333576e-01
3.971999999999999975e-01
3.957333333333333258e-01
3.926666666666666639e-01
3.927999999999999825e-01
3.957333333333333258e-01
3.927999999999999825e-01
3.976666666666666683e-01
3.991333333333333400e-01
4.001333333333333409e-01
4.023333333333333206e-01
4.022000000000000020e-01
4.028666666666666507e-01
4.052666666666666639e-01
4.056000000000000161e-01
4.042000000000000037e-01
4.049333333333333118e-01
4.034666666666666401e-01
4.077999999999999958e-01
4.074666666666666437e-01
4.082000000000000073e-01
4.059333333333333127e-01
4.128666666666666596e-01
4.109333333333333171e-01
4.096666666666666790e-01
4.139999999999999791e-01
4.152666666666666728e-01
4.139999999999999791e-01
4.135333333333333083e-01
4.158666666666666623e-01
4.169333333333333225e-01
4.196666666666666878e-01
4.146666666666666834e-01
4.166000000000000258e-01
4.169333333333333225e-01
4.185333333333333128e-01
4.208000000000000074e-01
4.175333333333333119e-01
4.193333333333333357e-01
4.186666666666666869e-01
4.162666666666666737e-01
4.214666666666666561e-01
4.199999999999999845e-01
4.172666666666666746e-01
4.188000000000000056e-01
4.212000000000000188e-01
4.215999999999999748e-01
4.209333333333333260e-01
4.225999999999999757e-01
4.269999999999999907e-01
4.242666666666666808e-01
4.262666666666666826e-01
4.249999999999999889e-01
4.288666666666666738e-01
4.256666666666666932e-01
4.193999999999999950e-01
4.281333333333333102e-01
4.288000000000000145e-01
4.278000000000000136e-01
4.331999999999999740e-01
4.268666666666666720e-01
4.288000000000000145e-01
4.338666666666666782e-01
4.311333333333333129e-01
4.332666666666666888e-01
4.330666666666666553e-01
4.325999999999999845e-01
4.355333333333333279e-01
4.321333333333333138e-01
4.357333333333333059e-01
4.323333333333333472e-01
4.366666666666666474e-01
4.383333333333333526e-01
4.326666666666666439e-01
4.347333333333333605e-01
4.358000000000000207e-01
4.395333333333333314e-01
4.375999999999999890e-01
4.397333333333333094e-01
4.365999999999999881e-01
4.425999999999999934e-01
4.371333333333333182e-01
4.396666666666666501e-01
4.425333333333333341e-01
4.400000000000000022e-01
4.415999999999999925e-01
4.408000000000000251e-01
4.419333333333333447e-01
4.395999999999999908e-01
4.426666666666666528e-01
4.390000000000000013e-01
4.409333333333333438e-01
4.428000000000000269e-01
4.441333333333333244e-01
4.440666666666666651e-01
4.398666666666666836e-01
4.441999999999999837e-01
4.421999999999999820e-01
4.441999999999999837e-01
4.434666666666666757e-01
4.448666666666666880e-01
4.463333333333333597e-01
4.429333333333333456e-01
4.480000000000000093e-01
4.465999999999999970e-01
4.486666666666666581e-01
4.445999999999999952e-01
4.446666666666666545e-01
4.491999999999999882e-01
4.510666666666666713e-01
4.470000000000000084e-01
4.513333333333333086e-01
4.477999999999999758e-01
4.471333333333333271e-01
4.526666666666666616e-01
4.443333333333333579e-01
4.460666666666666669e-01
4.536000000000000032e-01
4.519333333333333536e-01
4.506000000000000005e-01
4.547333333333333227e-01
4.529333333333333544e-01
4.556666666666666643e-01
4.530000000000000138e-01
4.518666666666666942e-01
4.548666666666666414e-01
4.499333333333333518e-01
4.487333333333333174e-01
4.557999999999999829e-01
4.522666666666666502e-01
4.516666666666666607e-01
4.493333333333333068e-01
4.525333333333333430e-01
4.529333333333333544e-01
4.563333333333333131e-01
4.581999999999999962e-01
4.561333333333333351e-01
4.591333333333333377e-01
4.568666666666666432e-01
4.577999999999999847e-01
4.575333333333333474e-01
4.585333333333333483e-01
4.576000000000000068e-01
4.555333333333333456e-01
4.575333333333333474e-01
4.574666666666666881e-01
4.573333333333333139e-01
4.556000000000000050e-01
4.609333333333333060e-01
4.571333333333333360e-01
4.586666666666666670e-01
4.619333333333333069e-01
4.573333333333333139e-01
4.602666666666666573e-01
4.626000000000000112e-01
4.620000000000000218e-01
4.640000000000000235e-01
4.600666666666666793e-01
4.583333333333333148e-01
4.616666666666666696e-01
4.648666666666666503e-01
4.626000000000000112e-01
4.666000000000000147e-01
4.652000000000000024e-01
4.610000000000000209e-01
4.610000000000000209e-01
4.639333333333333087e-01
4.636666666666666714e-01
4.593333333333333157e-01
4.668666666666666520e-01
4.630666666666666820e-01
4.657333333333333325e-01
4.653333333333333210e-01
4.638666666666666494e-01
4.629333333333333078e-01
4.656666666666666732e-01
4.680000000000000271e-01
4.653333333333333210e-01
4.650666666666666837e-01
4.666000000000000147e-01
4.659333333333333105e-01
4.676666666666666750e-01
4.649333333333333096e-01
4.663333333333333219e-01
4.689999999999999725e-01
4.683333333333333237e-01
4.662666666666666626e-01
4.711333333333333484e-01
4.670666666666666855e-01
4.688666666666666538e-01
4.675333333333333563e-01
4.677333333333333343e-01
4.698666666666666547e-01
4.694666666666666432e-01
4.718666666666666565e-01
4.679333333333333123e-01
4.673333333333333228e-01
4.692000000000000060e-01
4.690666666666666873e-01
4.688666666666666538e-01
4.711333333333333484e-01
4.753999999999999893e-01
4.734666666666666468e-01
4.716000000000000192e-01
4.739999999999999769e-01
4.739999999999999769e-01
4.736000000000000210e-01
4.726000000000000201e-01
4.741333333333333511e-01
4.747333333333333405e-01
4.730666666666666909e-01
4.721333333333333493e-01
4.751333333333333520e-01
4.734666666666666468e-01
4.709999999999999742e-01
4.705333333333333590e-01
4.749333333333333185e-01
4.743999999999999884e-01
4.741333333333333511e-01
4.745333333333333070e-01
4.756666666666666821e-01
4.772666666666666724e-01
4.744666666666666477e-01
4.754666666666666486e-01
4.763333333333333308e-01
4.749333333333333185e-01
4.768666666666666609e-01
4.772666666666666724e-01
4.776000000000000245e-01
4.786000000000000254e-01
4.769333333333333202e-01
4.772666666666666724e-01
4.782666666666666733e-01
4.798666666666666636e-01
4.778666666666666618e-01
4.787333333333333441e-01
4.733333333333333282e-01
4.796666666666666856e-01
4.749333333333333185e-01
4.774666666666666504e-01
4.768666666666666609e-01
4.789333333333333220e-01
4.766666666666666829e-01
4.772666666666666724e-01
4.829999999999999849e-01
4.779333333333333211e-01
4.783999999999999919e-01
4.802000000000000157e-01
4.812666666666666759e-01
4.765333333333333088e-01
4.835999999999999743e-01
4.796666666666666856e-01
4.806000000000000272e-01
4.832666666666666777e-01
4.811333333333333573e-01
4.798666666666666636e-01
4.783333333333333326e-01
4.817333333333333467e-01
4.832000000000000184e-01
4.816666666666666874e-01
4.815333333333333132e-01
4.777333333333333432e-01
4.839333333333333265e-01
4.812000000000000166e-01
4.781333333333333546e-01
4.870666666666666478e-01
4.823333333333333361e-01
4.809333333333333238e-01
4.827333333333333476e-01
4.853333333333333388e-01
4.801333333333333564e-01
4.829999999999999849e-01
4.882000000000000228e-01
4.858000000000000096e-01
4.823999999999999955e-01
4.882000000000000228e-01
4.853999999999999981e-01
4.856666666666666909e-01
4.852000000000000202e-01
4.847333333333333494e-01
4.851333333333333608e-01
4.852000000000000202e-01
4.842666666666666786e-01
4.869333333333333291e-01
4.819333333333333247e-01
4.867333333333333512e-01
4.852000000000000202e-01
4.843999999999999972e-01
4.852000000000000202e-01
4.852000000000000202e-01
4.892666666666666830e-01
4.859999999999999876e-01
4.870666666666666478e-01
4.868000000000000105e-01
4.845333333333333159e-01
4.898666666666666725e-01
4.895333333333333203e-01
4.845999999999999752e-01
4.870666666666666478e-01
4.879333333333333300e-01
4.849999999999999867e-01
4.903333333333333433e-01
4.905333333333333212e-01
4.864666666666666583e-01
4.861333333333333062e-01
4.862666666666666804e-01
4.915999999999999814e-01
4.908000000000000140e-01
4.917333333333333556e-01
4.913333333333333441e-01
4.901333333333333098e-01
4.889333333333333309e-01
4.887333333333333529e-01
4.896666666666666390e-01
4.848000000000000087e-01
4.895333333333333203e-01
4.926666666666666416e-01
4.896666666666666390e-01
4.890666666666666496e-01
4.900666666666666504e-01
4.928666666666666751e-01
4.908000000000000140e-01
4.908666666666666734e-01
4.903333333333333433e-01
4.940666666666666540e-01
4.924666666666666637e-01
4.929999999999999938e-01
4.914000000000000035e-01
4.924666666666666637e-01
4.972666666666666901e-01
4.869999999999999885e-01
4.934000000000000052e-01
4.881333333333333080e-01
4.872000000000000219e-01
4.957333333333333591e-01
4.927333333333333565e-01
4.893333333333333424e-01
4.930666666666666531e-01
4.920666666666666522e-01
4.984666666666666690e-01
4.931333333333333124e-01
4.949333333333333362e-01
4.962666666666666893e-01
4.998000000000000220e-01
4.976666666666666461e-01
4.965333333333333266e-01
4.929999999999999938e-01
4.961999999999999744e-01
4.974000000000000088e-01
4.958000000000000185e-01
4.961999999999999744e-01
4.949333333333333362e-01
4.951333333333333142e-01
4.931333333333333124e-01
4.979333333333333389e-01
4.944000000000000061e-01
4.925333333333333230e-01
4.941999999999999726e-01
4.936666666666666425e-01
4.971999999999999753e-01
5.001999999999999780e-01
4.959333333333333371e-01
4.943333333333333468e-01
4.971999999999999753e-01
4.944000000000000061e-01
4.943333333333333468e-01
4.932000000000000273e-01
4.967333333333333600e-01
4.966666666666666452e-01
4.991333333333333178e-01
4.979999999999999982e-01
4.971333333333333160e-01
4.988666666666666805e-01
4.979999999999999982e-01
4.971333333333333160e-01
4.983333333333333504e-01
4.999333333333333407e-01
5.006666666666667043e-01
4.984666666666666690e-01
5.000666666666666593e-01
4.991333333333333178e-01
5.014666666666666162e-01
4.989333333333333398e-01
5.001333333333333186e-01
4.997333333333333072e-01
4.989999999999999991e-01
4.993333333333333512e-01
5.036666666666667069e-01
4.995999999999999885e-01
4.990666666666666584e-01
4.997333333333333072e-01
5.013333333333332975e-01
5.030666666666666620e-01
5.023999999999999577e-01
4.997333333333333072e-01
5.031333333333333213e-01
5.035333333333333883e-01
4.988000000000000211e-01
4.991999999999999771e-01
5.003333333333332966e-01
5.030666666666666620e-01
5.030666666666666620e-01
5.053333333333333011e-01
5.027333333333333654e-01
5.023333333333332984e-01
5.042666666666666409e-01
5.011333333333333195e-01
5.034666666666666179e-01
5.041333333333333222e-01
5.018000000000000238e-01
5.032666666666666400e-01
5.017333333333333645e-01
5.013999999999999568e-01
5.039333333333333442e-01
5.031999999999999806e-01
5.045333333333332781e-01
5.030000000000000027e-01
5.052666666666666417e-01
5.103999999999999648e-01
5.030666666666666620e-01
5.032666666666666400e-01
5.026000000000000467e-01
5.020000000000000018e-01
5.038666666666666849e-01
5.051333333333333231e-01
5.031333333333333213e-01
5.050000000000000044e-01
5.048000000000000265e-01
5.041333333333333222e-01
5.071999999999999842e-01
5.028666666666666840e-01
5.043999999999999595e-01
5.038666666666666849e-01
5.032666666666666400e-01
5.040000000000000036e-01
5.028666666666666840e-01
5.040000000000000036e-01
5.020000000000000018e-01
5.046666666666667078e-01
4.996666666666666479e-01
5.081333333333333258e-01
5.065333333333332799e-01
5.024666666666666170e-01
5.071999999999999842e-01
5.073333333333333028e-01
5.063333333333333020e-01
5.121999999999999886e-01
5.103333333333333055e-01
5.067333333333333689e-01
5.060000000000000053e-01
5.106000000000000538e-01
5.041999999999999815e-01
5.077333333333333698e-01
5.080000000000000071e-01
5.053333333333333011e-01
5.089333333333333487e-01
5.070666666666666655e-01
5.082666666666666444e-01
5.076666666666667105e-01
5.080666666666666664e-01
5.083999999999999631e-01
5.103999999999999648e-01
5.086000000000000520e-01
5.106666666666667131e-01
5.079333333333333478e-01
5.064666666666666206e-01
5.099333333333333496e-01
5.060000000000000053e-01
5.074666666666666215e-01
5.077333333333333698e-01
5.083999999999999631e-01
5.080666666666666664e-01
5.081333333333333258e-01
5.083333333333333037e-01
5.076000000000000512e-01
5.089333333333333487e-01
5.094666666666666233e-01
5.101999999999999869e-01
5.053333333333333011e-01
5.086666666666667114e-01
5.088000000000000300e-01
5.090000000000000080e-01
5.113333333333333064e-01
5.112666666666666471e-01
5.085333333333332817e-01
5.116666666666667140e-01
5.078666666666666885e-01
5.108666666666666911e-01
5.097333333333333716e-01
5.091999999999999860e-01
5.137333333333333751e-01
5.119333333333333513e-01
5.102666666666666462e-01
5.101999999999999869e-01
5.121999999999999886e-01
5.096000000000000529e-01
5.119333333333333513e-01
5.116000000000000547e-01
5.113333333333333064e-01
5.103999999999999648e-01
5.093999999999999639e-01
5.111333333333333284e-01
5.121999999999999886e-01
5.140000000000000124e-01
5.146666666666667167e-01
5.162666666666666515e-01
5.161333333333333329e-01
5.118000000000000327e-01
5.123999999999999666e-01
5.128000000000000336e-01
5.096666666666667123e-01
5.123333333333333073e-01
5.090000000000000080e-01
5.088666666666666893e-01
5.114666666666666250e-01
5.138000000000000345e-01
5.109333333333333504e-01
5.160000000000000142e-01
5.155333333333332879e-01
5.141999999999999904e-01
5.153333333333333099e-01
5.143333333333333091e-01
5.143333333333333091e-01
5.127333333333333742e-01
5.096000000000000529e-01
5.143999999999999684e-01
5.158666666666666956e-01
5.159333333333333549e-01
5.135999999999999455e-01
5.132666666666666488e-01
5.103333333333333055e-01
5.136666666666667158e-01
5.162666666666666515e-01
5.145999999999999464e-01
5.116000000000000547e-01
5.139333333333333531e-01
5.185333333333332906e-01
5.156666666666667176e-01
5.131333333333333302e-01
5.147333333333333760e-01
5.157333333333333769e-01
5.171999999999999931e-01
5.162666666666666515e-01
5.087333333333333707e-01
5.213999999999999746e-01
5.173999999999999710e-01
5.163999999999999702e-01
5.171999999999999931e-01
5.133333333333333082e-01
5.183333333333333126e-01
5.190666666666666762e-01
5.178666666666666973e-01
5.148000000000000353e-01
5.170000000000000151e-01
5.198000000000000398e-01
5.159333333333333549e-01
5.148000000000000353e-01
5.198000000000000398e-01
5.151333333333333320e-01
5.148666666666666947e-01
5.207333333333333814e-01
5.180000000000000160e-01
5.145333333333332870e-01
5.170666666666666744e-01
5.221333333333333382e-01
5.182666666666666533e-01
5.186666666666667203e-01
5.121333333333333293e-01
5.184666666666666313e-01
5.183333333333333126e-01
5.162666666666666515e-01
5.205999999999999517e-01
5.183333333333333126e-01
5.192666666666666542e-01
5.170666666666666744e-01
5.181999999999999940e-01
5.155333333333332879e-01
5.177333333333333787e-01
5.185333333333332906e-01
5.203999999999999737e-01
5.217333333333333822e-01
5.196666666666667211e-01
5.185999999999999499e-01
5.180000000000000160e-01
5.173333333333333117e-01
5.165333333333332888e-01
5.170000000000000151e-01
5.152666666666666506e-01
5.191999999999999948e-01
5.216666666666666119e-01
5.208666666666667000e-01
5.200000000000000178e-01
5.160000000000000142e-01
5.188000000000000389e-01
5.198000000000000398e-01
5.188000000000000389e-01
5.208000000000000407e-01
5.144666666666666277e-01
5.190666666666666762e-01
5.205333333333332924e-01
5.195333333333332915e-01
5.196666666666667211e-01
5.208666666666667000e-01
5.193999999999999728e-01
5.204666666666666330e-01
5.162666666666666515e-01
5.228666666666667018e-01
5.201333333333333364e-01
5.190666666666666762e-01
5.207333333333333814e-01
5.183999999999999719e-01
5.188666666666666982e-01
5.171333333333333337e-01
5.181999999999999940e-01
5.177333333333333787e-01
5.182666666666666533e-01
5.200000000000000178e-01
5.219333333333333602e-01
5.264666666666666384e-01
5.202666666666666551e-01
5.191333333333333355e-01
5.183333333333333126e-01
5.180000000000000160e-01
5.235333333333332950e-01
5.194666666666666321e-01
5.211999999999999966e-01
5.243333333333333179e-01
5.225999999999999535e-01
5.208666666666667000e-01
5.195333333333332915e-01
5.229333333333333611e-01
5.218666666666667009e-01
5.190666666666666762e-01
5.213333333333333153e-01
5.227333333333333831e-01
5.220666666666666789e-01
5.218666666666667009e-01
5.229333333333333611e-01
5.243333333333333179e-01
5.201333333333333364e-01
5.213999999999999746e-01
5.233333333333333171e-01
5.243999999999999773e-01
5.228666666666667018e-01
5.218666666666667009e-01
5.213333333333333153e-01
5.230666666666666798e-01
5.250666666666666815e-01
5.228666666666667018e-01
5.252666666666666595e-01
5.237333333333333840e-01
5.215999999999999526e-01
5.266666666666666163e-01
5.234666666666666357e-01
5.201999999999999957e-01
5.260000000000000231e-01
5.261333333333333417e-01
5.236666666666666137e-01
5.223999999999999755e-01
5.241333333333333400e-01
5.279333333333333655e-01
5.221999999999999975e-01
5.241333333333333400e-01
5.249333333333333629e-01
5.244666666666666366e-01
5.274666666666666393e-01
5.215333333333332932e-01
5.250666666666666815e-01
5.284666666666666401e-01
5.256666666666666154e-01
5.243999999999999773e-01
5.259333333333333638e-01
5.257333333333333858e-01
5.249333333333333629e-01
5.233333333333333171e-01
5.269333333333333647e-01
5.253999999999999782e-01
5.259333333333333638e-01
5.285999999999999588e-01
5.281333333333333435e-01
5.220000000000000195e-01
5.221333333333333382e-01
5.240666666666666806e-01
5.262000000000000011e-01
5.265999999999999570e-01
5.281333333333333435e-01
5.309333333333333682e-01
5.290666666666666851e-01
5.271333333333333426e-01
5.225999999999999535e-01
5.274666666666666393e-01
5.242666666666666586e-01
5.276666666666666172e-01
5.260000000000000231e-01
5.263999999999999790e-01
