4.295999999999999819e-01
4.259999999999999898e-01
4.305999999999999828e-01
4.284666666666666623e-01
4.304000000000000048e-01
4.289333333333333331e-01
4.309333333333333349e-01
4.304666666666666641e-01
4.348666666666666791e-01
4.301333333333333120e-01
4.310666666666666536e-01
4.335999999999999854e-01
4.325333333333333252e-01
4.318000000000000171e-01
4.324000000000000066e-01
4.309999999999999942e-01
4.334000000000000075e-01
4.359999999999999987e-01
4.345333333333333270e-01
4.335333333333333261e-01
4.362666666666666915e-01
4.329999999999999960e-01
4.353333333333333499e-01
4.351333333333333164e-01
4.341999999999999749e-01
4.368000000000000216e-01
4.350666666666666571e-01
4.362666666666666915e-01
4.379333333333333411e-01
4.387333333333333085e-01
4.394000000000000128e-01
4.367333333333333067e-01
4.389333333333333420e-01
4.368666666666666809e-01
4.424666666666666748e-01
4.424666666666666748e-01
4.444666666666666766e-01
4.418666666666666853e-01
4.386666666666666492e-01
4.397333333333333094e-01
4.411333333333333218e-01
4.380000000000000004e-01
4.437999999999999723e-01
4.429333333333333456e-01
4.441333333333333244e-01
4.441333333333333244e-01
4.454000000000000181e-01
4.445999999999999952e-01
4.441333333333333244e-01
4.436666666666666536e-01
4.454666666666666774e-01
4.442666666666666431e-01
4.443333333333333579e-01
4.463333333333333597e-01
4.467333333333333156e-01
4.451333333333333253e-01
4.416666666666666519e-01
4.478666666666666907e-01
4.494000000000000217e-01
4.471333333333333271e-01
4.473333333333333606e-01
4.501333333333333298e-01
4.491999999999999882e-01
4.486666666666666581e-01
4.506666666666666599e-01
4.489333333333333509e-01
4.534000000000000252e-01
4.475999999999999979e-01
4.494000000000000217e-01
4.491999999999999882e-01
4.505333333333333412e-01
4.517999999999999794e-01
4.470000000000000084e-01
4.515333333333333421e-01
4.505333333333333412e-01
4.451999999999999846e-01
4.524666666666666837e-01
4.509333333333333527e-01
4.469333333333333491e-01
4.507333333333333192e-01
4.530000000000000138e-01
4.512666666666666493e-01
4.526666666666666616e-01
4.527999999999999803e-01
4.566000000000000059e-01
4.531999999999999917e-01
4.541999999999999926e-01
4.534666666666666845e-01
4.570666666666666766e-01
4.570666666666666766e-01
4.500666666666666704e-01
4.571999999999999953e-01
4.543333333333333113e-01
4.554666666666666863e-01
4.585333333333333483e-01
4.556000000000000050e-01
4.549333333333333562e-01
4.581999999999999962e-01
4.544666666666666854e-01
4.591333333333333377e-01
4.570666666666666766e-01
4.581333333333333369e-01
4.603333333333333166e-01
4.551333333333333342e-01
4.596000000000000085e-01
4.575333333333333474e-01
4.600666666666666793e-01
4.620666666666666811e-01
4.576000000000000068e-01
4.602666666666666573e-01
4.607999999999999874e-01
4.611333333333333395e-01
4.606666666666666687e-01
4.628666666666666485e-01
4.600666666666666793e-01
4.648666666666666503e-01
4.607999999999999874e-01
4.630000000000000226e-01
4.640666666666666829e-01
4.632666666666666599e-01
4.648666666666666503e-01
4.652000000000000024e-01
4.674666666666666415e-01
4.617333333333333290e-01
4.660666666666666846e-01
4.636666666666666714e-01
4.640666666666666829e-01
4.641333333333333422e-01
4.676666666666666750e-01
4.656000000000000139e-01
4.638666666666666494e-01
4.659333333333333105e-01
4.660666666666666846e-01
4.670000000000000262e-01
4.663999999999999813e-01
4.653333333333333210e-01
4.657999999999999918e-01
4.646000000000000130e-01
4.693999999999999839e-01
4.658666666666666512e-01
4.685333333333333572e-01
4.630666666666666820e-01
4.645333333333333536e-01
4.716666666666666785e-01
4.712666666666666671e-01
4.677999999999999936e-01
4.707333333333333369e-01
4.670000000000000262e-01
4.657333333333333325e-01
4.717999999999999972e-01
4.656666666666666732e-01
4.676666666666666750e-01
4.729999999999999760e-01
4.733333333333333282e-01
4.716666666666666785e-01
4.728666666666666574e-01
4.741333333333333511e-01
4.739999999999999769e-01
4.704666666666666441e-01
4.710666666666666891e-01
4.729999999999999760e-01
4.688666666666666538e-01
4.694666666666666432e-01
4.743333333333333290e-01
4.709333333333333149e-01
4.719333333333333158e-01
4.680000000000000271e-01
4.736666666666666803e-01
4.715333333333333599e-01
4.743333333333333290e-01
4.760666666666666935e-01
4.748666666666666591e-01
4.749999999999999778e-01
4.757333333333333414e-01
4.746666666666666812e-01
4.756666666666666821e-01
4.767333333333333423e-01
4.749999999999999778e-01
4.746666666666666812e-01
4.732000000000000095e-01
4.756000000000000227e-01
4.752000000000000113e-01
4.743333333333333290e-01
4.766000000000000236e-01
4.727999999999999980e-01
4.746666666666666812e-01
4.778000000000000025e-01
4.756000000000000227e-01
4.755333333333333079e-01
4.802666666666666750e-01
4.790666666666666407e-01
4.794666666666666521e-01
4.766000000000000236e-01
4.746666666666666812e-01
4.778000000000000025e-01
4.802000000000000157e-01
4.787333333333333441e-01
4.815999999999999726e-01
4.803333333333333344e-01
4.779999999999999805e-01
4.782666666666666733e-01
4.796000000000000263e-01
4.793333333333333335e-01
4.765333333333333088e-01
4.825999999999999734e-01
4.783999999999999919e-01
4.813333333333333353e-01
4.819999999999999840e-01
4.782666666666666733e-01
4.793333333333333335e-01
4.803333333333333344e-01
4.856666666666666909e-01
4.823999999999999955e-01
4.812666666666666759e-01
4.808666666666666645e-01
4.819999999999999840e-01
4.828000000000000069e-01
4.798000000000000043e-01
4.817333333333333467e-01
4.844666666666666566e-01
4.824666666666666548e-01
4.804666666666666530e-01
4.871333333333333071e-01
4.823999999999999955e-01
4.835999999999999743e-01
4.814666666666666539e-01
4.838666666666666671e-01
4.848000000000000087e-01
4.865999999999999770e-01
4.867333333333333512e-01
4.818000000000000060e-01
4.819999999999999840e-01
4.840666666666666451e-01
4.832666666666666777e-01
4.834666666666666557e-01
4.856666666666666909e-01
4.899333333333333318e-01
4.879333333333333300e-01
4.865999999999999770e-01
4.876666666666666927e-01
4.887333333333333529e-01
4.888666666666666716e-01
4.863999999999999990e-01
4.862000000000000210e-01
4.866666666666666918e-01
4.878000000000000114e-01
4.882000000000000228e-01
4.879333333333333300e-01
4.874666666666666592e-01
4.845333333333333159e-01
4.841333333333333599e-01
4.889333333333333309e-01
4.868000000000000105e-01
4.888666666666666716e-01
4.866666666666666918e-01
4.888666666666666716e-01
4.925333333333333230e-01
4.899999999999999911e-01
4.889999999999999902e-01
4.887333333333333529e-01
4.901333333333333098e-01
4.908000000000000140e-01
4.896666666666666390e-01
4.908000000000000140e-01
4.925999999999999823e-01
4.914666666666666628e-01
4.919333333333333336e-01
4.941999999999999726e-01
4.940666666666666540e-01
4.920666666666666522e-01
4.922666666666666857e-01
4.874666666666666592e-01
4.928666666666666751e-01
4.885999999999999788e-01
4.909999999999999920e-01
4.883333333333333415e-01
4.931333333333333124e-01
4.898666666666666725e-01
4.914000000000000035e-01
4.953333333333333477e-01
4.904000000000000026e-01
4.924666666666666637e-01
4.935333333333333239e-01
4.934666666666666646e-01
4.902666666666666839e-01
4.957333333333333591e-01
4.941333333333333133e-01
4.936666666666666425e-01
4.964000000000000079e-01
4.936666666666666425e-01
4.932666666666666866e-01
4.916666666666666408e-01
4.946666666666666434e-01
4.961999999999999744e-01
4.946666666666666434e-01
4.939333333333333353e-01
4.889999999999999902e-01
4.965333333333333266e-01
4.930666666666666531e-01
4.919333333333333336e-01
4.990666666666666584e-01
4.947333333333333583e-01
4.938000000000000167e-01
4.949333333333333362e-01
4.978000000000000203e-01
4.927333333333333565e-01
4.965999999999999859e-01
5.014666666666666162e-01
4.973333333333333495e-01
4.963333333333333486e-01
4.996666666666666479e-01
4.980666666666666575e-01
4.981999999999999762e-01
4.965333333333333266e-01
4.965999999999999859e-01
4.970666666666666567e-01
4.968666666666666787e-01
4.965333333333333266e-01
5.005333333333333856e-01
4.954666666666666663e-01
4.991999999999999771e-01
4.973333333333333495e-01
4.975999999999999868e-01
4.974666666666666681e-01
4.979333333333333389e-01
5.027333333333333654e-01
4.977333333333333609e-01
4.981333333333333169e-01
5.001333333333333186e-01
4.964666666666666672e-01
5.006000000000000449e-01
5.013333333333332975e-01
4.969999999999999973e-01
4.983333333333333504e-01
5.004666666666666153e-01
4.956666666666666443e-01
5.020000000000000018e-01
5.014666666666666162e-01
4.979333333333333389e-01
4.977333333333333609e-01
4.978666666666666796e-01
5.043333333333333002e-01
5.020000000000000018e-01
5.018666666666666831e-01
5.031333333333333213e-01
5.006000000000000449e-01
5.003999999999999559e-01
4.985999999999999877e-01
5.021333333333333204e-01
4.952666666666666884e-01
5.011999999999999789e-01
5.048000000000000265e-01
5.003333333333332966e-01
4.999333333333333407e-01
5.023333333333332984e-01
5.048000000000000265e-01
5.020666666666666611e-01
5.016000000000000458e-01
5.014666666666666162e-01
5.043999999999999595e-01
5.038000000000000256e-01
5.035333333333333883e-01
5.024666666666666170e-01
5.024666666666666170e-01
5.069333333333333469e-01
4.976666666666666461e-01
5.040000000000000036e-01
5.013333333333332975e-01
4.991333333333333178e-01
5.060000000000000053e-01
5.028666666666666840e-01
5.007333333333333636e-01
5.031333333333333213e-01
5.026000000000000467e-01
5.076666666666667105e-01
5.029333333333333433e-01
5.058000000000000274e-01
5.058000000000000274e-01
5.091333333333333266e-01
5.073999999999999622e-01
5.065333333333332799e-01
5.038666666666666849e-01
5.063333333333333020e-01
5.066000000000000503e-01
5.043333333333333002e-01
5.077333333333333698e-01
5.058666666666666867e-01
5.042666666666666409e-01
5.044666666666666188e-01
5.075333333333332808e-01
5.042666666666666409e-01
5.036000000000000476e-01
5.053999999999999604e-01
5.049333333333333451e-01
5.071999999999999842e-01
5.103999999999999648e-01
5.051333333333333231e-01
5.048666666666666858e-01
5.087333333333333707e-01
5.046666666666667078e-01
5.058000000000000274e-01
5.038000000000000256e-01
5.058666666666666867e-01
5.075333333333332808e-01
5.088000000000000300e-01
5.084666666666666224e-01
5.070666666666666655e-01
5.094666666666666233e-01
5.074666666666666215e-01
5.065333333333332799e-01
5.099333333333333496e-01
5.087333333333333707e-01
5.107333333333333725e-01
5.069333333333333469e-01
5.098000000000000309e-01
5.073999999999999622e-01
5.116666666666667140e-01
5.080000000000000071e-01
5.100000000000000089e-01
5.096000000000000529e-01
5.081333333333333258e-01
5.098666666666666902e-01
5.127333333333333742e-01
5.101333333333333275e-01
5.078666666666666885e-01
5.093999999999999639e-01
5.103333333333333055e-01
5.128666666666666929e-01
5.109333333333333504e-01
5.091999999999999860e-01
5.121333333333333293e-01
5.125333333333332853e-01
5.081333333333333258e-01
5.097333333333333716e-01
5.110666666666666691e-01
5.133333333333333082e-01
5.118000000000000327e-01
5.151333333333333320e-01
5.115333333333332844e-01
5.113999999999999657e-01
5.140666666666666718e-01
5.100000000000000089e-01
5.112666666666666471e-01
5.140666666666666718e-01
5.114666666666666250e-01
5.123999999999999666e-01
5.115333333333332844e-01
5.108666666666666911e-01
5.123333333333333073e-01
5.129333333333333522e-01
5.130666666666666709e-01
5.114666666666666250e-01
5.155999999999999472e-01
5.181999999999999940e-01
5.121999999999999886e-01
5.114666666666666250e-01
5.103333333333333055e-01
5.135999999999999455e-01
5.130666666666666709e-01
5.135333333333332861e-01
5.141333333333333311e-01
5.140666666666666718e-01
5.131999999999999895e-01
5.140000000000000124e-01
5.173999999999999710e-01
5.131333333333333302e-01
5.134666666666666268e-01
5.133333333333333082e-01
5.126666666666667149e-01
5.128000000000000336e-01
5.119333333333333513e-01
5.123999999999999666e-01
5.105333333333332835e-01
5.143999999999999684e-01
5.083999999999999631e-01
5.160666666666666735e-01
5.151333333333333320e-01
5.110000000000000098e-01
5.153333333333333099e-01
5.153999999999999693e-01
5.147333333333333760e-01
5.201999999999999957e-01
5.185333333333332906e-01
5.166666666666667185e-01
5.148666666666666947e-01
5.163333333333333108e-01
5.135333333333332861e-01
5.162666666666666515e-01
5.160000000000000142e-01
5.123999999999999666e-01
5.169333333333333558e-01
5.165333333333332888e-01
5.171999999999999931e-01
5.137333333333333751e-01
5.160000000000000142e-01
5.163999999999999702e-01
5.188000000000000389e-01
5.170666666666666744e-01
5.175999999999999490e-01
5.155999999999999472e-01
5.155333333333332879e-01
5.188000000000000389e-01
5.146666666666667167e-01
5.164666666666666295e-01
5.176666666666667194e-01
5.173333333333333117e-01
5.179333333333333567e-01
5.160666666666666735e-01
5.150666666666666726e-01
5.163999999999999702e-01
5.177333333333333787e-01
5.193333333333333135e-01
5.168666666666666965e-01
5.148666666666666947e-01
5.160666666666666735e-01
5.185333333333332906e-01
5.174666666666666304e-01
5.206666666666667220e-01
5.216666666666666119e-01
5.173999999999999710e-01
5.194666666666666321e-01
5.189333333333333576e-01
5.201999999999999957e-01
5.197333333333333805e-01
5.186666666666667203e-01
5.234666666666666357e-01
5.207333333333333814e-01
5.183333333333333126e-01
5.189333333333333576e-01
5.212666666666666559e-01
5.183333333333333126e-01
5.199333333333333584e-01
5.198666666666666991e-01
5.201999999999999957e-01
5.183333333333333126e-01
5.173333333333333117e-01
5.197333333333333805e-01
5.198666666666666991e-01
5.214666666666666339e-01
5.225999999999999535e-01
5.237333333333333840e-01
5.243333333333333179e-01
5.204666666666666330e-01
5.208666666666667000e-01
5.218666666666667009e-01
5.183333333333333126e-01
5.207333333333333814e-01
5.185333333333332906e-01
5.166666666666667185e-01
5.204666666666666330e-01
5.223333333333333162e-01
5.190000000000000169e-01
5.248000000000000442e-01
5.248666666666667036e-01
5.223999999999999755e-01
5.234666666666666357e-01
5.238666666666667027e-01
5.221999999999999975e-01
5.210000000000000187e-01
5.179333333333333567e-01
5.230666666666666798e-01
5.244666666666666366e-01
5.240666666666666806e-01
5.229333333333333611e-01
5.223999999999999755e-01
5.196666666666667211e-01
5.220666666666666789e-01
5.240000000000000213e-01
5.232666666666666577e-01
5.216666666666666119e-01
5.228000000000000425e-01
5.269333333333333647e-01
5.258666666666667044e-01
5.211333333333333373e-01
5.231333333333333391e-01
5.245333333333332959e-01
5.250000000000000222e-01
5.247333333333333849e-01
5.169333333333333558e-01
5.294666666666666410e-01
5.255999999999999561e-01
5.249333333333333629e-01
5.253333333333333188e-01
5.221999999999999975e-01
5.250000000000000222e-01
5.268666666666667053e-01
5.256666666666666154e-01
5.221999999999999975e-01
5.240000000000000213e-01
5.270000000000000240e-01
5.231999999999999984e-01
5.229333333333333611e-01
5.279333333333333655e-01
5.223999999999999755e-01
5.234666666666666357e-01
5.272666666666666613e-01
5.270000000000000240e-01
5.217333333333333822e-01
5.253333333333333188e-01
5.302000000000000046e-01
5.266666666666666163e-01
5.267333333333333867e-01
5.208666666666667000e-01
5.273333333333333206e-01
5.258666666666667044e-01
5.248666666666667036e-01
5.290666666666666851e-01
5.263333333333333197e-01
5.262666666666666604e-01
5.258000000000000451e-01
5.258666666666667044e-01
5.253999999999999782e-01
5.257333333333333858e-01
5.269333333333333647e-01
5.298000000000000487e-01
5.296666666666666190e-01
5.271333333333333426e-01
5.274666666666666393e-01
5.261333333333333417e-01
5.260666666666666824e-01
5.253999999999999782e-01
5.258666666666667044e-01
5.250000000000000222e-01
5.278666666666667062e-01
5.292000000000000037e-01
5.284666666666666401e-01
5.288666666666667071e-01
5.249333333333333629e-01
5.278000000000000469e-01
5.279333333333333655e-01
5.291333333333333444e-01
5.289333333333333664e-01
5.215999999999999526e-01
5.272666666666666613e-01
5.288000000000000478e-01
5.271333333333333426e-01
5.288666666666667071e-01
5.300666666666666860e-01
5.278000000000000469e-01
5.293333333333333224e-01
5.261333333333333417e-01
5.323333333333333250e-01
5.282666666666666622e-01
5.283333333333333215e-01
5.311333333333333462e-01
5.282000000000000028e-01
5.290000000000000258e-01
5.258000000000000451e-01
5.262666666666666604e-01
5.276666666666666172e-01
5.273333333333333206e-01
5.293999999999999817e-01
5.298000000000000487e-01
5.353999999999999870e-01
5.294666666666666410e-01
5.280666666666666842e-01
5.267333333333333867e-01
5.272666666666666613e-01
5.322000000000000064e-01
5.293333333333333224e-01
5.300000000000000266e-01
5.325333333333333030e-01
5.312000000000000055e-01
5.302666666666666639e-01
5.273333333333333206e-01
5.312000000000000055e-01
5.301333333333333453e-01
5.275999999999999579e-01
5.290666666666666851e-01
5.318000000000000504e-01
5.321333333333333471e-01
5.299333333333333673e-01
5.321333333333333471e-01
5.332666666666666666e-01
5.293999999999999817e-01
5.299333333333333673e-01
5.323999999999999844e-01
5.338000000000000522e-01
5.310000000000000275e-01
5.313999999999999835e-01
5.306666666666666199e-01
5.316666666666666208e-01
5.321333333333333471e-01
5.323333333333333250e-01
5.342000000000000082e-01
5.330000000000000293e-01
5.295333333333333004e-01
5.362000000000000099e-01
5.318666666666667098e-01
5.295999999999999597e-01
5.344666666666666455e-01
5.349333333333333718e-01
5.325999999999999623e-01
5.325999999999999623e-01
5.335333333333333039e-01
5.356666666666666243e-01
5.302666666666666639e-01
5.318666666666667098e-01
5.326666666666666217e-01
5.313999999999999835e-01
5.352000000000000091e-01
5.296666666666666190e-01
5.322666666666666657e-01
5.364666666666666472e-01
5.339333333333333709e-01
5.333333333333333259e-01
5.348000000000000531e-01
5.344666666666666455e-01
5.327333333333332810e-01
5.312666666666666648e-01
5.365999999999999659e-01
5.344666666666666455e-01
5.348000000000000531e-01
5.365999999999999659e-01
5.370000000000000329e-01
5.315999999999999615e-01
5.307333333333332792e-01
5.326666666666666217e-01
5.362666666666666693e-01
5.344666666666666455e-01
5.371333333333333515e-01
5.385333333333333083e-01
5.378666666666667151e-01
5.353999999999999870e-01
5.317333333333332801e-01
5.355333333333333057e-01
5.320666666666666877e-01
5.342000000000000082e-01
5.342000000000000082e-01
5.340666666666666895e-01
