4.261333333333333084e-01
4.218000000000000083e-01
4.263333333333333419e-01
4.233333333333333393e-01
4.255999999999999783e-01
4.259999999999999898e-01
4.265333333333333199e-01
4.268666666666666720e-01
4.309999999999999942e-01
4.249999999999999889e-01
4.264666666666666606e-01
4.298666666666666747e-01
4.280666666666666509e-01
4.277333333333333543e-01
4.288666666666666738e-01
4.272000000000000242e-01
4.295333333333333226e-01
4.323333333333333472e-01
4.302666666666666861e-01
4.302000000000000268e-01
4.325333333333333252e-01
4.293333333333333446e-01
4.318000000000000171e-01
4.306666666666666421e-01
4.308666666666666756e-01
4.333333333333333481e-01
4.313333333333333464e-01
4.328666666666666774e-01
4.348666666666666791e-01
4.354666666666666686e-01
4.357333333333333059e-01
4.334666666666666668e-01
4.360666666666666580e-01
4.331333333333333147e-01
4.389333333333333420e-01
4.385999999999999899e-01
4.414000000000000146e-01
4.383333333333333526e-01
4.357333333333333059e-01
4.365333333333333288e-01
4.377333333333333076e-01
4.345999999999999863e-01
4.408666666666666845e-01
4.392666666666666941e-01
4.404666666666666730e-01
4.405333333333333323e-01
4.430666666666666642e-01
4.410666666666666624e-01
4.410000000000000031e-01
4.414666666666666739e-01
4.420666666666666633e-01
4.408666666666666845e-01
4.401999999999999802e-01
4.438666666666666871e-01
4.432666666666666422e-01
4.420666666666666633e-01
4.399333333333333429e-01
4.454000000000000181e-01
4.471333333333333271e-01
4.438666666666666871e-01
4.447333333333333139e-01
4.473333333333333606e-01
4.454666666666666774e-01
4.450000000000000067e-01
4.480000000000000093e-01
4.464000000000000190e-01
4.509333333333333527e-01
4.457999999999999741e-01
4.465333333333333377e-01
4.463333333333333597e-01
4.481999999999999873e-01
4.500000000000000111e-01
4.452666666666666440e-01
4.482666666666666466e-01
4.477999999999999758e-01
4.434000000000000163e-01
4.504000000000000226e-01
4.485333333333333394e-01
4.438666666666666871e-01
4.475333333333333385e-01
4.499333333333333518e-01
4.491333333333333289e-01
4.493333333333333068e-01
4.503333333333333077e-01
4.540666666666666740e-01
4.503333333333333077e-01
4.512666666666666493e-01
4.505333333333333412e-01
4.537999999999999812e-01
4.537999999999999812e-01
4.467999999999999750e-01
4.537333333333333218e-01
4.510666666666666713e-01
4.524666666666666837e-01
4.558666666666666423e-01
4.537999999999999812e-01
4.526666666666666616e-01
4.551999999999999935e-01
4.531333333333333324e-01
4.567999999999999838e-01
4.546000000000000041e-01
4.561333333333333351e-01
4.581999999999999962e-01
4.534000000000000252e-01
4.571999999999999953e-01
4.556666666666666643e-01
4.572666666666666546e-01
4.599333333333333607e-01
4.548666666666666414e-01
4.583999999999999742e-01
4.588666666666666449e-01
4.591999999999999971e-01
4.590000000000000191e-01
4.610000000000000209e-01
4.578666666666666440e-01
4.631333333333333413e-01
4.591999999999999971e-01
4.615333333333333510e-01
4.620666666666666811e-01
4.603999999999999759e-01
4.633999999999999786e-01
4.636000000000000121e-01
4.647333333333333316e-01
4.601999999999999980e-01
4.623999999999999777e-01
4.611999999999999988e-01
4.616666666666666696e-01
4.624666666666666925e-01
4.653333333333333210e-01
4.633333333333333193e-01
4.617999999999999883e-01
4.642000000000000015e-01
4.642666666666666608e-01
4.651333333333333431e-01
4.639333333333333087e-01
4.637333333333333307e-01
4.643333333333333202e-01
4.632666666666666599e-01
4.678666666666666529e-01
4.639333333333333087e-01
4.667333333333333334e-01
4.610666666666666802e-01
4.633333333333333193e-01
4.701333333333333475e-01
4.693333333333333246e-01
4.665333333333333554e-01
4.687999999999999945e-01
4.652666666666666617e-01
4.642666666666666608e-01
4.700666666666666882e-01
4.640000000000000235e-01
4.661333333333333440e-01
4.711333333333333484e-01
4.709999999999999742e-01
4.702000000000000068e-01
4.713333333333333264e-01
4.729333333333333167e-01
4.722666666666666679e-01
4.689333333333333131e-01
4.694666666666666432e-01
4.719333333333333158e-01
4.676666666666666750e-01
4.674666666666666415e-01
4.727999999999999980e-01
4.696666666666666767e-01
4.701333333333333475e-01
4.660000000000000253e-01
4.713333333333333264e-01
4.693333333333333246e-01
4.723333333333333273e-01
4.753333333333333299e-01
4.731333333333333502e-01
4.739333333333333176e-01
4.742666666666666697e-01
4.730666666666666909e-01
4.734666666666666468e-01
4.753333333333333299e-01
4.733999999999999875e-01
4.729999999999999760e-01
4.717999999999999972e-01
4.742000000000000104e-01
4.728666666666666574e-01
4.725333333333333607e-01
4.747999999999999998e-01
4.708666666666666556e-01
4.728666666666666574e-01
4.761333333333333528e-01
4.739999999999999769e-01
4.734666666666666468e-01
4.780666666666666398e-01
4.773333333333333317e-01
4.774666666666666504e-01
4.749333333333333185e-01
4.732000000000000095e-01
4.768000000000000016e-01
4.793999999999999928e-01
4.776666666666666838e-01
4.799333333333333229e-01
4.795333333333333115e-01
4.769333333333333202e-01
4.772000000000000131e-01
4.785333333333333106e-01
4.785333333333333106e-01
4.740666666666666917e-01
4.813999999999999946e-01
4.773999999999999910e-01
4.807333333333333458e-01
4.805333333333333123e-01
4.765333333333333088e-01
4.772666666666666724e-01
4.783999999999999919e-01
4.842666666666666786e-01
4.812666666666666759e-01
4.801333333333333564e-01
4.793333333333333335e-01
4.796666666666666856e-01
4.812000000000000166e-01
4.783999999999999919e-01
4.804666666666666530e-01
4.834666666666666557e-01
4.812000000000000166e-01
4.792000000000000148e-01
4.853333333333333388e-01
4.810666666666666424e-01
4.817333333333333467e-01
4.803999999999999937e-01
4.820666666666666433e-01
4.832666666666666777e-01
4.858000000000000096e-01
4.852666666666666795e-01
4.805333333333333123e-01
4.810666666666666424e-01
4.829333333333333256e-01
4.827333333333333476e-01
4.824666666666666548e-01
4.843999999999999972e-01
4.883333333333333415e-01
4.866666666666666918e-01
4.852000000000000202e-01
4.860666666666666469e-01
4.878666666666666707e-01
4.878666666666666707e-01
4.849999999999999867e-01
4.856666666666666909e-01
4.859999999999999876e-01
4.863999999999999990e-01
4.871333333333333071e-01
4.870666666666666478e-01
4.862000000000000210e-01
4.834666666666666557e-01
4.830666666666666442e-01
4.876666666666666927e-01
4.855999999999999761e-01
4.873999999999999999e-01
4.850666666666666460e-01
4.868000000000000105e-01
4.912666666666666848e-01
4.886666666666666936e-01
4.878666666666666707e-01
4.876666666666666927e-01
4.890666666666666496e-01
4.899333333333333318e-01
4.887333333333333529e-01
4.902666666666666839e-01
4.915333333333333221e-01
4.902000000000000246e-01
4.913333333333333441e-01
4.928666666666666751e-01
4.926666666666666416e-01
4.903333333333333433e-01
4.908666666666666734e-01
4.863333333333333397e-01
4.918000000000000149e-01
4.869999999999999885e-01
4.894666666666666610e-01
4.871333333333333071e-01
4.925333333333333230e-01
4.889333333333333309e-01
4.897333333333333538e-01
4.945333333333333248e-01
4.882666666666666822e-01
4.905333333333333212e-01
4.922000000000000264e-01
4.923333333333333450e-01
4.889333333333333309e-01
4.944000000000000061e-01
4.931333333333333124e-01
4.924000000000000044e-01
4.954000000000000070e-01
4.924000000000000044e-01
4.923333333333333450e-01
4.907333333333333547e-01
4.930666666666666531e-01
4.949333333333333362e-01
4.938000000000000167e-01
4.932000000000000273e-01
4.885999999999999788e-01
4.959999999999999964e-01
4.921333333333333115e-01
4.906666666666666399e-01
4.978666666666666796e-01
4.942666666666666875e-01
4.926666666666666416e-01
4.935333333333333239e-01
4.968666666666666787e-01
4.922000000000000264e-01
4.948666666666666769e-01
5.002666666666666373e-01
4.963333333333333486e-01
4.948000000000000176e-01
4.980666666666666575e-01
4.971999999999999753e-01
4.973333333333333495e-01
4.954666666666666663e-01
4.956666666666666443e-01
4.964000000000000079e-01
4.960666666666666558e-01
4.958000000000000185e-01
4.991333333333333178e-01
4.941999999999999726e-01
4.980666666666666575e-01
4.962666666666666893e-01
4.964000000000000079e-01
4.964666666666666672e-01
4.972666666666666901e-01
5.015333333333333865e-01
4.967333333333333600e-01
4.976666666666666461e-01
4.991333333333333178e-01
4.960666666666666558e-01
4.998666666666666814e-01
5.003333333333332966e-01
4.958666666666666778e-01
4.972666666666666901e-01
4.991999999999999771e-01
4.948666666666666769e-01
5.007333333333333636e-01
5.007333333333333636e-01
4.967333333333333600e-01
4.972666666666666901e-01
4.968666666666666787e-01
5.030666666666666620e-01
5.013999999999999568e-01
5.011999999999999789e-01
5.022666666666666391e-01
4.997333333333333072e-01
4.996666666666666479e-01
4.968000000000000194e-01
5.011333333333333195e-01
4.945333333333333248e-01
5.001333333333333186e-01
5.031999999999999806e-01
4.989333333333333398e-01
4.990666666666666584e-01
5.011333333333333195e-01
5.037333333333333663e-01
5.001999999999999780e-01
5.006666666666667043e-01
5.000666666666666593e-01
5.031333333333333213e-01
5.030000000000000027e-01
5.025333333333333874e-01
5.013999999999999568e-01
5.024666666666666170e-01
5.063333333333333020e-01
4.968666666666666787e-01
5.033999999999999586e-01
5.003999999999999559e-01
4.980666666666666575e-01
5.047333333333333671e-01
5.020666666666666611e-01
5.000000000000000000e-01
5.022666666666666391e-01
5.016000000000000458e-01
5.066666666666667096e-01
5.017333333333333645e-01
5.047333333333333671e-01
5.050000000000000044e-01
5.084666666666666224e-01
5.069333333333333469e-01
5.056000000000000494e-01
5.033999999999999586e-01
5.049333333333333451e-01
5.057333333333333680e-01
5.033333333333332993e-01
5.068666666666666876e-01
5.041333333333333222e-01
5.038666666666666849e-01
5.036666666666667069e-01
5.072666666666666435e-01
5.039333333333333442e-01
5.028666666666666840e-01
5.043999999999999595e-01
5.041333333333333222e-01
5.068000000000000282e-01
5.096000000000000529e-01
5.046000000000000485e-01
5.045333333333332781e-01
5.073999999999999622e-01
5.043999999999999595e-01
5.045333333333332781e-01
5.031333333333333213e-01
5.053999999999999604e-01
5.063333333333333020e-01
5.080000000000000071e-01
5.072666666666666435e-01
5.065333333333332799e-01
5.085333333333332817e-01
5.059333333333333460e-01
5.051333333333333231e-01
5.093999999999999639e-01
5.078666666666666885e-01
5.103999999999999648e-01
5.060000000000000053e-01
5.088000000000000300e-01
5.065333333333332799e-01
5.111333333333333284e-01
5.072666666666666435e-01
5.091333333333333266e-01
5.086000000000000520e-01
5.074666666666666215e-01
5.090000000000000080e-01
5.120000000000000107e-01
5.091999999999999860e-01
5.070000000000000062e-01
5.087333333333333707e-01
5.096000000000000529e-01
5.118666666666666920e-01
5.101999999999999869e-01
5.078666666666666885e-01
5.113333333333333064e-01
5.118000000000000327e-01
5.072666666666666435e-01
5.094666666666666233e-01
5.100666666666666682e-01
5.123999999999999666e-01
5.113333333333333064e-01
5.141333333333333311e-01
5.109333333333333504e-01
5.103999999999999648e-01
5.128000000000000336e-01
5.091333333333333266e-01
5.109333333333333504e-01
5.131999999999999895e-01
5.106666666666667131e-01
5.118666666666666920e-01
5.110000000000000098e-01
5.100000000000000089e-01
5.113333333333333064e-01
5.116666666666667140e-01
5.123999999999999666e-01
5.103999999999999648e-01
5.144666666666666277e-01
5.175333333333332897e-01
5.113999999999999657e-01
5.106666666666667131e-01
5.097333333333333716e-01
5.128000000000000336e-01
5.125999999999999446e-01
5.125333333333332853e-01
5.131999999999999895e-01
5.133333333333333082e-01
5.122666666666666480e-01
5.128000000000000336e-01
5.163999999999999702e-01
5.121333333333333293e-01
5.125333333333332853e-01
5.125333333333332853e-01
5.121333333333333293e-01
5.119333333333333513e-01
5.112666666666666471e-01
5.113333333333333064e-01
5.101999999999999869e-01
5.133333333333333082e-01
5.079333333333333478e-01
5.151999999999999913e-01
5.145999999999999464e-01
5.103999999999999648e-01
5.156666666666667176e-01
5.152666666666666506e-01
5.141999999999999904e-01
5.195333333333332915e-01
5.181999999999999940e-01
5.158666666666666956e-01
5.145333333333332870e-01
5.157333333333333769e-01
5.126666666666667149e-01
5.156666666666667176e-01
5.152666666666666506e-01
5.123999999999999666e-01
5.163333333333333108e-01
5.161333333333333329e-01
5.170000000000000151e-01
5.131999999999999895e-01
5.153999999999999693e-01
5.155999999999999472e-01
5.187333333333333796e-01
5.167333333333333778e-01
5.173999999999999710e-01
5.150666666666666726e-01
5.151999999999999913e-01
5.181999999999999940e-01
5.141333333333333311e-01
5.159333333333333549e-01
5.168666666666666965e-01
5.160000000000000142e-01
5.169333333333333558e-01
5.151999999999999913e-01
5.148666666666666947e-01
5.157333333333333769e-01
5.168666666666666965e-01
5.186666666666667203e-01
5.161999999999999922e-01
5.133999999999999675e-01
5.155999999999999472e-01
5.181333333333333346e-01
5.171333333333333337e-01
5.195999999999999508e-01
5.208000000000000407e-01
5.171333333333333337e-01
5.185333333333332906e-01
5.178666666666666973e-01
5.199333333333333584e-01
5.188000000000000389e-01
5.183999999999999719e-01
5.216666666666666119e-01
5.203999999999999737e-01
5.178000000000000380e-01
5.182666666666666533e-01
5.205333333333332924e-01
5.178000000000000380e-01
5.197333333333333805e-01
5.192666666666666542e-01
5.194666666666666321e-01
5.173999999999999710e-01
5.161999999999999922e-01
5.195999999999999508e-01
5.190666666666666762e-01
5.208666666666667000e-01
5.215999999999999526e-01
5.225333333333332941e-01
5.236666666666666137e-01
5.197333333333333805e-01
5.202666666666666551e-01
5.213333333333333153e-01
5.178000000000000380e-01
5.200666666666666771e-01
5.175333333333332897e-01
5.158000000000000362e-01
5.195333333333332915e-01
5.213333333333333153e-01
5.181999999999999940e-01
5.238666666666667027e-01
5.241333333333333400e-01
5.216666666666666119e-01
5.230000000000000204e-01
5.233999999999999764e-01
5.220000000000000195e-01
5.201999999999999957e-01
5.172666666666666524e-01
5.221333333333333382e-01
5.240000000000000213e-01
5.231333333333333391e-01
5.218000000000000416e-01
5.217333333333333822e-01
5.186666666666667203e-01
5.213999999999999746e-01
5.231333333333333391e-01
5.224666666666666348e-01
5.206666666666667220e-01
5.221333333333333382e-01
5.263333333333333197e-01
5.249333333333333629e-01
5.203333333333333144e-01
5.223999999999999755e-01
5.235333333333332950e-01
5.244666666666666366e-01
5.244666666666666366e-01
5.161333333333333329e-01
5.288000000000000478e-01
5.253999999999999782e-01
5.245999999999999552e-01
5.250666666666666815e-01
5.221333333333333382e-01
5.250000000000000222e-01
5.263999999999999790e-01
5.251333333333333409e-01
5.218666666666667009e-01
5.235333333333332950e-01
5.261333333333333417e-01
5.226666666666666128e-01
5.221999999999999975e-01
5.270000000000000240e-01
5.217333333333333822e-01
5.233333333333333171e-01
5.265999999999999570e-01
5.265333333333332977e-01
5.210000000000000187e-01
5.250666666666666815e-01
5.294666666666666410e-01
5.263333333333333197e-01
5.266666666666666163e-01
5.203333333333333144e-01
5.263333333333333197e-01
5.248000000000000442e-01
5.239333333333333620e-01
5.280000000000000249e-01
5.254666666666666375e-01
5.261333333333333417e-01
5.255999999999999561e-01
5.262666666666666604e-01
5.246666666666666146e-01
5.250000000000000222e-01
5.258666666666667044e-01
5.295333333333333004e-01
5.295999999999999597e-01
5.263999999999999790e-01
5.267333333333333867e-01
5.255999999999999561e-01
5.253333333333333188e-01
5.250666666666666815e-01
5.255999999999999561e-01
5.247333333333333849e-01
5.272000000000000020e-01
5.287333333333333885e-01
5.282000000000000028e-01
5.281333333333333435e-01
5.245333333333332959e-01
5.266666666666666163e-01
5.273333333333333206e-01
5.280666666666666842e-01
5.285999999999999588e-01
5.207333333333333814e-01
5.265999999999999570e-01
5.283999999999999808e-01
5.267333333333333867e-01
5.278666666666667062e-01
5.293333333333333224e-01
5.271333333333333426e-01
5.282000000000000028e-01
5.254666666666666375e-01
5.312666666666666648e-01
5.278666666666667062e-01
5.275333333333332986e-01
5.306666666666666199e-01
5.275999999999999579e-01
5.278666666666667062e-01
5.253333333333333188e-01
5.258000000000000451e-01
5.267333333333333867e-01
5.270000000000000240e-01
5.283999999999999808e-01
5.293333333333333224e-01
5.348666666666667124e-01
5.292000000000000037e-01
5.278666666666667062e-01
5.262000000000000011e-01
5.267333333333333867e-01
5.322000000000000064e-01
5.285999999999999588e-01
5.293999999999999817e-01
5.321333333333333471e-01
5.305333333333333012e-01
5.302000000000000046e-01
5.268000000000000460e-01
5.310000000000000275e-01
5.293999999999999817e-01
5.272000000000000020e-01
5.281333333333333435e-01
5.310666666666666869e-01
5.316666666666666208e-01
5.298666666666667080e-01
5.314666666666666428e-01
5.320666666666666877e-01
5.285999999999999588e-01
5.293999999999999817e-01
5.317333333333332801e-01
5.333333333333333259e-01
5.300666666666666860e-01
5.310000000000000275e-01
5.300666666666666860e-01
5.313999999999999835e-01
5.316666666666666208e-01
5.318000000000000504e-01
5.337333333333332819e-01
5.326666666666666217e-01
5.290000000000000258e-01
5.358000000000000540e-01
5.315333333333333021e-01
5.286666666666666181e-01
5.343333333333333268e-01
5.342000000000000082e-01
5.322666666666666657e-01
5.318000000000000504e-01
5.325333333333333030e-01
5.353999999999999870e-01
5.302666666666666639e-01
5.318000000000000504e-01
5.324666666666666437e-01
5.312000000000000055e-01
5.348000000000000531e-01
5.290666666666666851e-01
5.317333333333332801e-01
5.363333333333333286e-01
5.333333333333333259e-01
5.322000000000000064e-01
5.342000000000000082e-01
5.335999999999999632e-01
5.324666666666666437e-01
5.306666666666666199e-01
5.362000000000000099e-01
5.340666666666666895e-01
5.341333333333333488e-01
5.362000000000000099e-01
5.362000000000000099e-01
5.308000000000000496e-01
5.302000000000000046e-01
5.318000000000000504e-01
5.345333333333333048e-01
5.337333333333332819e-01
5.363333333333333286e-01
5.381333333333333524e-01
5.373333333333333295e-01
5.348666666666667124e-01
5.310666666666666869e-01
5.349333333333333718e-01
5.318666666666667098e-01
5.342000000000000082e-01
5.339333333333333709e-01
5.338000000000000522e-01
