4.287333333333333552e-01
4.249999999999999889e-01
4.302666666666666861e-01
4.278000000000000136e-01
4.299333333333333340e-01
4.286666666666666403e-01
4.308666666666666756e-01
4.299333333333333340e-01
4.348000000000000198e-01
4.294666666666666632e-01
4.306666666666666421e-01
4.331999999999999740e-01
4.321333333333333138e-01
4.311333333333333129e-01
4.319999999999999951e-01
4.309333333333333349e-01
4.331333333333333147e-01
4.357333333333333059e-01
4.338666666666666782e-01
4.332666666666666888e-01
4.358666666666666800e-01
4.325999999999999845e-01
4.349999999999999978e-01
4.344000000000000083e-01
4.339999999999999969e-01
4.363333333333333508e-01
4.344000000000000083e-01
4.359333333333333393e-01
4.380000000000000004e-01
4.382666666666666933e-01
4.390000000000000013e-01
4.367333333333333067e-01
4.386666666666666492e-01
4.368666666666666809e-01
4.418666666666666853e-01
4.420000000000000040e-01
4.439333333333333464e-01
4.411999999999999811e-01
4.382666666666666933e-01
4.394000000000000128e-01
4.404666666666666730e-01
4.375999999999999890e-01
4.432666666666666422e-01
4.427333333333333121e-01
4.436666666666666536e-01
4.437999999999999723e-01
4.453333333333333588e-01
4.444000000000000172e-01
4.434666666666666757e-01
4.434000000000000163e-01
4.447333333333333139e-01
4.443333333333333579e-01
4.437999999999999723e-01
4.460666666666666669e-01
4.464666666666666783e-01
4.448666666666666880e-01
4.417333333333333112e-01
4.477333333333333165e-01
4.494000000000000217e-01
4.465333333333333377e-01
4.473333333333333606e-01
4.500000000000000111e-01
4.486666666666666581e-01
4.483333333333333059e-01
4.503333333333333077e-01
4.487999999999999767e-01
4.531333333333333324e-01
4.472666666666666457e-01
4.491999999999999882e-01
4.486666666666666581e-01
4.502666666666666484e-01
4.517999999999999794e-01
4.468666666666666898e-01
4.510666666666666713e-01
4.503333333333333077e-01
4.450000000000000067e-01
4.520000000000000129e-01
4.507999999999999785e-01
4.462666666666666448e-01
4.504000000000000226e-01
4.525333333333333430e-01
4.509333333333333527e-01
4.521999999999999909e-01
4.522666666666666502e-01
4.562666666666666537e-01
4.527999999999999803e-01
4.538666666666666405e-01
4.531999999999999917e-01
4.567333333333333245e-01
4.569333333333333580e-01
4.492666666666666475e-01
4.568666666666666432e-01
4.537333333333333218e-01
4.550000000000000155e-01
4.585333333333333483e-01
4.554000000000000270e-01
4.542666666666666520e-01
4.571333333333333360e-01
4.544666666666666854e-01
4.590000000000000191e-01
4.566666666666666652e-01
4.578666666666666440e-01
4.603333333333333166e-01
4.551333333333333342e-01
4.593333333333333157e-01
4.573333333333333139e-01
4.600000000000000200e-01
4.620666666666666811e-01
4.575333333333333474e-01
4.600000000000000200e-01
4.605333333333333501e-01
4.610000000000000209e-01
4.604666666666666908e-01
4.626000000000000112e-01
4.597999999999999865e-01
4.647333333333333316e-01
4.606666666666666687e-01
4.627333333333333298e-01
4.642000000000000015e-01
4.631333333333333413e-01
4.650666666666666837e-01
4.648666666666666503e-01
4.670000000000000262e-01
4.613999999999999768e-01
4.656000000000000139e-01
4.629333333333333078e-01
4.640666666666666829e-01
4.637333333333333307e-01
4.673999999999999821e-01
4.653333333333333210e-01
4.636666666666666714e-01
4.657333333333333325e-01
4.662000000000000033e-01
4.668666666666666520e-01
4.656000000000000139e-01
4.652666666666666617e-01
4.655333333333333545e-01
4.646000000000000130e-01
4.693333333333333246e-01
4.655333333333333545e-01
4.686000000000000165e-01
4.626666666666666705e-01
4.643333333333333202e-01
4.717999999999999972e-01
4.711333333333333484e-01
4.675333333333333563e-01
4.703999999999999848e-01
4.670000000000000262e-01
4.657999999999999918e-01
4.712000000000000077e-01
4.654666666666666397e-01
4.676000000000000156e-01
4.729333333333333167e-01
4.732000000000000095e-01
4.715333333333333599e-01
4.726000000000000201e-01
4.741333333333333511e-01
4.739333333333333176e-01
4.703333333333333255e-01
4.706666666666666776e-01
4.731333333333333502e-01
4.689333333333333131e-01
4.691333333333333466e-01
4.742666666666666697e-01
4.707333333333333369e-01
4.719999999999999751e-01
4.677999999999999936e-01
4.732000000000000095e-01
4.713333333333333264e-01
4.742666666666666697e-01
4.760666666666666935e-01
4.746666666666666812e-01
4.746666666666666812e-01
4.755333333333333079e-01
4.741333333333333511e-01
4.754666666666666486e-01
4.767333333333333423e-01
4.746666666666666812e-01
4.746666666666666812e-01
4.728666666666666574e-01
4.751333333333333520e-01
4.749999999999999778e-01
4.742666666666666697e-01
4.763999999999999901e-01
4.725333333333333607e-01
4.743333333333333290e-01
4.777333333333333432e-01
4.753333333333333299e-01
4.752000000000000113e-01
4.798666666666666636e-01
4.789333333333333220e-01
4.792666666666666742e-01
4.763333333333333308e-01
4.742000000000000104e-01
4.776000000000000245e-01
4.795333333333333115e-01
4.784666666666666512e-01
4.811333333333333573e-01
4.802666666666666750e-01
4.779999999999999805e-01
4.778666666666666618e-01
4.796000000000000263e-01
4.789999999999999813e-01
4.763333333333333308e-01
4.823999999999999955e-01
4.783333333333333326e-01
4.812000000000000166e-01
4.818000000000000060e-01
4.779999999999999805e-01
4.791333333333333555e-01
4.799999999999999822e-01
4.855999999999999761e-01
4.822000000000000175e-01
4.810666666666666424e-01
4.809999999999999831e-01
4.817333333333333467e-01
4.825999999999999734e-01
4.797333333333333449e-01
4.818000000000000060e-01
4.842666666666666786e-01
4.820666666666666433e-01
4.802000000000000157e-01
4.869999999999999885e-01
4.822666666666666768e-01
4.832666666666666777e-01
4.813999999999999946e-01
4.838000000000000078e-01
4.843999999999999972e-01
4.864666666666666583e-01
4.866666666666666918e-01
4.815999999999999726e-01
4.817333333333333467e-01
4.838000000000000078e-01
4.830666666666666442e-01
4.830666666666666442e-01
4.854666666666666575e-01
4.898000000000000131e-01
4.877333333333333520e-01
4.866666666666666918e-01
4.873999999999999999e-01
4.885333333333333194e-01
4.887333333333333529e-01
4.862000000000000210e-01
4.859333333333333282e-01
4.862000000000000210e-01
4.873333333333333406e-01
4.882666666666666822e-01
4.874666666666666592e-01
4.874666666666666592e-01
4.846666666666666901e-01
4.839333333333333265e-01
4.883333333333333415e-01
4.867333333333333512e-01
4.887333333333333529e-01
4.864666666666666583e-01
4.888000000000000123e-01
4.922666666666666857e-01
4.898000000000000131e-01
4.888000000000000123e-01
4.888000000000000123e-01
4.899333333333333318e-01
4.907333333333333547e-01
4.894000000000000017e-01
4.905999999999999805e-01
4.924000000000000044e-01
4.911333333333333107e-01
4.918000000000000149e-01
4.939999999999999947e-01
4.939333333333333353e-01
4.917333333333333556e-01
4.920666666666666522e-01
4.872666666666666813e-01
4.924000000000000044e-01
4.883333333333333415e-01
4.908000000000000140e-01
4.883333333333333415e-01
4.928000000000000158e-01
4.896666666666666390e-01
4.911333333333333107e-01
4.951999999999999735e-01
4.900666666666666504e-01
4.922666666666666857e-01
4.934000000000000052e-01
4.932000000000000273e-01
4.900666666666666504e-01
4.954666666666666663e-01
4.942666666666666875e-01
4.935333333333333239e-01
4.962666666666666893e-01
4.935999999999999832e-01
4.929999999999999938e-01
4.914666666666666628e-01
4.942666666666666875e-01
4.957333333333333591e-01
4.945999999999999841e-01
4.937333333333333574e-01
4.893333333333333424e-01
4.965999999999999859e-01
4.930666666666666531e-01
4.917333333333333556e-01
4.990666666666666584e-01
4.945999999999999841e-01
4.937333333333333574e-01
4.948000000000000176e-01
4.975333333333333274e-01
4.925333333333333230e-01
4.964000000000000079e-01
5.014666666666666162e-01
4.970666666666666567e-01
4.960666666666666558e-01
4.991333333333333178e-01
4.977333333333333609e-01
4.981333333333333169e-01
4.964666666666666672e-01
4.964666666666666672e-01
4.969333333333333380e-01
4.968000000000000194e-01
4.965333333333333266e-01
5.003333333333332966e-01
4.954000000000000070e-01
4.993333333333333512e-01
4.969999999999999973e-01
4.974000000000000088e-01
4.975333333333333274e-01
4.978000000000000203e-01
5.025333333333333874e-01
4.975999999999999868e-01
4.981333333333333169e-01
5.000000000000000000e-01
4.966666666666666452e-01
5.006000000000000449e-01
5.011999999999999789e-01
4.969999999999999973e-01
4.983333333333333504e-01
5.003333333333332966e-01
4.956666666666666443e-01
5.019333333333333425e-01
5.015333333333333865e-01
4.976666666666666461e-01
4.974666666666666681e-01
4.974000000000000088e-01
5.040000000000000036e-01
5.015333333333333865e-01
5.014666666666666162e-01
5.029333333333333433e-01
5.001999999999999780e-01
5.004666666666666153e-01
4.983333333333333504e-01
5.020666666666666611e-01
4.954000000000000070e-01
5.011333333333333195e-01
5.045333333333332781e-01
5.006000000000000449e-01
4.996666666666666479e-01
5.021333333333333204e-01
5.048666666666666858e-01
5.021333333333333204e-01
5.016000000000000458e-01
5.011999999999999789e-01
5.042666666666666409e-01
5.038666666666666849e-01
5.036000000000000476e-01
5.023999999999999577e-01
5.023999999999999577e-01
5.070000000000000062e-01
4.975999999999999868e-01
5.038666666666666849e-01
5.012666666666666382e-01
4.988000000000000211e-01
5.058666666666666867e-01
5.028666666666666840e-01
5.004666666666666153e-01
5.030000000000000027e-01
5.023999999999999577e-01
5.074666666666666215e-01
5.025333333333333874e-01
5.055333333333332790e-01
5.057333333333333680e-01
5.089333333333333487e-01
5.072666666666666435e-01
5.064666666666666206e-01
5.038000000000000256e-01
5.061999999999999833e-01
5.065333333333332799e-01
5.040000000000000036e-01
5.076000000000000512e-01
5.056666666666667087e-01
5.040000000000000036e-01
5.043999999999999595e-01
5.073333333333333028e-01
5.040666666666666629e-01
5.031333333333333213e-01
5.052666666666666417e-01
5.050666666666666638e-01
5.070666666666666655e-01
5.106666666666667131e-01
5.047333333333333671e-01
5.050000000000000044e-01
5.085333333333332817e-01
5.046000000000000485e-01
5.056000000000000494e-01
5.036000000000000476e-01
5.058000000000000274e-01
5.073333333333333028e-01
5.086000000000000520e-01
5.084666666666666224e-01
5.070666666666666655e-01
5.095333333333332826e-01
5.072666666666666435e-01
5.063999999999999613e-01
5.096000000000000529e-01
5.086666666666667114e-01
5.106000000000000538e-01
5.070666666666666655e-01
5.096666666666667123e-01
5.073333333333333028e-01
5.114666666666666250e-01
5.080000000000000071e-01
5.097333333333333716e-01
5.095333333333332826e-01
5.081333333333333258e-01
5.098000000000000309e-01
5.125999999999999446e-01
5.099333333333333496e-01
5.073333333333333028e-01
5.093999999999999639e-01
5.103999999999999648e-01
5.127333333333333742e-01
5.109333333333333504e-01
5.091333333333333266e-01
5.122666666666666480e-01
5.124666666666666259e-01
5.080666666666666664e-01
5.097333333333333716e-01
5.108666666666666911e-01
5.130000000000000115e-01
5.117333333333333734e-01
5.149333333333333540e-01
5.110666666666666691e-01
5.111999999999999877e-01
5.135333333333332861e-01
5.098666666666666902e-01
5.112666666666666471e-01
5.136666666666667158e-01
5.114666666666666250e-01
5.122666666666666480e-01
5.113333333333333064e-01
5.107333333333333725e-01
5.123999999999999666e-01
5.129333333333333522e-01
5.128666666666666929e-01
5.115333333333332844e-01
5.154666666666666286e-01
5.180000000000000160e-01
5.120666666666666700e-01
5.115333333333332844e-01
5.103333333333333055e-01
5.136666666666667158e-01
5.130666666666666709e-01
5.134666666666666268e-01
5.138666666666666938e-01
5.139333333333333531e-01
5.129333333333333522e-01
5.138000000000000345e-01
5.170666666666666744e-01
5.128000000000000336e-01
5.136666666666667158e-01
5.128000000000000336e-01
5.124666666666666259e-01
5.123999999999999666e-01
5.118000000000000327e-01
5.120000000000000107e-01
5.103999999999999648e-01
5.142666666666666497e-01
5.083999999999999631e-01
5.160000000000000142e-01
5.151999999999999913e-01
5.110000000000000098e-01
5.155999999999999472e-01
5.153333333333333099e-01
5.146666666666667167e-01
5.202666666666666551e-01
5.181999999999999940e-01
5.164666666666666295e-01
5.146666666666667167e-01
5.163333333333333108e-01
5.131333333333333302e-01
5.159333333333333549e-01
5.155999999999999472e-01
5.120666666666666700e-01
5.167333333333333778e-01
5.163999999999999702e-01
5.171333333333333337e-01
5.135999999999999455e-01
5.159333333333333549e-01
5.163333333333333108e-01
5.189333333333333576e-01
5.171333333333333337e-01
5.176666666666667194e-01
5.155333333333332879e-01
5.155999999999999472e-01
5.184666666666666313e-01
5.142666666666666497e-01
5.163333333333333108e-01
5.174666666666666304e-01
5.170666666666666744e-01
5.180000000000000160e-01
5.161999999999999922e-01
5.151999999999999913e-01
5.162666666666666515e-01
5.173999999999999710e-01
5.191999999999999948e-01
5.167333333333333778e-01
5.148000000000000353e-01
5.159333333333333549e-01
5.184666666666666313e-01
5.173333333333333117e-01
5.205333333333332924e-01
5.213999999999999746e-01
5.173333333333333117e-01
5.193999999999999728e-01
5.189333333333333576e-01
5.201333333333333364e-01
5.195333333333332915e-01
5.188000000000000389e-01
5.234666666666666357e-01
5.208666666666667000e-01
5.182666666666666533e-01
5.189333333333333576e-01
5.210000000000000187e-01
5.181999999999999940e-01
5.199333333333333584e-01
5.197333333333333805e-01
5.201333333333333364e-01
5.181333333333333346e-01
5.171333333333333337e-01
5.195999999999999508e-01
5.196666666666667211e-01
5.211999999999999966e-01
5.222666666666666568e-01
5.235333333333332950e-01
5.241333333333333400e-01
5.203999999999999737e-01
5.206666666666667220e-01
5.218666666666667009e-01
5.181999999999999940e-01
5.207333333333333814e-01
5.184666666666666313e-01
5.167333333333333778e-01
5.202666666666666551e-01
5.220666666666666789e-01
5.188666666666666982e-01
5.245999999999999552e-01
5.247333333333333849e-01
5.223333333333333162e-01
5.234666666666666357e-01
5.237333333333333840e-01
5.221333333333333382e-01
5.208000000000000407e-01
5.178000000000000380e-01
5.227333333333333831e-01
5.245999999999999552e-01
5.233333333333333171e-01
5.228666666666667018e-01
5.223333333333333162e-01
5.194666666666666321e-01
5.221333333333333382e-01
5.238666666666667027e-01
5.230666666666666798e-01
5.213999999999999746e-01
5.225999999999999535e-01
5.271333333333333426e-01
5.258000000000000451e-01
5.211333333333333373e-01
5.230000000000000204e-01
5.243333333333333179e-01
5.248666666666667036e-01
5.247333333333333849e-01
5.170000000000000151e-01
5.293333333333333224e-01
5.252666666666666595e-01
5.246666666666666146e-01
5.254666666666666375e-01
5.219333333333333602e-01
5.248000000000000442e-01
5.266666666666666163e-01
5.253999999999999782e-01
5.218666666666667009e-01
5.237333333333333840e-01
5.268666666666667053e-01
5.230000000000000204e-01
5.225999999999999535e-01
5.278000000000000469e-01
5.221999999999999975e-01
5.234666666666666357e-01
5.272666666666666613e-01
5.273333333333333206e-01
5.216666666666666119e-01
5.253999999999999782e-01
5.302666666666666639e-01
5.267333333333333867e-01
5.269333333333333647e-01
5.208000000000000407e-01
5.271333333333333426e-01
5.255999999999999561e-01
5.247333333333333849e-01
5.290000000000000258e-01
5.261333333333333417e-01
5.262000000000000011e-01
5.257333333333333858e-01
5.258666666666667044e-01
5.253999999999999782e-01
5.255999999999999561e-01
5.266666666666666163e-01
5.298666666666667080e-01
5.297333333333332783e-01
5.271333333333333426e-01
5.273333333333333206e-01
5.259333333333333638e-01
5.259333333333333638e-01
5.252666666666666595e-01
5.260000000000000231e-01
5.246666666666666146e-01
5.276666666666666172e-01
5.291333333333333444e-01
5.284666666666666401e-01
5.289333333333333664e-01
5.249333333333333629e-01
5.277333333333333876e-01
5.279333333333333655e-01
5.290000000000000258e-01
5.286666666666666181e-01
5.211999999999999966e-01
5.270000000000000240e-01
5.285333333333332995e-01
5.270000000000000240e-01
5.285333333333332995e-01
5.297333333333332783e-01
5.279333333333333655e-01
5.292666666666666631e-01
5.260666666666666824e-01
5.321333333333333471e-01
5.282000000000000028e-01
5.281333333333333435e-01
5.312666666666666648e-01
5.280000000000000249e-01
5.288666666666667071e-01
5.257333333333333858e-01
5.260666666666666824e-01
5.276666666666666172e-01
5.271333333333333426e-01
5.290000000000000258e-01
5.300000000000000266e-01
5.352000000000000091e-01
5.291333333333333444e-01
5.283333333333333215e-01
5.265333333333332977e-01
5.272666666666666613e-01
5.322666666666666657e-01
5.290000000000000258e-01
5.295999999999999597e-01
5.324666666666666437e-01
5.310666666666666869e-01
5.302000000000000046e-01
5.270666666666666833e-01
5.311333333333333462e-01
5.299333333333333673e-01
5.276666666666666172e-01
5.288666666666667071e-01
5.317333333333332801e-01
5.321333333333333471e-01
5.299333333333333673e-01
5.321333333333333471e-01
5.332666666666666666e-01
5.292000000000000037e-01
5.301333333333333453e-01
5.323999999999999844e-01
5.340000000000000302e-01
5.305333333333333012e-01
5.313333333333333242e-01
5.303333333333333233e-01
5.315333333333333021e-01
5.321333333333333471e-01
5.323999999999999844e-01
5.340000000000000302e-01
5.328666666666667107e-01
5.292000000000000037e-01
5.360666666666666913e-01
5.318000000000000504e-01
5.295999999999999597e-01
5.345333333333333048e-01
5.348666666666667124e-01
5.325999999999999623e-01
5.323333333333333250e-01
5.330666666666666886e-01
5.353999999999999870e-01
5.303999999999999826e-01
5.318666666666667098e-01
5.329333333333333700e-01
5.312666666666666648e-01
5.351333333333333497e-01
5.295333333333333004e-01
5.322000000000000064e-01
5.363999999999999879e-01
5.335999999999999632e-01
5.332666666666666666e-01
5.348000000000000531e-01
5.342000000000000082e-01
5.327333333333332810e-01
5.312000000000000055e-01
5.366666666666666252e-01
5.345333333333333048e-01
5.348000000000000531e-01
5.367333333333332845e-01
5.367333333333332845e-01
5.314666666666666428e-01
5.305999999999999606e-01
5.325999999999999623e-01
5.359333333333333727e-01
5.343999999999999861e-01
5.371333333333333515e-01
5.384666666666666490e-01
5.377333333333332854e-01
5.351333333333333497e-01
5.317333333333332801e-01
5.353333333333333277e-01
5.320000000000000284e-01
5.343333333333333268e-01
5.341333333333333488e-01
5.340666666666666895e-01
