4.259333333333333305e-01
4.221333333333333604e-01
4.267333333333333534e-01
4.243333333333333401e-01
4.261333333333333084e-01
4.264000000000000012e-01
4.273333333333333428e-01
4.275333333333333208e-01
4.313333333333333464e-01
4.254666666666666597e-01
4.269999999999999907e-01
4.304000000000000048e-01
4.286666666666666403e-01
4.279999999999999916e-01
4.296666666666666412e-01
4.276666666666666394e-01
4.303333333333333455e-01
4.325999999999999845e-01
4.306666666666666421e-01
4.309333333333333349e-01
4.327333333333333587e-01
4.295333333333333226e-01
4.324000000000000066e-01
4.307333333333333569e-01
4.309333333333333349e-01
4.335333333333333261e-01
4.318000000000000171e-01
4.335999999999999854e-01
4.355333333333333279e-01
4.361999999999999766e-01
4.361999999999999766e-01
4.339333333333333376e-01
4.364000000000000101e-01
4.334666666666666668e-01
4.390000000000000013e-01
4.391333333333333200e-01
4.417333333333333112e-01
4.387333333333333085e-01
4.359999999999999987e-01
4.369999999999999996e-01
4.380000000000000004e-01
4.348000000000000198e-01
4.411333333333333218e-01
4.399333333333333429e-01
4.408666666666666845e-01
4.409333333333333438e-01
4.431999999999999829e-01
4.416666666666666519e-01
4.415999999999999925e-01
4.417333333333333112e-01
4.425999999999999934e-01
4.413333333333333552e-01
4.408666666666666845e-01
4.441333333333333244e-01
4.435333333333333350e-01
4.424000000000000155e-01
4.400000000000000022e-01
4.456666666666666554e-01
4.475999999999999979e-01
4.443333333333333579e-01
4.450000000000000067e-01
4.478666666666666907e-01
4.457999999999999741e-01
4.453333333333333588e-01
4.485999999999999988e-01
4.468666666666666898e-01
4.510000000000000120e-01
4.461333333333333262e-01
4.471333333333333271e-01
4.464666666666666783e-01
4.481999999999999873e-01
4.501999999999999891e-01
4.453333333333333588e-01
4.484666666666666801e-01
4.479333333333333500e-01
4.438666666666666871e-01
4.505333333333333412e-01
4.490666666666666695e-01
4.442666666666666431e-01
4.480000000000000093e-01
4.501333333333333298e-01
4.495333333333333403e-01
4.497333333333333183e-01
4.502666666666666484e-01
4.542666666666666520e-01
4.506666666666666599e-01
4.520666666666666722e-01
4.509333333333333527e-01
4.545333333333333448e-01
4.546666666666666634e-01
4.467999999999999750e-01
4.542666666666666520e-01
4.514000000000000234e-01
4.526000000000000023e-01
4.560666666666666758e-01
4.541999999999999926e-01
4.531333333333333324e-01
4.554000000000000270e-01
4.533333333333333104e-01
4.570000000000000173e-01
4.550666666666666749e-01
4.565333333333333465e-01
4.583333333333333148e-01
4.533333333333333104e-01
4.573999999999999733e-01
4.559333333333333571e-01
4.575333333333333474e-01
4.601999999999999980e-01
4.548666666666666414e-01
4.586000000000000076e-01
4.591999999999999971e-01
4.593333333333333157e-01
4.593333333333333157e-01
4.612666666666666582e-01
4.579333333333333589e-01
4.632000000000000006e-01
4.595333333333333492e-01
4.618666666666666476e-01
4.624666666666666925e-01
4.611333333333333395e-01
4.638666666666666494e-01
4.636000000000000121e-01
4.647999999999999909e-01
4.603999999999999759e-01
4.628666666666666485e-01
4.612666666666666582e-01
4.617333333333333290e-01
4.623999999999999777e-01
4.655333333333333545e-01
4.640000000000000235e-01
4.620666666666666811e-01
4.643999999999999795e-01
4.646666666666666723e-01
4.654666666666666397e-01
4.641333333333333422e-01
4.641333333333333422e-01
4.644666666666666943e-01
4.633999999999999786e-01
4.677333333333333343e-01
4.642000000000000015e-01
4.668666666666666520e-01
4.611999999999999988e-01
4.636666666666666714e-01
4.705333333333333590e-01
4.695333333333333581e-01
4.665333333333333554e-01
4.689333333333333131e-01
4.656666666666666732e-01
4.646666666666666723e-01
4.703333333333333255e-01
4.642666666666666608e-01
4.663333333333333219e-01
4.714666666666666450e-01
4.711333333333333484e-01
4.702666666666666662e-01
4.712000000000000077e-01
4.729999999999999760e-01
4.723999999999999866e-01
4.689999999999999725e-01
4.696000000000000174e-01
4.720666666666666900e-01
4.677999999999999936e-01
4.676666666666666750e-01
4.729999999999999760e-01
4.694666666666666432e-01
4.707333333333333369e-01
4.665333333333333554e-01
4.717333333333333378e-01
4.696666666666666767e-01
4.726666666666666794e-01
4.753999999999999893e-01
4.734666666666666468e-01
4.739999999999999769e-01
4.745333333333333070e-01
4.731333333333333502e-01
4.740666666666666917e-01
4.756666666666666821e-01
4.736000000000000210e-01
4.733333333333333282e-01
4.720666666666666900e-01
4.746666666666666812e-01
4.726000000000000201e-01
4.727333333333333387e-01
4.750666666666666926e-01
4.707333333333333369e-01
4.727333333333333387e-01
4.759999999999999787e-01
4.740666666666666917e-01
4.736000000000000210e-01
4.782000000000000139e-01
4.779333333333333211e-01
4.776666666666666838e-01
4.750666666666666926e-01
4.734666666666666468e-01
4.769999999999999796e-01
4.795333333333333115e-01
4.777333333333333432e-01
4.800666666666666416e-01
4.794666666666666521e-01
4.770666666666666944e-01
4.771333333333333537e-01
4.786000000000000254e-01
4.783999999999999919e-01
4.746666666666666812e-01
4.813999999999999946e-01
4.776000000000000245e-01
4.806666666666666865e-01
4.804666666666666530e-01
4.768000000000000016e-01
4.772666666666666724e-01
4.784666666666666512e-01
4.845333333333333159e-01
4.811333333333333573e-01
4.803333333333333344e-01
4.794666666666666521e-01
4.802000000000000157e-01
4.813999999999999946e-01
4.784666666666666512e-01
4.808666666666666645e-01
4.836666666666666892e-01
4.814666666666666539e-01
4.793999999999999928e-01
4.855999999999999761e-01
4.813333333333333353e-01
4.821333333333333582e-01
4.805333333333333123e-01
4.823333333333333361e-01
4.835999999999999743e-01
4.858666666666666689e-01
4.854666666666666575e-01
4.808000000000000052e-01
4.809999999999999831e-01
4.832666666666666777e-01
4.825999999999999734e-01
4.826666666666666883e-01
4.844666666666666566e-01
4.885999999999999788e-01
4.865999999999999770e-01
4.855999999999999761e-01
4.863333333333333397e-01
4.879333333333333300e-01
4.880666666666666487e-01
4.852666666666666795e-01
4.856666666666666909e-01
4.858000000000000096e-01
4.863333333333333397e-01
4.870666666666666478e-01
4.869999999999999885e-01
4.863999999999999990e-01
4.839333333333333265e-01
4.832000000000000184e-01
4.875333333333333186e-01
4.857333333333333503e-01
4.876666666666666927e-01
4.851333333333333608e-01
4.870666666666666478e-01
4.915999999999999814e-01
4.889333333333333309e-01
4.877333333333333520e-01
4.879333333333333300e-01
4.892000000000000237e-01
4.901333333333333098e-01
4.886666666666666936e-01
4.902000000000000246e-01
4.918000000000000149e-01
4.902000000000000246e-01
4.913333333333333441e-01
4.929999999999999938e-01
4.927333333333333565e-01
4.909999999999999920e-01
4.909999999999999920e-01
4.863999999999999990e-01
4.917333333333333556e-01
4.868666666666666698e-01
4.893333333333333424e-01
4.872666666666666813e-01
4.923333333333333450e-01
4.887333333333333529e-01
4.898000000000000131e-01
4.945333333333333248e-01
4.884666666666666601e-01
4.908000000000000140e-01
4.925333333333333230e-01
4.926666666666666416e-01
4.894000000000000017e-01
4.948666666666666769e-01
4.931333333333333124e-01
4.925333333333333230e-01
4.957333333333333591e-01
4.928000000000000158e-01
4.924000000000000044e-01
4.909333333333333327e-01
4.931333333333333124e-01
4.950666666666666549e-01
4.938666666666666760e-01
4.933333333333333459e-01
4.887333333333333529e-01
4.960666666666666558e-01
4.919999999999999929e-01
4.906666666666666399e-01
4.979333333333333389e-01
4.944666666666666655e-01
4.928666666666666751e-01
4.938000000000000167e-01
4.968666666666666787e-01
4.923333333333333450e-01
4.949999999999999956e-01
5.003333333333332966e-01
4.963333333333333486e-01
4.950666666666666549e-01
4.980666666666666575e-01
4.974666666666666681e-01
4.975999999999999868e-01
4.959333333333333371e-01
4.956666666666666443e-01
4.963333333333333486e-01
4.961999999999999744e-01
4.958000000000000185e-01
4.991999999999999771e-01
4.945333333333333248e-01
4.984000000000000097e-01
4.963333333333333486e-01
4.965999999999999859e-01
4.965333333333333266e-01
4.971999999999999753e-01
5.014666666666666162e-01
4.965999999999999859e-01
4.976666666666666461e-01
4.989999999999999991e-01
4.963333333333333486e-01
4.996666666666666479e-01
5.003999999999999559e-01
4.958666666666666778e-01
4.975999999999999868e-01
4.995333333333333292e-01
4.948000000000000176e-01
5.007333333333333636e-01
5.009333333333333416e-01
4.971333333333333160e-01
4.974000000000000088e-01
4.969333333333333380e-01
5.032666666666666400e-01
5.011999999999999789e-01
5.013333333333332975e-01
5.023999999999999577e-01
4.995333333333333292e-01
4.998666666666666814e-01
4.968666666666666787e-01
5.011999999999999789e-01
4.945999999999999841e-01
5.004666666666666153e-01
5.032666666666666400e-01
4.991999999999999771e-01
4.991999999999999771e-01
5.011999999999999789e-01
5.040000000000000036e-01
5.005333333333333856e-01
5.006666666666667043e-01
5.004666666666666153e-01
5.034666666666666179e-01
5.033999999999999586e-01
5.028000000000000247e-01
5.015333333333333865e-01
5.023333333333332984e-01
5.061999999999999833e-01
4.971333333333333160e-01
5.031333333333333213e-01
5.001999999999999780e-01
4.981999999999999762e-01
5.050000000000000044e-01
5.020666666666666611e-01
5.001333333333333186e-01
5.022666666666666391e-01
5.018666666666666831e-01
5.068666666666666876e-01
5.019333333333333425e-01
5.049333333333333451e-01
5.050666666666666638e-01
5.084666666666666224e-01
5.069333333333333469e-01
5.059333333333333460e-01
5.031999999999999806e-01
5.050666666666666638e-01
5.058666666666666867e-01
5.031999999999999806e-01
5.070666666666666655e-01
5.043333333333333002e-01
5.040000000000000036e-01
5.040000000000000036e-01
5.074666666666666215e-01
5.038666666666666849e-01
5.028666666666666840e-01
5.046666666666667078e-01
5.041333333333333222e-01
5.071333333333333249e-01
5.101999999999999869e-01
5.046000000000000485e-01
5.045333333333332781e-01
5.077333333333333698e-01
5.046000000000000485e-01
5.048666666666666858e-01
5.030666666666666620e-01
5.053999999999999604e-01
5.061999999999999833e-01
5.080000000000000071e-01
5.076000000000000512e-01
5.065333333333332799e-01
5.089333333333333487e-01
5.067333333333333689e-01
5.057333333333333680e-01
5.094666666666666233e-01
5.080000000000000071e-01
5.103333333333333055e-01
5.061333333333333240e-01
5.089333333333333487e-01
5.068000000000000282e-01
5.113333333333333064e-01
5.071333333333333249e-01
5.094666666666666233e-01
5.086000000000000520e-01
5.073999999999999622e-01
5.091333333333333266e-01
5.120666666666666700e-01
5.093999999999999639e-01
5.070666666666666655e-01
5.087333333333333707e-01
5.097333333333333716e-01
5.122666666666666480e-01
5.103333333333333055e-01
5.078666666666666885e-01
5.113999999999999657e-01
5.119333333333333513e-01
5.072666666666666435e-01
5.093333333333333046e-01
5.103333333333333055e-01
5.125999999999999446e-01
5.115333333333332844e-01
5.140666666666666718e-01
5.111333333333333284e-01
5.106000000000000538e-01
5.128666666666666929e-01
5.091333333333333266e-01
5.110000000000000098e-01
5.133333333333333082e-01
5.105333333333332835e-01
5.117333333333333734e-01
5.111999999999999877e-01
5.100000000000000089e-01
5.115333333333332844e-01
5.119333333333333513e-01
5.121333333333333293e-01
5.110000000000000098e-01
5.146666666666667167e-01
5.174666666666666304e-01
5.116000000000000547e-01
5.106000000000000538e-01
5.099333333333333496e-01
5.128000000000000336e-01
5.128000000000000336e-01
5.124666666666666259e-01
5.130000000000000115e-01
5.132666666666666488e-01
5.128000000000000336e-01
5.126666666666667149e-01
5.162666666666666515e-01
5.121999999999999886e-01
5.128000000000000336e-01
5.125999999999999446e-01
5.121999999999999886e-01
5.120666666666666700e-01
5.112666666666666471e-01
5.113333333333333064e-01
5.100666666666666682e-01
5.131999999999999895e-01
5.080000000000000071e-01
5.153333333333333099e-01
5.149333333333333540e-01
5.107333333333333725e-01
5.155999999999999472e-01
5.152666666666666506e-01
5.143999999999999684e-01
5.195999999999999508e-01
5.181999999999999940e-01
5.159333333333333549e-01
5.143333333333333091e-01
5.160000000000000142e-01
5.128666666666666929e-01
5.158000000000000362e-01
5.153999999999999693e-01
5.122666666666666480e-01
5.163333333333333108e-01
5.161999999999999922e-01
5.169333333333333558e-01
5.132666666666666488e-01
5.155333333333332879e-01
5.158666666666666956e-01
5.186666666666667203e-01
5.168666666666666965e-01
5.175999999999999490e-01
5.151999999999999913e-01
5.152666666666666506e-01
5.183333333333333126e-01
5.140666666666666718e-01
5.160000000000000142e-01
5.170000000000000151e-01
5.160000000000000142e-01
5.171333333333333337e-01
5.153999999999999693e-01
5.149333333333333540e-01
5.158666666666666956e-01
5.168666666666666965e-01
5.189333333333333576e-01
5.161333333333333329e-01
5.135333333333332861e-01
5.157333333333333769e-01
5.180000000000000160e-01
5.171999999999999931e-01
5.194666666666666321e-01
5.209333333333333593e-01
5.171333333333333337e-01
5.187333333333333796e-01
5.179333333333333567e-01
5.201333333333333364e-01
5.189333333333333576e-01
5.184666666666666313e-01
5.220000000000000195e-01
5.205999999999999517e-01
5.179333333333333567e-01
5.185333333333332906e-01
5.203999999999999737e-01
5.177333333333333787e-01
5.195999999999999508e-01
5.193999999999999728e-01
5.198000000000000398e-01
5.175999999999999490e-01
5.166666666666667185e-01
5.195333333333332915e-01
5.191999999999999948e-01
5.212666666666666559e-01
5.215333333333332932e-01
5.227333333333333831e-01
5.236666666666666137e-01
5.199333333333333584e-01
5.203333333333333144e-01
5.213333333333333153e-01
5.178000000000000380e-01
5.201999999999999957e-01
5.177333333333333787e-01
5.158666666666666956e-01
5.196666666666667211e-01
5.214666666666666339e-01
5.181999999999999940e-01
5.237333333333333840e-01
5.241333333333333400e-01
5.213333333333333153e-01
5.230000000000000204e-01
5.235333333333332950e-01
5.218000000000000416e-01
5.204666666666666330e-01
5.171333333333333337e-01
5.221999999999999975e-01
5.240666666666666806e-01
5.232666666666666577e-01
5.219333333333333602e-01
5.216666666666666119e-01
5.190666666666666762e-01
5.213999999999999746e-01
5.232666666666666577e-01
5.225999999999999535e-01
5.206666666666667220e-01
5.221999999999999975e-01
5.266666666666666163e-01
5.250000000000000222e-01
5.203999999999999737e-01
5.227333333333333831e-01
5.238000000000000433e-01
5.248000000000000442e-01
5.243999999999999773e-01
5.163999999999999702e-01
5.288666666666667071e-01
5.254666666666666375e-01
5.248666666666667036e-01
5.252000000000000002e-01
5.218000000000000416e-01
5.252000000000000002e-01
5.264666666666666384e-01
5.250666666666666815e-01
5.218000000000000416e-01
5.235999999999999543e-01
5.261333333333333417e-01
5.224666666666666348e-01
5.223333333333333162e-01
5.271333333333333426e-01
5.217333333333333822e-01
5.233999999999999764e-01
5.265999999999999570e-01
5.265333333333332977e-01
5.210666666666666780e-01
5.253999999999999782e-01
5.298666666666667080e-01
5.263333333333333197e-01
5.269333333333333647e-01
5.202666666666666551e-01
5.267333333333333867e-01
5.248000000000000442e-01
5.240666666666666806e-01
5.281333333333333435e-01
5.256666666666666154e-01
5.260666666666666824e-01
5.256666666666666154e-01
5.260000000000000231e-01
5.247333333333333849e-01
5.250666666666666815e-01
5.259333333333333638e-01
5.295999999999999597e-01
5.295333333333333004e-01
5.265999999999999570e-01
5.268000000000000460e-01
5.257333333333333858e-01
5.252666666666666595e-01
5.252000000000000002e-01
5.255999999999999561e-01
5.248666666666667036e-01
5.273999999999999799e-01
5.290000000000000258e-01
5.282666666666666622e-01
5.284666666666666401e-01
5.245999999999999552e-01
5.268000000000000460e-01
5.274666666666666393e-01
5.280666666666666842e-01
5.283999999999999808e-01
5.210000000000000187e-01
5.266666666666666163e-01
5.286666666666666181e-01
5.266666666666666163e-01
5.279333333333333655e-01
5.293333333333333224e-01
5.272666666666666613e-01
5.283333333333333215e-01
5.253333333333333188e-01
5.314666666666666428e-01
5.280000000000000249e-01
5.273999999999999799e-01
5.306666666666666199e-01
5.275999999999999579e-01
5.279333333333333655e-01
5.253999999999999782e-01
5.260000000000000231e-01
5.268000000000000460e-01
5.268000000000000460e-01
5.285999999999999588e-01
5.292666666666666631e-01
5.351333333333333497e-01
5.290666666666666851e-01
5.278000000000000469e-01
5.264666666666666384e-01
5.269333333333333647e-01
5.322000000000000064e-01
5.285999999999999588e-01
5.293333333333333224e-01
5.321333333333333471e-01
5.305333333333333012e-01
5.302000000000000046e-01
5.267333333333333867e-01
5.311333333333333462e-01
5.293999999999999817e-01
5.272666666666666613e-01
5.283999999999999808e-01
5.314666666666666428e-01
5.316666666666666208e-01
5.298000000000000487e-01
5.316666666666666208e-01
5.319333333333333691e-01
5.285999999999999588e-01
5.295333333333333004e-01
5.318000000000000504e-01
5.335999999999999632e-01
5.302000000000000046e-01
5.310000000000000275e-01
5.302000000000000046e-01
5.313333333333333242e-01
5.317333333333332801e-01
5.318666666666667098e-01
5.338666666666667115e-01
5.327333333333332810e-01
5.290666666666666851e-01
5.357333333333332837e-01
5.318666666666667098e-01
5.288666666666667071e-01
5.345999999999999641e-01
5.342666666666666675e-01
5.324666666666666437e-01
5.320666666666666877e-01
5.328666666666667107e-01
5.358000000000000540e-01
5.300666666666666860e-01
5.318666666666667098e-01
5.324666666666666437e-01
5.312666666666666648e-01
5.346666666666666234e-01
5.290666666666666851e-01
5.321333333333333471e-01
5.364666666666666472e-01
5.333333333333333259e-01
5.323999999999999844e-01
5.342666666666666675e-01
5.337333333333332819e-01
5.325999999999999623e-01
5.310000000000000275e-01
5.361333333333333506e-01
5.340666666666666895e-01
5.342666666666666675e-01
5.363333333333333286e-01
5.363999999999999879e-01
5.309333333333333682e-01
5.302666666666666639e-01
5.319333333333333691e-01
5.347333333333332828e-01
5.337333333333332819e-01
5.365999999999999659e-01
5.379333333333333744e-01
5.372666666666666702e-01
5.348000000000000531e-01
5.312000000000000055e-01
5.351333333333333497e-01
5.316666666666666208e-01
5.342666666666666675e-01
5.338666666666667115e-01
5.337333333333332819e-01
