3.675333333333333230e-01
3.682000000000000273e-01
3.690666666666666540e-01
3.695999999999999841e-01
3.699999999999999956e-01
3.701999999999999735e-01
3.708000000000000185e-01
3.711333333333333151e-01
3.714000000000000079e-01
3.718666666666666787e-01
3.719999999999999973e-01
3.724000000000000088e-01
3.729999999999999982e-01
3.732666666666666910e-01
3.732666666666666910e-01
3.734666666666666690e-01
3.738000000000000211e-01
3.738000000000000211e-01
3.741999999999999771e-01
3.746666666666666479e-01
3.750666666666666593e-01
3.754000000000000115e-01
3.756666666666666488e-01
3.759333333333333416e-01
3.763333333333333530e-01
3.767333333333333090e-01
3.770000000000000018e-01
3.774000000000000132e-01
3.781333333333333213e-01
3.786666666666666514e-01
3.790000000000000036e-01
3.794000000000000150e-01
3.796666666666666523e-01
3.799333333333333451e-01
3.800666666666666638e-01
3.803333333333333566e-01
3.806666666666666532e-01
3.810666666666666647e-01
3.814000000000000168e-01
3.817999999999999727e-01
3.820666666666666655e-01
3.821999999999999842e-01
3.824000000000000177e-01
3.826666666666666550e-01
3.830000000000000071e-01
3.832666666666666444e-01
3.833333333333333592e-01
3.837333333333333152e-01
3.841999999999999860e-01
3.844000000000000195e-01
3.845999999999999974e-01
3.851333333333333275e-01
3.855333333333333390e-01
3.857333333333333170e-01
3.861333333333333284e-01
3.863333333333333064e-01
3.869333333333333513e-01
3.872666666666666480e-01
3.877333333333333187e-01
3.879333333333333522e-01
3.883333333333333082e-01
3.886000000000000010e-01
3.889333333333333531e-01
3.896000000000000019e-01
3.897999999999999798e-01
3.902666666666666506e-01
3.904666666666666841e-01
3.907333333333333214e-01
3.910000000000000142e-01
3.914000000000000257e-01
3.917999999999999816e-01
3.919333333333333558e-01
3.922666666666666524e-01
3.928666666666666418e-01
3.927999999999999825e-01
3.931999999999999940e-01
3.939333333333333576e-01
3.941333333333333355e-01
3.943999999999999728e-01
3.945333333333333470e-01
3.948666666666666436e-01
3.950666666666666771e-01
3.952666666666666551e-01
3.958666666666666445e-01
3.958666666666666445e-01
3.960000000000000187e-01
3.963999999999999746e-01
3.966666666666666674e-01
3.972666666666666568e-01
3.978666666666666463e-01
3.978666666666666463e-01
3.982666666666666577e-01
3.983333333333333171e-01
3.986666666666666692e-01
3.989333333333333065e-01
3.991999999999999993e-01
3.992666666666666586e-01
3.993999999999999773e-01
3.997333333333333294e-01
4.001333333333333409e-01
4.004666666666666930e-01
4.009333333333333083e-01
4.013333333333333197e-01
4.016666666666666718e-01
4.020000000000000240e-01
4.019333333333333091e-01
4.021333333333333426e-01
4.019333333333333091e-01
4.026000000000000134e-01
4.030000000000000249e-01
4.032666666666666622e-01
4.036000000000000143e-01
4.039333333333333109e-01
4.043333333333333224e-01
4.043999999999999817e-01
4.045333333333333559e-01
4.047999999999999932e-01
4.050000000000000266e-01
4.052000000000000046e-01
4.055333333333333568e-01
4.056666666666666754e-01
4.060000000000000275e-01
4.066000000000000170e-01
4.067333333333333356e-01
4.067999999999999949e-01
4.070666666666666877e-01
4.070666666666666877e-01
4.073999999999999844e-01
4.076666666666666772e-01
4.078666666666666551e-01
4.080666666666666886e-01
4.083999999999999853e-01
4.086000000000000187e-01
4.089333333333333154e-01
4.091333333333333488e-01
4.092666666666666675e-01
4.092666666666666675e-01
4.096666666666666790e-01
4.097999999999999976e-01
4.099333333333333163e-01
4.102666666666666684e-01
4.104666666666666464e-01
4.106000000000000205e-01
4.107333333333333392e-01
4.109999999999999765e-01
4.110666666666666913e-01
4.112000000000000099e-01
4.113333333333333286e-01
4.117333333333333401e-01
4.118666666666666587e-01
4.119333333333333180e-01
4.122666666666666702e-01
4.124666666666666481e-01
4.126000000000000223e-01
4.128000000000000003e-01
4.132000000000000117e-01
4.136666666666666825e-01
4.138666666666666605e-01
4.143333333333333313e-01
4.146000000000000241e-01
4.146000000000000241e-01
4.146000000000000241e-01
4.145333333333333092e-01
4.146666666666666834e-01
4.148666666666666614e-01
4.152000000000000135e-01
4.154666666666666508e-01
4.157333333333333436e-01
4.158000000000000029e-01
4.158000000000000029e-01
4.158000000000000029e-01
4.162000000000000144e-01
4.163999999999999924e-01
4.168000000000000038e-01
4.168000000000000038e-01
4.168666666666666631e-01
4.171333333333333560e-01
4.172666666666666746e-01
4.176666666666666861e-01
4.178000000000000047e-01
4.179999999999999827e-01
4.184666666666666535e-01
4.184666666666666535e-01
4.186000000000000276e-01
4.191333333333333577e-01
4.192666666666666764e-01
4.193333333333333357e-01
4.192000000000000171e-01
4.198000000000000065e-01
4.201333333333333586e-01
4.201333333333333586e-01
4.205999999999999739e-01
4.209333333333333260e-01
4.210666666666666447e-01
4.210666666666666447e-01
4.213999999999999968e-01
4.217333333333333489e-01
4.219999999999999862e-01
4.222000000000000197e-01
4.225333333333333163e-01
4.225333333333333163e-01
4.225999999999999757e-01
4.229999999999999871e-01
4.232000000000000206e-01
4.233999999999999986e-01
4.233999999999999986e-01
4.236666666666666914e-01
4.237333333333333507e-01
4.238000000000000100e-01
4.239999999999999880e-01
4.241333333333333067e-01
4.243333333333333401e-01
4.243333333333333401e-01
4.245999999999999774e-01
4.245333333333333181e-01
4.243999999999999995e-01
4.248666666666666702e-01
4.249999999999999889e-01
4.249999999999999889e-01
4.253333333333333410e-01
4.254666666666666597e-01
4.259333333333333305e-01
4.264000000000000012e-01
4.265999999999999792e-01
4.268000000000000127e-01
4.268666666666666720e-01
4.271333333333333093e-01
4.273333333333333428e-01
4.276666666666666394e-01
4.280666666666666509e-01
4.282000000000000250e-01
4.285333333333333217e-01
4.289333333333333331e-01
4.292000000000000259e-01
4.295333333333333226e-01
4.295333333333333226e-01
4.296666666666666412e-01
4.299999999999999933e-01
4.300666666666666527e-01
4.301333333333333120e-01
4.304000000000000048e-01
4.305333333333333234e-01
4.306666666666666421e-01
4.307333333333333569e-01
4.308000000000000163e-01
4.309333333333333349e-01
4.314000000000000057e-01
4.316666666666666430e-01
4.319999999999999951e-01
4.323333333333333472e-01
4.326666666666666439e-01
4.326666666666666439e-01
4.328666666666666774e-01
4.330666666666666553e-01
4.331333333333333147e-01
4.329333333333333367e-01
4.330666666666666553e-01
4.334666666666666668e-01
4.334000000000000075e-01
4.337333333333333596e-01
4.337333333333333596e-01
4.336666666666666448e-01
4.339333333333333376e-01
4.341333333333333155e-01
4.341999999999999749e-01
4.343333333333333490e-01
4.344666666666666677e-01
4.346666666666666456e-01
4.347333333333333605e-01
4.349333333333333385e-01
4.349999999999999978e-01
4.351333333333333164e-01
4.352666666666666906e-01
4.355333333333333279e-01
4.360666666666666580e-01
4.361999999999999766e-01
4.363333333333333508e-01
4.366666666666666474e-01
4.367333333333333067e-01
4.367333333333333067e-01
4.369333333333333402e-01
4.372666666666666924e-01
4.374000000000000110e-01
4.375333333333333297e-01
4.376666666666666483e-01
4.378666666666666818e-01
4.380000000000000004e-01
4.381333333333333191e-01
4.382666666666666933e-01
4.384666666666666712e-01
4.390666666666666607e-01
4.391333333333333200e-01
4.391999999999999793e-01
4.391333333333333200e-01
4.394666666666666721e-01
4.394666666666666721e-01
4.398666666666666836e-01
4.401333333333333209e-01
4.399333333333333429e-01
4.402666666666666395e-01
4.401999999999999802e-01
4.404666666666666730e-01
4.404666666666666730e-01
4.408000000000000251e-01
4.413333333333333552e-01
4.413333333333333552e-01
4.415999999999999925e-01
4.415999999999999925e-01
4.415999999999999925e-01
4.418000000000000260e-01
4.421333333333333226e-01
4.421333333333333226e-01
4.422666666666666413e-01
4.424666666666666748e-01
4.423333333333333561e-01
4.424000000000000155e-01
4.425333333333333341e-01
4.426666666666666528e-01
4.428666666666666862e-01
4.430666666666666642e-01
4.431999999999999829e-01
4.435999999999999943e-01
4.436666666666666536e-01
4.436666666666666536e-01
4.440000000000000058e-01
4.442666666666666431e-01
4.444000000000000172e-01
4.445999999999999952e-01
4.448666666666666880e-01
4.449333333333333473e-01
4.451333333333333253e-01
4.451333333333333253e-01
4.455999999999999961e-01
4.456666666666666554e-01
4.457999999999999741e-01
4.462666666666666448e-01
4.462666666666666448e-01
4.464666666666666783e-01
4.466666666666666563e-01
4.468666666666666898e-01
4.470666666666666678e-01
4.470000000000000084e-01
4.473333333333333606e-01
4.474000000000000199e-01
4.475999999999999979e-01
4.479333333333333500e-01
4.480000000000000093e-01
4.481999999999999873e-01
4.484000000000000208e-01
4.484666666666666801e-01
4.484666666666666801e-01
4.485333333333333394e-01
4.485333333333333394e-01
4.485999999999999988e-01
4.487999999999999767e-01
4.487333333333333174e-01
4.490000000000000102e-01
4.491999999999999882e-01
4.491999999999999882e-01
4.494666666666666810e-01
4.493333333333333068e-01
4.495999999999999996e-01
4.496666666666666590e-01
4.497333333333333183e-01
4.497999999999999776e-01
4.498666666666666925e-01
4.499333333333333518e-01
4.499333333333333518e-01
4.504000000000000226e-01
4.504000000000000226e-01
4.503333333333333077e-01
4.505333333333333412e-01
4.505333333333333412e-01
4.507333333333333192e-01
4.507333333333333192e-01
4.508666666666666933e-01
4.507999999999999785e-01
4.509333333333333527e-01
4.510000000000000120e-01
4.511333333333333306e-01
4.511333333333333306e-01
4.510666666666666713e-01
4.511999999999999900e-01
4.514666666666666828e-01
4.516000000000000014e-01
4.516666666666666607e-01
4.517333333333333201e-01
4.517999999999999794e-01
4.519333333333333536e-01
4.520666666666666722e-01
4.522666666666666502e-01
4.524666666666666837e-01
4.524666666666666837e-01
4.526000000000000023e-01
4.526666666666666616e-01
4.527999999999999803e-01
4.527333333333333210e-01
4.527999999999999803e-01
4.530000000000000138e-01
4.529333333333333544e-01
4.531999999999999917e-01
4.531999999999999917e-01
4.533333333333333104e-01
4.534000000000000252e-01
4.534000000000000252e-01
4.535333333333333439e-01
4.535333333333333439e-01
4.537333333333333218e-01
4.537999999999999812e-01
4.536000000000000032e-01
4.539333333333333553e-01
4.543333333333333113e-01
4.544666666666666854e-01
4.544666666666666854e-01
4.544666666666666854e-01
4.547999999999999821e-01
4.550000000000000155e-01
4.551333333333333342e-01
4.551333333333333342e-01
4.554000000000000270e-01
4.556000000000000050e-01
4.556666666666666643e-01
4.555333333333333456e-01
4.555333333333333456e-01
4.558666666666666423e-01
4.561999999999999944e-01
4.560666666666666758e-01
4.561333333333333351e-01
4.561999999999999944e-01
4.564666666666666872e-01
4.563999999999999724e-01
4.564666666666666872e-01
4.567333333333333245e-01
4.566666666666666652e-01
4.568666666666666432e-01
4.571999999999999953e-01
4.573333333333333139e-01
4.573333333333333139e-01
4.573999999999999733e-01
4.574666666666666881e-01
4.577333333333333254e-01
4.578666666666666440e-01
4.577333333333333254e-01
4.580000000000000182e-01
4.581333333333333369e-01
4.582666666666666555e-01
4.581333333333333369e-01
4.582666666666666555e-01
4.582666666666666555e-01
4.583999999999999742e-01
4.584666666666666890e-01
4.587333333333333263e-01
4.589333333333333598e-01
4.590000000000000191e-01
4.593333333333333157e-01
4.596000000000000085e-01
4.595333333333333492e-01
4.596000000000000085e-01
4.597999999999999865e-01
4.600000000000000200e-01
4.600666666666666793e-01
4.602666666666666573e-01
4.600000000000000200e-01
4.600666666666666793e-01
4.602666666666666573e-01
4.605333333333333501e-01
4.606666666666666687e-01
4.606666666666666687e-01
4.605333333333333501e-01
4.607333333333333281e-01
4.611333333333333395e-01
4.611999999999999988e-01
4.613999999999999768e-01
4.616666666666666696e-01
4.615333333333333510e-01
4.617999999999999883e-01
4.621333333333333404e-01
4.622666666666666591e-01
4.623333333333333184e-01
4.623333333333333184e-01
4.626666666666666705e-01
4.627333333333333298e-01
4.629333333333333078e-01
4.632666666666666599e-01
4.632000000000000006e-01
4.633333333333333193e-01
4.633999999999999786e-01
4.635333333333333528e-01
4.634666666666666934e-01
4.636000000000000121e-01
4.635333333333333528e-01
4.636666666666666714e-01
4.639333333333333087e-01
4.640666666666666829e-01
4.642666666666666608e-01
4.644666666666666943e-01
4.646666666666666723e-01
4.646000000000000130e-01
4.649333333333333096e-01
4.649333333333333096e-01
4.651333333333333431e-01
4.650666666666666837e-01
4.654666666666666397e-01
4.656000000000000139e-01
4.653333333333333210e-01
4.654666666666666397e-01
4.655333333333333545e-01
4.656000000000000139e-01
4.655333333333333545e-01
4.657333333333333325e-01
4.656666666666666732e-01
4.655333333333333545e-01
4.657333333333333325e-01
4.660000000000000253e-01
4.662666666666666626e-01
4.663333333333333219e-01
4.663333333333333219e-01
4.661333333333333440e-01
4.663333333333333219e-01
4.665333333333333554e-01
4.666666666666666741e-01
4.667333333333333334e-01
4.670666666666666855e-01
4.672000000000000042e-01
4.672000000000000042e-01
4.671333333333333449e-01
4.672000000000000042e-01
4.672666666666666635e-01
4.673333333333333228e-01
4.673333333333333228e-01
4.673333333333333228e-01
4.673333333333333228e-01
4.673999999999999821e-01
4.673999999999999821e-01
4.674666666666666415e-01
4.675333333333333563e-01
4.674666666666666415e-01
4.676000000000000156e-01
4.674666666666666415e-01
4.676000000000000156e-01
4.676666666666666750e-01
4.677999999999999936e-01
4.677999999999999936e-01
4.679333333333333123e-01
4.680666666666666864e-01
4.682666666666666644e-01
4.682666666666666644e-01
4.685333333333333572e-01
4.686000000000000165e-01
4.687333333333333352e-01
4.689999999999999725e-01
4.689999999999999725e-01
4.691333333333333466e-01
4.692666666666666653e-01
4.692666666666666653e-01
4.692666666666666653e-01
4.692666666666666653e-01
4.694666666666666432e-01
4.695333333333333581e-01
4.697999999999999954e-01
4.698666666666666547e-01
4.698666666666666547e-01
4.699333333333333140e-01
4.700666666666666882e-01
4.701333333333333475e-01
4.699333333333333140e-01
4.700666666666666882e-01
4.703333333333333255e-01
4.703999999999999848e-01
4.705333333333333590e-01
4.703999999999999848e-01
4.704666666666666441e-01
4.703999999999999848e-01
4.703999999999999848e-01
4.709333333333333149e-01
4.709333333333333149e-01
4.707999999999999963e-01
4.710666666666666891e-01
4.710666666666666891e-01
4.713333333333333264e-01
4.714666666666666450e-01
4.715333333333333599e-01
4.715333333333333599e-01
4.716000000000000192e-01
4.716000000000000192e-01
4.716000000000000192e-01
4.717333333333333378e-01
4.716000000000000192e-01
4.718666666666666565e-01
4.719999999999999751e-01
4.720666666666666900e-01
4.723333333333333273e-01
4.722666666666666679e-01
4.724666666666666459e-01
4.724666666666666459e-01
4.726000000000000201e-01
4.726666666666666794e-01
4.727999999999999980e-01
4.728666666666666574e-01
4.729999999999999760e-01
4.729999999999999760e-01
4.731333333333333502e-01
4.732666666666666688e-01
4.732000000000000095e-01
4.732666666666666688e-01
4.731333333333333502e-01
4.734666666666666468e-01
4.736666666666666803e-01
4.737999999999999989e-01
4.737999999999999989e-01
4.739333333333333176e-01
4.741333333333333511e-01
4.741333333333333511e-01
4.743999999999999884e-01
4.743333333333333290e-01
4.746000000000000218e-01
4.744666666666666477e-01
4.747999999999999998e-01
4.747999999999999998e-01
4.747999999999999998e-01
4.749333333333333185e-01
4.750666666666666926e-01
4.753333333333333299e-01
4.752666666666666706e-01
4.753333333333333299e-01
4.753333333333333299e-01
4.753333333333333299e-01
4.753999999999999893e-01
4.754666666666666486e-01
4.753999999999999893e-01
4.756000000000000227e-01
4.758666666666666600e-01
4.759333333333333194e-01
4.761333333333333528e-01
4.761333333333333528e-01
4.762666666666666715e-01
4.763333333333333308e-01
4.763999999999999901e-01
4.765333333333333088e-01
4.764666666666666495e-01
4.766666666666666829e-01
4.767333333333333423e-01
4.768666666666666609e-01
4.769999999999999796e-01
4.771333333333333537e-01
4.769999999999999796e-01
4.769333333333333202e-01
4.772000000000000131e-01
4.771333333333333537e-01
4.772666666666666724e-01
4.773333333333333317e-01
4.776000000000000245e-01
4.776666666666666838e-01
4.776666666666666838e-01
4.778000000000000025e-01
4.780666666666666398e-01
4.781333333333333546e-01
4.781333333333333546e-01
4.781333333333333546e-01
4.783333333333333326e-01
4.783999999999999919e-01
4.783999999999999919e-01
4.783333333333333326e-01
4.784666666666666512e-01
4.784666666666666512e-01
4.784666666666666512e-01
4.782000000000000139e-01
4.783999999999999919e-01
4.783999999999999919e-01
4.784666666666666512e-01
4.786000000000000254e-01
4.789333333333333220e-01
4.789333333333333220e-01
4.789333333333333220e-01
4.789999999999999813e-01
4.789999999999999813e-01
4.794666666666666521e-01
4.794666666666666521e-01
4.796000000000000263e-01
4.796666666666666856e-01
4.798000000000000043e-01
4.798000000000000043e-01
4.798666666666666636e-01
4.800666666666666416e-01
4.799333333333333229e-01
4.799999999999999822e-01
4.802000000000000157e-01
4.800666666666666416e-01
4.803333333333333344e-01
4.804666666666666530e-01
4.803999999999999937e-01
4.808666666666666645e-01
4.808666666666666645e-01
4.808000000000000052e-01
4.809999999999999831e-01
4.809333333333333238e-01
4.812000000000000166e-01
4.812000000000000166e-01
4.811333333333333573e-01
4.812000000000000166e-01
4.811333333333333573e-01
4.811333333333333573e-01
4.812000000000000166e-01
4.812000000000000166e-01
4.812000000000000166e-01
4.812666666666666759e-01
4.813333333333333353e-01
4.814666666666666539e-01
4.815333333333333132e-01
4.816666666666666874e-01
4.818666666666666654e-01
4.818000000000000060e-01
4.818666666666666654e-01
4.819333333333333247e-01
4.819999999999999840e-01
4.819333333333333247e-01
4.820666666666666433e-01
4.819999999999999840e-01
4.822666666666666768e-01
4.824666666666666548e-01
4.823999999999999955e-01
4.823999999999999955e-01
4.825333333333333141e-01
4.825999999999999734e-01
4.824666666666666548e-01
4.828000000000000069e-01
4.828666666666666663e-01
4.828000000000000069e-01
4.830666666666666442e-01
4.832000000000000184e-01
