3.760666666666666602e-01
3.769333333333333425e-01
3.775333333333333319e-01
3.778666666666666840e-01
3.782666666666666400e-01
3.790000000000000036e-01
3.792666666666666409e-01
3.795333333333333337e-01
3.798666666666666858e-01
3.803333333333333566e-01
3.808000000000000274e-01
3.810666666666666647e-01
3.812666666666666426e-01
3.813333333333333575e-01
3.815333333333333354e-01
3.816666666666666541e-01
3.820000000000000062e-01
3.824000000000000177e-01
3.828666666666666885e-01
3.830666666666666664e-01
3.832666666666666444e-01
3.836666666666666559e-01
3.836666666666666559e-01
3.840000000000000080e-01
3.844666666666666788e-01
3.845999999999999974e-01
3.850000000000000089e-01
3.852666666666666462e-01
3.855999999999999983e-01
3.860666666666666691e-01
3.860666666666666691e-01
3.861999999999999877e-01
3.866666666666666585e-01
3.870666666666666700e-01
3.872666666666666480e-01
3.876000000000000001e-01
3.876666666666666594e-01
3.880000000000000115e-01
3.884000000000000230e-01
3.886000000000000010e-01
3.888666666666666938e-01
3.891999999999999904e-01
3.892666666666666497e-01
3.896000000000000019e-01
3.900000000000000133e-01
3.901333333333333320e-01
3.907333333333333214e-01
3.912666666666666515e-01
3.916666666666666630e-01
3.919333333333333558e-01
3.919333333333333558e-01
3.924000000000000266e-01
3.926666666666666639e-01
3.930666666666666753e-01
3.930000000000000160e-01
3.935333333333333461e-01
3.940000000000000169e-01
3.945333333333333470e-01
3.947999999999999843e-01
3.951333333333333364e-01
3.954666666666666885e-01
3.957999999999999852e-01
3.959333333333333593e-01
3.953999999999999737e-01
3.965333333333333488e-01
3.967999999999999861e-01
3.970666666666666789e-01
3.975333333333333496e-01
3.978666666666666463e-01
3.980000000000000204e-01
3.981999999999999984e-01
3.984666666666666912e-01
3.985333333333333505e-01
3.986666666666666692e-01
3.989333333333333065e-01
3.990666666666666806e-01
3.990000000000000213e-01
3.997999999999999887e-01
4.003999999999999782e-01
4.004666666666666930e-01
4.006666666666666710e-01
4.013333333333333197e-01
4.016000000000000125e-01
4.019333333333333091e-01
4.021333333333333426e-01
4.023333333333333206e-01
4.023333333333333206e-01
4.027333333333333321e-01
4.031333333333333435e-01
4.031333333333333435e-01
4.031333333333333435e-01
4.036000000000000143e-01
4.040666666666666851e-01
4.040666666666666851e-01
4.042666666666666631e-01
4.043333333333333224e-01
4.048666666666666525e-01
4.049333333333333118e-01
4.051333333333333453e-01
4.052666666666666639e-01
4.058666666666666534e-01
4.060000000000000275e-01
4.062666666666666648e-01
4.065333333333333576e-01
4.066000000000000170e-01
4.067333333333333356e-01
4.070666666666666877e-01
4.073999999999999844e-01
4.075333333333333585e-01
4.077333333333333365e-01
4.080666666666666886e-01
4.081333333333333480e-01
4.084666666666666446e-01
4.087333333333333374e-01
4.091333333333333488e-01
4.093333333333333268e-01
4.095333333333333603e-01
4.094666666666666455e-01
4.094666666666666455e-01
4.097999999999999976e-01
4.098666666666666569e-01
4.101333333333333497e-01
4.103999999999999870e-01
4.106000000000000205e-01
4.108666666666666578e-01
4.108666666666666578e-01
4.108666666666666578e-01
4.101333333333333497e-01
4.112000000000000099e-01
4.113999999999999879e-01
4.116000000000000214e-01
4.119999999999999774e-01
4.123333333333333295e-01
4.124666666666666481e-01
4.126000000000000223e-01
4.126000000000000223e-01
4.128000000000000003e-01
4.132666666666666710e-01
4.136000000000000232e-01
4.139999999999999791e-01
4.141333333333333533e-01
4.145333333333333092e-01
4.148000000000000020e-01
4.147333333333333427e-01
4.147333333333333427e-01
4.146666666666666834e-01
4.149333333333333207e-01
4.149333333333333207e-01
4.156000000000000250e-01
4.158000000000000029e-01
4.156666666666666843e-01
4.159333333333333216e-01
4.159333333333333216e-01
4.162666666666666737e-01
4.166000000000000258e-01
4.168666666666666631e-01
4.168000000000000038e-01
4.169333333333333225e-01
4.168666666666666631e-01
4.169999999999999818e-01
4.175333333333333119e-01
4.179333333333333234e-01
4.182666666666666755e-01
4.186666666666666869e-01
4.189333333333333242e-01
4.190666666666666429e-01
4.192666666666666764e-01
4.195333333333333137e-01
4.196666666666666878e-01
4.196666666666666878e-01
4.197333333333333472e-01
4.203999999999999959e-01
4.204666666666666552e-01
4.207333333333333480e-01
4.210666666666666447e-01
4.212666666666666782e-01
4.213999999999999968e-01
4.218000000000000083e-01
4.219999999999999862e-01
4.222666666666666790e-01
4.223333333333333384e-01
4.226666666666666905e-01
4.227333333333333498e-01
4.230666666666666464e-01
4.231333333333333058e-01
4.233999999999999986e-01
4.234666666666666579e-01
4.235999999999999766e-01
4.235999999999999766e-01
4.239333333333333287e-01
4.240666666666666473e-01
4.238666666666666694e-01
4.243333333333333401e-01
4.243999999999999995e-01
4.243999999999999995e-01
4.241333333333333067e-01
4.243999999999999995e-01
4.245333333333333181e-01
4.249333333333333296e-01
4.249333333333333296e-01
4.251333333333333075e-01
4.253333333333333410e-01
4.255333333333333190e-01
4.255999999999999783e-01
4.258666666666666711e-01
4.262666666666666826e-01
4.265999999999999792e-01
4.268666666666666720e-01
4.268000000000000127e-01
4.268000000000000127e-01
4.272666666666666835e-01
4.273333333333333428e-01
4.276666666666666394e-01
4.279333333333333322e-01
4.284000000000000030e-01
4.289333333333333331e-01
4.291333333333333111e-01
4.294666666666666632e-01
4.294666666666666632e-01
4.297333333333333560e-01
4.299999999999999933e-01
4.302000000000000268e-01
4.303333333333333455e-01
4.305333333333333234e-01
4.308666666666666756e-01
4.309333333333333349e-01
4.309999999999999942e-01
4.311333333333333129e-01
4.314000000000000057e-01
4.315999999999999837e-01
4.317333333333333578e-01
4.320666666666666544e-01
4.324666666666666659e-01
4.324666666666666659e-01
4.327333333333333587e-01
4.329999999999999960e-01
4.331999999999999740e-01
4.333333333333333481e-01
4.333333333333333481e-01
4.334666666666666668e-01
4.337333333333333596e-01
4.337333333333333596e-01
4.338666666666666782e-01
4.339999999999999969e-01
4.341333333333333155e-01
4.339999999999999969e-01
4.341333333333333155e-01
4.344000000000000083e-01
4.344666666666666677e-01
4.346666666666666456e-01
4.346666666666666456e-01
4.348666666666666791e-01
4.348666666666666791e-01
4.347333333333333605e-01
4.347333333333333605e-01
4.348000000000000198e-01
4.353333333333333499e-01
4.358000000000000207e-01
4.357333333333333059e-01
4.361333333333333173e-01
4.362666666666666915e-01
4.364666666666666694e-01
4.365999999999999881e-01
4.365999999999999881e-01
4.364666666666666694e-01
4.365999999999999881e-01
4.370666666666666589e-01
4.374000000000000110e-01
4.377333333333333076e-01
4.378666666666666818e-01
4.377333333333333076e-01
4.380666666666666598e-01
4.380000000000000004e-01
4.381333333333333191e-01
4.385999999999999899e-01
4.388666666666666827e-01
4.391333333333333200e-01
4.393333333333333535e-01
4.394666666666666721e-01
4.394666666666666721e-01
4.396666666666666501e-01
4.398666666666666836e-01
4.401333333333333209e-01
4.401999999999999802e-01
4.403333333333333544e-01
4.404000000000000137e-01
4.404666666666666730e-01
4.406666666666666510e-01
4.410666666666666624e-01
4.412666666666666404e-01
4.414000000000000146e-01
4.415999999999999925e-01
4.417333333333333112e-01
4.418666666666666853e-01
4.420666666666666633e-01
4.421999999999999820e-01
4.420666666666666633e-01
4.421999999999999820e-01
4.424666666666666748e-01
4.425999999999999934e-01
4.428666666666666862e-01
4.428666666666666862e-01
4.431333333333333235e-01
4.433333333333333570e-01
4.434000000000000163e-01
4.434666666666666757e-01
4.439333333333333464e-01
4.440000000000000058e-01
4.443333333333333579e-01
4.444000000000000172e-01
4.444666666666666766e-01
4.450666666666666660e-01
4.450666666666666660e-01
4.452666666666666440e-01
4.452666666666666440e-01
4.451999999999999846e-01
4.451999999999999846e-01
4.455999999999999961e-01
4.456666666666666554e-01
4.455333333333333368e-01
4.459333333333333482e-01
4.460666666666666669e-01
4.465333333333333377e-01
4.465999999999999970e-01
4.467999999999999750e-01
4.470000000000000084e-01
4.470666666666666678e-01
4.470666666666666678e-01
4.472666666666666457e-01
4.475333333333333385e-01
4.477999999999999758e-01
4.480666666666666687e-01
4.481333333333333280e-01
4.484000000000000208e-01
4.486666666666666581e-01
4.486666666666666581e-01
4.486666666666666581e-01
4.487999999999999767e-01
4.487999999999999767e-01
4.490000000000000102e-01
4.491333333333333289e-01
4.491999999999999882e-01
4.494666666666666810e-01
4.495999999999999996e-01
4.495333333333333403e-01
4.495999999999999996e-01
4.497333333333333183e-01
4.495999999999999996e-01
4.497999999999999776e-01
4.497999999999999776e-01
4.500666666666666704e-01
4.500666666666666704e-01
4.501333333333333298e-01
4.501999999999999891e-01
4.501999999999999891e-01
4.500666666666666704e-01
4.503333333333333077e-01
4.504000000000000226e-01
4.505333333333333412e-01
4.506666666666666599e-01
4.507999999999999785e-01
4.509333333333333527e-01
4.509333333333333527e-01
4.512666666666666493e-01
4.512666666666666493e-01
4.512666666666666493e-01
4.513333333333333086e-01
4.514666666666666828e-01
4.516000000000000014e-01
4.517999999999999794e-01
4.517333333333333201e-01
4.518666666666666942e-01
4.521333333333333315e-01
4.520666666666666722e-01
4.521333333333333315e-01
4.523333333333333095e-01
4.524666666666666837e-01
4.524666666666666837e-01
4.526000000000000023e-01
4.524666666666666837e-01
4.526000000000000023e-01
4.527333333333333210e-01
4.526666666666666616e-01
4.524666666666666837e-01
4.527999999999999803e-01
4.530666666666666731e-01
4.532666666666666511e-01
4.533333333333333104e-01
4.535333333333333439e-01
4.536000000000000032e-01
4.537333333333333218e-01
4.537999999999999812e-01
4.536000000000000032e-01
4.537999999999999812e-01
4.539333333333333553e-01
4.541999999999999926e-01
4.542666666666666520e-01
4.546666666666666634e-01
4.547999999999999821e-01
4.546666666666666634e-01
4.547999999999999821e-01
4.549333333333333562e-01
4.553333333333333122e-01
4.551999999999999935e-01
4.553333333333333122e-01
4.553333333333333122e-01
4.557333333333333236e-01
4.557333333333333236e-01
4.560000000000000164e-01
4.560666666666666758e-01
4.560666666666666758e-01
4.563333333333333131e-01
4.563333333333333131e-01
4.563999999999999724e-01
4.567333333333333245e-01
4.567333333333333245e-01
4.568666666666666432e-01
4.567999999999999838e-01
4.569333333333333580e-01
4.570666666666666766e-01
4.571999999999999953e-01
4.573333333333333139e-01
4.573999999999999733e-01
4.574666666666666881e-01
4.575333333333333474e-01
4.577333333333333254e-01
4.580000000000000182e-01
4.578666666666666440e-01
4.580666666666666775e-01
4.581999999999999962e-01
4.582666666666666555e-01
4.581999999999999962e-01
4.585333333333333483e-01
4.585333333333333483e-01
4.583333333333333148e-01
4.584666666666666890e-01
4.586000000000000076e-01
4.586666666666666670e-01
4.591999999999999971e-01
4.596000000000000085e-01
4.596666666666666679e-01
4.597333333333333272e-01
4.597999999999999865e-01
4.598666666666666458e-01
4.598666666666666458e-01
4.598666666666666458e-01
4.599333333333333607e-01
4.595333333333333492e-01
4.600000000000000200e-01
4.601333333333333386e-01
4.603333333333333166e-01
4.603999999999999759e-01
4.606666666666666687e-01
4.610666666666666802e-01
4.611999999999999988e-01
4.613333333333333175e-01
4.617333333333333290e-01
4.616666666666666696e-01
4.617333333333333290e-01
4.620666666666666811e-01
4.621999999999999997e-01
4.623999999999999777e-01
4.625333333333333519e-01
4.626000000000000112e-01
4.626000000000000112e-01
4.626000000000000112e-01
4.626000000000000112e-01
4.628666666666666485e-01
4.631333333333333413e-01
4.632666666666666599e-01
4.633333333333333193e-01
4.633999999999999786e-01
4.636666666666666714e-01
4.637333333333333307e-01
4.638666666666666494e-01
4.638666666666666494e-01
4.642000000000000015e-01
4.642666666666666608e-01
4.643999999999999795e-01
4.646666666666666723e-01
4.647999999999999909e-01
4.650666666666666837e-01
4.649333333333333096e-01
4.650000000000000244e-01
4.651333333333333431e-01
4.652000000000000024e-01
4.653333333333333210e-01
4.655333333333333545e-01
4.659333333333333105e-01
4.660000000000000253e-01
4.657999999999999918e-01
4.659333333333333105e-01
4.660000000000000253e-01
4.661333333333333440e-01
4.660666666666666846e-01
4.662000000000000033e-01
4.663333333333333219e-01
4.664666666666666406e-01
4.663999999999999813e-01
4.662666666666666626e-01
4.666666666666666741e-01
4.667333333333333334e-01
4.667333333333333334e-01
4.670666666666666855e-01
4.670666666666666855e-01
4.670666666666666855e-01
4.672000000000000042e-01
4.669333333333333114e-01
4.670000000000000262e-01
4.670666666666666855e-01
4.670666666666666855e-01
4.670666666666666855e-01
4.671333333333333449e-01
4.672666666666666635e-01
4.672000000000000042e-01
4.673999999999999821e-01
4.677333333333333343e-01
4.675333333333333563e-01
4.677333333333333343e-01
4.677333333333333343e-01
4.677333333333333343e-01
4.679333333333333123e-01
4.678666666666666529e-01
4.679333333333333123e-01
4.680000000000000271e-01
4.680666666666666864e-01
4.680666666666666864e-01
4.680666666666666864e-01
4.682666666666666644e-01
4.683333333333333237e-01
4.685333333333333572e-01
4.686000000000000165e-01
4.685333333333333572e-01
4.686000000000000165e-01
4.688666666666666538e-01
4.689333333333333131e-01
4.687999999999999945e-01
4.686666666666666758e-01
4.687333333333333352e-01
4.689999999999999725e-01
4.690666666666666873e-01
4.692666666666666653e-01
4.693333333333333246e-01
4.693333333333333246e-01
4.695333333333333581e-01
4.696000000000000174e-01
4.697999999999999954e-01
4.698666666666666547e-01
4.698666666666666547e-01
4.701333333333333475e-01
4.702000000000000068e-01
4.702666666666666662e-01
4.702666666666666662e-01
4.703333333333333255e-01
4.706000000000000183e-01
4.706000000000000183e-01
4.707999999999999963e-01
4.707333333333333369e-01
4.707999999999999963e-01
4.707999999999999963e-01
4.710666666666666891e-01
4.712000000000000077e-01
4.712666666666666671e-01
4.712666666666666671e-01
4.714666666666666450e-01
4.713999999999999857e-01
4.715333333333333599e-01
4.717333333333333378e-01
4.716000000000000192e-01
4.716000000000000192e-01
4.716000000000000192e-01
4.717333333333333378e-01
4.716666666666666785e-01
4.718666666666666565e-01
4.720666666666666900e-01
4.719333333333333158e-01
4.723999999999999866e-01
4.724666666666666459e-01
4.726000000000000201e-01
4.726666666666666794e-01
4.726666666666666794e-01
4.727999999999999980e-01
4.727999999999999980e-01
4.730666666666666909e-01
4.733999999999999875e-01
4.735333333333333061e-01
4.735333333333333061e-01
4.739999999999999769e-01
4.737999999999999989e-01
4.737333333333333396e-01
4.737333333333333396e-01
4.737333333333333396e-01
4.739333333333333176e-01
4.739999999999999769e-01
4.741333333333333511e-01
4.741333333333333511e-01
4.740666666666666917e-01
4.743999999999999884e-01
4.747333333333333405e-01
4.748666666666666591e-01
4.749999999999999778e-01
4.747999999999999998e-01
4.749333333333333185e-01
4.747333333333333405e-01
4.752000000000000113e-01
4.752000000000000113e-01
4.755333333333333079e-01
4.754666666666666486e-01
4.754666666666666486e-01
4.755333333333333079e-01
4.755333333333333079e-01
4.756000000000000227e-01
4.756666666666666821e-01
4.758666666666666600e-01
4.762000000000000122e-01
4.762666666666666715e-01
4.762666666666666715e-01
4.763333333333333308e-01
4.762000000000000122e-01
4.763999999999999901e-01
4.764666666666666495e-01
4.766000000000000236e-01
4.766666666666666829e-01
4.765333333333333088e-01
4.768000000000000016e-01
4.768000000000000016e-01
4.767333333333333423e-01
4.769333333333333202e-01
4.771333333333333537e-01
4.769999999999999796e-01
4.768000000000000016e-01
4.773999999999999910e-01
4.775333333333333097e-01
4.776000000000000245e-01
4.777333333333333432e-01
4.776000000000000245e-01
4.775333333333333097e-01
4.774666666666666504e-01
4.778666666666666618e-01
4.776666666666666838e-01
4.780666666666666398e-01
4.783333333333333326e-01
4.782666666666666733e-01
4.782666666666666733e-01
4.783999999999999919e-01
4.783999999999999919e-01
4.782666666666666733e-01
4.782000000000000139e-01
4.782666666666666733e-01
4.782666666666666733e-01
4.783333333333333326e-01
4.784666666666666512e-01
4.783333333333333326e-01
4.784666666666666512e-01
4.783999999999999919e-01
4.786666666666666847e-01
4.787333333333333441e-01
4.786000000000000254e-01
4.788666666666666627e-01
4.790666666666666407e-01
4.792666666666666742e-01
4.790666666666666407e-01
4.791333333333333555e-01
4.793999999999999928e-01
4.793999999999999928e-01
4.795333333333333115e-01
4.796666666666666856e-01
4.798666666666666636e-01
4.799999999999999822e-01
4.802666666666666750e-01
4.802666666666666750e-01
4.803333333333333344e-01
4.803333333333333344e-01
4.802666666666666750e-01
4.803999999999999937e-01
4.806000000000000272e-01
4.806000000000000272e-01
4.808666666666666645e-01
4.808000000000000052e-01
4.808000000000000052e-01
4.808666666666666645e-01
4.806000000000000272e-01
4.810666666666666424e-01
4.809999999999999831e-01
4.810666666666666424e-01
4.812000000000000166e-01
4.810666666666666424e-01
4.813333333333333353e-01
4.812666666666666759e-01
4.812000000000000166e-01
4.813999999999999946e-01
4.813999999999999946e-01
4.815333333333333132e-01
4.813333333333333353e-01
4.813333333333333353e-01
4.815333333333333132e-01
4.814666666666666539e-01
4.814666666666666539e-01
4.814666666666666539e-01
4.817333333333333467e-01
4.818666666666666654e-01
4.818666666666666654e-01
4.819333333333333247e-01
4.819999999999999840e-01
4.822666666666666768e-01
4.825333333333333141e-01
4.825999999999999734e-01
4.827333333333333476e-01
4.829333333333333256e-01
4.829999999999999849e-01
4.828000000000000069e-01
4.829333333333333256e-01
4.828666666666666663e-01
4.829333333333333256e-01
4.831333333333333591e-01
4.833333333333333370e-01
4.833333333333333370e-01
4.832666666666666777e-01
4.833333333333333370e-01
4.833999999999999964e-01
4.834666666666666557e-01
4.833999999999999964e-01
4.836666666666666892e-01
4.835999999999999743e-01
4.835999999999999743e-01
4.838000000000000078e-01
4.839999999999999858e-01
4.840666666666666451e-01
4.842666666666666786e-01
4.841333333333333599e-01
