3.771999999999999797e-01
3.781999999999999806e-01
3.786666666666666514e-01
3.794666666666666743e-01
3.798000000000000265e-01
3.801999999999999824e-01
3.805999999999999939e-01
3.810000000000000053e-01
3.812666666666666426e-01
3.815333333333333354e-01
3.820000000000000062e-01
3.821999999999999842e-01
3.825333333333333363e-01
3.827999999999999736e-01
3.830000000000000071e-01
3.834666666666666779e-01
3.836666666666666559e-01
3.840000000000000080e-01
3.841999999999999860e-01
3.841333333333333266e-01
3.849333333333333496e-01
3.850000000000000089e-01
3.855333333333333390e-01
3.857999999999999763e-01
3.858666666666666911e-01
3.861999999999999877e-01
3.864666666666666806e-01
3.868666666666666920e-01
3.871999999999999886e-01
3.874666666666666814e-01
3.876000000000000001e-01
3.878666666666666929e-01
3.880000000000000115e-01
3.881999999999999895e-01
3.882666666666666488e-01
3.887999999999999790e-01
3.888666666666666938e-01
3.892666666666666497e-01
3.896000000000000019e-01
3.897999999999999798e-01
3.901333333333333320e-01
3.904666666666666841e-01
3.908666666666666401e-01
3.909333333333333549e-01
3.915333333333333443e-01
3.920000000000000151e-01
3.921333333333333337e-01
3.926666666666666639e-01
3.928666666666666418e-01
3.931333333333333346e-01
3.935333333333333461e-01
3.937333333333333241e-01
3.940666666666666762e-01
3.945333333333333470e-01
3.947999999999999843e-01
3.950666666666666771e-01
3.953999999999999737e-01
3.958666666666666445e-01
3.959333333333333593e-01
3.961999999999999966e-01
3.966000000000000081e-01
3.968666666666666454e-01
3.971999999999999975e-01
3.977333333333333276e-01
3.977999999999999869e-01
3.976666666666666683e-01
3.980666666666666798e-01
3.984666666666666912e-01
3.986000000000000099e-01
3.988666666666666472e-01
3.990666666666666806e-01
3.991333333333333400e-01
3.995333333333333514e-01
4.000000000000000222e-01
4.004666666666666930e-01
4.006000000000000116e-01
4.008666666666666489e-01
4.013333333333333197e-01
4.017333333333333312e-01
4.019333333333333091e-01
4.022666666666666613e-01
4.023999999999999799e-01
4.024666666666666393e-01
4.027999999999999914e-01
4.031333333333333435e-01
4.032666666666666622e-01
4.035333333333333550e-01
4.035333333333333550e-01
4.040666666666666851e-01
4.041333333333333444e-01
4.042666666666666631e-01
4.045333333333333559e-01
4.047999999999999932e-01
4.050000000000000266e-01
4.053333333333333233e-01
4.054666666666666419e-01
4.058666666666666534e-01
4.060666666666666869e-01
4.063999999999999835e-01
4.063999999999999835e-01
4.066000000000000170e-01
4.067999999999999949e-01
4.070666666666666877e-01
4.073333333333333250e-01
4.075333333333333585e-01
4.077999999999999958e-01
4.080666666666666886e-01
4.081333333333333480e-01
4.084666666666666446e-01
4.088666666666666560e-01
4.091333333333333488e-01
4.093333333333333268e-01
4.093999999999999861e-01
4.096666666666666790e-01
4.097333333333333383e-01
4.097333333333333383e-01
4.097999999999999976e-01
4.101333333333333497e-01
4.102666666666666684e-01
4.106666666666666798e-01
4.108666666666666578e-01
4.109999999999999765e-01
4.111333333333333506e-01
4.110666666666666913e-01
4.113333333333333286e-01
4.116666666666666807e-01
4.116666666666666807e-01
4.119333333333333180e-01
4.122666666666666702e-01
4.123333333333333295e-01
4.123333333333333295e-01
4.123999999999999888e-01
4.128000000000000003e-01
4.130666666666666931e-01
4.133333333333333304e-01
4.137333333333333418e-01
4.140666666666666940e-01
4.143999999999999906e-01
4.145333333333333092e-01
4.147333333333333427e-01
4.148000000000000020e-01
4.146666666666666834e-01
4.147333333333333427e-01
4.149333333333333207e-01
4.155333333333333101e-01
4.156666666666666843e-01
4.157333333333333436e-01
4.159999999999999809e-01
4.159999999999999809e-01
4.162000000000000144e-01
4.166666666666666852e-01
4.168000000000000038e-01
4.168666666666666631e-01
4.168666666666666631e-01
4.170666666666666411e-01
4.170666666666666411e-01
4.172666666666666746e-01
4.178000000000000047e-01
4.182000000000000162e-01
4.186000000000000276e-01
4.189333333333333242e-01
4.190666666666666429e-01
4.192000000000000171e-01
4.193999999999999950e-01
4.194666666666666544e-01
4.196666666666666878e-01
4.195999999999999730e-01
4.199999999999999845e-01
4.203999999999999959e-01
4.205999999999999739e-01
4.208000000000000074e-01
4.212666666666666782e-01
4.214666666666666561e-01
4.218000000000000083e-01
4.221333333333333604e-01
4.222666666666666790e-01
4.223999999999999977e-01
4.226666666666666905e-01
4.227333333333333498e-01
4.229333333333333278e-01
4.230666666666666464e-01
4.233999999999999986e-01
4.233999999999999986e-01
4.234666666666666579e-01
4.237333333333333507e-01
4.238000000000000100e-01
4.239999999999999880e-01
4.242666666666666808e-01
4.245333333333333181e-01
4.245999999999999774e-01
4.244666666666666588e-01
4.244666666666666588e-01
4.245333333333333181e-01
4.245333333333333181e-01
4.247333333333333516e-01
4.249333333333333296e-01
4.250666666666666482e-01
4.252000000000000224e-01
4.253333333333333410e-01
4.255333333333333190e-01
4.258666666666666711e-01
4.263333333333333419e-01
4.265999999999999792e-01
4.267333333333333534e-01
4.269333333333333313e-01
4.269999999999999907e-01
4.272000000000000242e-01
4.275333333333333208e-01
4.275999999999999801e-01
4.281333333333333102e-01
4.284000000000000030e-01
4.287333333333333552e-01
4.289999999999999925e-01
4.295333333333333226e-01
4.296666666666666412e-01
4.298000000000000154e-01
4.300666666666666527e-01
4.303333333333333455e-01
4.304000000000000048e-01
4.304666666666666641e-01
4.307333333333333569e-01
4.309333333333333349e-01
4.309999999999999942e-01
4.311333333333333129e-01
4.314666666666666650e-01
4.315333333333333243e-01
4.316666666666666430e-01
4.320666666666666544e-01
4.324000000000000066e-01
4.324000000000000066e-01
4.325999999999999845e-01
4.329333333333333367e-01
4.329333333333333367e-01
4.330666666666666553e-01
4.332666666666666888e-01
4.333333333333333481e-01
4.334666666666666668e-01
4.336666666666666448e-01
4.337333333333333596e-01
4.338000000000000189e-01
4.340666666666666562e-01
4.340666666666666562e-01
4.341999999999999749e-01
4.344000000000000083e-01
4.344000000000000083e-01
4.345333333333333270e-01
4.346666666666666456e-01
4.348666666666666791e-01
4.349333333333333385e-01
4.349999999999999978e-01
4.351333333333333164e-01
4.352666666666666906e-01
4.354666666666666686e-01
4.356666666666666465e-01
4.358666666666666800e-01
4.358666666666666800e-01
4.361999999999999766e-01
4.364000000000000101e-01
4.364666666666666694e-01
4.364666666666666694e-01
4.364666666666666694e-01
4.365999999999999881e-01
4.365999999999999881e-01
4.371999999999999775e-01
4.375999999999999890e-01
4.376666666666666483e-01
4.377333333333333076e-01
4.379333333333333411e-01
4.380666666666666598e-01
4.381333333333333191e-01
4.384666666666666712e-01
4.387333333333333085e-01
4.390000000000000013e-01
4.390666666666666607e-01
4.391999999999999793e-01
4.393333333333333535e-01
4.393333333333333535e-01
4.395999999999999908e-01
4.398000000000000242e-01
4.402666666666666395e-01
4.403333333333333544e-01
4.404000000000000137e-01
4.405333333333333323e-01
4.404666666666666730e-01
4.405333333333333323e-01
4.410666666666666624e-01
4.411333333333333218e-01
4.412666666666666404e-01
4.414666666666666739e-01
4.416666666666666519e-01
4.418000000000000260e-01
4.420666666666666633e-01
4.421333333333333226e-01
4.421999999999999820e-01
4.421999999999999820e-01
4.424000000000000155e-01
4.426666666666666528e-01
4.429333333333333456e-01
4.429333333333333456e-01
4.430666666666666642e-01
4.432666666666666422e-01
4.435333333333333350e-01
4.436666666666666536e-01
4.440000000000000058e-01
4.441333333333333244e-01
4.444000000000000172e-01
4.445333333333333359e-01
4.445999999999999952e-01
4.448666666666666880e-01
4.450000000000000067e-01
4.450666666666666660e-01
4.450000000000000067e-01
4.450000000000000067e-01
4.451333333333333253e-01
4.454000000000000181e-01
4.456666666666666554e-01
4.458666666666666889e-01
4.459333333333333482e-01
4.464000000000000190e-01
4.463333333333333597e-01
4.468666666666666898e-01
4.470000000000000084e-01
4.468666666666666898e-01
4.470000000000000084e-01
4.471333333333333271e-01
4.472666666666666457e-01
4.474666666666666792e-01
4.477333333333333165e-01
4.478666666666666907e-01
4.480666666666666687e-01
4.484000000000000208e-01
4.484666666666666801e-01
4.487333333333333174e-01
4.488666666666666916e-01
4.489333333333333509e-01
4.490000000000000102e-01
4.492666666666666475e-01
4.492666666666666475e-01
4.494000000000000217e-01
4.495999999999999996e-01
4.493333333333333068e-01
4.494666666666666810e-01
4.497333333333333183e-01
4.497333333333333183e-01
4.496666666666666590e-01
4.497333333333333183e-01
4.499333333333333518e-01
4.500000000000000111e-01
4.501333333333333298e-01
4.501999999999999891e-01
4.501999999999999891e-01
4.501999999999999891e-01
4.501999999999999891e-01
4.503333333333333077e-01
4.504666666666666819e-01
4.507333333333333192e-01
4.507999999999999785e-01
4.508666666666666933e-01
4.510000000000000120e-01
4.510000000000000120e-01
4.511333333333333306e-01
4.511999999999999900e-01
4.511999999999999900e-01
4.513333333333333086e-01
4.513333333333333086e-01
4.517333333333333201e-01
4.517333333333333201e-01
4.517999999999999794e-01
4.521333333333333315e-01
4.520000000000000129e-01
4.521999999999999909e-01
4.521333333333333315e-01
4.524000000000000243e-01
4.526000000000000023e-01
4.526666666666666616e-01
4.527999999999999803e-01
4.526000000000000023e-01
4.527999999999999803e-01
4.528666666666666396e-01
4.528666666666666396e-01
4.530666666666666731e-01
4.532666666666666511e-01
4.532666666666666511e-01
4.532666666666666511e-01
4.534666666666666845e-01
4.536000000000000032e-01
4.537333333333333218e-01
4.538666666666666405e-01
4.537333333333333218e-01
4.536666666666666625e-01
4.537999999999999812e-01
4.539333333333333553e-01
4.541999999999999926e-01
4.541999999999999926e-01
4.541999999999999926e-01
4.547333333333333227e-01
4.547333333333333227e-01
4.546666666666666634e-01
4.546666666666666634e-01
4.550000000000000155e-01
4.553333333333333122e-01
4.554000000000000270e-01
4.555333333333333456e-01
4.557333333333333236e-01
4.559333333333333571e-01
4.560000000000000164e-01
4.562666666666666537e-01
4.563999999999999724e-01
4.565333333333333465e-01
4.564666666666666872e-01
4.564666666666666872e-01
4.567333333333333245e-01
4.568666666666666432e-01
4.570000000000000173e-01
4.569333333333333580e-01
4.571333333333333360e-01
4.574666666666666881e-01
4.575333333333333474e-01
4.575333333333333474e-01
4.576666666666666661e-01
4.577333333333333254e-01
4.577333333333333254e-01
4.577999999999999847e-01
4.578666666666666440e-01
4.578666666666666440e-01
4.577999999999999847e-01
4.579333333333333589e-01
4.581333333333333369e-01
4.581333333333333369e-01
4.583333333333333148e-01
4.583333333333333148e-01
4.582666666666666555e-01
4.585333333333333483e-01
4.586666666666666670e-01
4.590000000000000191e-01
4.593333333333333157e-01
4.596000000000000085e-01
4.597333333333333272e-01
4.597999999999999865e-01
4.596666666666666679e-01
4.597999999999999865e-01
4.599333333333333607e-01
4.598666666666666458e-01
4.599333333333333607e-01
4.600666666666666793e-01
4.600666666666666793e-01
4.603333333333333166e-01
4.606000000000000094e-01
4.607999999999999874e-01
4.610666666666666802e-01
4.611999999999999988e-01
4.612666666666666582e-01
4.616000000000000103e-01
4.616000000000000103e-01
4.617333333333333290e-01
4.619333333333333069e-01
4.621999999999999997e-01
4.623333333333333184e-01
4.624666666666666925e-01
4.625333333333333519e-01
4.626000000000000112e-01
4.627999999999999892e-01
4.625333333333333519e-01
4.627333333333333298e-01
4.629333333333333078e-01
4.630666666666666820e-01
4.632666666666666599e-01
4.632666666666666599e-01
4.634666666666666934e-01
4.636666666666666714e-01
4.637999999999999901e-01
4.640666666666666829e-01
4.641333333333333422e-01
4.643333333333333202e-01
4.643999999999999795e-01
4.646000000000000130e-01
4.646666666666666723e-01
4.647999999999999909e-01
4.649333333333333096e-01
4.650000000000000244e-01
4.652000000000000024e-01
4.652000000000000024e-01
4.652666666666666617e-01
4.655333333333333545e-01
4.657333333333333325e-01
4.659333333333333105e-01
4.659333333333333105e-01
4.661333333333333440e-01
4.660666666666666846e-01
4.660666666666666846e-01
4.662666666666666626e-01
4.661333333333333440e-01
4.662000000000000033e-01
4.662666666666666626e-01
4.666666666666666741e-01
4.667333333333333334e-01
4.668666666666666520e-01
4.668666666666666520e-01
4.669333333333333114e-01
4.669333333333333114e-01
4.670666666666666855e-01
4.671333333333333449e-01
4.672666666666666635e-01
4.671333333333333449e-01
4.670666666666666855e-01
4.672000000000000042e-01
4.673333333333333228e-01
4.672666666666666635e-01
4.672666666666666635e-01
4.672666666666666635e-01
4.672000000000000042e-01
4.673333333333333228e-01
4.677333333333333343e-01
4.677999999999999936e-01
4.677999999999999936e-01
4.676666666666666750e-01
4.677999999999999936e-01
4.678666666666666529e-01
4.679333333333333123e-01
4.678666666666666529e-01
4.679333333333333123e-01
4.678666666666666529e-01
4.680666666666666864e-01
4.681333333333333457e-01
4.682000000000000051e-01
4.679333333333333123e-01
4.680000000000000271e-01
4.683999999999999830e-01
4.686000000000000165e-01
4.686000000000000165e-01
4.685333333333333572e-01
4.686666666666666758e-01
4.687333333333333352e-01
4.686000000000000165e-01
4.688666666666666538e-01
4.687999999999999945e-01
4.690666666666666873e-01
4.692666666666666653e-01
4.692666666666666653e-01
4.692000000000000060e-01
4.694666666666666432e-01
4.696000000000000174e-01
4.695333333333333581e-01
4.697999999999999954e-01
4.699999999999999734e-01
4.701333333333333475e-01
4.701333333333333475e-01
4.702000000000000068e-01
4.702000000000000068e-01
4.702000000000000068e-01
4.702666666666666662e-01
4.704666666666666441e-01
4.705333333333333590e-01
4.707333333333333369e-01
4.707999999999999963e-01
4.709333333333333149e-01
4.709333333333333149e-01
4.709999999999999742e-01
4.712000000000000077e-01
4.713333333333333264e-01
4.713999999999999857e-01
4.714666666666666450e-01
4.714666666666666450e-01
4.716000000000000192e-01
4.714666666666666450e-01
4.715333333333333599e-01
4.715333333333333599e-01
4.715333333333333599e-01
4.716666666666666785e-01
4.717999999999999972e-01
4.719999999999999751e-01
4.719999999999999751e-01
4.722666666666666679e-01
4.722666666666666679e-01
4.725333333333333607e-01
4.725333333333333607e-01
4.726666666666666794e-01
4.727333333333333387e-01
4.727999999999999980e-01
4.730666666666666909e-01
4.732000000000000095e-01
4.733333333333333282e-01
4.736000000000000210e-01
4.736666666666666803e-01
4.738666666666666583e-01
4.738666666666666583e-01
4.738666666666666583e-01
4.736666666666666803e-01
4.738666666666666583e-01
4.737999999999999989e-01
4.739999999999999769e-01
4.740666666666666917e-01
4.741333333333333511e-01
4.746000000000000218e-01
4.746000000000000218e-01
4.747999999999999998e-01
4.747333333333333405e-01
4.747999999999999998e-01
4.750666666666666926e-01
4.749999999999999778e-01
4.749999999999999778e-01
4.752000000000000113e-01
4.752666666666666706e-01
4.754666666666666486e-01
4.755333333333333079e-01
4.753999999999999893e-01
4.754666666666666486e-01
4.756000000000000227e-01
4.757333333333333414e-01
4.758666666666666600e-01
4.759333333333333194e-01
4.759999999999999787e-01
4.761333333333333528e-01
4.762666666666666715e-01
4.763333333333333308e-01
4.763999999999999901e-01
4.763999999999999901e-01
4.765333333333333088e-01
4.766000000000000236e-01
4.765333333333333088e-01
4.766000000000000236e-01
4.768000000000000016e-01
4.768666666666666609e-01
4.768666666666666609e-01
4.768666666666666609e-01
4.768000000000000016e-01
4.771333333333333537e-01
4.770666666666666944e-01
4.773999999999999910e-01
4.775333333333333097e-01
4.775333333333333097e-01
4.775333333333333097e-01
4.776666666666666838e-01
4.777333333333333432e-01
4.778666666666666618e-01
4.778666666666666618e-01
4.779999999999999805e-01
4.781333333333333546e-01
4.785333333333333106e-01
4.786000000000000254e-01
4.786000000000000254e-01
4.786666666666666847e-01
4.784666666666666512e-01
4.784666666666666512e-01
4.785333333333333106e-01
4.785333333333333106e-01
4.783999999999999919e-01
4.783333333333333326e-01
4.784666666666666512e-01
4.783333333333333326e-01
4.783999999999999919e-01
4.783999999999999919e-01
4.784666666666666512e-01
4.783999999999999919e-01
4.788000000000000034e-01
4.787333333333333441e-01
4.791333333333333555e-01
4.790666666666666407e-01
4.792000000000000148e-01
4.793333333333333335e-01
4.796000000000000263e-01
4.796666666666666856e-01
4.797333333333333449e-01
4.796000000000000263e-01
4.798000000000000043e-01
4.798666666666666636e-01
4.801333333333333564e-01
4.800666666666666416e-01
4.801333333333333564e-01
4.801333333333333564e-01
4.802000000000000157e-01
4.802666666666666750e-01
4.804666666666666530e-01
4.805333333333333123e-01
4.805333333333333123e-01
4.807333333333333458e-01
4.808000000000000052e-01
4.808000000000000052e-01
4.808000000000000052e-01
4.809333333333333238e-01
4.809999999999999831e-01
4.809999999999999831e-01
4.812000000000000166e-01
4.810666666666666424e-01
4.811333333333333573e-01
4.812666666666666759e-01
4.814666666666666539e-01
4.815333333333333132e-01
4.814666666666666539e-01
4.815333333333333132e-01
4.814666666666666539e-01
4.815999999999999726e-01
4.818000000000000060e-01
4.816666666666666874e-01
4.818000000000000060e-01
4.818000000000000060e-01
4.818000000000000060e-01
4.818666666666666654e-01
4.819999999999999840e-01
4.820666666666666433e-01
4.822000000000000175e-01
4.823999999999999955e-01
4.823333333333333361e-01
4.823999999999999955e-01
4.826666666666666883e-01
4.827333333333333476e-01
4.829999999999999849e-01
4.829999999999999849e-01
4.831333333333333591e-01
4.829999999999999849e-01
4.832000000000000184e-01
4.833333333333333370e-01
4.833333333333333370e-01
4.834666666666666557e-01
4.834666666666666557e-01
4.835333333333333150e-01
4.833999999999999964e-01
4.835999999999999743e-01
4.837333333333333485e-01
4.835333333333333150e-01
4.836666666666666892e-01
4.837333333333333485e-01
4.838666666666666671e-01
4.838666666666666671e-01
4.839999999999999858e-01
4.842000000000000193e-01
4.841333333333333599e-01
4.841333333333333599e-01
4.843333333333333379e-01
4.843999999999999972e-01
