3.658666666666666734e-01
3.665999999999999814e-01
3.674000000000000044e-01
3.679999999999999938e-01
3.686666666666666425e-01
3.693333333333333468e-01
3.698000000000000176e-01
3.700666666666666549e-01
3.703333333333333477e-01
3.705999999999999850e-01
3.711333333333333151e-01
3.714000000000000079e-01
3.718000000000000194e-01
3.719333333333333380e-01
3.724000000000000088e-01
3.729999999999999982e-01
3.732666666666666910e-01
3.731999999999999762e-01
3.733333333333333504e-01
3.738666666666666805e-01
3.739999999999999991e-01
3.743333333333333512e-01
3.745999999999999885e-01
3.751333333333333186e-01
3.755333333333333301e-01
3.759333333333333416e-01
3.759333333333333416e-01
3.764666666666666717e-01
3.768666666666666831e-01
3.772666666666666391e-01
3.776666666666666505e-01
3.783333333333333548e-01
3.787333333333333107e-01
3.793333333333333557e-01
3.793333333333333557e-01
3.798000000000000265e-01
3.799333333333333451e-01
3.801999999999999824e-01
3.805333333333333345e-01
3.808666666666666867e-01
3.810666666666666647e-01
3.815333333333333354e-01
3.817999999999999727e-01
3.821333333333333249e-01
3.821333333333333249e-01
3.827333333333333143e-01
3.830000000000000071e-01
3.830666666666666664e-01
3.831333333333333258e-01
3.835333333333333372e-01
3.840000000000000080e-01
3.842666666666666453e-01
3.840666666666666673e-01
3.849333333333333496e-01
3.854000000000000203e-01
3.855333333333333390e-01
3.860000000000000098e-01
3.861999999999999877e-01
3.867999999999999772e-01
3.871333333333333293e-01
3.875333333333333408e-01
3.877999999999999781e-01
3.882666666666666488e-01
3.886000000000000010e-01
3.888666666666666938e-01
3.894666666666666832e-01
3.897333333333333205e-01
3.901333333333333320e-01
3.902666666666666506e-01
3.908666666666666401e-01
3.910000000000000142e-01
3.913333333333333108e-01
3.916666666666666630e-01
3.918666666666666409e-01
3.921333333333333337e-01
3.927999999999999825e-01
3.928666666666666418e-01
3.931999999999999940e-01
3.937333333333333241e-01
3.936666666666666647e-01
3.943333333333333135e-01
3.944666666666666877e-01
3.946666666666666656e-01
3.950666666666666771e-01
3.953333333333333144e-01
3.956000000000000072e-01
3.957333333333333258e-01
3.960000000000000187e-01
3.962666666666666559e-01
3.966666666666666674e-01
3.973333333333333162e-01
3.977999999999999869e-01
3.980000000000000204e-01
3.982666666666666577e-01
3.983999999999999764e-01
3.986666666666666692e-01
3.987333333333333285e-01
3.991333333333333400e-01
3.991333333333333400e-01
3.992666666666666586e-01
3.995333333333333514e-01
4.000000000000000222e-01
4.003999999999999782e-01
4.006666666666666710e-01
4.011333333333333417e-01
4.007333333333333303e-01
4.018666666666666498e-01
4.019333333333333091e-01
4.021333333333333426e-01
4.023333333333333206e-01
4.026666666666666727e-01
4.031333333333333435e-01
4.032666666666666622e-01
4.037999999999999923e-01
4.037999999999999923e-01
4.042000000000000037e-01
4.043333333333333224e-01
4.044666666666666410e-01
4.048666666666666525e-01
4.049333333333333118e-01
4.051333333333333453e-01
4.053999999999999826e-01
4.056000000000000161e-01
4.060000000000000275e-01
4.064666666666666428e-01
4.065333333333333576e-01
4.067333333333333356e-01
4.068666666666666543e-01
4.068666666666666543e-01
4.073333333333333250e-01
4.076000000000000179e-01
4.079333333333333145e-01
4.077333333333333365e-01
4.083999999999999853e-01
4.085333333333333594e-01
4.087999999999999967e-01
4.090666666666666895e-01
4.091333333333333488e-01
4.093999999999999861e-01
4.093999999999999861e-01
4.094666666666666455e-01
4.097999999999999976e-01
4.102000000000000091e-01
4.104666666666666464e-01
4.104666666666666464e-01
4.106000000000000205e-01
4.108666666666666578e-01
4.109999999999999765e-01
4.112000000000000099e-01
4.115333333333333066e-01
4.116000000000000214e-01
4.117333333333333401e-01
4.122000000000000108e-01
4.122000000000000108e-01
4.123333333333333295e-01
4.125333333333333075e-01
4.128000000000000003e-01
4.132000000000000117e-01
4.131333333333333524e-01
4.137333333333333418e-01
4.142000000000000126e-01
4.145333333333333092e-01
4.146000000000000241e-01
4.145333333333333092e-01
4.145333333333333092e-01
4.147333333333333427e-01
4.150666666666666393e-01
4.152666666666666728e-01
4.153999999999999915e-01
4.156666666666666843e-01
4.156666666666666843e-01
4.156666666666666843e-01
4.158666666666666623e-01
4.162000000000000144e-01
4.163999999999999924e-01
4.165333333333333110e-01
4.165333333333333110e-01
4.169333333333333225e-01
4.170666666666666411e-01
4.172666666666666746e-01
4.172666666666666746e-01
4.176000000000000267e-01
4.179333333333333234e-01
4.184666666666666535e-01
4.185333333333333128e-01
4.184666666666666535e-01
4.189999999999999836e-01
4.191333333333333577e-01
4.191333333333333577e-01
4.193333333333333357e-01
4.198666666666666658e-01
4.198666666666666658e-01
4.202666666666666773e-01
4.204666666666666552e-01
4.208666666666666667e-01
4.209999999999999853e-01
4.211333333333333595e-01
4.214666666666666561e-01
4.217333333333333489e-01
4.220666666666666456e-01
4.223999999999999977e-01
4.223999999999999977e-01
4.225999999999999757e-01
4.224666666666666570e-01
4.229999999999999871e-01
4.230666666666666464e-01
4.232000000000000206e-01
4.232000000000000206e-01
4.233999999999999986e-01
4.234666666666666579e-01
4.236666666666666914e-01
4.232000000000000206e-01
4.237333333333333507e-01
4.242000000000000215e-01
4.243999999999999995e-01
4.245999999999999774e-01
4.246666666666666923e-01
4.248000000000000109e-01
4.249999999999999889e-01
4.249333333333333296e-01
4.252666666666666817e-01
4.252666666666666817e-01
4.254000000000000004e-01
4.262666666666666826e-01
4.263333333333333419e-01
4.267333333333333534e-01
4.268666666666666720e-01
4.269999999999999907e-01
4.272000000000000242e-01
4.273333333333333428e-01
4.277333333333333543e-01
4.279999999999999916e-01
4.282666666666666844e-01
4.284000000000000030e-01
4.289999999999999925e-01
4.293333333333333446e-01
4.294666666666666632e-01
4.295333333333333226e-01
4.296666666666666412e-01
4.299999999999999933e-01
4.300666666666666527e-01
4.300666666666666527e-01
4.302666666666666861e-01
4.305333333333333234e-01
4.305333333333333234e-01
4.305333333333333234e-01
4.308666666666666756e-01
4.308666666666666756e-01
4.314666666666666650e-01
4.318666666666666765e-01
4.319999999999999951e-01
4.321333333333333138e-01
4.325333333333333252e-01
4.326666666666666439e-01
4.329333333333333367e-01
4.330666666666666553e-01
4.328666666666666774e-01
4.329333333333333367e-01
4.330666666666666553e-01
4.332666666666666888e-01
4.335333333333333261e-01
4.335999999999999854e-01
4.337333333333333596e-01
4.336666666666666448e-01
4.337333333333333596e-01
4.338000000000000189e-01
4.341999999999999749e-01
4.341333333333333155e-01
4.343333333333333490e-01
4.345333333333333270e-01
4.345999999999999863e-01
4.349999999999999978e-01
4.351333333333333164e-01
4.353333333333333499e-01
4.354666666666666686e-01
4.355999999999999872e-01
4.361333333333333173e-01
4.361999999999999766e-01
4.364000000000000101e-01
4.366666666666666474e-01
4.365333333333333288e-01
4.368000000000000216e-01
4.369999999999999996e-01
4.374000000000000110e-01
4.374000000000000110e-01
4.376666666666666483e-01
4.374666666666666703e-01
4.379333333333333411e-01
4.379333333333333411e-01
4.380666666666666598e-01
4.384000000000000119e-01
4.385333333333333306e-01
4.389333333333333420e-01
4.391333333333333200e-01
4.392666666666666941e-01
4.393333333333333535e-01
4.394000000000000128e-01
4.395333333333333314e-01
4.398666666666666836e-01
4.399333333333333429e-01
4.400000000000000022e-01
4.401333333333333209e-01
4.401333333333333209e-01
4.404000000000000137e-01
4.407333333333333103e-01
4.411333333333333218e-01
4.413333333333333552e-01
4.411333333333333218e-01
4.415333333333333332e-01
4.411333333333333218e-01
4.415333333333333332e-01
4.418000000000000260e-01
4.419333333333333447e-01
4.418666666666666853e-01
4.421999999999999820e-01
4.420666666666666633e-01
4.422666666666666413e-01
4.420666666666666633e-01
4.422666666666666413e-01
4.427333333333333121e-01
4.428666666666666862e-01
4.430000000000000049e-01
4.433333333333333570e-01
4.434000000000000163e-01
4.436666666666666536e-01
4.439333333333333464e-01
4.441999999999999837e-01
4.443333333333333579e-01
4.445333333333333359e-01
4.446666666666666545e-01
4.447999999999999732e-01
4.450666666666666660e-01
4.451333333333333253e-01
4.451999999999999846e-01
4.453333333333333588e-01
4.455333333333333368e-01
4.457999999999999741e-01
4.460000000000000075e-01
4.462666666666666448e-01
4.462666666666666448e-01
4.466666666666666563e-01
4.468666666666666898e-01
4.469333333333333491e-01
4.470666666666666678e-01
4.471333333333333271e-01
4.473333333333333606e-01
4.478666666666666907e-01
4.477999999999999758e-01
4.480000000000000093e-01
4.483333333333333059e-01
4.483333333333333059e-01
4.484000000000000208e-01
4.484666666666666801e-01
4.484000000000000208e-01
4.485333333333333394e-01
4.487333333333333174e-01
4.487999999999999767e-01
4.489333333333333509e-01
4.489333333333333509e-01
4.490666666666666695e-01
4.491999999999999882e-01
4.492666666666666475e-01
4.493333333333333068e-01
4.494666666666666810e-01
4.496666666666666590e-01
4.496666666666666590e-01
4.497333333333333183e-01
4.497999999999999776e-01
4.498666666666666925e-01
4.500666666666666704e-01
4.501333333333333298e-01
4.500000000000000111e-01
4.503333333333333077e-01
4.503333333333333077e-01
4.506000000000000005e-01
4.506666666666666599e-01
4.507333333333333192e-01
4.506000000000000005e-01
4.507333333333333192e-01
4.508666666666666933e-01
4.509333333333333527e-01
4.510666666666666713e-01
4.510666666666666713e-01
4.511333333333333306e-01
4.513333333333333086e-01
4.514000000000000234e-01
4.513333333333333086e-01
4.516666666666666607e-01
4.516666666666666607e-01
4.518666666666666942e-01
4.520000000000000129e-01
4.520666666666666722e-01
4.520666666666666722e-01
4.526000000000000023e-01
4.526000000000000023e-01
4.527333333333333210e-01
4.526666666666666616e-01
4.525333333333333430e-01
4.526666666666666616e-01
4.529333333333333544e-01
4.529333333333333544e-01
4.531333333333333324e-01
4.531333333333333324e-01
4.533333333333333104e-01
4.534000000000000252e-01
4.533333333333333104e-01
4.533333333333333104e-01
4.534000000000000252e-01
4.535333333333333439e-01
4.536666666666666625e-01
4.536666666666666625e-01
4.539333333333333553e-01
4.540000000000000147e-01
4.540666666666666740e-01
4.542666666666666520e-01
4.542666666666666520e-01
4.542666666666666520e-01
4.546000000000000041e-01
4.547333333333333227e-01
4.549333333333333562e-01
4.551333333333333342e-01
4.551999999999999935e-01
4.554000000000000270e-01
4.551999999999999935e-01
4.554666666666666863e-01
4.556000000000000050e-01
4.560000000000000164e-01
4.560666666666666758e-01
4.560666666666666758e-01
4.560666666666666758e-01
4.561999999999999944e-01
4.563999999999999724e-01
4.565333333333333465e-01
4.563999999999999724e-01
4.566000000000000059e-01
4.568666666666666432e-01
4.570000000000000173e-01
4.572666666666666546e-01
4.573333333333333139e-01
4.573333333333333139e-01
4.572666666666666546e-01
4.576000000000000068e-01
4.576000000000000068e-01
4.576666666666666661e-01
4.576666666666666661e-01
4.577999999999999847e-01
4.581333333333333369e-01
4.582666666666666555e-01
4.582666666666666555e-01
4.581999999999999962e-01
4.580666666666666775e-01
4.581333333333333369e-01
4.583999999999999742e-01
4.586666666666666670e-01
4.589333333333333598e-01
4.590666666666666784e-01
4.593333333333333157e-01
4.593333333333333157e-01
4.596000000000000085e-01
4.596000000000000085e-01
4.597999999999999865e-01
4.600666666666666793e-01
4.601333333333333386e-01
4.600666666666666793e-01
4.598666666666666458e-01
4.600000000000000200e-01
4.603333333333333166e-01
4.603999999999999759e-01
4.606000000000000094e-01
4.605333333333333501e-01
4.606666666666666687e-01
4.605333333333333501e-01
4.609333333333333060e-01
4.611333333333333395e-01
4.611333333333333395e-01
4.615333333333333510e-01
4.617999999999999883e-01
4.616000000000000103e-01
4.620000000000000218e-01
4.622666666666666591e-01
4.622666666666666591e-01
4.621999999999999997e-01
4.626000000000000112e-01
4.624666666666666925e-01
4.629333333333333078e-01
4.630666666666666820e-01
4.630666666666666820e-01
4.631333333333333413e-01
4.632666666666666599e-01
4.635333333333333528e-01
4.633333333333333193e-01
4.634666666666666934e-01
4.633999999999999786e-01
4.635333333333333528e-01
4.637999999999999901e-01
4.639333333333333087e-01
4.642000000000000015e-01
4.642666666666666608e-01
4.644666666666666943e-01
4.646000000000000130e-01
4.647333333333333316e-01
4.646666666666666723e-01
4.647333333333333316e-01
4.650666666666666837e-01
4.651333333333333431e-01
4.652666666666666617e-01
4.652666666666666617e-01
4.653333333333333210e-01
4.653333333333333210e-01
4.653999999999999804e-01
4.653999999999999804e-01
4.655333333333333545e-01
4.656666666666666732e-01
4.656666666666666732e-01
4.657333333333333325e-01
4.658666666666666512e-01
4.661333333333333440e-01
4.660000000000000253e-01
4.661333333333333440e-01
4.660000000000000253e-01
4.662000000000000033e-01
4.663333333333333219e-01
4.663333333333333219e-01
4.665333333333333554e-01
4.667999999999999927e-01
4.669333333333333114e-01
4.670000000000000262e-01
4.669333333333333114e-01
4.670666666666666855e-01
4.669333333333333114e-01
4.671333333333333449e-01
4.670666666666666855e-01
4.672000000000000042e-01
4.672666666666666635e-01
4.671333333333333449e-01
4.673333333333333228e-01
4.672666666666666635e-01
4.673999999999999821e-01
4.676666666666666750e-01
4.673999999999999821e-01
4.674666666666666415e-01
4.675333333333333563e-01
4.677333333333333343e-01
4.680666666666666864e-01
4.680000000000000271e-01
4.681333333333333457e-01
4.681333333333333457e-01
4.682666666666666644e-01
4.683999999999999830e-01
4.683999999999999830e-01
4.685333333333333572e-01
4.686666666666666758e-01
4.688666666666666538e-01
4.689333333333333131e-01
4.689999999999999725e-01
4.690666666666666873e-01
4.689999999999999725e-01
4.690666666666666873e-01
4.692000000000000060e-01
4.694666666666666432e-01
4.693999999999999839e-01
4.696666666666666767e-01
4.699333333333333140e-01
4.700666666666666882e-01
4.699333333333333140e-01
4.700666666666666882e-01
4.700666666666666882e-01
4.701333333333333475e-01
4.701333333333333475e-01
4.700666666666666882e-01
4.703333333333333255e-01
4.703999999999999848e-01
4.704666666666666441e-01
4.703999999999999848e-01
4.703999999999999848e-01
4.704666666666666441e-01
4.708666666666666556e-01
4.707999999999999963e-01
4.709999999999999742e-01
4.709999999999999742e-01
4.709333333333333149e-01
4.712666666666666671e-01
4.713333333333333264e-01
4.714666666666666450e-01
4.715333333333333599e-01
4.716000000000000192e-01
4.716666666666666785e-01
4.716666666666666785e-01
4.716666666666666785e-01
4.715333333333333599e-01
4.718666666666666565e-01
4.719333333333333158e-01
4.720666666666666900e-01
4.723999999999999866e-01
4.722666666666666679e-01
4.723333333333333273e-01
4.724666666666666459e-01
4.726666666666666794e-01
4.727999999999999980e-01
4.727999999999999980e-01
4.727333333333333387e-01
4.727333333333333387e-01
4.730666666666666909e-01
4.730666666666666909e-01
4.729999999999999760e-01
4.732000000000000095e-01
4.732666666666666688e-01
4.732666666666666688e-01
4.733333333333333282e-01
4.735333333333333061e-01
4.735333333333333061e-01
4.737999999999999989e-01
4.738666666666666583e-01
4.740666666666666917e-01
4.742000000000000104e-01
4.742666666666666697e-01
4.743333333333333290e-01
4.744666666666666477e-01
4.746000000000000218e-01
4.744666666666666477e-01
4.746666666666666812e-01
4.746000000000000218e-01
4.749999999999999778e-01
4.751333333333333520e-01
4.752666666666666706e-01
4.751333333333333520e-01
4.751333333333333520e-01
4.752666666666666706e-01
4.750666666666666926e-01
4.750666666666666926e-01
4.751333333333333520e-01
4.753999999999999893e-01
4.754666666666666486e-01
4.755333333333333079e-01
4.758666666666666600e-01
4.758666666666666600e-01
4.761333333333333528e-01
4.759333333333333194e-01
4.762000000000000122e-01
4.762666666666666715e-01
4.762666666666666715e-01
4.763999999999999901e-01
4.764666666666666495e-01
4.766666666666666829e-01
4.767333333333333423e-01
4.767333333333333423e-01
4.769333333333333202e-01
4.769999999999999796e-01
4.768000000000000016e-01
4.770666666666666944e-01
4.772666666666666724e-01
4.773333333333333317e-01
4.774666666666666504e-01
4.774666666666666504e-01
4.774666666666666504e-01
4.778000000000000025e-01
4.776000000000000245e-01
4.779333333333333211e-01
4.781333333333333546e-01
4.780666666666666398e-01
4.781333333333333546e-01
4.779999999999999805e-01
4.781333333333333546e-01
4.782000000000000139e-01
4.782666666666666733e-01
4.783333333333333326e-01
4.783999999999999919e-01
4.784666666666666512e-01
4.780666666666666398e-01
4.783333333333333326e-01
4.783999999999999919e-01
4.783999999999999919e-01
4.785333333333333106e-01
4.788000000000000034e-01
4.789999999999999813e-01
4.789999999999999813e-01
4.789999999999999813e-01
4.790666666666666407e-01
4.793333333333333335e-01
4.792666666666666742e-01
4.793999999999999928e-01
4.794666666666666521e-01
4.797333333333333449e-01
4.798666666666666636e-01
4.800666666666666416e-01
4.800666666666666416e-01
4.799999999999999822e-01
4.799333333333333229e-01
4.799999999999999822e-01
4.802000000000000157e-01
4.802666666666666750e-01
4.803333333333333344e-01
4.806666666666666865e-01
4.807333333333333458e-01
4.808666666666666645e-01
4.809333333333333238e-01
4.808666666666666645e-01
4.809333333333333238e-01
4.811333333333333573e-01
4.811333333333333573e-01
4.810666666666666424e-01
4.811333333333333573e-01
4.812666666666666759e-01
4.811333333333333573e-01
4.812666666666666759e-01
4.812666666666666759e-01
4.811333333333333573e-01
4.812000000000000166e-01
4.813333333333333353e-01
4.813999999999999946e-01
4.814666666666666539e-01
4.817333333333333467e-01
4.818000000000000060e-01
4.818000000000000060e-01
4.819999999999999840e-01
4.818666666666666654e-01
4.818000000000000060e-01
4.818666666666666654e-01
4.819333333333333247e-01
4.820666666666666433e-01
4.822000000000000175e-01
4.822666666666666768e-01
4.823999999999999955e-01
4.823999999999999955e-01
4.825333333333333141e-01
4.822666666666666768e-01
4.825333333333333141e-01
4.828000000000000069e-01
4.828000000000000069e-01
4.829333333333333256e-01
