3.652000000000000246e-01
3.658666666666666734e-01
3.668000000000000149e-01
3.672000000000000264e-01
3.675999999999999823e-01
3.684000000000000052e-01
3.689333333333333353e-01
3.696666666666666434e-01
3.699999999999999956e-01
3.701999999999999735e-01
3.704000000000000070e-01
3.708666666666666778e-01
3.712666666666666893e-01
3.715999999999999859e-01
3.719999999999999973e-01
3.719999999999999973e-01
3.727333333333333609e-01
3.731999999999999762e-01
3.732666666666666910e-01
3.734666666666666690e-01
3.737333333333333063e-01
3.739333333333333398e-01
3.744000000000000106e-01
3.744666666666666699e-01
3.751999999999999780e-01
3.754000000000000115e-01
3.759333333333333416e-01
3.760000000000000009e-01
3.764000000000000123e-01
3.767333333333333090e-01
3.770666666666666611e-01
3.773333333333333539e-01
3.780000000000000027e-01
3.787333333333333107e-01
3.788000000000000256e-01
3.793333333333333557e-01
3.796666666666666523e-01
3.799333333333333451e-01
3.801333333333333231e-01
3.804000000000000159e-01
3.808000000000000274e-01
3.810000000000000053e-01
3.814000000000000168e-01
3.816666666666666541e-01
3.820000000000000062e-01
3.821333333333333249e-01
3.825333333333333363e-01
3.829333333333333478e-01
3.830000000000000071e-01
3.833333333333333592e-01
3.835333333333333372e-01
3.837333333333333152e-01
3.841333333333333266e-01
3.845333333333333381e-01
3.848666666666666902e-01
3.852666666666666462e-01
3.855333333333333390e-01
3.860000000000000098e-01
3.860666666666666691e-01
3.866666666666666585e-01
3.870000000000000107e-01
3.873333333333333073e-01
3.880000000000000115e-01
3.881999999999999895e-01
3.885333333333333417e-01
3.890666666666666718e-01
3.891333333333333311e-01
3.896666666666666612e-01
3.901999999999999913e-01
3.900000000000000133e-01
3.907333333333333214e-01
3.909333333333333549e-01
3.912666666666666515e-01
3.916000000000000036e-01
3.919333333333333558e-01
3.920666666666666744e-01
3.926666666666666639e-01
3.930000000000000160e-01
3.931999999999999940e-01
3.936666666666666647e-01
3.939333333333333576e-01
3.943999999999999728e-01
3.945333333333333470e-01
3.946666666666666656e-01
3.949333333333333584e-01
3.950666666666666771e-01
3.956666666666666665e-01
3.956666666666666665e-01
3.958666666666666445e-01
3.963333333333333153e-01
3.964666666666666894e-01
3.973333333333333162e-01
3.978666666666666463e-01
3.980000000000000204e-01
3.982666666666666577e-01
3.984666666666666912e-01
3.986666666666666692e-01
3.987999999999999878e-01
3.991333333333333400e-01
3.991333333333333400e-01
3.991999999999999993e-01
3.995333333333333514e-01
3.997333333333333294e-01
4.001333333333333409e-01
3.999333333333333074e-01
4.010000000000000231e-01
4.016000000000000125e-01
4.019333333333333091e-01
4.016666666666666718e-01
4.020666666666666833e-01
4.023999999999999799e-01
4.026000000000000134e-01
4.029333333333333100e-01
4.032666666666666622e-01
4.035333333333333550e-01
4.038666666666666516e-01
4.042000000000000037e-01
4.042666666666666631e-01
4.043333333333333224e-01
4.047333333333333338e-01
4.047333333333333338e-01
4.050666666666666860e-01
4.054666666666666419e-01
4.057333333333333347e-01
4.060666666666666869e-01
4.065333333333333576e-01
4.065333333333333576e-01
4.067333333333333356e-01
4.067999999999999949e-01
4.069999999999999729e-01
4.073333333333333250e-01
4.075333333333333585e-01
4.077999999999999958e-01
4.080666666666666886e-01
4.084666666666666446e-01
4.086666666666666781e-01
4.087999999999999967e-01
4.089333333333333154e-01
4.092000000000000082e-01
4.091333333333333488e-01
4.093999999999999861e-01
4.095333333333333603e-01
4.098666666666666569e-01
4.102000000000000091e-01
4.104666666666666464e-01
4.105333333333333057e-01
4.107333333333333392e-01
4.109333333333333171e-01
4.108666666666666578e-01
4.112000000000000099e-01
4.115333333333333066e-01
4.116666666666666807e-01
4.115333333333333066e-01
4.121333333333333515e-01
4.121333333333333515e-01
4.124666666666666481e-01
4.125333333333333075e-01
4.126666666666666816e-01
4.132666666666666710e-01
4.135333333333333083e-01
4.136000000000000232e-01
4.141333333333333533e-01
4.146000000000000241e-01
4.143999999999999906e-01
4.146000000000000241e-01
4.146666666666666834e-01
4.148000000000000020e-01
4.149333333333333207e-01
4.152000000000000135e-01
4.152666666666666728e-01
4.156000000000000250e-01
4.154666666666666508e-01
4.156000000000000250e-01
4.159333333333333216e-01
4.159333333333333216e-01
4.164666666666666517e-01
4.165333333333333110e-01
4.166666666666666852e-01
4.169333333333333225e-01
4.170666666666666411e-01
4.171333333333333560e-01
4.173333333333333339e-01
4.176000000000000267e-01
4.179999999999999827e-01
4.183999999999999941e-01
4.186666666666666869e-01
4.186000000000000276e-01
4.189999999999999836e-01
4.189999999999999836e-01
4.192000000000000171e-01
4.191333333333333577e-01
4.199333333333333251e-01
4.199333333333333251e-01
4.202000000000000179e-01
4.204666666666666552e-01
4.205333333333333146e-01
4.212000000000000188e-01
4.213333333333333375e-01
4.213999999999999968e-01
4.217333333333333489e-01
4.219999999999999862e-01
4.223333333333333384e-01
4.223333333333333384e-01
4.225333333333333163e-01
4.228000000000000091e-01
4.229333333333333278e-01
4.229999999999999871e-01
4.231333333333333058e-01
4.229999999999999871e-01
4.229333333333333278e-01
4.235333333333333172e-01
4.238666666666666694e-01
4.239333333333333287e-01
4.239999999999999880e-01
4.241333333333333067e-01
4.243999999999999995e-01
4.243999999999999995e-01
4.246666666666666923e-01
4.248000000000000109e-01
4.249333333333333296e-01
4.250666666666666482e-01
4.252666666666666817e-01
4.253333333333333410e-01
4.254000000000000004e-01
4.263333333333333419e-01
4.264000000000000012e-01
4.265333333333333199e-01
4.268000000000000127e-01
4.270666666666666500e-01
4.272666666666666835e-01
4.272666666666666835e-01
4.277333333333333543e-01
4.280666666666666509e-01
4.281333333333333102e-01
4.287333333333333552e-01
4.289333333333333331e-01
4.294000000000000039e-01
4.292666666666666853e-01
4.294000000000000039e-01
4.298666666666666747e-01
4.300666666666666527e-01
4.298000000000000154e-01
4.300666666666666527e-01
4.302000000000000268e-01
4.302000000000000268e-01
4.304666666666666641e-01
4.305333333333333234e-01
4.307333333333333569e-01
4.309333333333333349e-01
4.314666666666666650e-01
4.318666666666666765e-01
4.319999999999999951e-01
4.323333333333333472e-01
4.325999999999999845e-01
4.327333333333333587e-01
4.329333333333333367e-01
4.330666666666666553e-01
4.328666666666666774e-01
4.328666666666666774e-01
4.330666666666666553e-01
4.333333333333333481e-01
4.335333333333333261e-01
4.334666666666666668e-01
4.336666666666666448e-01
4.336666666666666448e-01
4.338000000000000189e-01
4.339999999999999969e-01
4.341999999999999749e-01
4.341333333333333155e-01
4.343333333333333490e-01
4.345333333333333270e-01
4.348000000000000198e-01
4.349333333333333385e-01
4.351333333333333164e-01
4.352666666666666906e-01
4.354000000000000092e-01
4.354000000000000092e-01
4.359999999999999987e-01
4.362666666666666915e-01
4.361999999999999766e-01
4.366666666666666474e-01
4.365999999999999881e-01
4.368000000000000216e-01
4.369999999999999996e-01
4.374000000000000110e-01
4.374666666666666703e-01
4.376666666666666483e-01
4.376666666666666483e-01
4.380000000000000004e-01
4.378666666666666818e-01
4.381999999999999784e-01
4.384666666666666712e-01
4.385999999999999899e-01
4.389333333333333420e-01
4.391333333333333200e-01
4.393333333333333535e-01
4.393333333333333535e-01
4.391999999999999793e-01
4.395999999999999908e-01
4.398000000000000242e-01
4.397333333333333094e-01
4.401999999999999802e-01
4.401333333333333209e-01
4.402666666666666395e-01
4.403333333333333544e-01
4.406666666666666510e-01
4.412666666666666404e-01
4.411333333333333218e-01
4.411333333333333218e-01
4.414666666666666739e-01
4.414000000000000146e-01
4.414000000000000146e-01
4.417333333333333112e-01
4.418000000000000260e-01
4.415333333333333332e-01
4.421333333333333226e-01
4.421333333333333226e-01
4.424000000000000155e-01
4.425333333333333341e-01
4.425333333333333341e-01
4.427333333333333121e-01
4.428000000000000269e-01
4.431333333333333235e-01
4.434666666666666757e-01
4.435333333333333350e-01
4.436666666666666536e-01
4.440000000000000058e-01
4.443333333333333579e-01
4.444000000000000172e-01
4.445999999999999952e-01
4.447333333333333139e-01
4.449333333333333473e-01
4.450000000000000067e-01
4.451333333333333253e-01
4.451999999999999846e-01
4.454666666666666774e-01
4.455999999999999961e-01
4.460666666666666669e-01
4.460666666666666669e-01
4.461999999999999855e-01
4.464000000000000190e-01
4.465999999999999970e-01
4.466666666666666563e-01
4.467999999999999750e-01
4.471999999999999864e-01
4.472666666666666457e-01
4.473333333333333606e-01
4.478666666666666907e-01
4.478666666666666907e-01
4.478666666666666907e-01
4.481999999999999873e-01
4.484666666666666801e-01
4.485333333333333394e-01
4.482666666666666466e-01
4.484000000000000208e-01
4.485333333333333394e-01
4.487333333333333174e-01
4.487999999999999767e-01
4.489333333333333509e-01
4.490666666666666695e-01
4.489333333333333509e-01
4.491999999999999882e-01
4.491333333333333289e-01
4.492666666666666475e-01
4.494000000000000217e-01
4.495333333333333403e-01
4.496666666666666590e-01
4.496666666666666590e-01
4.497999999999999776e-01
4.499333333333333518e-01
4.500000000000000111e-01
4.502666666666666484e-01
4.501999999999999891e-01
4.503333333333333077e-01
4.504000000000000226e-01
4.506000000000000005e-01
4.507333333333333192e-01
4.506666666666666599e-01
4.507999999999999785e-01
4.506000000000000005e-01
4.507333333333333192e-01
4.507333333333333192e-01
4.510666666666666713e-01
4.511333333333333306e-01
4.508666666666666933e-01
4.513333333333333086e-01
4.512666666666666493e-01
4.514000000000000234e-01
4.516666666666666607e-01
4.516666666666666607e-01
4.517999999999999794e-01
4.520000000000000129e-01
4.521333333333333315e-01
4.522666666666666502e-01
4.524000000000000243e-01
4.525333333333333430e-01
4.526666666666666616e-01
4.527999999999999803e-01
4.526000000000000023e-01
4.527333333333333210e-01
4.529333333333333544e-01
4.528666666666666396e-01
4.530000000000000138e-01
4.531333333333333324e-01
4.532666666666666511e-01
4.531333333333333324e-01
4.534000000000000252e-01
4.534000000000000252e-01
4.534000000000000252e-01
4.536666666666666625e-01
4.534000000000000252e-01
4.535333333333333439e-01
4.538666666666666405e-01
4.538666666666666405e-01
4.540666666666666740e-01
4.540000000000000147e-01
4.542666666666666520e-01
4.544666666666666854e-01
4.545333333333333448e-01
4.544666666666666854e-01
4.547333333333333227e-01
4.551333333333333342e-01
4.551333333333333342e-01
4.554666666666666863e-01
4.554000000000000270e-01
4.554666666666666863e-01
4.554666666666666863e-01
4.559333333333333571e-01
4.560666666666666758e-01
4.559333333333333571e-01
4.560000000000000164e-01
4.563333333333333131e-01
4.564666666666666872e-01
4.564666666666666872e-01
4.565333333333333465e-01
4.565333333333333465e-01
4.569333333333333580e-01
4.571999999999999953e-01
4.571999999999999953e-01
4.572666666666666546e-01
4.571333333333333360e-01
4.572666666666666546e-01
4.573999999999999733e-01
4.576000000000000068e-01
4.576666666666666661e-01
4.577999999999999847e-01
4.578666666666666440e-01
4.577999999999999847e-01
4.581333333333333369e-01
4.582666666666666555e-01
4.580000000000000182e-01
4.580666666666666775e-01
4.582666666666666555e-01
4.583333333333333148e-01
4.586000000000000076e-01
4.590000000000000191e-01
4.591333333333333377e-01
4.593999999999999750e-01
4.593333333333333157e-01
4.595333333333333492e-01
4.596666666666666679e-01
4.598666666666666458e-01
4.600000000000000200e-01
4.601333333333333386e-01
4.599333333333333607e-01
4.601333333333333386e-01
4.600000000000000200e-01
4.599333333333333607e-01
4.604666666666666908e-01
4.606000000000000094e-01
4.605333333333333501e-01
4.603999999999999759e-01
4.606000000000000094e-01
4.609333333333333060e-01
4.611333333333333395e-01
4.612666666666666582e-01
4.614666666666666917e-01
4.616666666666666696e-01
4.618666666666666476e-01
4.620666666666666811e-01
4.622666666666666591e-01
4.621999999999999997e-01
4.621999999999999997e-01
4.626000000000000112e-01
4.625333333333333519e-01
4.627999999999999892e-01
4.630666666666666820e-01
4.631333333333333413e-01
4.631333333333333413e-01
4.630000000000000226e-01
4.635333333333333528e-01
4.634666666666666934e-01
4.633999999999999786e-01
4.635333333333333528e-01
4.637333333333333307e-01
4.638666666666666494e-01
4.641333333333333422e-01
4.641333333333333422e-01
4.643999999999999795e-01
4.643333333333333202e-01
4.646666666666666723e-01
4.647333333333333316e-01
4.647999999999999909e-01
4.646000000000000130e-01
4.650666666666666837e-01
4.652000000000000024e-01
4.652000000000000024e-01
4.651333333333333431e-01
4.653333333333333210e-01
4.652666666666666617e-01
4.653999999999999804e-01
4.654666666666666397e-01
4.656000000000000139e-01
4.656666666666666732e-01
4.658666666666666512e-01
4.656666666666666732e-01
4.658666666666666512e-01
4.660000000000000253e-01
4.660666666666666846e-01
4.661333333333333440e-01
4.662000000000000033e-01
4.661333333333333440e-01
4.661333333333333440e-01
4.662666666666666626e-01
4.665333333333333554e-01
4.667999999999999927e-01
4.668666666666666520e-01
4.670666666666666855e-01
4.670666666666666855e-01
4.671333333333333449e-01
4.671333333333333449e-01
4.671333333333333449e-01
4.672000000000000042e-01
4.672666666666666635e-01
4.670666666666666855e-01
4.672000000000000042e-01
4.672666666666666635e-01
4.672666666666666635e-01
4.674666666666666415e-01
4.676000000000000156e-01
4.673999999999999821e-01
4.674666666666666415e-01
4.676666666666666750e-01
4.678666666666666529e-01
4.680000000000000271e-01
4.680000000000000271e-01
4.680666666666666864e-01
4.682000000000000051e-01
4.681333333333333457e-01
4.682666666666666644e-01
4.683999999999999830e-01
4.684666666666666424e-01
4.684666666666666424e-01
4.685333333333333572e-01
4.687999999999999945e-01
4.689333333333333131e-01
4.688666666666666538e-01
4.690666666666666873e-01
4.689999999999999725e-01
4.690666666666666873e-01
4.694666666666666432e-01
4.695333333333333581e-01
4.696000000000000174e-01
4.697333333333333361e-01
4.698666666666666547e-01
4.698666666666666547e-01
4.698666666666666547e-01
4.699999999999999734e-01
4.700666666666666882e-01
4.700666666666666882e-01
4.699333333333333140e-01
4.702666666666666662e-01
4.702000000000000068e-01
4.704666666666666441e-01
4.704666666666666441e-01
4.704666666666666441e-01
4.704666666666666441e-01
4.706000000000000183e-01
4.707333333333333369e-01
4.708666666666666556e-01
4.707333333333333369e-01
4.708666666666666556e-01
4.709999999999999742e-01
4.712000000000000077e-01
4.713333333333333264e-01
4.714666666666666450e-01
4.715333333333333599e-01
4.716000000000000192e-01
4.716666666666666785e-01
4.715333333333333599e-01
4.717333333333333378e-01
4.719333333333333158e-01
4.720666666666666900e-01
4.721333333333333493e-01
4.722000000000000086e-01
4.722666666666666679e-01
4.722666666666666679e-01
4.723999999999999866e-01
4.726666666666666794e-01
4.728666666666666574e-01
4.727999999999999980e-01
4.727333333333333387e-01
4.727999999999999980e-01
4.729999999999999760e-01
4.727999999999999980e-01
4.731333333333333502e-01
4.729333333333333167e-01
4.730666666666666909e-01
4.731333333333333502e-01
4.732000000000000095e-01
4.734666666666666468e-01
4.736666666666666803e-01
4.737999999999999989e-01
4.739333333333333176e-01
4.740666666666666917e-01
4.741333333333333511e-01
4.742666666666666697e-01
4.743999999999999884e-01
4.744666666666666477e-01
4.745333333333333070e-01
4.745333333333333070e-01
4.747999999999999998e-01
4.746000000000000218e-01
4.749333333333333185e-01
4.749333333333333185e-01
4.749999999999999778e-01
4.749999999999999778e-01
4.752000000000000113e-01
4.749999999999999778e-01
4.751333333333333520e-01
4.750666666666666926e-01
4.749999999999999778e-01
4.753333333333333299e-01
4.754666666666666486e-01
4.758000000000000007e-01
4.759333333333333194e-01
4.759333333333333194e-01
4.760666666666666935e-01
4.760666666666666935e-01
4.760666666666666935e-01
4.762000000000000122e-01
4.762000000000000122e-01
4.764666666666666495e-01
4.763999999999999901e-01
4.764666666666666495e-01
4.766666666666666829e-01
4.768000000000000016e-01
4.768000000000000016e-01
4.770666666666666944e-01
4.770666666666666944e-01
4.770666666666666944e-01
4.772666666666666724e-01
4.773333333333333317e-01
4.772666666666666724e-01
4.773999999999999910e-01
4.775333333333333097e-01
4.776666666666666838e-01
4.779999999999999805e-01
4.778666666666666618e-01
4.780666666666666398e-01
4.780666666666666398e-01
4.779999999999999805e-01
4.780666666666666398e-01
4.781333333333333546e-01
4.781333333333333546e-01
4.782666666666666733e-01
4.782666666666666733e-01
4.782000000000000139e-01
4.782666666666666733e-01
4.781333333333333546e-01
4.783999999999999919e-01
4.783999999999999919e-01
4.785333333333333106e-01
4.788000000000000034e-01
4.788000000000000034e-01
4.789333333333333220e-01
4.789333333333333220e-01
4.789333333333333220e-01
4.792000000000000148e-01
4.792666666666666742e-01
4.792000000000000148e-01
4.793999999999999928e-01
4.796000000000000263e-01
4.798666666666666636e-01
4.799999999999999822e-01
4.799333333333333229e-01
4.800666666666666416e-01
4.799333333333333229e-01
4.800666666666666416e-01
4.799333333333333229e-01
4.802000000000000157e-01
4.803333333333333344e-01
4.803333333333333344e-01
4.806000000000000272e-01
4.805333333333333123e-01
4.808666666666666645e-01
4.809999999999999831e-01
4.808666666666666645e-01
4.809999999999999831e-01
4.810666666666666424e-01
4.811333333333333573e-01
4.811333333333333573e-01
4.811333333333333573e-01
4.812666666666666759e-01
4.812000000000000166e-01
4.812000000000000166e-01
4.812666666666666759e-01
4.813333333333333353e-01
4.813333333333333353e-01
4.812000000000000166e-01
4.812666666666666759e-01
4.814666666666666539e-01
4.817333333333333467e-01
4.816666666666666874e-01
4.818000000000000060e-01
4.820666666666666433e-01
4.818666666666666654e-01
4.817333333333333467e-01
4.819333333333333247e-01
4.818666666666666654e-01
4.819999999999999840e-01
4.820666666666666433e-01
4.822666666666666768e-01
4.823999999999999955e-01
4.823333333333333361e-01
4.823333333333333361e-01
4.825333333333333141e-01
4.825999999999999734e-01
4.825999999999999734e-01
4.826666666666666883e-01
