3.688666666666666760e-01
3.694666666666666655e-01
3.699999999999999956e-01
3.705999999999999850e-01
3.711333333333333151e-01
3.713333333333333486e-01
3.714000000000000079e-01
3.721333333333333160e-01
3.724666666666666681e-01
3.727333333333333609e-01
3.729999999999999982e-01
3.730666666666666575e-01
3.734000000000000097e-01
3.735333333333333283e-01
3.735999999999999877e-01
3.739999999999999991e-01
3.743333333333333512e-01
3.748000000000000220e-01
3.751333333333333186e-01
3.754000000000000115e-01
3.757333333333333081e-01
3.760000000000000009e-01
3.765999999999999903e-01
3.771333333333333204e-01
3.773333333333333539e-01
3.778666666666666840e-01
3.782666666666666400e-01
3.787333333333333107e-01
3.790666666666666629e-01
3.793333333333333557e-01
3.794666666666666743e-01
3.799333333333333451e-01
3.801999999999999824e-01
3.805333333333333345e-01
3.808000000000000274e-01
3.810000000000000053e-01
3.815333333333333354e-01
3.817333333333333134e-01
3.820000000000000062e-01
3.821333333333333249e-01
3.824000000000000177e-01
3.827333333333333143e-01
3.829333333333333478e-01
3.828666666666666885e-01
3.834666666666666779e-01
3.838666666666666893e-01
3.840666666666666673e-01
3.844666666666666788e-01
3.845333333333333381e-01
3.848666666666666902e-01
3.854666666666666797e-01
3.857999999999999763e-01
3.861999999999999877e-01
3.864666666666666806e-01
3.864666666666666806e-01
3.871999999999999886e-01
3.878666666666666929e-01
3.879333333333333522e-01
3.881999999999999895e-01
3.884666666666666823e-01
3.889333333333333531e-01
3.893333333333333091e-01
3.899333333333333540e-01
3.903333333333333099e-01
3.902666666666666506e-01
3.906666666666666621e-01
3.909333333333333549e-01
3.914000000000000257e-01
3.916000000000000036e-01
3.918666666666666409e-01
3.922666666666666524e-01
3.926666666666666639e-01
3.928666666666666418e-01
3.933333333333333126e-01
3.937333333333333241e-01
3.940000000000000169e-01
3.943999999999999728e-01
3.944666666666666877e-01
3.950000000000000178e-01
3.951999999999999957e-01
3.954666666666666885e-01
3.956666666666666665e-01
3.957999999999999852e-01
3.961333333333333373e-01
3.964666666666666894e-01
3.966000000000000081e-01
3.970666666666666789e-01
3.977333333333333276e-01
3.979333333333333056e-01
3.980666666666666798e-01
3.983333333333333171e-01
3.987999999999999878e-01
3.987999999999999878e-01
3.990000000000000213e-01
3.991999999999999993e-01
3.993333333333333179e-01
3.996000000000000107e-01
4.000000000000000222e-01
4.003999999999999782e-01
4.007999999999999896e-01
4.013999999999999790e-01
4.016666666666666718e-01
4.017333333333333312e-01
4.018666666666666498e-01
4.021333333333333426e-01
4.022000000000000020e-01
4.027333333333333321e-01
4.030000000000000249e-01
4.030666666666666842e-01
4.025333333333333541e-01
4.036000000000000143e-01
4.041333333333333444e-01
4.042666666666666631e-01
4.044666666666666410e-01
4.048666666666666525e-01
4.047333333333333338e-01
4.052000000000000046e-01
4.055333333333333568e-01
4.055333333333333568e-01
4.058666666666666534e-01
4.064666666666666428e-01
4.066000000000000170e-01
4.065333333333333576e-01
4.068666666666666543e-01
4.068666666666666543e-01
4.073333333333333250e-01
4.074666666666666437e-01
4.077333333333333365e-01
4.080666666666666886e-01
4.082000000000000073e-01
4.084666666666666446e-01
4.089333333333333154e-01
4.090666666666666895e-01
4.092666666666666675e-01
4.095333333333333603e-01
4.097333333333333383e-01
4.097333333333333383e-01
4.099333333333333163e-01
4.102666666666666684e-01
4.101333333333333497e-01
4.103333333333333277e-01
4.106666666666666798e-01
4.109999999999999765e-01
4.109999999999999765e-01
4.110666666666666913e-01
4.110666666666666913e-01
4.115333333333333066e-01
4.118666666666666587e-01
4.119333333333333180e-01
4.119999999999999774e-01
4.122666666666666702e-01
4.126666666666666816e-01
4.128000000000000003e-01
4.130666666666666931e-01
4.133999999999999897e-01
4.138000000000000012e-01
4.141333333333333533e-01
4.143999999999999906e-01
4.146000000000000241e-01
4.144666666666666499e-01
4.146666666666666834e-01
4.147333333333333427e-01
4.147333333333333427e-01
4.149333333333333207e-01
4.151333333333333542e-01
4.156000000000000250e-01
4.158000000000000029e-01
4.158000000000000029e-01
4.158000000000000029e-01
4.161333333333333551e-01
4.163999999999999924e-01
4.166000000000000258e-01
4.167333333333333445e-01
4.168666666666666631e-01
4.170666666666666411e-01
4.171333333333333560e-01
4.174666666666666526e-01
4.177333333333333454e-01
4.179999999999999827e-01
4.182666666666666755e-01
4.185333333333333128e-01
4.185333333333333128e-01
4.189999999999999836e-01
4.191333333333333577e-01
4.193333333333333357e-01
4.193333333333333357e-01
4.195999999999999730e-01
4.199333333333333251e-01
4.201333333333333586e-01
4.203999999999999959e-01
4.205999999999999739e-01
4.209333333333333260e-01
4.212000000000000188e-01
4.213333333333333375e-01
4.215999999999999748e-01
4.217333333333333489e-01
4.221333333333333604e-01
4.223999999999999977e-01
4.225333333333333163e-01
4.223999999999999977e-01
4.229333333333333278e-01
4.230666666666666464e-01
4.229999999999999871e-01
4.232000000000000206e-01
4.236666666666666914e-01
4.236666666666666914e-01
4.237333333333333507e-01
4.239333333333333287e-01
4.239333333333333287e-01
4.241333333333333067e-01
4.242666666666666808e-01
4.245333333333333181e-01
4.244666666666666588e-01
4.248000000000000109e-01
4.245999999999999774e-01
4.249999999999999889e-01
4.249333333333333296e-01
4.251333333333333075e-01
4.252666666666666817e-01
4.250666666666666482e-01
4.261333333333333084e-01
4.264000000000000012e-01
4.266666666666666941e-01
4.267333333333333534e-01
4.269333333333333313e-01
4.271333333333333093e-01
4.272666666666666835e-01
4.276666666666666394e-01
4.279333333333333322e-01
4.282000000000000250e-01
4.287333333333333552e-01
4.292666666666666853e-01
4.294000000000000039e-01
4.294000000000000039e-01
4.295333333333333226e-01
4.299333333333333340e-01
4.298666666666666747e-01
4.300666666666666527e-01
4.303333333333333455e-01
4.303333333333333455e-01
4.306666666666666421e-01
4.307333333333333569e-01
4.307333333333333569e-01
4.309999999999999942e-01
4.312000000000000277e-01
4.317333333333333578e-01
4.318666666666666765e-01
4.321999999999999731e-01
4.323333333333333472e-01
4.324000000000000066e-01
4.326666666666666439e-01
4.329333333333333367e-01
4.329999999999999960e-01
4.328000000000000180e-01
4.329333333333333367e-01
4.331999999999999740e-01
4.334000000000000075e-01
4.337333333333333596e-01
4.336666666666666448e-01
4.335999999999999854e-01
4.337333333333333596e-01
4.341333333333333155e-01
4.341333333333333155e-01
4.342666666666666897e-01
4.342666666666666897e-01
4.345333333333333270e-01
4.345333333333333270e-01
4.348000000000000198e-01
4.349333333333333385e-01
4.348666666666666791e-01
4.351999999999999758e-01
4.355333333333333279e-01
4.356666666666666465e-01
4.360666666666666580e-01
4.359333333333333393e-01
4.363333333333333508e-01
4.367333333333333067e-01
4.366666666666666474e-01
4.368666666666666809e-01
4.370666666666666589e-01
4.374000000000000110e-01
4.372666666666666924e-01
4.378000000000000225e-01
4.377333333333333076e-01
4.379333333333333411e-01
4.380666666666666598e-01
4.381333333333333191e-01
4.384666666666666712e-01
4.386666666666666492e-01
4.388666666666666827e-01
4.390000000000000013e-01
4.392666666666666941e-01
4.392666666666666941e-01
4.393333333333333535e-01
4.395999999999999908e-01
4.398000000000000242e-01
4.400666666666666615e-01
4.401999999999999802e-01
4.403333333333333544e-01
4.402666666666666395e-01
4.404666666666666730e-01
4.407333333333333103e-01
4.411999999999999811e-01
4.412666666666666404e-01
4.413333333333333552e-01
4.414000000000000146e-01
4.414000000000000146e-01
4.417333333333333112e-01
4.418000000000000260e-01
4.418666666666666853e-01
4.419333333333333447e-01
4.421333333333333226e-01
4.421999999999999820e-01
4.422666666666666413e-01
4.424000000000000155e-01
4.425999999999999934e-01
4.428000000000000269e-01
4.429333333333333456e-01
4.429333333333333456e-01
4.431333333333333235e-01
4.435333333333333350e-01
4.437333333333333130e-01
4.440666666666666651e-01
4.441333333333333244e-01
4.443333333333333579e-01
4.445999999999999952e-01
4.445333333333333359e-01
4.446666666666666545e-01
4.448666666666666880e-01
4.446666666666666545e-01
4.450666666666666660e-01
4.454666666666666774e-01
4.455999999999999961e-01
4.459333333333333482e-01
4.461999999999999855e-01
4.464000000000000190e-01
4.463333333333333597e-01
4.467999999999999750e-01
4.466666666666666563e-01
4.469333333333333491e-01
4.471333333333333271e-01
4.472666666666666457e-01
4.474666666666666792e-01
4.476666666666666572e-01
4.479333333333333500e-01
4.479333333333333500e-01
4.483333333333333059e-01
4.484000000000000208e-01
4.484666666666666801e-01
4.483333333333333059e-01
4.484000000000000208e-01
4.485333333333333394e-01
4.485999999999999988e-01
4.487999999999999767e-01
4.487999999999999767e-01
4.490000000000000102e-01
4.491333333333333289e-01
4.493333333333333068e-01
4.492666666666666475e-01
4.493333333333333068e-01
4.495999999999999996e-01
4.497999999999999776e-01
4.497333333333333183e-01
4.496666666666666590e-01
4.498666666666666925e-01
4.499333333333333518e-01
4.498666666666666925e-01
4.501999999999999891e-01
4.504000000000000226e-01
4.504000000000000226e-01
4.504000000000000226e-01
4.506666666666666599e-01
4.507333333333333192e-01
4.507999999999999785e-01
4.506000000000000005e-01
4.507333333333333192e-01
4.509333333333333527e-01
4.511333333333333306e-01
4.510666666666666713e-01
4.509333333333333527e-01
4.512666666666666493e-01
4.514000000000000234e-01
4.514666666666666828e-01
4.514666666666666828e-01
4.515333333333333421e-01
4.517333333333333201e-01
4.518666666666666942e-01
4.520000000000000129e-01
4.521333333333333315e-01
4.521999999999999909e-01
4.524666666666666837e-01
4.523333333333333095e-01
4.526666666666666616e-01
4.525333333333333430e-01
4.527333333333333210e-01
4.528666666666666396e-01
4.527999999999999803e-01
4.530000000000000138e-01
4.530000000000000138e-01
4.530000000000000138e-01
4.530666666666666731e-01
4.532666666666666511e-01
4.532666666666666511e-01
4.535333333333333439e-01
4.536666666666666625e-01
4.536666666666666625e-01
4.537999999999999812e-01
4.538666666666666405e-01
4.537333333333333218e-01
4.540000000000000147e-01
4.542666666666666520e-01
4.544000000000000261e-01
4.544000000000000261e-01
4.544666666666666854e-01
4.547333333333333227e-01
4.550000000000000155e-01
4.551333333333333342e-01
4.550666666666666749e-01
4.553333333333333122e-01
4.554666666666666863e-01
4.555333333333333456e-01
4.556666666666666643e-01
4.556666666666666643e-01
4.560666666666666758e-01
4.561333333333333351e-01
4.560000000000000164e-01
4.561333333333333351e-01
4.562666666666666537e-01
4.563999999999999724e-01
4.563999999999999724e-01
4.566000000000000059e-01
4.567333333333333245e-01
4.571333333333333360e-01
4.570666666666666766e-01
4.571999999999999953e-01
4.571999999999999953e-01
4.571999999999999953e-01
4.571333333333333360e-01
4.573999999999999733e-01
4.573999999999999733e-01
4.573999999999999733e-01
4.576666666666666661e-01
4.579333333333333589e-01
4.581333333333333369e-01
4.580666666666666775e-01
4.581333333333333369e-01
4.581999999999999962e-01
4.582666666666666555e-01
4.583999999999999742e-01
4.585333333333333483e-01
4.585333333333333483e-01
4.590666666666666784e-01
4.590666666666666784e-01
4.592666666666666564e-01
4.593999999999999750e-01
4.594666666666666899e-01
4.597333333333333272e-01
4.599333333333333607e-01
4.600000000000000200e-01
4.600000000000000200e-01
4.600666666666666793e-01
4.600000000000000200e-01
4.601333333333333386e-01
4.604666666666666908e-01
4.606000000000000094e-01
4.605333333333333501e-01
4.604666666666666908e-01
4.604666666666666908e-01
4.607999999999999874e-01
4.611333333333333395e-01
4.613333333333333175e-01
4.615333333333333510e-01
4.616000000000000103e-01
4.616666666666666696e-01
4.621333333333333404e-01
4.621999999999999997e-01
4.621333333333333404e-01
4.622666666666666591e-01
4.623999999999999777e-01
4.626666666666666705e-01
4.630666666666666820e-01
4.632666666666666599e-01
4.634666666666666934e-01
4.633999999999999786e-01
4.632000000000000006e-01
4.636000000000000121e-01
4.635333333333333528e-01
4.635333333333333528e-01
4.635333333333333528e-01
4.634666666666666934e-01
4.637999999999999901e-01
4.640000000000000235e-01
4.642666666666666608e-01
4.643999999999999795e-01
4.643999999999999795e-01
4.647333333333333316e-01
4.647999999999999909e-01
4.650000000000000244e-01
4.650000000000000244e-01
4.650000000000000244e-01
4.653333333333333210e-01
4.653999999999999804e-01
4.655333333333333545e-01
4.653999999999999804e-01
4.654666666666666397e-01
4.654666666666666397e-01
4.655333333333333545e-01
4.656666666666666732e-01
4.653999999999999804e-01
4.655333333333333545e-01
4.657999999999999918e-01
4.660000000000000253e-01
4.658666666666666512e-01
4.661333333333333440e-01
4.663333333333333219e-01
4.662666666666666626e-01
4.664666666666666406e-01
4.663999999999999813e-01
4.666000000000000147e-01
4.666666666666666741e-01
4.669333333333333114e-01
4.669333333333333114e-01
4.669333333333333114e-01
4.669333333333333114e-01
4.671333333333333449e-01
4.670666666666666855e-01
4.670666666666666855e-01
4.672000000000000042e-01
4.670666666666666855e-01
4.672000000000000042e-01
4.673333333333333228e-01
4.673999999999999821e-01
4.672666666666666635e-01
4.673333333333333228e-01
4.673999999999999821e-01
4.675333333333333563e-01
4.675333333333333563e-01
4.676000000000000156e-01
4.676666666666666750e-01
4.676666666666666750e-01
4.678666666666666529e-01
4.678666666666666529e-01
4.680666666666666864e-01
4.680666666666666864e-01
4.683999999999999830e-01
4.683333333333333237e-01
4.686000000000000165e-01
4.686666666666666758e-01
4.687999999999999945e-01
4.686666666666666758e-01
4.688666666666666538e-01
4.690666666666666873e-01
4.691333333333333466e-01
4.692666666666666653e-01
4.689999999999999725e-01
4.693999999999999839e-01
4.694666666666666432e-01
4.696000000000000174e-01
4.696666666666666767e-01
4.699333333333333140e-01
4.699333333333333140e-01
4.698666666666666547e-01
4.699333333333333140e-01
4.696666666666666767e-01
4.699999999999999734e-01
4.701333333333333475e-01
4.702000000000000068e-01
4.703999999999999848e-01
4.702666666666666662e-01
4.702666666666666662e-01
4.703999999999999848e-01
4.705333333333333590e-01
4.707333333333333369e-01
4.707999999999999963e-01
4.708666666666666556e-01
4.709333333333333149e-01
4.710666666666666891e-01
4.709999999999999742e-01
4.712000000000000077e-01
4.713999999999999857e-01
4.715333333333333599e-01
4.715333333333333599e-01
4.715333333333333599e-01
4.716000000000000192e-01
4.716000000000000192e-01
4.716000000000000192e-01
4.716000000000000192e-01
4.716666666666666785e-01
4.719999999999999751e-01
4.721333333333333493e-01
4.722666666666666679e-01
4.723333333333333273e-01
4.725333333333333607e-01
4.725333333333333607e-01
4.726000000000000201e-01
4.726666666666666794e-01
4.727999999999999980e-01
4.728666666666666574e-01
4.728666666666666574e-01
4.728666666666666574e-01
4.731333333333333502e-01
4.732000000000000095e-01
4.732000000000000095e-01
4.733999999999999875e-01
4.733333333333333282e-01
4.736000000000000210e-01
4.736666666666666803e-01
4.737999999999999989e-01
4.737333333333333396e-01
4.738666666666666583e-01
4.741333333333333511e-01
4.742000000000000104e-01
4.743333333333333290e-01
4.743333333333333290e-01
4.744666666666666477e-01
4.746666666666666812e-01
4.746000000000000218e-01
4.748666666666666591e-01
4.746000000000000218e-01
4.747333333333333405e-01
4.752000000000000113e-01
4.752666666666666706e-01
4.752000000000000113e-01
4.752000000000000113e-01
4.753999999999999893e-01
4.753333333333333299e-01
4.753999999999999893e-01
4.753999999999999893e-01
4.755333333333333079e-01
4.756666666666666821e-01
4.759333333333333194e-01
4.758666666666666600e-01
4.758666666666666600e-01
4.761333333333333528e-01
4.762000000000000122e-01
4.761333333333333528e-01
4.763333333333333308e-01
4.765333333333333088e-01
4.766000000000000236e-01
4.766666666666666829e-01
4.768666666666666609e-01
4.768666666666666609e-01
4.769333333333333202e-01
4.770666666666666944e-01
4.771333333333333537e-01
4.772000000000000131e-01
4.772000000000000131e-01
4.773333333333333317e-01
4.773333333333333317e-01
4.775333333333333097e-01
4.777333333333333432e-01
4.778666666666666618e-01
4.779333333333333211e-01
4.779333333333333211e-01
4.779999999999999805e-01
4.779333333333333211e-01
4.782000000000000139e-01
4.781333333333333546e-01
4.782666666666666733e-01
4.781333333333333546e-01
4.781333333333333546e-01
4.781333333333333546e-01
4.783333333333333326e-01
4.782666666666666733e-01
4.782666666666666733e-01
4.782000000000000139e-01
4.783333333333333326e-01
4.785333333333333106e-01
4.784666666666666512e-01
4.786000000000000254e-01
4.786666666666666847e-01
4.788666666666666627e-01
4.789333333333333220e-01
4.789999999999999813e-01
4.793333333333333335e-01
4.793999999999999928e-01
4.794666666666666521e-01
4.797333333333333449e-01
4.796000000000000263e-01
4.794666666666666521e-01
4.798666666666666636e-01
4.798666666666666636e-01
4.797333333333333449e-01
4.800666666666666416e-01
4.800666666666666416e-01
4.800666666666666416e-01
4.802000000000000157e-01
4.802666666666666750e-01
4.803333333333333344e-01
4.804666666666666530e-01
4.807333333333333458e-01
4.806666666666666865e-01
4.808666666666666645e-01
4.809999999999999831e-01
4.809999999999999831e-01
4.809333333333333238e-01
4.811333333333333573e-01
4.809333333333333238e-01
4.810666666666666424e-01
4.810666666666666424e-01
4.811333333333333573e-01
4.812000000000000166e-01
4.812000000000000166e-01
4.812000000000000166e-01
4.813333333333333353e-01
4.813333333333333353e-01
4.814666666666666539e-01
4.815333333333333132e-01
4.815333333333333132e-01
4.816666666666666874e-01
4.818666666666666654e-01
4.818666666666666654e-01
4.819333333333333247e-01
4.819333333333333247e-01
4.816666666666666874e-01
4.819333333333333247e-01
4.819333333333333247e-01
4.821333333333333582e-01
4.822000000000000175e-01
4.823333333333333361e-01
4.823999999999999955e-01
4.824666666666666548e-01
4.824666666666666548e-01
4.827333333333333476e-01
4.828000000000000069e-01
4.827333333333333476e-01
4.829999999999999849e-01
4.829999999999999849e-01
4.829999999999999849e-01
4.830666666666666442e-01
