3.804000000000000159e-01
3.814000000000000168e-01
3.825333333333333363e-01
3.828666666666666885e-01
3.832666666666666444e-01
3.835999999999999965e-01
3.840000000000000080e-01
3.844666666666666788e-01
3.849333333333333496e-01
3.850666666666666682e-01
3.853333333333333610e-01
3.854000000000000203e-01
3.859333333333333504e-01
3.860666666666666691e-01
3.865333333333333399e-01
3.865999999999999992e-01
3.868666666666666920e-01
3.872666666666666480e-01
3.874666666666666814e-01
3.876000000000000001e-01
3.877999999999999781e-01
3.879333333333333522e-01
3.880666666666666709e-01
3.881999999999999895e-01
3.886666666666666603e-01
3.890000000000000124e-01
3.890000000000000124e-01
3.891333333333333311e-01
3.898666666666666392e-01
3.901333333333333320e-01
3.901999999999999913e-01
3.904666666666666841e-01
3.910666666666666735e-01
3.911333333333333329e-01
3.914666666666666850e-01
3.917333333333333223e-01
3.921333333333333337e-01
3.923333333333333117e-01
3.930000000000000160e-01
3.931999999999999940e-01
3.937333333333333241e-01
3.941333333333333355e-01
3.943999999999999728e-01
3.945333333333333470e-01
3.947999999999999843e-01
3.949333333333333584e-01
3.950666666666666771e-01
3.955333333333333479e-01
3.960666666666666780e-01
3.960666666666666780e-01
3.963333333333333153e-01
3.970666666666666789e-01
3.975333333333333496e-01
3.977333333333333276e-01
3.978666666666666463e-01
3.980666666666666798e-01
3.981999999999999984e-01
3.983333333333333171e-01
3.984666666666666912e-01
3.987999999999999878e-01
3.991333333333333400e-01
3.995333333333333514e-01
4.000000000000000222e-01
4.000666666666666815e-01
4.002666666666666595e-01
4.005333333333333523e-01
4.010666666666666824e-01
4.012666666666666604e-01
4.015333333333333532e-01
4.017999999999999905e-01
4.022000000000000020e-01
4.023999999999999799e-01
4.027333333333333321e-01
4.027999999999999914e-01
4.032666666666666622e-01
4.033999999999999808e-01
4.034666666666666401e-01
4.037333333333333329e-01
4.038666666666666516e-01
4.040000000000000258e-01
4.042000000000000037e-01
4.043999999999999817e-01
4.045333333333333559e-01
4.047333333333333338e-01
4.050666666666666860e-01
4.053999999999999826e-01
4.056666666666666754e-01
4.057999999999999940e-01
4.062666666666666648e-01
4.065333333333333576e-01
4.065333333333333576e-01
4.066666666666666763e-01
4.069999999999999729e-01
4.069999999999999729e-01
4.072000000000000064e-01
4.074666666666666437e-01
4.078666666666666551e-01
4.081333333333333480e-01
4.083333333333333259e-01
4.083999999999999853e-01
4.087333333333333374e-01
4.089999999999999747e-01
4.092000000000000082e-01
4.095333333333333603e-01
4.096000000000000196e-01
4.096666666666666790e-01
4.097999999999999976e-01
4.097999999999999976e-01
4.102000000000000091e-01
4.103999999999999870e-01
4.105333333333333057e-01
4.110666666666666913e-01
4.111333333333333506e-01
4.112666666666666693e-01
4.112666666666666693e-01
4.114666666666666472e-01
4.116666666666666807e-01
4.118666666666666587e-01
4.120666666666666922e-01
4.123999999999999888e-01
4.126000000000000223e-01
4.126666666666666816e-01
4.128000000000000003e-01
4.128666666666666596e-01
4.129999999999999782e-01
4.133999999999999897e-01
4.135333333333333083e-01
4.139999999999999791e-01
4.144666666666666499e-01
4.145333333333333092e-01
4.148000000000000020e-01
4.148666666666666614e-01
4.146666666666666834e-01
4.148000000000000020e-01
4.149999999999999800e-01
4.152000000000000135e-01
4.153333333333333321e-01
4.154666666666666508e-01
4.156666666666666843e-01
4.156666666666666843e-01
4.152000000000000135e-01
4.160666666666666402e-01
4.166666666666666852e-01
4.168000000000000038e-01
4.169333333333333225e-01
4.169999999999999818e-01
4.170666666666666411e-01
4.171333333333333560e-01
4.176000000000000267e-01
4.180666666666666420e-01
4.182666666666666755e-01
4.188666666666666649e-01
4.188666666666666649e-01
4.192000000000000171e-01
4.191333333333333577e-01
4.195999999999999730e-01
4.195333333333333137e-01
4.197333333333333472e-01
4.195999999999999730e-01
4.202000000000000179e-01
4.204666666666666552e-01
4.207333333333333480e-01
4.209999999999999853e-01
4.211333333333333595e-01
4.211333333333333595e-01
4.218666666666666676e-01
4.220666666666666456e-01
4.223333333333333384e-01
4.223333333333333384e-01
4.227333333333333498e-01
4.229333333333333278e-01
4.229999999999999871e-01
4.230666666666666464e-01
4.233333333333333393e-01
4.233999999999999986e-01
4.232666666666666799e-01
4.236666666666666914e-01
4.239999999999999880e-01
4.239999999999999880e-01
4.242000000000000215e-01
4.243999999999999995e-01
4.245333333333333181e-01
4.245999999999999774e-01
4.245999999999999774e-01
4.247333333333333516e-01
4.249999999999999889e-01
4.250666666666666482e-01
4.252666666666666817e-01
4.254000000000000004e-01
4.255999999999999783e-01
4.255333333333333190e-01
4.259999999999999898e-01
4.260666666666666491e-01
4.262000000000000233e-01
4.265999999999999792e-01
4.268000000000000127e-01
4.269333333333333313e-01
4.270666666666666500e-01
4.272666666666666835e-01
4.274000000000000021e-01
4.278000000000000136e-01
4.281333333333333102e-01
4.283333333333333437e-01
4.288000000000000145e-01
4.291333333333333111e-01
4.295333333333333226e-01
4.298666666666666747e-01
4.298666666666666747e-01
4.298666666666666747e-01
4.299999999999999933e-01
4.300666666666666527e-01
4.303333333333333455e-01
4.305333333333333234e-01
4.306666666666666421e-01
4.308666666666666756e-01
4.312666666666666870e-01
4.314000000000000057e-01
4.314000000000000057e-01
4.316666666666666430e-01
4.319999999999999951e-01
4.322666666666666879e-01
4.325333333333333252e-01
4.326666666666666439e-01
4.328666666666666774e-01
4.329999999999999960e-01
4.333333333333333481e-01
4.333333333333333481e-01
4.334000000000000075e-01
4.334000000000000075e-01
4.334666666666666668e-01
4.338666666666666782e-01
4.337333333333333596e-01
4.339999999999999969e-01
4.339999999999999969e-01
4.341999999999999749e-01
4.341333333333333155e-01
4.344000000000000083e-01
4.344666666666666677e-01
4.347333333333333605e-01
4.346666666666666456e-01
4.345333333333333270e-01
4.350666666666666571e-01
4.350666666666666571e-01
4.354000000000000092e-01
4.354000000000000092e-01
4.357333333333333059e-01
4.359333333333333393e-01
4.359999999999999987e-01
4.360666666666666580e-01
4.364666666666666694e-01
4.367333333333333067e-01
4.368666666666666809e-01
4.368666666666666809e-01
4.369999999999999996e-01
4.369333333333333402e-01
4.371333333333333182e-01
4.372666666666666924e-01
4.374666666666666703e-01
4.376666666666666483e-01
4.375999999999999890e-01
4.378000000000000225e-01
4.379333333333333411e-01
4.381333333333333191e-01
4.387333333333333085e-01
4.389333333333333420e-01
4.390666666666666607e-01
4.391999999999999793e-01
4.392666666666666941e-01
4.394666666666666721e-01
4.398666666666666836e-01
4.398666666666666836e-01
4.400666666666666615e-01
4.401999999999999802e-01
4.403333333333333544e-01
4.403333333333333544e-01
4.403333333333333544e-01
4.404666666666666730e-01
4.404666666666666730e-01
4.408666666666666845e-01
4.411999999999999811e-01
4.412666666666666404e-01
4.411999999999999811e-01
4.415333333333333332e-01
4.418000000000000260e-01
4.420000000000000040e-01
4.421999999999999820e-01
4.421999999999999820e-01
4.425333333333333341e-01
4.425999999999999934e-01
4.430666666666666642e-01
4.431333333333333235e-01
4.431333333333333235e-01
4.434666666666666757e-01
4.434666666666666757e-01
4.435999999999999943e-01
4.435999999999999943e-01
4.440666666666666651e-01
4.441999999999999837e-01
4.445333333333333359e-01
4.445333333333333359e-01
4.444666666666666766e-01
4.446666666666666545e-01
4.448666666666666880e-01
4.451333333333333253e-01
4.452666666666666440e-01
4.448666666666666880e-01
4.452666666666666440e-01
4.457333333333333147e-01
4.458666666666666889e-01
4.458666666666666889e-01
4.460666666666666669e-01
4.463333333333333597e-01
4.465999999999999970e-01
4.466666666666666563e-01
4.470000000000000084e-01
4.470000000000000084e-01
4.468666666666666898e-01
4.471333333333333271e-01
4.473333333333333606e-01
4.474666666666666792e-01
4.478666666666666907e-01
4.479333333333333500e-01
4.484000000000000208e-01
4.484666666666666801e-01
4.486666666666666581e-01
4.487333333333333174e-01
4.488666666666666916e-01
4.487999999999999767e-01
4.489333333333333509e-01
4.489333333333333509e-01
4.491999999999999882e-01
4.492666666666666475e-01
4.494000000000000217e-01
4.494666666666666810e-01
4.495333333333333403e-01
4.495333333333333403e-01
4.495333333333333403e-01
4.494666666666666810e-01
4.497999999999999776e-01
4.496666666666666590e-01
4.496666666666666590e-01
4.497999999999999776e-01
4.500666666666666704e-01
4.500666666666666704e-01
4.500000000000000111e-01
4.501999999999999891e-01
4.503333333333333077e-01
4.504000000000000226e-01
4.504666666666666819e-01
4.506000000000000005e-01
4.507333333333333192e-01
4.507333333333333192e-01
4.507999999999999785e-01
4.509333333333333527e-01
4.512666666666666493e-01
4.511999999999999900e-01
4.513333333333333086e-01
4.514666666666666828e-01
4.516000000000000014e-01
4.518666666666666942e-01
4.520000000000000129e-01
4.523333333333333095e-01
4.523333333333333095e-01
4.523333333333333095e-01
4.524666666666666837e-01
4.525333333333333430e-01
4.527333333333333210e-01
4.525333333333333430e-01
4.529333333333333544e-01
4.529333333333333544e-01
4.527999999999999803e-01
4.531333333333333324e-01
4.531333333333333324e-01
4.531333333333333324e-01
4.530000000000000138e-01
4.531333333333333324e-01
4.532666666666666511e-01
4.536000000000000032e-01
4.536000000000000032e-01
4.538666666666666405e-01
4.539333333333333553e-01
4.539333333333333553e-01
4.541999999999999926e-01
4.541999999999999926e-01
4.543333333333333113e-01
4.545333333333333448e-01
4.545333333333333448e-01
4.546000000000000041e-01
4.548666666666666414e-01
4.550000000000000155e-01
4.549333333333333562e-01
4.550000000000000155e-01
4.551999999999999935e-01
4.555333333333333456e-01
4.556000000000000050e-01
4.557333333333333236e-01
4.557333333333333236e-01
4.557999999999999829e-01
4.560666666666666758e-01
4.563333333333333131e-01
4.564666666666666872e-01
4.567333333333333245e-01
4.567333333333333245e-01
4.568666666666666432e-01
4.570666666666666766e-01
4.570000000000000173e-01
4.571999999999999953e-01
4.571333333333333360e-01
4.571999999999999953e-01
4.573999999999999733e-01
4.574666666666666881e-01
4.575333333333333474e-01
4.576000000000000068e-01
4.576000000000000068e-01
4.576666666666666661e-01
4.577333333333333254e-01
4.576666666666666661e-01
4.577999999999999847e-01
4.577333333333333254e-01
4.578666666666666440e-01
4.580666666666666775e-01
4.579333333333333589e-01
4.580000000000000182e-01
4.583999999999999742e-01
4.583999999999999742e-01
4.587333333333333263e-01
4.587999999999999856e-01
4.588666666666666449e-01
4.588666666666666449e-01
4.591999999999999971e-01
4.596000000000000085e-01
4.595333333333333492e-01
4.597333333333333272e-01
4.597999999999999865e-01
4.598666666666666458e-01
4.596666666666666679e-01
4.600000000000000200e-01
4.601999999999999980e-01
4.601999999999999980e-01
4.604666666666666908e-01
4.606666666666666687e-01
4.608666666666666467e-01
4.611333333333333395e-01
4.611333333333333395e-01
4.613333333333333175e-01
4.615333333333333510e-01
4.613333333333333175e-01
4.618666666666666476e-01
4.620666666666666811e-01
4.622666666666666591e-01
4.623999999999999777e-01
4.626000000000000112e-01
4.626000000000000112e-01
4.628666666666666485e-01
4.627999999999999892e-01
4.627999999999999892e-01
4.628666666666666485e-01
4.627999999999999892e-01
4.632000000000000006e-01
4.635333333333333528e-01
4.634666666666666934e-01
4.636666666666666714e-01
4.637999999999999901e-01
4.641333333333333422e-01
4.640666666666666829e-01
4.643333333333333202e-01
4.643333333333333202e-01
4.643333333333333202e-01
4.645333333333333536e-01
4.646000000000000130e-01
4.646000000000000130e-01
4.649333333333333096e-01
4.652666666666666617e-01
4.653999999999999804e-01
4.654666666666666397e-01
4.656000000000000139e-01
4.656666666666666732e-01
4.657333333333333325e-01
4.657999999999999918e-01
4.661333333333333440e-01
4.660000000000000253e-01
4.658666666666666512e-01
4.661333333333333440e-01
4.662666666666666626e-01
4.662000000000000033e-01
4.663333333333333219e-01
4.663999999999999813e-01
4.666000000000000147e-01
4.666000000000000147e-01
4.663999999999999813e-01
4.667999999999999927e-01
4.667999999999999927e-01
4.670000000000000262e-01
4.672000000000000042e-01
4.670000000000000262e-01
4.672666666666666635e-01
4.672000000000000042e-01
4.672666666666666635e-01
4.672666666666666635e-01
4.673999999999999821e-01
4.677333333333333343e-01
4.676666666666666750e-01
4.677333333333333343e-01
4.676666666666666750e-01
4.677999999999999936e-01
4.677999999999999936e-01
4.677999999999999936e-01
4.678666666666666529e-01
4.677999999999999936e-01
4.680000000000000271e-01
4.679333333333333123e-01
4.677999999999999936e-01
4.677999999999999936e-01
4.678666666666666529e-01
4.678666666666666529e-01
4.679333333333333123e-01
4.680000000000000271e-01
4.681333333333333457e-01
4.680000000000000271e-01
4.682000000000000051e-01
4.680666666666666864e-01
4.682666666666666644e-01
4.685333333333333572e-01
4.686666666666666758e-01
4.685333333333333572e-01
4.685333333333333572e-01
4.685333333333333572e-01
4.683333333333333237e-01
4.687999999999999945e-01
4.687333333333333352e-01
4.689333333333333131e-01
4.690666666666666873e-01
4.692000000000000060e-01
4.692666666666666653e-01
4.696000000000000174e-01
4.695333333333333581e-01
4.697333333333333361e-01
4.699999999999999734e-01
4.702000000000000068e-01
4.702666666666666662e-01
4.701333333333333475e-01
4.702666666666666662e-01
4.703999999999999848e-01
4.705333333333333590e-01
4.704666666666666441e-01
4.706666666666666776e-01
4.707333333333333369e-01
4.708666666666666556e-01
4.708666666666666556e-01
4.710666666666666891e-01
4.711333333333333484e-01
4.712000000000000077e-01
4.713333333333333264e-01
4.712000000000000077e-01
4.712000000000000077e-01
4.712666666666666671e-01
4.716000000000000192e-01
4.715333333333333599e-01
4.715333333333333599e-01
4.713999999999999857e-01
4.716000000000000192e-01
4.717333333333333378e-01
4.716666666666666785e-01
4.719333333333333158e-01
4.722000000000000086e-01
4.721333333333333493e-01
4.726666666666666794e-01
4.727999999999999980e-01
4.728666666666666574e-01
4.729999999999999760e-01
4.729333333333333167e-01
4.732666666666666688e-01
4.733333333333333282e-01
4.733999999999999875e-01
4.735333333333333061e-01
4.736000000000000210e-01
4.736666666666666803e-01
4.737999999999999989e-01
4.740666666666666917e-01
4.739333333333333176e-01
4.739333333333333176e-01
4.739333333333333176e-01
4.739999999999999769e-01
4.742666666666666697e-01
4.743333333333333290e-01
4.744666666666666477e-01
4.746666666666666812e-01
4.746666666666666812e-01
4.746000000000000218e-01
4.748666666666666591e-01
4.748666666666666591e-01
4.749333333333333185e-01
4.748666666666666591e-01
4.749999999999999778e-01
4.751333333333333520e-01
4.752000000000000113e-01
4.753333333333333299e-01
4.753333333333333299e-01
4.757333333333333414e-01
4.758000000000000007e-01
4.756000000000000227e-01
4.758666666666666600e-01
4.759999999999999787e-01
4.760666666666666935e-01
4.759999999999999787e-01
4.760666666666666935e-01
4.762666666666666715e-01
4.762666666666666715e-01
4.762666666666666715e-01
4.764666666666666495e-01
4.763333333333333308e-01
4.762666666666666715e-01
4.764666666666666495e-01
4.766000000000000236e-01
4.766666666666666829e-01
4.767333333333333423e-01
4.767333333333333423e-01
4.769999999999999796e-01
4.770666666666666944e-01
4.768666666666666609e-01
4.772000000000000131e-01
4.771333333333333537e-01
4.773333333333333317e-01
4.775333333333333097e-01
4.775333333333333097e-01
4.776666666666666838e-01
4.776000000000000245e-01
4.778000000000000025e-01
4.781333333333333546e-01
4.781333333333333546e-01
4.782000000000000139e-01
4.783999999999999919e-01
4.782666666666666733e-01
4.782666666666666733e-01
4.783999999999999919e-01
4.782000000000000139e-01
4.783999999999999919e-01
4.784666666666666512e-01
4.783333333333333326e-01
4.783333333333333326e-01
4.782000000000000139e-01
4.784666666666666512e-01
4.786000000000000254e-01
4.785333333333333106e-01
4.786666666666666847e-01
4.788666666666666627e-01
4.788000000000000034e-01
4.789999999999999813e-01
4.793333333333333335e-01
4.793999999999999928e-01
4.795333333333333115e-01
4.796000000000000263e-01
4.794666666666666521e-01
4.796000000000000263e-01
4.798000000000000043e-01
4.799333333333333229e-01
4.798666666666666636e-01
4.800666666666666416e-01
4.800666666666666416e-01
4.800666666666666416e-01
4.801333333333333564e-01
4.800666666666666416e-01
4.802000000000000157e-01
4.803333333333333344e-01
4.804666666666666530e-01
4.805333333333333123e-01
4.806666666666666865e-01
4.805333333333333123e-01
4.806666666666666865e-01
4.808666666666666645e-01
4.809999999999999831e-01
4.809333333333333238e-01
4.808666666666666645e-01
4.811333333333333573e-01
4.812666666666666759e-01
4.813999999999999946e-01
4.813999999999999946e-01
4.815999999999999726e-01
4.815333333333333132e-01
4.817333333333333467e-01
4.816666666666666874e-01
4.815333333333333132e-01
4.816666666666666874e-01
4.816666666666666874e-01
4.814666666666666539e-01
4.815999999999999726e-01
4.816666666666666874e-01
4.815999999999999726e-01
4.818666666666666654e-01
4.819999999999999840e-01
4.819333333333333247e-01
4.823999999999999955e-01
4.822666666666666768e-01
4.822666666666666768e-01
4.824666666666666548e-01
4.825333333333333141e-01
4.825333333333333141e-01
4.826666666666666883e-01
4.828000000000000069e-01
4.829999999999999849e-01
4.829999999999999849e-01
4.831333333333333591e-01
4.832666666666666777e-01
4.829999999999999849e-01
4.833333333333333370e-01
4.833999999999999964e-01
4.833999999999999964e-01
4.838666666666666671e-01
4.838000000000000078e-01
4.839999999999999858e-01
4.838000000000000078e-01
4.836666666666666892e-01
4.838000000000000078e-01
4.839999999999999858e-01
4.840666666666666451e-01
4.841333333333333599e-01
4.840666666666666451e-01
4.843333333333333379e-01
4.844666666666666566e-01
4.844666666666666566e-01
4.845333333333333159e-01
4.844666666666666566e-01
4.845333333333333159e-01
4.845999999999999752e-01
4.847333333333333494e-01
4.848000000000000087e-01
4.848666666666666680e-01
4.849999999999999867e-01
4.849333333333333274e-01
4.851333333333333608e-01
