2.703333333333333144e-01
2.723333333333333162e-01
2.741999999999999993e-01
2.767333333333333312e-01
2.790666666666666851e-01
2.816666666666666763e-01
2.836666666666666781e-01
2.858666666666666578e-01
2.872666666666666702e-01
2.890666666666666940e-01
2.909333333333333216e-01
2.923333333333333339e-01
2.942666666666666764e-01
2.962000000000000188e-01
2.980666666666666464e-01
2.998000000000000109e-01
3.014666666666666606e-01
3.029333333333333322e-01
3.046666666666666412e-01
3.058666666666666756e-01
3.078000000000000180e-01
3.094000000000000083e-01
3.111333333333333173e-01
3.121333333333333182e-01
3.130000000000000004e-01
3.141333333333333200e-01
3.158666666666666845e-01
3.170666666666666633e-01
3.181999999999999829e-01
3.194000000000000172e-01
3.210000000000000075e-01
3.220000000000000084e-01
3.225999999999999979e-01
3.239333333333333509e-01
3.254000000000000226e-01
3.264666666666666828e-01
3.271999999999999909e-01
3.280000000000000138e-01
3.290000000000000147e-01
3.300000000000000155e-01
3.314666666666666872e-01
3.323333333333333139e-01
3.334666666666666890e-01
3.337999999999999856e-01
3.345333333333333492e-01
3.355333333333333501e-01
3.367333333333333290e-01
3.373999999999999777e-01
3.378666666666666485e-01
3.385333333333333528e-01
3.393333333333333202e-01
3.400666666666666837e-01
3.413333333333333219e-01
3.423333333333333228e-01
3.428666666666666529e-01
3.439999999999999725e-01
3.447333333333333361e-01
3.456000000000000183e-01
3.466000000000000192e-01
3.470666666666666900e-01
3.474666666666666459e-01
3.481333333333333502e-01
3.487999999999999989e-01
3.492000000000000104e-01
3.502000000000000113e-01
3.506666666666666821e-01
3.516666666666666829e-01
3.523999999999999910e-01
3.528666666666666618e-01
3.533999999999999919e-01
3.538666666666666627e-01
3.546666666666666856e-01
3.552000000000000157e-01
3.555333333333333123e-01
3.558666666666666645e-01
3.564666666666666539e-01
3.572000000000000175e-01
3.576666666666666883e-01
3.579333333333333256e-01
3.585999999999999743e-01
3.588666666666666671e-01
3.598000000000000087e-01
3.602666666666666795e-01
3.605999999999999761e-01
3.611333333333333062e-01
3.617333333333333512e-01
3.625999999999999779e-01
3.631333333333333080e-01
3.634666666666666601e-01
3.638000000000000123e-01
3.644666666666666610e-01
3.648666666666666725e-01
3.655333333333333212e-01
3.658000000000000140e-01
3.663333333333333441e-01
3.669333333333333336e-01
3.670666666666666522e-01
3.673333333333333450e-01
3.681333333333333124e-01
3.685999999999999832e-01
3.693333333333333468e-01
3.697333333333333583e-01
3.703333333333333477e-01
3.708000000000000185e-01
3.712666666666666893e-01
3.718000000000000194e-01
3.727333333333333609e-01
3.729333333333333389e-01
3.733333333333333504e-01
3.736666666666666470e-01
3.740666666666666584e-01
3.746666666666666479e-01
3.751333333333333186e-01
3.754000000000000115e-01
3.755333333333333301e-01
3.759333333333333416e-01
3.764000000000000123e-01
3.770666666666666611e-01
3.777333333333333099e-01
3.779333333333333433e-01
3.784666666666666734e-01
3.784666666666666734e-01
3.789333333333333442e-01
3.795333333333333337e-01
3.799333333333333451e-01
3.804000000000000159e-01
3.807333333333333125e-01
3.810666666666666647e-01
3.814666666666666761e-01
3.817333333333333134e-01
3.820666666666666655e-01
3.827999999999999736e-01
3.832666666666666444e-01
3.835999999999999965e-01
3.835999999999999965e-01
3.840666666666666673e-01
3.841999999999999860e-01
3.845999999999999974e-01
3.849333333333333496e-01
3.853333333333333610e-01
3.855999999999999983e-01
3.859333333333333504e-01
3.862666666666666471e-01
3.865999999999999992e-01
3.869333333333333513e-01
3.875333333333333408e-01
3.876666666666666594e-01
3.878666666666666929e-01
3.884000000000000230e-01
3.890666666666666718e-01
3.893333333333333091e-01
3.896000000000000019e-01
3.901999999999999913e-01
3.903333333333333099e-01
3.906666666666666621e-01
3.910666666666666735e-01
3.914000000000000257e-01
3.916666666666666630e-01
3.919333333333333558e-01
3.921999999999999931e-01
3.926666666666666639e-01
3.929333333333333567e-01
3.931999999999999940e-01
3.935333333333333461e-01
3.935333333333333461e-01
3.940666666666666762e-01
3.946666666666666656e-01
3.951333333333333364e-01
3.955333333333333479e-01
3.960000000000000187e-01
3.963333333333333153e-01
3.963999999999999746e-01
3.967999999999999861e-01
3.975333333333333496e-01
3.978666666666666463e-01
3.979333333333333056e-01
3.983999999999999764e-01
3.988666666666666472e-01
3.990666666666666806e-01
3.993333333333333179e-01
3.998666666666666480e-01
4.002000000000000002e-01
4.003999999999999782e-01
4.007999999999999896e-01
4.012000000000000011e-01
4.014666666666666939e-01
4.019333333333333091e-01
4.022666666666666613e-01
4.028666666666666507e-01
4.030000000000000249e-01
4.031333333333333435e-01
4.029333333333333100e-01
4.033333333333333215e-01
4.035333333333333550e-01
4.040000000000000258e-01
4.042000000000000037e-01
4.044666666666666410e-01
4.046666666666666745e-01
4.050000000000000266e-01
4.050666666666666860e-01
4.053333333333333233e-01
4.060000000000000275e-01
4.061333333333333462e-01
4.061333333333333462e-01
4.063999999999999835e-01
4.068666666666666543e-01
4.069999999999999729e-01
4.072000000000000064e-01
4.071333333333333471e-01
4.069999999999999729e-01
4.074666666666666437e-01
4.077333333333333365e-01
4.077333333333333365e-01
4.080666666666666886e-01
4.083333333333333259e-01
4.084666666666666446e-01
4.086666666666666781e-01
4.087333333333333374e-01
4.089333333333333154e-01
4.089333333333333154e-01
4.093333333333333268e-01
4.093999999999999861e-01
4.101333333333333497e-01
4.099999999999999756e-01
4.101333333333333497e-01
4.103999999999999870e-01
4.107999999999999985e-01
4.109333333333333171e-01
4.110666666666666913e-01
4.112000000000000099e-01
4.115333333333333066e-01
4.118666666666666587e-01
4.119999999999999774e-01
4.119999999999999774e-01
4.122000000000000108e-01
4.125333333333333075e-01
4.127333333333333409e-01
4.132000000000000117e-01
4.132000000000000117e-01
4.133999999999999897e-01
4.136000000000000232e-01
4.141333333333333533e-01
4.142000000000000126e-01
4.143999999999999906e-01
4.146000000000000241e-01
4.148666666666666614e-01
4.150666666666666393e-01
4.153333333333333321e-01
4.155333333333333101e-01
4.158000000000000029e-01
4.159333333333333216e-01
4.160666666666666402e-01
4.162666666666666737e-01
4.160666666666666402e-01
4.161333333333333551e-01
4.160666666666666402e-01
4.163333333333333330e-01
4.167333333333333445e-01
4.167333333333333445e-01
4.166000000000000258e-01
4.168666666666666631e-01
4.173999999999999932e-01
4.176666666666666861e-01
4.181333333333333568e-01
4.183333333333333348e-01
4.188666666666666649e-01
4.190666666666666429e-01
4.192000000000000171e-01
4.190666666666666429e-01
4.194666666666666544e-01
4.195333333333333137e-01
4.197333333333333472e-01
4.198000000000000065e-01
4.197333333333333472e-01
4.200666666666666438e-01
4.202000000000000179e-01
4.201333333333333586e-01
4.205999999999999739e-01
4.208666666666666667e-01
4.210666666666666447e-01
4.211333333333333595e-01
4.214666666666666561e-01
4.213999999999999968e-01
4.216666666666666896e-01
4.219999999999999862e-01
4.219999999999999862e-01
4.221333333333333604e-01
4.225999999999999757e-01
4.229333333333333278e-01
4.231333333333333058e-01
4.233333333333333393e-01
4.235999999999999766e-01
4.239999999999999880e-01
4.241333333333333067e-01
4.245333333333333181e-01
4.245333333333333181e-01
4.248000000000000109e-01
4.253333333333333410e-01
4.255333333333333190e-01
4.261333333333333084e-01
4.264000000000000012e-01
4.264666666666666606e-01
4.268000000000000127e-01
4.272000000000000242e-01
4.268666666666666720e-01
4.272666666666666835e-01
4.272000000000000242e-01
4.274000000000000021e-01
4.276666666666666394e-01
4.278000000000000136e-01
4.282666666666666844e-01
4.284666666666666623e-01
4.284666666666666623e-01
4.284666666666666623e-01
4.284666666666666623e-01
4.289333333333333331e-01
4.292000000000000259e-01
4.293333333333333446e-01
4.294000000000000039e-01
4.292666666666666853e-01
4.292666666666666853e-01
4.292666666666666853e-01
4.295333333333333226e-01
4.297333333333333560e-01
4.298000000000000154e-01
4.297333333333333560e-01
4.302666666666666861e-01
4.302000000000000268e-01
4.303333333333333455e-01
4.304666666666666641e-01
4.307333333333333569e-01
4.309333333333333349e-01
4.309999999999999942e-01
4.314000000000000057e-01
4.317333333333333578e-01
4.321333333333333138e-01
4.322666666666666879e-01
4.326666666666666439e-01
4.328666666666666774e-01
4.330666666666666553e-01
4.329999999999999960e-01
4.334000000000000075e-01
4.335999999999999854e-01
4.341999999999999749e-01
4.341999999999999749e-01
4.342666666666666897e-01
4.343333333333333490e-01
4.345999999999999863e-01
4.345999999999999863e-01
4.347333333333333605e-01
4.350666666666666571e-01
4.350666666666666571e-01
4.352666666666666906e-01
4.354000000000000092e-01
4.355333333333333279e-01
4.358666666666666800e-01
4.363333333333333508e-01
4.363333333333333508e-01
4.365999999999999881e-01
4.369333333333333402e-01
4.368666666666666809e-01
4.370666666666666589e-01
4.372666666666666924e-01
4.373333333333333517e-01
4.378000000000000225e-01
4.376666666666666483e-01
4.375999999999999890e-01
4.376666666666666483e-01
4.381333333333333191e-01
4.382666666666666933e-01
4.382666666666666933e-01
4.385333333333333306e-01
4.388000000000000234e-01
4.389333333333333420e-01
4.389333333333333420e-01
4.391333333333333200e-01
4.390666666666666607e-01
4.390666666666666607e-01
4.394000000000000128e-01
4.395999999999999908e-01
4.397333333333333094e-01
4.398666666666666836e-01
4.401999999999999802e-01
4.403333333333333544e-01
4.406666666666666510e-01
4.406666666666666510e-01
4.407333333333333103e-01
4.408666666666666845e-01
4.408666666666666845e-01
4.408000000000000251e-01
4.410666666666666624e-01
4.414000000000000146e-01
4.413333333333333552e-01
4.414666666666666739e-01
4.416666666666666519e-01
4.421999999999999820e-01
4.424666666666666748e-01
4.428000000000000269e-01
4.431333333333333235e-01
4.433333333333333570e-01
4.436666666666666536e-01
4.439333333333333464e-01
4.440666666666666651e-01
4.441333333333333244e-01
4.443333333333333579e-01
4.440666666666666651e-01
4.442666666666666431e-01
4.447333333333333139e-01
4.450666666666666660e-01
4.453333333333333588e-01
4.454666666666666774e-01
4.453333333333333588e-01
4.452666666666666440e-01
4.457333333333333147e-01
4.459333333333333482e-01
4.460666666666666669e-01
4.464666666666666783e-01
4.465333333333333377e-01
4.466666666666666563e-01
4.468666666666666898e-01
4.467333333333333156e-01
4.467999999999999750e-01
4.470000000000000084e-01
4.470000000000000084e-01
4.469333333333333491e-01
4.470666666666666678e-01
4.474666666666666792e-01
4.476666666666666572e-01
4.476666666666666572e-01
4.475999999999999979e-01
4.475333333333333385e-01
4.477999999999999758e-01
4.475999999999999979e-01
4.478666666666666907e-01
4.477999999999999758e-01
4.476666666666666572e-01
4.477333333333333165e-01
4.477999999999999758e-01
4.477999999999999758e-01
4.479333333333333500e-01
4.480000000000000093e-01
4.480666666666666687e-01
4.483333333333333059e-01
4.482666666666666466e-01
4.489333333333333509e-01
4.489333333333333509e-01
4.494000000000000217e-01
4.492666666666666475e-01
4.494666666666666810e-01
4.495999999999999996e-01
4.495333333333333403e-01
4.495999999999999996e-01
4.497333333333333183e-01
4.499333333333333518e-01
4.497999999999999776e-01
4.497333333333333183e-01
4.499333333333333518e-01
4.501333333333333298e-01
4.502666666666666484e-01
4.501999999999999891e-01
4.503333333333333077e-01
4.504666666666666819e-01
4.506000000000000005e-01
4.506666666666666599e-01
4.509333333333333527e-01
4.510000000000000120e-01
4.514000000000000234e-01
4.511999999999999900e-01
4.510666666666666713e-01
4.510666666666666713e-01
4.515333333333333421e-01
4.518666666666666942e-01
4.521999999999999909e-01
4.521999999999999909e-01
4.521333333333333315e-01
4.522666666666666502e-01
4.523333333333333095e-01
4.525333333333333430e-01
4.526666666666666616e-01
4.526000000000000023e-01
4.526000000000000023e-01
4.526000000000000023e-01
4.525333333333333430e-01
4.527999999999999803e-01
4.527999999999999803e-01
4.530000000000000138e-01
4.532666666666666511e-01
4.531999999999999917e-01
4.530666666666666731e-01
4.534000000000000252e-01
4.533333333333333104e-01
4.533333333333333104e-01
4.536666666666666625e-01
4.537999999999999812e-01
4.539333333333333553e-01
4.541999999999999926e-01
4.545333333333333448e-01
4.542666666666666520e-01
4.544666666666666854e-01
4.544000000000000261e-01
4.544000000000000261e-01
4.546000000000000041e-01
4.546666666666666634e-01
4.547999999999999821e-01
4.551333333333333342e-01
4.554000000000000270e-01
4.554000000000000270e-01
4.553333333333333122e-01
4.556666666666666643e-01
4.554000000000000270e-01
4.554000000000000270e-01
4.556000000000000050e-01
4.560000000000000164e-01
4.561999999999999944e-01
4.563333333333333131e-01
4.566000000000000059e-01
4.566666666666666652e-01
4.568666666666666432e-01
4.570000000000000173e-01
4.572666666666666546e-01
4.574666666666666881e-01
4.575333333333333474e-01
4.575333333333333474e-01
4.575333333333333474e-01
4.576666666666666661e-01
4.579333333333333589e-01
4.580666666666666775e-01
4.581999999999999962e-01
4.582666666666666555e-01
4.585333333333333483e-01
4.584666666666666890e-01
4.586000000000000076e-01
4.586666666666666670e-01
4.587999999999999856e-01
4.589333333333333598e-01
4.589333333333333598e-01
4.591333333333333377e-01
4.591333333333333377e-01
4.593333333333333157e-01
4.594666666666666899e-01
4.597333333333333272e-01
4.596000000000000085e-01
4.597333333333333272e-01
4.597999999999999865e-01
4.599333333333333607e-01
4.597333333333333272e-01
4.597333333333333272e-01
4.600000000000000200e-01
4.603333333333333166e-01
4.605333333333333501e-01
4.603999999999999759e-01
4.606000000000000094e-01
4.610666666666666802e-01
4.610666666666666802e-01
4.611999999999999988e-01
4.610666666666666802e-01
4.610666666666666802e-01
4.613333333333333175e-01
4.613333333333333175e-01
4.618666666666666476e-01
4.619333333333333069e-01
4.620666666666666811e-01
4.620000000000000218e-01
4.617999999999999883e-01
4.618666666666666476e-01
4.620666666666666811e-01
4.621999999999999997e-01
4.621333333333333404e-01
4.623333333333333184e-01
4.623999999999999777e-01
4.623333333333333184e-01
4.624666666666666925e-01
4.623333333333333184e-01
4.624666666666666925e-01
4.627999999999999892e-01
4.624666666666666925e-01
4.627999999999999892e-01
4.629333333333333078e-01
4.634666666666666934e-01
4.635333333333333528e-01
4.634666666666666934e-01
4.635333333333333528e-01
4.635333333333333528e-01
4.636666666666666714e-01
4.636666666666666714e-01
4.637333333333333307e-01
4.639333333333333087e-01
4.638666666666666494e-01
4.638666666666666494e-01
4.640666666666666829e-01
4.640666666666666829e-01
4.642000000000000015e-01
4.644666666666666943e-01
4.642666666666666608e-01
4.643999999999999795e-01
4.643999999999999795e-01
4.642666666666666608e-01
4.645333333333333536e-01
4.645333333333333536e-01
4.646666666666666723e-01
4.646000000000000130e-01
4.649333333333333096e-01
4.647999999999999909e-01
4.649333333333333096e-01
4.652666666666666617e-01
4.656666666666666732e-01
4.656666666666666732e-01
4.657333333333333325e-01
4.658666666666666512e-01
4.657333333333333325e-01
4.657999999999999918e-01
4.660000000000000253e-01
4.660666666666666846e-01
4.662666666666666626e-01
4.662666666666666626e-01
4.663333333333333219e-01
4.663333333333333219e-01
4.663333333333333219e-01
4.663333333333333219e-01
4.664666666666666406e-01
4.664666666666666406e-01
4.665333333333333554e-01
4.666000000000000147e-01
4.666666666666666741e-01
4.667999999999999927e-01
4.667999999999999927e-01
4.667333333333333334e-01
4.668666666666666520e-01
4.668666666666666520e-01
4.669333333333333114e-01
4.670000000000000262e-01
4.668666666666666520e-01
4.667333333333333334e-01
4.667999999999999927e-01
4.667999999999999927e-01
4.667333333333333334e-01
4.670000000000000262e-01
4.668666666666666520e-01
4.671333333333333449e-01
4.673999999999999821e-01
4.675333333333333563e-01
4.676000000000000156e-01
4.673999999999999821e-01
4.675333333333333563e-01
4.676666666666666750e-01
4.678666666666666529e-01
4.676000000000000156e-01
4.676666666666666750e-01
4.677999999999999936e-01
4.678666666666666529e-01
4.681333333333333457e-01
4.685333333333333572e-01
4.685333333333333572e-01
4.686000000000000165e-01
4.686666666666666758e-01
4.686000000000000165e-01
4.689333333333333131e-01
4.690666666666666873e-01
4.691333333333333466e-01
4.689999999999999725e-01
4.690666666666666873e-01
4.691333333333333466e-01
4.692666666666666653e-01
4.692000000000000060e-01
4.692000000000000060e-01
4.690666666666666873e-01
4.688666666666666538e-01
4.689333333333333131e-01
4.689999999999999725e-01
4.692666666666666653e-01
4.692000000000000060e-01
4.692666666666666653e-01
4.691333333333333466e-01
4.693333333333333246e-01
4.694666666666666432e-01
4.696000000000000174e-01
4.693999999999999839e-01
4.695333333333333581e-01
4.696000000000000174e-01
4.698666666666666547e-01
4.698666666666666547e-01
4.699333333333333140e-01
4.699333333333333140e-01
4.699333333333333140e-01
4.699999999999999734e-01
4.699333333333333140e-01
4.701333333333333475e-01
4.703999999999999848e-01
4.705333333333333590e-01
4.704666666666666441e-01
4.705333333333333590e-01
4.706000000000000183e-01
4.707999999999999963e-01
4.709333333333333149e-01
4.712000000000000077e-01
4.712666666666666671e-01
4.712666666666666671e-01
4.712666666666666671e-01
4.710666666666666891e-01
4.716000000000000192e-01
4.716666666666666785e-01
4.716000000000000192e-01
4.714666666666666450e-01
4.717333333333333378e-01
4.721333333333333493e-01
4.723333333333333273e-01
4.723333333333333273e-01
4.725333333333333607e-01
4.724666666666666459e-01
4.724666666666666459e-01
4.726000000000000201e-01
4.725333333333333607e-01
4.726666666666666794e-01
4.726000000000000201e-01
4.727333333333333387e-01
4.727333333333333387e-01
4.727333333333333387e-01
4.727999999999999980e-01
4.729333333333333167e-01
4.732000000000000095e-01
4.731333333333333502e-01
4.732666666666666688e-01
4.732666666666666688e-01
4.736000000000000210e-01
4.737333333333333396e-01
4.737999999999999989e-01
4.739333333333333176e-01
4.741333333333333511e-01
4.741333333333333511e-01
4.743333333333333290e-01
