3.757333333333333081e-01
3.764666666666666717e-01
3.771999999999999797e-01
3.775999999999999912e-01
3.779333333333333433e-01
3.782666666666666400e-01
3.785999999999999921e-01
3.788666666666666849e-01
3.791333333333333222e-01
3.793333333333333557e-01
3.795333333333333337e-01
3.799333333333333451e-01
3.801999999999999824e-01
3.807333333333333125e-01
3.811333333333333240e-01
3.815999999999999948e-01
3.816666666666666541e-01
3.817999999999999727e-01
3.820000000000000062e-01
3.821999999999999842e-01
3.825333333333333363e-01
3.830000000000000071e-01
3.831999999999999851e-01
3.835333333333333372e-01
3.835999999999999965e-01
3.840666666666666673e-01
3.842666666666666453e-01
3.845333333333333381e-01
3.845999999999999974e-01
3.852666666666666462e-01
3.855333333333333390e-01
3.858666666666666911e-01
3.861999999999999877e-01
3.864000000000000212e-01
3.865333333333333399e-01
3.870000000000000107e-01
3.871999999999999886e-01
3.875333333333333408e-01
3.877333333333333187e-01
3.879333333333333522e-01
3.882666666666666488e-01
3.884000000000000230e-01
3.889333333333333531e-01
3.891999999999999904e-01
3.893333333333333091e-01
3.895333333333333425e-01
3.898666666666666392e-01
3.902666666666666506e-01
3.906000000000000028e-01
3.910666666666666735e-01
3.914666666666666850e-01
3.917333333333333223e-01
3.921999999999999931e-01
3.921999999999999931e-01
3.925333333333333452e-01
3.930000000000000160e-01
3.931333333333333346e-01
3.936666666666666647e-01
3.940000000000000169e-01
3.941999999999999948e-01
3.947333333333333250e-01
3.948666666666666436e-01
3.950000000000000178e-01
3.956666666666666665e-01
3.955333333333333479e-01
3.960666666666666780e-01
3.963333333333333153e-01
3.967333333333333267e-01
3.971333333333333382e-01
3.975333333333333496e-01
3.980000000000000204e-01
3.981333333333333391e-01
3.981333333333333391e-01
3.983999999999999764e-01
3.985333333333333505e-01
3.986666666666666692e-01
3.989333333333333065e-01
3.990666666666666806e-01
3.991999999999999993e-01
3.997999999999999887e-01
4.002666666666666595e-01
4.004666666666666930e-01
4.005333333333333523e-01
4.011333333333333417e-01
4.017333333333333312e-01
4.020666666666666833e-01
4.022666666666666613e-01
4.023999999999999799e-01
4.022000000000000020e-01
4.026000000000000134e-01
4.030000000000000249e-01
4.032666666666666622e-01
4.033333333333333215e-01
4.035333333333333550e-01
4.040000000000000258e-01
4.040000000000000258e-01
4.040666666666666851e-01
4.045333333333333559e-01
4.047999999999999932e-01
4.047333333333333338e-01
4.049333333333333118e-01
4.053333333333333233e-01
4.058666666666666534e-01
4.060666666666666869e-01
4.062666666666666648e-01
4.064666666666666428e-01
4.064666666666666428e-01
4.068666666666666543e-01
4.068666666666666543e-01
4.074666666666666437e-01
4.076000000000000179e-01
4.075333333333333585e-01
4.081333333333333480e-01
4.082000000000000073e-01
4.084666666666666446e-01
4.087999999999999967e-01
4.091333333333333488e-01
4.093999999999999861e-01
4.093333333333333268e-01
4.096666666666666790e-01
4.096666666666666790e-01
4.097333333333333383e-01
4.099333333333333163e-01
4.101333333333333497e-01
4.101333333333333497e-01
4.096000000000000196e-01
4.106666666666666798e-01
4.108666666666666578e-01
4.111333333333333506e-01
4.112000000000000099e-01
4.113999999999999879e-01
4.117333333333333401e-01
4.117999999999999994e-01
4.120666666666666922e-01
4.123333333333333295e-01
4.123999999999999888e-01
4.125333333333333075e-01
4.128000000000000003e-01
4.130666666666666931e-01
4.132000000000000117e-01
4.136666666666666825e-01
4.142000000000000126e-01
4.143999999999999906e-01
4.145333333333333092e-01
4.148000000000000020e-01
4.147333333333333427e-01
4.148666666666666614e-01
4.148666666666666614e-01
4.151333333333333542e-01
4.150666666666666393e-01
4.153333333333333321e-01
4.158000000000000029e-01
4.158000000000000029e-01
4.159999999999999809e-01
4.159333333333333216e-01
4.163333333333333330e-01
4.166666666666666852e-01
4.168666666666666631e-01
4.168666666666666631e-01
4.169333333333333225e-01
4.170666666666666411e-01
4.173333333333333339e-01
4.175333333333333119e-01
4.179999999999999827e-01
4.183333333333333348e-01
4.187333333333333463e-01
4.190666666666666429e-01
4.189999999999999836e-01
4.192666666666666764e-01
4.195333333333333137e-01
4.195999999999999730e-01
4.195999999999999730e-01
4.197333333333333472e-01
4.203999999999999959e-01
4.205333333333333146e-01
4.208666666666666667e-01
4.210666666666666447e-01
4.212000000000000188e-01
4.213333333333333375e-01
4.219333333333333269e-01
4.219999999999999862e-01
4.222000000000000197e-01
4.225333333333333163e-01
4.225999999999999757e-01
4.226666666666666905e-01
4.228666666666666685e-01
4.233333333333333393e-01
4.233999999999999986e-01
4.229333333333333278e-01
4.235333333333333172e-01
4.235333333333333172e-01
4.238666666666666694e-01
4.239999999999999880e-01
4.240666666666666473e-01
4.243333333333333401e-01
4.244666666666666588e-01
4.244666666666666588e-01
4.243999999999999995e-01
4.245333333333333181e-01
4.247333333333333516e-01
4.249333333333333296e-01
4.250666666666666482e-01
4.251333333333333075e-01
4.254000000000000004e-01
4.255333333333333190e-01
4.256666666666666932e-01
4.259999999999999898e-01
4.264000000000000012e-01
4.265333333333333199e-01
4.265999999999999792e-01
4.268666666666666720e-01
4.269999999999999907e-01
4.272000000000000242e-01
4.274000000000000021e-01
4.276666666666666394e-01
4.281333333333333102e-01
4.284666666666666623e-01
4.289333333333333331e-01
4.292000000000000259e-01
4.295999999999999819e-01
4.295999999999999819e-01
4.298000000000000154e-01
4.299999999999999933e-01
4.301333333333333120e-01
4.303333333333333455e-01
4.304000000000000048e-01
4.306666666666666421e-01
4.308666666666666756e-01
4.309999999999999942e-01
4.312000000000000277e-01
4.312666666666666870e-01
4.315999999999999837e-01
4.319333333333333358e-01
4.321333333333333138e-01
4.324666666666666659e-01
4.325999999999999845e-01
4.329333333333333367e-01
4.327333333333333587e-01
4.331333333333333147e-01
4.332666666666666888e-01
4.333333333333333481e-01
4.334000000000000075e-01
4.337333333333333596e-01
4.337333333333333596e-01
4.338666666666666782e-01
4.339999999999999969e-01
4.341333333333333155e-01
4.341333333333333155e-01
4.342666666666666897e-01
4.343333333333333490e-01
4.345333333333333270e-01
4.339999999999999969e-01
4.344000000000000083e-01
4.347333333333333605e-01
4.347333333333333605e-01
4.347333333333333605e-01
4.350666666666666571e-01
4.354000000000000092e-01
4.355999999999999872e-01
4.358666666666666800e-01
4.361333333333333173e-01
4.361999999999999766e-01
4.365333333333333288e-01
4.367333333333333067e-01
4.365999999999999881e-01
4.366666666666666474e-01
4.368000000000000216e-01
4.371333333333333182e-01
4.372666666666666924e-01
4.374666666666666703e-01
4.378000000000000225e-01
4.378666666666666818e-01
4.380000000000000004e-01
4.379333333333333411e-01
4.380666666666666598e-01
4.382666666666666933e-01
4.387333333333333085e-01
4.390666666666666607e-01
4.391999999999999793e-01
4.394666666666666721e-01
4.395999999999999908e-01
4.395333333333333314e-01
4.398000000000000242e-01
4.400666666666666615e-01
4.402666666666666395e-01
4.403333333333333544e-01
4.404000000000000137e-01
4.404000000000000137e-01
4.405999999999999917e-01
4.409333333333333438e-01
4.412666666666666404e-01
4.414000000000000146e-01
4.415333333333333332e-01
4.415333333333333332e-01
4.418000000000000260e-01
4.418666666666666853e-01
4.420666666666666633e-01
4.421333333333333226e-01
4.421999999999999820e-01
4.424000000000000155e-01
4.423333333333333561e-01
4.426666666666666528e-01
4.429333333333333456e-01
4.430000000000000049e-01
4.432666666666666422e-01
4.434000000000000163e-01
4.434000000000000163e-01
4.435999999999999943e-01
4.440666666666666651e-01
4.441333333333333244e-01
4.444000000000000172e-01
4.445333333333333359e-01
4.447333333333333139e-01
4.449333333333333473e-01
4.450000000000000067e-01
4.452666666666666440e-01
4.451999999999999846e-01
4.451333333333333253e-01
4.454000000000000181e-01
4.457333333333333147e-01
4.457999999999999741e-01
4.458666666666666889e-01
4.461333333333333262e-01
4.462666666666666448e-01
4.465333333333333377e-01
4.468666666666666898e-01
4.469333333333333491e-01
4.470000000000000084e-01
4.471333333333333271e-01
4.473333333333333606e-01
4.474666666666666792e-01
4.475999999999999979e-01
4.478666666666666907e-01
4.480000000000000093e-01
4.483333333333333059e-01
4.481999999999999873e-01
4.486666666666666581e-01
4.486666666666666581e-01
4.485999999999999988e-01
4.486666666666666581e-01
4.489333333333333509e-01
4.492666666666666475e-01
4.491333333333333289e-01
4.493333333333333068e-01
4.494000000000000217e-01
4.494666666666666810e-01
4.494666666666666810e-01
4.496666666666666590e-01
4.495333333333333403e-01
4.496666666666666590e-01
4.499333333333333518e-01
4.497999999999999776e-01
4.500000000000000111e-01
4.501333333333333298e-01
4.501999999999999891e-01
4.501999999999999891e-01
4.499333333333333518e-01
4.502666666666666484e-01
4.501999999999999891e-01
4.506000000000000005e-01
4.507333333333333192e-01
4.507333333333333192e-01
4.509333333333333527e-01
4.508666666666666933e-01
4.511333333333333306e-01
4.513333333333333086e-01
4.513333333333333086e-01
4.511999999999999900e-01
4.514000000000000234e-01
4.514000000000000234e-01
4.514000000000000234e-01
4.517999999999999794e-01
4.518666666666666942e-01
4.520000000000000129e-01
4.520000000000000129e-01
4.521999999999999909e-01
4.521333333333333315e-01
4.518666666666666942e-01
4.524000000000000243e-01
4.524000000000000243e-01
4.525333333333333430e-01
4.525333333333333430e-01
4.525333333333333430e-01
4.527333333333333210e-01
4.527999999999999803e-01
4.528666666666666396e-01
4.531333333333333324e-01
4.530666666666666731e-01
4.534000000000000252e-01
4.534666666666666845e-01
4.536000000000000032e-01
4.537333333333333218e-01
4.536666666666666625e-01
4.540666666666666740e-01
4.539333333333333553e-01
4.541999999999999926e-01
4.540666666666666740e-01
4.543333333333333113e-01
4.544000000000000261e-01
4.547999999999999821e-01
4.549333333333333562e-01
4.547999999999999821e-01
4.549333333333333562e-01
4.552666666666666528e-01
4.551999999999999935e-01
4.553333333333333122e-01
4.553333333333333122e-01
4.556000000000000050e-01
4.557333333333333236e-01
4.557999999999999829e-01
4.560000000000000164e-01
4.560666666666666758e-01
4.561999999999999944e-01
4.564666666666666872e-01
4.563999999999999724e-01
4.564666666666666872e-01
4.568666666666666432e-01
4.567999999999999838e-01
4.568666666666666432e-01
4.568666666666666432e-01
4.571333333333333360e-01
4.571333333333333360e-01
4.572666666666666546e-01
4.573333333333333139e-01
4.575333333333333474e-01
4.574666666666666881e-01
4.573999999999999733e-01
4.576666666666666661e-01
4.578666666666666440e-01
4.580000000000000182e-01
4.580666666666666775e-01
4.582666666666666555e-01
4.581999999999999962e-01
4.583333333333333148e-01
4.585333333333333483e-01
4.585333333333333483e-01
4.586000000000000076e-01
4.586000000000000076e-01
4.587999999999999856e-01
4.590000000000000191e-01
4.591999999999999971e-01
4.595333333333333492e-01
4.596666666666666679e-01
4.596000000000000085e-01
4.596000000000000085e-01
4.597333333333333272e-01
4.597333333333333272e-01
4.599333333333333607e-01
4.599333333333333607e-01
4.599333333333333607e-01
4.598666666666666458e-01
4.601999999999999980e-01
4.603999999999999759e-01
4.606000000000000094e-01
4.608666666666666467e-01
4.610666666666666802e-01
4.611333333333333395e-01
4.614666666666666917e-01
4.617999999999999883e-01
4.617999999999999883e-01
4.618666666666666476e-01
4.619333333333333069e-01
4.623333333333333184e-01
4.624666666666666925e-01
4.626666666666666705e-01
4.626666666666666705e-01
4.627333333333333298e-01
4.628666666666666485e-01
4.626666666666666705e-01
4.630000000000000226e-01
4.632666666666666599e-01
4.632666666666666599e-01
4.632666666666666599e-01
4.633333333333333193e-01
4.633999999999999786e-01
4.636666666666666714e-01
4.640000000000000235e-01
4.640000000000000235e-01
4.642666666666666608e-01
4.643999999999999795e-01
4.644666666666666943e-01
4.647333333333333316e-01
4.649333333333333096e-01
4.648666666666666503e-01
4.650666666666666837e-01
4.651333333333333431e-01
4.652666666666666617e-01
4.653999999999999804e-01
4.654666666666666397e-01
4.656000000000000139e-01
4.658666666666666512e-01
4.659333333333333105e-01
4.660000000000000253e-01
4.660000000000000253e-01
4.660666666666666846e-01
4.660666666666666846e-01
4.661333333333333440e-01
4.662000000000000033e-01
4.662000000000000033e-01
4.663999999999999813e-01
4.663999999999999813e-01
4.664666666666666406e-01
4.664666666666666406e-01
4.662666666666666626e-01
4.668666666666666520e-01
4.667999999999999927e-01
4.667999999999999927e-01
4.669333333333333114e-01
4.670000000000000262e-01
4.670666666666666855e-01
4.672666666666666635e-01
4.670000000000000262e-01
4.673999999999999821e-01
4.673333333333333228e-01
4.673999999999999821e-01
4.673999999999999821e-01
4.673333333333333228e-01
4.676000000000000156e-01
4.676000000000000156e-01
4.676666666666666750e-01
4.676666666666666750e-01
4.678666666666666529e-01
4.677333333333333343e-01
4.679333333333333123e-01
4.680000000000000271e-01
4.682666666666666644e-01
4.682000000000000051e-01
4.682000000000000051e-01
4.682666666666666644e-01
4.682000000000000051e-01
4.682000000000000051e-01
4.684666666666666424e-01
4.687333333333333352e-01
4.686666666666666758e-01
4.686000000000000165e-01
4.688666666666666538e-01
4.689333333333333131e-01
4.688666666666666538e-01
4.688666666666666538e-01
4.688666666666666538e-01
4.689333333333333131e-01
4.691333333333333466e-01
4.689999999999999725e-01
4.692666666666666653e-01
4.693999999999999839e-01
4.693999999999999839e-01
4.695333333333333581e-01
4.697999999999999954e-01
4.698666666666666547e-01
4.698666666666666547e-01
4.700666666666666882e-01
4.700666666666666882e-01
4.700666666666666882e-01
4.700666666666666882e-01
4.704666666666666441e-01
4.706666666666666776e-01
4.706666666666666776e-01
4.706666666666666776e-01
4.705333333333333590e-01
4.707999999999999963e-01
4.709999999999999742e-01
4.709999999999999742e-01
4.709999999999999742e-01
4.711333333333333484e-01
4.713333333333333264e-01
4.712666666666666671e-01
4.712000000000000077e-01
4.715333333333333599e-01
4.716666666666666785e-01
4.716666666666666785e-01
4.714666666666666450e-01
4.716000000000000192e-01
4.716666666666666785e-01
4.717333333333333378e-01
4.717999999999999972e-01
4.719999999999999751e-01
4.719999999999999751e-01
4.722666666666666679e-01
4.724666666666666459e-01
4.723999999999999866e-01
4.726666666666666794e-01
4.726666666666666794e-01
4.727999999999999980e-01
4.727999999999999980e-01
4.729999999999999760e-01
4.732666666666666688e-01
4.734666666666666468e-01
4.733333333333333282e-01
4.736666666666666803e-01
4.739999999999999769e-01
4.739999999999999769e-01
4.739999999999999769e-01
4.739999999999999769e-01
4.739333333333333176e-01
4.739999999999999769e-01
4.741333333333333511e-01
4.741333333333333511e-01
4.741333333333333511e-01
4.742000000000000104e-01
4.743333333333333290e-01
4.745333333333333070e-01
4.748666666666666591e-01
4.749333333333333185e-01
4.747999999999999998e-01
4.749333333333333185e-01
4.748666666666666591e-01
4.750666666666666926e-01
4.752666666666666706e-01
4.753333333333333299e-01
4.753999999999999893e-01
4.756666666666666821e-01
4.756000000000000227e-01
4.756000000000000227e-01
4.756666666666666821e-01
4.758666666666666600e-01
4.761333333333333528e-01
4.761333333333333528e-01
4.763333333333333308e-01
4.762666666666666715e-01
4.762000000000000122e-01
4.762666666666666715e-01
4.762000000000000122e-01
4.763333333333333308e-01
4.762666666666666715e-01
4.766666666666666829e-01
4.766666666666666829e-01
4.767333333333333423e-01
4.768000000000000016e-01
4.768000000000000016e-01
4.766000000000000236e-01
4.769333333333333202e-01
4.768666666666666609e-01
4.772000000000000131e-01
4.773333333333333317e-01
4.774666666666666504e-01
4.775333333333333097e-01
4.778000000000000025e-01
4.776000000000000245e-01
4.778000000000000025e-01
4.779333333333333211e-01
4.781333333333333546e-01
4.780666666666666398e-01
4.781333333333333546e-01
4.783333333333333326e-01
4.783999999999999919e-01
4.783999999999999919e-01
4.782000000000000139e-01
4.783999999999999919e-01
4.781333333333333546e-01
4.781333333333333546e-01
4.783333333333333326e-01
4.783333333333333326e-01
4.783999999999999919e-01
4.783333333333333326e-01
4.784666666666666512e-01
4.785333333333333106e-01
4.786666666666666847e-01
4.788000000000000034e-01
4.788666666666666627e-01
4.787333333333333441e-01
4.793333333333333335e-01
4.793333333333333335e-01
4.792666666666666742e-01
4.792000000000000148e-01
4.793333333333333335e-01
4.795333333333333115e-01
4.794666666666666521e-01
4.797333333333333449e-01
4.796666666666666856e-01
4.799333333333333229e-01
4.801333333333333564e-01
4.799333333333333229e-01
4.802000000000000157e-01
4.803333333333333344e-01
4.802666666666666750e-01
4.802666666666666750e-01
4.803333333333333344e-01
4.803999999999999937e-01
4.805333333333333123e-01
4.806666666666666865e-01
4.806000000000000272e-01
4.807333333333333458e-01
4.808000000000000052e-01
4.808666666666666645e-01
4.809333333333333238e-01
4.811333333333333573e-01
4.812666666666666759e-01
4.812000000000000166e-01
4.812000000000000166e-01
4.813999999999999946e-01
4.813333333333333353e-01
4.812666666666666759e-01
4.812666666666666759e-01
4.814666666666666539e-01
4.815333333333333132e-01
4.814666666666666539e-01
4.813999999999999946e-01
4.813999999999999946e-01
4.815999999999999726e-01
4.814666666666666539e-01
4.818000000000000060e-01
4.817333333333333467e-01
4.816666666666666874e-01
4.818000000000000060e-01
4.818666666666666654e-01
4.818666666666666654e-01
4.821333333333333582e-01
4.823999999999999955e-01
4.827333333333333476e-01
4.827333333333333476e-01
4.829999999999999849e-01
4.829999999999999849e-01
4.830666666666666442e-01
4.828666666666666663e-01
4.830666666666666442e-01
4.829333333333333256e-01
4.829999999999999849e-01
4.832666666666666777e-01
4.833999999999999964e-01
4.834666666666666557e-01
4.835333333333333150e-01
4.835333333333333150e-01
4.835999999999999743e-01
4.836666666666666892e-01
4.836666666666666892e-01
4.836666666666666892e-01
4.834666666666666557e-01
4.839333333333333265e-01
4.839999999999999858e-01
4.840666666666666451e-01
