3.835333333333333372e-01
3.844666666666666788e-01
3.848666666666666902e-01
3.853333333333333610e-01
3.856666666666666576e-01
3.858666666666666911e-01
3.863333333333333064e-01
3.866666666666666585e-01
3.870000000000000107e-01
3.871333333333333293e-01
3.871999999999999886e-01
3.877333333333333187e-01
3.877333333333333187e-01
3.881333333333333302e-01
3.886666666666666603e-01
3.888666666666666938e-01
3.894000000000000239e-01
3.896000000000000019e-01
3.896666666666666612e-01
3.897999999999999798e-01
3.899333333333333540e-01
3.903333333333333099e-01
3.904666666666666841e-01
3.904666666666666841e-01
3.912666666666666515e-01
3.914666666666666850e-01
3.916000000000000036e-01
3.920000000000000151e-01
3.921999999999999931e-01
3.925333333333333452e-01
3.930666666666666753e-01
3.931333333333333346e-01
3.937333333333333241e-01
3.940666666666666762e-01
3.941999999999999948e-01
3.945333333333333470e-01
3.945333333333333470e-01
3.949333333333333584e-01
3.952666666666666551e-01
3.955333333333333479e-01
3.957333333333333258e-01
3.963999999999999746e-01
3.964666666666666894e-01
3.970000000000000195e-01
3.973333333333333162e-01
3.975333333333333496e-01
3.975333333333333496e-01
3.978666666666666463e-01
3.979333333333333056e-01
3.981333333333333391e-01
3.983999999999999764e-01
3.987333333333333285e-01
3.993999999999999773e-01
3.997999999999999887e-01
4.000666666666666815e-01
4.002000000000000002e-01
4.003333333333333188e-01
4.007999999999999896e-01
4.013333333333333197e-01
4.016000000000000125e-01
4.017333333333333312e-01
4.020666666666666833e-01
4.022666666666666613e-01
4.027333333333333321e-01
4.029333333333333100e-01
4.031333333333333435e-01
4.032000000000000028e-01
4.033999999999999808e-01
4.036000000000000143e-01
4.036000000000000143e-01
4.038666666666666516e-01
4.040000000000000258e-01
4.042666666666666631e-01
4.037999999999999923e-01
4.043333333333333224e-01
4.046666666666666745e-01
4.050000000000000266e-01
4.050666666666666860e-01
4.054666666666666419e-01
4.057999999999999940e-01
4.062000000000000055e-01
4.062666666666666648e-01
4.067333333333333356e-01
4.068666666666666543e-01
4.071333333333333471e-01
4.070666666666666877e-01
4.072666666666666657e-01
4.075333333333333585e-01
4.076000000000000179e-01
4.077999999999999958e-01
4.084666666666666446e-01
4.083999999999999853e-01
4.087999999999999967e-01
4.090666666666666895e-01
4.091333333333333488e-01
4.092666666666666675e-01
4.096000000000000196e-01
4.094666666666666455e-01
4.096000000000000196e-01
4.097999999999999976e-01
4.100666666666666904e-01
4.102666666666666684e-01
4.105333333333333057e-01
4.107333333333333392e-01
4.109999999999999765e-01
4.110666666666666913e-01
4.112000000000000099e-01
4.113333333333333286e-01
4.113333333333333286e-01
4.116000000000000214e-01
4.118666666666666587e-01
4.120666666666666922e-01
4.123999999999999888e-01
4.128000000000000003e-01
4.126666666666666816e-01
4.129333333333333189e-01
4.132000000000000117e-01
4.133333333333333304e-01
4.136666666666666825e-01
4.139999999999999791e-01
4.140666666666666940e-01
4.143999999999999906e-01
4.148666666666666614e-01
4.151333333333333542e-01
4.150666666666666393e-01
4.150666666666666393e-01
4.150666666666666393e-01
4.152666666666666728e-01
4.153999999999999915e-01
4.156000000000000250e-01
4.155333333333333101e-01
4.159333333333333216e-01
4.160666666666666402e-01
4.162666666666666737e-01
4.162666666666666737e-01
4.168000000000000038e-01
4.167333333333333445e-01
4.169333333333333225e-01
4.171333333333333560e-01
4.171333333333333560e-01
4.172000000000000153e-01
4.175333333333333119e-01
4.179999999999999827e-01
4.183999999999999941e-01
4.187333333333333463e-01
4.187333333333333463e-01
4.186666666666666869e-01
4.178666666666666640e-01
4.189333333333333242e-01
4.192000000000000171e-01
4.195999999999999730e-01
4.196666666666666878e-01
4.197333333333333472e-01
4.203333333333333366e-01
4.203999999999999959e-01
4.207333333333333480e-01
4.208666666666666667e-01
4.212666666666666782e-01
4.216666666666666896e-01
4.219999999999999862e-01
4.220666666666666456e-01
4.222000000000000197e-01
4.225999999999999757e-01
4.226666666666666905e-01
4.228666666666666685e-01
4.231333333333333058e-01
4.232666666666666799e-01
4.234666666666666579e-01
4.234666666666666579e-01
4.237333333333333507e-01
4.238666666666666694e-01
4.239999999999999880e-01
4.242000000000000215e-01
4.243999999999999995e-01
4.244666666666666588e-01
4.244666666666666588e-01
4.245333333333333181e-01
4.245999999999999774e-01
4.248666666666666702e-01
4.248666666666666702e-01
4.253333333333333410e-01
4.254000000000000004e-01
4.254000000000000004e-01
4.256666666666666932e-01
4.258000000000000118e-01
4.258000000000000118e-01
4.259999999999999898e-01
4.263333333333333419e-01
4.268666666666666720e-01
4.269999999999999907e-01
4.272000000000000242e-01
4.272000000000000242e-01
4.275333333333333208e-01
4.277333333333333543e-01
4.278666666666666729e-01
4.282666666666666844e-01
4.284000000000000030e-01
4.289333333333333331e-01
4.292666666666666853e-01
4.297333333333333560e-01
4.299999999999999933e-01
4.300666666666666527e-01
4.302000000000000268e-01
4.304666666666666641e-01
4.303333333333333455e-01
4.304666666666666641e-01
4.304666666666666641e-01
4.309999999999999942e-01
4.310666666666666536e-01
4.311333333333333129e-01
4.312666666666666870e-01
4.314666666666666650e-01
4.315999999999999837e-01
4.320666666666666544e-01
4.322666666666666879e-01
4.326666666666666439e-01
4.327333333333333587e-01
4.328666666666666774e-01
4.329999999999999960e-01
4.331999999999999740e-01
4.333333333333333481e-01
4.329999999999999960e-01
4.334000000000000075e-01
4.333333333333333481e-01
4.337333333333333596e-01
4.337333333333333596e-01
4.339999999999999969e-01
4.339999999999999969e-01
4.341999999999999749e-01
4.340666666666666562e-01
4.344000000000000083e-01
4.345333333333333270e-01
4.346666666666666456e-01
4.346666666666666456e-01
4.348666666666666791e-01
4.349999999999999978e-01
4.350666666666666571e-01
4.352666666666666906e-01
4.353333333333333499e-01
4.357333333333333059e-01
4.359333333333333393e-01
4.357333333333333059e-01
4.359999999999999987e-01
4.361333333333333173e-01
4.364666666666666694e-01
4.365333333333333288e-01
4.366666666666666474e-01
4.368000000000000216e-01
4.371333333333333182e-01
4.373333333333333517e-01
4.375333333333333297e-01
4.377333333333333076e-01
4.380666666666666598e-01
4.379333333333333411e-01
4.382666666666666933e-01
4.382666666666666933e-01
4.381999999999999784e-01
4.388666666666666827e-01
4.392666666666666941e-01
4.395333333333333314e-01
4.394000000000000128e-01
4.396666666666666501e-01
4.397333333333333094e-01
4.398666666666666836e-01
4.398666666666666836e-01
4.401999999999999802e-01
4.404000000000000137e-01
4.404000000000000137e-01
4.405333333333333323e-01
4.405999999999999917e-01
4.406666666666666510e-01
4.408666666666666845e-01
4.411333333333333218e-01
4.415333333333333332e-01
4.414666666666666739e-01
4.417333333333333112e-01
4.418666666666666853e-01
4.420666666666666633e-01
4.419333333333333447e-01
4.423333333333333561e-01
4.424666666666666748e-01
4.425333333333333341e-01
4.428666666666666862e-01
4.430000000000000049e-01
4.430666666666666642e-01
4.431999999999999829e-01
4.433333333333333570e-01
4.435999999999999943e-01
4.435999999999999943e-01
4.437999999999999723e-01
4.440000000000000058e-01
4.443333333333333579e-01
4.444666666666666766e-01
4.445999999999999952e-01
4.445333333333333359e-01
4.439333333333333464e-01
4.446666666666666545e-01
4.449333333333333473e-01
4.451999999999999846e-01
4.452666666666666440e-01
4.451333333333333253e-01
4.457333333333333147e-01
4.457999999999999741e-01
4.460000000000000075e-01
4.460000000000000075e-01
4.463333333333333597e-01
4.465333333333333377e-01
4.467999999999999750e-01
4.469333333333333491e-01
4.470000000000000084e-01
4.470000000000000084e-01
4.470666666666666678e-01
4.474666666666666792e-01
4.477333333333333165e-01
4.480000000000000093e-01
4.481999999999999873e-01
4.481333333333333280e-01
4.485333333333333394e-01
4.485999999999999988e-01
4.486666666666666581e-01
4.487999999999999767e-01
4.487333333333333174e-01
4.487999999999999767e-01
4.489333333333333509e-01
4.490000000000000102e-01
4.491333333333333289e-01
4.491999999999999882e-01
4.493333333333333068e-01
4.495333333333333403e-01
4.496666666666666590e-01
4.494666666666666810e-01
4.497333333333333183e-01
4.497333333333333183e-01
4.497333333333333183e-01
4.496666666666666590e-01
4.497999999999999776e-01
4.500000000000000111e-01
4.500000000000000111e-01
4.502666666666666484e-01
4.501333333333333298e-01
4.501999999999999891e-01
4.504000000000000226e-01
4.504000000000000226e-01
4.505333333333333412e-01
4.507999999999999785e-01
4.507999999999999785e-01
4.507999999999999785e-01
4.510666666666666713e-01
4.511999999999999900e-01
4.515333333333333421e-01
4.514666666666666828e-01
4.516666666666666607e-01
4.514666666666666828e-01
4.520000000000000129e-01
4.520666666666666722e-01
4.520666666666666722e-01
4.520000000000000129e-01
4.521333333333333315e-01
4.522666666666666502e-01
4.526000000000000023e-01
4.525333333333333430e-01
4.527999999999999803e-01
4.525333333333333430e-01
4.530666666666666731e-01
4.530666666666666731e-01
4.529333333333333544e-01
4.529333333333333544e-01
4.527999999999999803e-01
4.529333333333333544e-01
4.527333333333333210e-01
4.533333333333333104e-01
4.534000000000000252e-01
4.536666666666666625e-01
4.537999999999999812e-01
4.540000000000000147e-01
4.541333333333333333e-01
4.541333333333333333e-01
4.541333333333333333e-01
4.542666666666666520e-01
4.545333333333333448e-01
4.547333333333333227e-01
4.548666666666666414e-01
4.548666666666666414e-01
4.550666666666666749e-01
4.554000000000000270e-01
4.554000000000000270e-01
4.554000000000000270e-01
4.555333333333333456e-01
4.558666666666666423e-01
4.558666666666666423e-01
4.559333333333333571e-01
4.560666666666666758e-01
4.562666666666666537e-01
4.562666666666666537e-01
4.566666666666666652e-01
4.569333333333333580e-01
4.569333333333333580e-01
4.570000000000000173e-01
4.569333333333333580e-01
4.570666666666666766e-01
4.572666666666666546e-01
4.571999999999999953e-01
4.571999999999999953e-01
4.573333333333333139e-01
4.575333333333333474e-01
4.576000000000000068e-01
4.577333333333333254e-01
4.578666666666666440e-01
4.579333333333333589e-01
4.577999999999999847e-01
4.580000000000000182e-01
4.580000000000000182e-01
4.580666666666666775e-01
4.581333333333333369e-01
4.582666666666666555e-01
4.583999999999999742e-01
4.584666666666666890e-01
4.584666666666666890e-01
4.586666666666666670e-01
4.587333333333333263e-01
4.587999999999999856e-01
4.587999999999999856e-01
4.587333333333333263e-01
4.589333333333333598e-01
4.592666666666666564e-01
4.595333333333333492e-01
4.594666666666666899e-01
4.596666666666666679e-01
4.597333333333333272e-01
4.597999999999999865e-01
4.601333333333333386e-01
4.603999999999999759e-01
4.603999999999999759e-01
4.603999999999999759e-01
4.607999999999999874e-01
4.610666666666666802e-01
4.610666666666666802e-01
4.613333333333333175e-01
4.614666666666666917e-01
4.616000000000000103e-01
4.616000000000000103e-01
4.616000000000000103e-01
4.616666666666666696e-01
4.614666666666666917e-01
4.621999999999999997e-01
4.623999999999999777e-01
4.625333333333333519e-01
4.626000000000000112e-01
4.626000000000000112e-01
4.627999999999999892e-01
4.627333333333333298e-01
4.628666666666666485e-01
4.627999999999999892e-01
4.631333333333333413e-01
4.636000000000000121e-01
4.637333333333333307e-01
4.637999999999999901e-01
4.641333333333333422e-01
4.640666666666666829e-01
4.641333333333333422e-01
4.642666666666666608e-01
4.643333333333333202e-01
4.643999999999999795e-01
4.646666666666666723e-01
4.646666666666666723e-01
4.649333333333333096e-01
4.652000000000000024e-01
4.654666666666666397e-01
4.653999999999999804e-01
4.654666666666666397e-01
4.655333333333333545e-01
4.656666666666666732e-01
4.656000000000000139e-01
4.657333333333333325e-01
4.660666666666666846e-01
4.660666666666666846e-01
4.661333333333333440e-01
4.662000000000000033e-01
4.661333333333333440e-01
4.663333333333333219e-01
4.665333333333333554e-01
4.665333333333333554e-01
4.666000000000000147e-01
4.666000000000000147e-01
4.668666666666666520e-01
4.669333333333333114e-01
4.671333333333333449e-01
4.670000000000000262e-01
4.670000000000000262e-01
4.672666666666666635e-01
4.672666666666666635e-01
4.672666666666666635e-01
4.673333333333333228e-01
4.674666666666666415e-01
4.674666666666666415e-01
4.676000000000000156e-01
4.677999999999999936e-01
4.677999999999999936e-01
4.677999999999999936e-01
4.677999999999999936e-01
4.677333333333333343e-01
4.677999999999999936e-01
4.677333333333333343e-01
4.677999999999999936e-01
4.677333333333333343e-01
4.677999999999999936e-01
4.678666666666666529e-01
4.680000000000000271e-01
4.680666666666666864e-01
4.680666666666666864e-01
4.680000000000000271e-01
4.680666666666666864e-01
4.682666666666666644e-01
4.681333333333333457e-01
4.682666666666666644e-01
4.684666666666666424e-01
4.685333333333333572e-01
4.685333333333333572e-01
4.687999999999999945e-01
4.687999999999999945e-01
4.689333333333333131e-01
4.691333333333333466e-01
4.689333333333333131e-01
4.691333333333333466e-01
4.691333333333333466e-01
4.692000000000000060e-01
4.693999999999999839e-01
4.693999999999999839e-01
4.695333333333333581e-01
4.697333333333333361e-01
4.698666666666666547e-01
4.699333333333333140e-01
4.702666666666666662e-01
4.701333333333333475e-01
4.700666666666666882e-01
4.703333333333333255e-01
4.702666666666666662e-01
4.705333333333333590e-01
4.707999999999999963e-01
4.707333333333333369e-01
4.707999999999999963e-01
4.708666666666666556e-01
4.710666666666666891e-01
4.709999999999999742e-01
4.712000000000000077e-01
4.712666666666666671e-01
4.713999999999999857e-01
4.714666666666666450e-01
4.713999999999999857e-01
4.714666666666666450e-01
4.714666666666666450e-01
4.717999999999999972e-01
4.718666666666666565e-01
4.718666666666666565e-01
4.719999999999999751e-01
4.720666666666666900e-01
4.723333333333333273e-01
4.720666666666666900e-01
4.722000000000000086e-01
4.724666666666666459e-01
4.725333333333333607e-01
4.726000000000000201e-01
4.726000000000000201e-01
4.727333333333333387e-01
4.729999999999999760e-01
4.731333333333333502e-01
4.733999999999999875e-01
4.735333333333333061e-01
4.734666666666666468e-01
4.736000000000000210e-01
4.734666666666666468e-01
4.737999999999999989e-01
4.738666666666666583e-01
4.740666666666666917e-01
4.738666666666666583e-01
4.741333333333333511e-01
4.742000000000000104e-01
4.741333333333333511e-01
4.743333333333333290e-01
4.743999999999999884e-01
4.745333333333333070e-01
4.746666666666666812e-01
4.747333333333333405e-01
4.747999999999999998e-01
4.747999999999999998e-01
4.748666666666666591e-01
4.749999999999999778e-01
4.750666666666666926e-01
4.752000000000000113e-01
4.751333333333333520e-01
4.749999999999999778e-01
4.748666666666666591e-01
4.753333333333333299e-01
4.752666666666666706e-01
4.756000000000000227e-01
4.756000000000000227e-01
4.757333333333333414e-01
4.759333333333333194e-01
4.758000000000000007e-01
4.759999999999999787e-01
4.760666666666666935e-01
4.761333333333333528e-01
4.764666666666666495e-01
4.762000000000000122e-01
4.764666666666666495e-01
4.765333333333333088e-01
4.765333333333333088e-01
4.766666666666666829e-01
4.768000000000000016e-01
4.768000000000000016e-01
4.769333333333333202e-01
4.769333333333333202e-01
4.770666666666666944e-01
4.772666666666666724e-01
4.772666666666666724e-01
4.772000000000000131e-01
4.773999999999999910e-01
4.775333333333333097e-01
4.776666666666666838e-01
4.777333333333333432e-01
4.777333333333333432e-01
4.780666666666666398e-01
4.780666666666666398e-01
4.781333333333333546e-01
4.783333333333333326e-01
4.783999999999999919e-01
4.782666666666666733e-01
4.784666666666666512e-01
4.784666666666666512e-01
4.786000000000000254e-01
4.785333333333333106e-01
4.782666666666666733e-01
4.784666666666666512e-01
4.783333333333333326e-01
4.786000000000000254e-01
4.784666666666666512e-01
4.786666666666666847e-01
4.786000000000000254e-01
4.786666666666666847e-01
4.785333333333333106e-01
4.788666666666666627e-01
4.788666666666666627e-01
4.789333333333333220e-01
4.795333333333333115e-01
4.793333333333333335e-01
4.796000000000000263e-01
4.797333333333333449e-01
4.796000000000000263e-01
4.796666666666666856e-01
4.798666666666666636e-01
4.800666666666666416e-01
4.800666666666666416e-01
4.802000000000000157e-01
4.802000000000000157e-01
4.801333333333333564e-01
4.803333333333333344e-01
4.803333333333333344e-01
4.804666666666666530e-01
4.803333333333333344e-01
4.804666666666666530e-01
4.805333333333333123e-01
4.805333333333333123e-01
4.806666666666666865e-01
4.806666666666666865e-01
4.808666666666666645e-01
4.808000000000000052e-01
4.810666666666666424e-01
4.809999999999999831e-01
4.813333333333333353e-01
4.814666666666666539e-01
4.814666666666666539e-01
4.818000000000000060e-01
4.818000000000000060e-01
4.818000000000000060e-01
4.818000000000000060e-01
4.815999999999999726e-01
4.817333333333333467e-01
4.816666666666666874e-01
4.816666666666666874e-01
4.818000000000000060e-01
4.815999999999999726e-01
4.818666666666666654e-01
4.819333333333333247e-01
4.821333333333333582e-01
4.822666666666666768e-01
4.822666666666666768e-01
4.824666666666666548e-01
4.823999999999999955e-01
4.825333333333333141e-01
4.826666666666666883e-01
4.829333333333333256e-01
4.829333333333333256e-01
4.830666666666666442e-01
4.832000000000000184e-01
4.835999999999999743e-01
4.836666666666666892e-01
4.835999999999999743e-01
4.837333333333333485e-01
4.838000000000000078e-01
4.838000000000000078e-01
4.838000000000000078e-01
4.838000000000000078e-01
4.839333333333333265e-01
4.839333333333333265e-01
4.840666666666666451e-01
4.839333333333333265e-01
4.840666666666666451e-01
4.840666666666666451e-01
4.842000000000000193e-01
4.840666666666666451e-01
4.840666666666666451e-01
4.841333333333333599e-01
4.841333333333333599e-01
4.842000000000000193e-01
4.843333333333333379e-01
4.844666666666666566e-01
4.845333333333333159e-01
4.846666666666666901e-01
4.844666666666666566e-01
4.845999999999999752e-01
4.846666666666666901e-01
4.847333333333333494e-01
4.848666666666666680e-01
4.849999999999999867e-01
4.852666666666666795e-01
4.851333333333333608e-01
4.854666666666666575e-01
4.855333333333333168e-01
4.855333333333333168e-01
4.854666666666666575e-01
