3.706666666666666443e-01
3.712666666666666893e-01
3.720666666666666567e-01
3.724000000000000088e-01
3.725333333333333274e-01
3.728666666666666796e-01
3.732666666666666910e-01
3.731333333333333169e-01
3.735999999999999877e-01
3.739999999999999991e-01
3.745333333333333292e-01
3.746666666666666479e-01
3.748666666666666814e-01
3.751999999999999780e-01
3.752666666666666928e-01
3.756666666666666488e-01
3.764000000000000123e-01
3.768000000000000238e-01
3.769333333333333425e-01
3.775999999999999912e-01
3.781333333333333213e-01
3.784666666666666734e-01
3.787333333333333107e-01
3.790000000000000036e-01
3.791999999999999815e-01
3.795999999999999930e-01
3.798000000000000265e-01
3.801999999999999824e-01
3.801999999999999824e-01
3.805333333333333345e-01
3.809333333333333460e-01
3.814666666666666761e-01
3.817999999999999727e-01
3.820666666666666655e-01
3.823333333333333584e-01
3.826666666666666550e-01
3.827333333333333143e-01
3.827999999999999736e-01
3.830666666666666664e-01
3.835999999999999965e-01
3.840666666666666673e-01
3.841333333333333266e-01
3.844000000000000195e-01
3.845999999999999974e-01
3.849333333333333496e-01
3.851999999999999869e-01
3.855333333333333390e-01
3.857999999999999763e-01
3.864666666666666806e-01
3.869333333333333513e-01
3.870000000000000107e-01
3.875333333333333408e-01
3.878666666666666929e-01
3.880000000000000115e-01
3.881333333333333302e-01
3.886000000000000010e-01
3.885333333333333417e-01
3.891333333333333311e-01
3.898666666666666392e-01
3.898666666666666392e-01
3.901999999999999913e-01
3.906000000000000028e-01
3.910666666666666735e-01
3.914666666666666850e-01
3.917333333333333223e-01
3.920666666666666744e-01
3.924000000000000266e-01
3.927333333333333232e-01
3.929333333333333567e-01
3.934000000000000274e-01
3.938666666666666427e-01
3.941999999999999948e-01
3.943999999999999728e-01
3.946000000000000063e-01
3.950000000000000178e-01
3.953333333333333144e-01
3.956000000000000072e-01
3.957999999999999852e-01
3.957999999999999852e-01
3.962666666666666559e-01
3.966666666666666674e-01
3.971333333333333382e-01
3.974666666666666903e-01
3.979333333333333056e-01
3.981333333333333391e-01
3.982666666666666577e-01
3.981333333333333391e-01
3.986000000000000099e-01
3.986666666666666692e-01
3.987999999999999878e-01
3.990666666666666806e-01
3.993333333333333179e-01
3.996666666666666701e-01
4.003333333333333188e-01
4.007333333333333303e-01
4.009333333333333083e-01
4.013999999999999790e-01
4.018666666666666498e-01
4.021333333333333426e-01
4.022000000000000020e-01
4.023333333333333206e-01
4.025333333333333541e-01
4.028666666666666507e-01
4.033333333333333215e-01
4.033999999999999808e-01
4.036666666666666736e-01
4.038666666666666516e-01
4.040000000000000258e-01
4.043333333333333224e-01
4.045333333333333559e-01
4.047999999999999932e-01
4.047999999999999932e-01
4.052000000000000046e-01
4.046000000000000152e-01
4.050666666666666860e-01
4.056000000000000161e-01
4.060000000000000275e-01
4.065333333333333576e-01
4.065333333333333576e-01
4.067333333333333356e-01
4.069333333333333136e-01
4.071333333333333471e-01
4.074666666666666437e-01
4.077333333333333365e-01
4.081333333333333480e-01
4.081333333333333480e-01
4.086000000000000187e-01
4.088666666666666560e-01
4.091333333333333488e-01
4.092000000000000082e-01
4.094666666666666455e-01
4.095333333333333603e-01
4.096666666666666790e-01
4.098666666666666569e-01
4.099999999999999756e-01
4.103999999999999870e-01
4.105333333333333057e-01
4.106000000000000205e-01
4.108666666666666578e-01
4.110666666666666913e-01
4.112000000000000099e-01
4.110666666666666913e-01
4.115333333333333066e-01
4.117999999999999994e-01
4.119333333333333180e-01
4.123999999999999888e-01
4.123333333333333295e-01
4.126000000000000223e-01
4.128000000000000003e-01
4.129999999999999782e-01
4.133999999999999897e-01
4.134666666666666490e-01
4.138000000000000012e-01
4.142666666666666719e-01
4.146000000000000241e-01
4.148000000000000020e-01
4.148000000000000020e-01
4.147333333333333427e-01
4.148000000000000020e-01
4.151333333333333542e-01
4.152000000000000135e-01
4.156000000000000250e-01
4.158666666666666623e-01
4.158000000000000029e-01
4.159333333333333216e-01
4.159999999999999809e-01
4.165333333333333110e-01
4.167333333333333445e-01
4.167333333333333445e-01
4.168000000000000038e-01
4.166000000000000258e-01
4.168666666666666631e-01
4.172000000000000153e-01
4.173999999999999932e-01
4.178666666666666640e-01
4.182000000000000162e-01
4.186000000000000276e-01
4.188000000000000056e-01
4.190666666666666429e-01
4.192666666666666764e-01
4.194666666666666544e-01
4.194666666666666544e-01
4.194666666666666544e-01
4.199999999999999845e-01
4.201333333333333586e-01
4.205333333333333146e-01
4.208000000000000074e-01
4.209333333333333260e-01
4.209999999999999853e-01
4.211333333333333595e-01
4.215999999999999748e-01
4.218000000000000083e-01
4.219333333333333269e-01
4.223333333333333384e-01
4.224666666666666570e-01
4.225333333333333163e-01
4.225999999999999757e-01
4.230666666666666464e-01
4.229333333333333278e-01
4.234666666666666579e-01
4.233333333333333393e-01
4.235999999999999766e-01
4.236666666666666914e-01
4.239333333333333287e-01
4.239999999999999880e-01
4.242000000000000215e-01
4.243333333333333401e-01
4.245999999999999774e-01
4.245333333333333181e-01
4.247333333333333516e-01
4.248666666666666702e-01
4.252000000000000224e-01
4.252666666666666817e-01
4.252666666666666817e-01
4.254666666666666597e-01
4.255333333333333190e-01
4.258666666666666711e-01
4.262666666666666826e-01
4.264666666666666606e-01
4.266666666666666941e-01
4.267333333333333534e-01
4.271333333333333093e-01
4.274000000000000021e-01
4.275999999999999801e-01
4.278666666666666729e-01
4.280666666666666509e-01
4.284000000000000030e-01
4.282000000000000250e-01
4.289333333333333331e-01
4.290666666666666518e-01
4.293333333333333446e-01
4.295999999999999819e-01
4.296666666666666412e-01
4.298000000000000154e-01
4.299999999999999933e-01
4.301333333333333120e-01
4.305999999999999828e-01
4.306666666666666421e-01
4.307333333333333569e-01
4.308000000000000163e-01
4.310666666666666536e-01
4.314000000000000057e-01
4.317333333333333578e-01
4.319333333333333358e-01
4.322666666666666879e-01
4.323333333333333472e-01
4.326666666666666439e-01
4.328000000000000180e-01
4.329999999999999960e-01
4.330666666666666553e-01
4.330666666666666553e-01
4.329999999999999960e-01
4.335999999999999854e-01
4.335333333333333261e-01
4.338000000000000189e-01
4.338000000000000189e-01
4.339333333333333376e-01
4.339999999999999969e-01
4.341999999999999749e-01
4.342666666666666897e-01
4.341999999999999749e-01
4.345333333333333270e-01
4.344666666666666677e-01
4.347333333333333605e-01
4.348000000000000198e-01
4.348000000000000198e-01
4.349333333333333385e-01
4.349999999999999978e-01
4.354666666666666686e-01
4.356666666666666465e-01
4.360666666666666580e-01
4.359999999999999987e-01
4.364666666666666694e-01
4.367333333333333067e-01
4.367333333333333067e-01
4.369333333333333402e-01
4.370666666666666589e-01
4.373333333333333517e-01
4.375333333333333297e-01
4.378000000000000225e-01
4.379333333333333411e-01
4.380000000000000004e-01
4.380666666666666598e-01
4.381333333333333191e-01
4.383333333333333526e-01
4.387333333333333085e-01
4.390000000000000013e-01
4.390666666666666607e-01
4.392666666666666941e-01
4.391333333333333200e-01
4.395333333333333314e-01
4.394000000000000128e-01
4.396666666666666501e-01
4.400000000000000022e-01
4.403333333333333544e-01
4.403333333333333544e-01
4.405333333333333323e-01
4.407333333333333103e-01
4.408000000000000251e-01
4.412666666666666404e-01
4.414666666666666739e-01
4.414000000000000146e-01
4.416666666666666519e-01
4.415333333333333332e-01
4.416666666666666519e-01
4.418000000000000260e-01
4.420666666666666633e-01
4.419333333333333447e-01
4.422666666666666413e-01
4.422666666666666413e-01
4.424000000000000155e-01
4.425999999999999934e-01
4.426666666666666528e-01
4.428666666666666862e-01
4.430000000000000049e-01
4.429333333333333456e-01
4.434666666666666757e-01
4.437999999999999723e-01
4.440000000000000058e-01
4.442666666666666431e-01
4.442666666666666431e-01
4.445999999999999952e-01
4.448666666666666880e-01
4.450000000000000067e-01
4.450666666666666660e-01
4.451999999999999846e-01
4.452666666666666440e-01
4.453333333333333588e-01
4.455999999999999961e-01
4.456666666666666554e-01
4.460000000000000075e-01
4.462666666666666448e-01
4.462666666666666448e-01
4.465333333333333377e-01
4.466666666666666563e-01
4.468666666666666898e-01
4.471999999999999864e-01
4.471333333333333271e-01
4.472666666666666457e-01
4.474666666666666792e-01
4.475333333333333385e-01
4.471333333333333271e-01
4.480000000000000093e-01
4.484000000000000208e-01
4.481333333333333280e-01
4.483333333333333059e-01
4.480666666666666687e-01
4.480666666666666687e-01
4.484000000000000208e-01
4.485333333333333394e-01
4.487999999999999767e-01
4.487999999999999767e-01
4.491999999999999882e-01
4.492666666666666475e-01
4.493333333333333068e-01
4.492666666666666475e-01
4.495333333333333403e-01
4.497333333333333183e-01
4.495999999999999996e-01
4.497333333333333183e-01
4.497999999999999776e-01
4.498666666666666925e-01
4.500666666666666704e-01
4.500666666666666704e-01
4.503333333333333077e-01
4.502666666666666484e-01
4.503333333333333077e-01
4.503333333333333077e-01
4.505333333333333412e-01
4.506666666666666599e-01
4.507333333333333192e-01
4.507333333333333192e-01
4.507999999999999785e-01
4.511333333333333306e-01
4.511999999999999900e-01
4.511999999999999900e-01
4.509333333333333527e-01
4.511999999999999900e-01
4.510666666666666713e-01
4.512666666666666493e-01
4.513333333333333086e-01
4.516666666666666607e-01
4.515333333333333421e-01
4.517999999999999794e-01
4.520000000000000129e-01
4.521333333333333315e-01
4.521999999999999909e-01
4.524000000000000243e-01
4.524000000000000243e-01
4.526000000000000023e-01
4.525333333333333430e-01
4.526666666666666616e-01
4.527999999999999803e-01
4.530666666666666731e-01
4.529333333333333544e-01
4.530666666666666731e-01
4.530000000000000138e-01
4.530666666666666731e-01
4.531999999999999917e-01
4.535333333333333439e-01
4.535333333333333439e-01
4.536000000000000032e-01
4.537999999999999812e-01
4.537333333333333218e-01
4.540000000000000147e-01
4.539333333333333553e-01
4.540666666666666740e-01
4.541333333333333333e-01
4.544000000000000261e-01
4.545333333333333448e-01
4.547333333333333227e-01
4.550000000000000155e-01
4.549333333333333562e-01
4.552666666666666528e-01
4.552666666666666528e-01
4.556000000000000050e-01
4.555333333333333456e-01
4.555333333333333456e-01
4.556666666666666643e-01
4.557999999999999829e-01
4.561333333333333351e-01
4.560666666666666758e-01
4.561333333333333351e-01
4.562666666666666537e-01
4.563999999999999724e-01
4.566666666666666652e-01
4.567333333333333245e-01
4.570000000000000173e-01
4.570666666666666766e-01
4.568666666666666432e-01
4.573999999999999733e-01
4.573999999999999733e-01
4.576666666666666661e-01
4.576666666666666661e-01
4.573333333333333139e-01
4.573999999999999733e-01
4.573999999999999733e-01
4.575333333333333474e-01
4.575333333333333474e-01
4.578666666666666440e-01
4.580000000000000182e-01
4.580666666666666775e-01
4.582666666666666555e-01
4.581999999999999962e-01
4.583999999999999742e-01
4.586000000000000076e-01
4.586666666666666670e-01
4.587333333333333263e-01
4.590000000000000191e-01
4.592666666666666564e-01
4.593333333333333157e-01
4.594666666666666899e-01
4.595333333333333492e-01
4.597333333333333272e-01
4.597333333333333272e-01
4.595333333333333492e-01
4.597333333333333272e-01
4.600000000000000200e-01
4.597999999999999865e-01
4.600000000000000200e-01
4.600666666666666793e-01
4.601999999999999980e-01
4.604666666666666908e-01
4.605333333333333501e-01
4.606000000000000094e-01
4.607333333333333281e-01
4.610666666666666802e-01
4.612666666666666582e-01
4.615333333333333510e-01
4.615333333333333510e-01
4.620666666666666811e-01
4.620666666666666811e-01
4.623999999999999777e-01
4.623999999999999777e-01
4.624666666666666925e-01
4.626000000000000112e-01
4.627333333333333298e-01
4.629333333333333078e-01
4.630666666666666820e-01
4.632000000000000006e-01
4.631333333333333413e-01
4.632666666666666599e-01
4.634666666666666934e-01
4.633999999999999786e-01
4.636666666666666714e-01
4.638666666666666494e-01
4.637999999999999901e-01
4.640666666666666829e-01
4.641333333333333422e-01
4.643333333333333202e-01
4.643333333333333202e-01
4.646666666666666723e-01
4.645333333333333536e-01
4.646666666666666723e-01
4.647333333333333316e-01
4.650666666666666837e-01
4.652000000000000024e-01
4.651333333333333431e-01
4.654666666666666397e-01
4.656000000000000139e-01
4.654666666666666397e-01
4.655333333333333545e-01
4.656000000000000139e-01
4.656000000000000139e-01
4.655333333333333545e-01
4.659333333333333105e-01
4.661333333333333440e-01
4.660000000000000253e-01
4.660000000000000253e-01
4.662000000000000033e-01
4.662000000000000033e-01
4.662666666666666626e-01
4.662666666666666626e-01
4.665333333333333554e-01
4.667999999999999927e-01
4.667999999999999927e-01
4.668666666666666520e-01
4.665333333333333554e-01
4.670000000000000262e-01
4.672000000000000042e-01
4.670666666666666855e-01
4.668666666666666520e-01
4.670666666666666855e-01
4.671333333333333449e-01
4.672666666666666635e-01
4.673333333333333228e-01
4.672666666666666635e-01
4.673999999999999821e-01
4.672666666666666635e-01
4.674666666666666415e-01
4.674666666666666415e-01
4.673999999999999821e-01
4.675333333333333563e-01
4.677999999999999936e-01
4.677999999999999936e-01
4.679333333333333123e-01
4.680000000000000271e-01
4.682000000000000051e-01
4.681333333333333457e-01
4.684666666666666424e-01
4.684666666666666424e-01
4.686666666666666758e-01
4.687333333333333352e-01
4.687333333333333352e-01
4.689333333333333131e-01
4.690666666666666873e-01
4.689999999999999725e-01
4.689999999999999725e-01
4.691333333333333466e-01
4.692000000000000060e-01
4.689333333333333131e-01
4.691333333333333466e-01
4.690666666666666873e-01
4.694666666666666432e-01
4.696666666666666767e-01
4.696666666666666767e-01
4.697999999999999954e-01
4.697999999999999954e-01
4.699333333333333140e-01
4.699333333333333140e-01
4.701333333333333475e-01
4.702000000000000068e-01
4.703999999999999848e-01
4.703333333333333255e-01
4.704666666666666441e-01
4.704666666666666441e-01
4.703333333333333255e-01
4.704666666666666441e-01
4.704666666666666441e-01
4.703999999999999848e-01
4.706000000000000183e-01
4.709333333333333149e-01
4.708666666666666556e-01
4.708666666666666556e-01
4.709333333333333149e-01
4.709999999999999742e-01
4.712666666666666671e-01
4.713999999999999857e-01
4.715333333333333599e-01
4.714666666666666450e-01
4.715333333333333599e-01
4.713999999999999857e-01
4.715333333333333599e-01
4.715333333333333599e-01
4.718666666666666565e-01
4.717999999999999972e-01
4.722000000000000086e-01
4.722000000000000086e-01
4.723999999999999866e-01
4.725333333333333607e-01
4.726000000000000201e-01
4.727333333333333387e-01
4.727999999999999980e-01
4.728666666666666574e-01
4.728666666666666574e-01
4.729999999999999760e-01
4.730666666666666909e-01
4.732666666666666688e-01
4.732666666666666688e-01
4.734666666666666468e-01
4.733999999999999875e-01
4.734666666666666468e-01
4.736000000000000210e-01
4.737999999999999989e-01
4.739333333333333176e-01
4.739999999999999769e-01
4.739999999999999769e-01
4.737999999999999989e-01
4.738666666666666583e-01
4.742000000000000104e-01
4.743999999999999884e-01
4.745333333333333070e-01
4.745333333333333070e-01
4.747333333333333405e-01
4.748666666666666591e-01
4.749999999999999778e-01
4.752000000000000113e-01
4.752666666666666706e-01
4.752666666666666706e-01
4.753999999999999893e-01
4.754666666666666486e-01
4.753333333333333299e-01
4.754666666666666486e-01
4.754666666666666486e-01
4.755333333333333079e-01
4.756000000000000227e-01
4.757333333333333414e-01
4.758000000000000007e-01
4.759333333333333194e-01
4.760666666666666935e-01
4.761333333333333528e-01
4.760666666666666935e-01
4.763999999999999901e-01
4.764666666666666495e-01
4.765333333333333088e-01
4.766000000000000236e-01
4.769999999999999796e-01
4.768666666666666609e-01
4.769333333333333202e-01
4.770666666666666944e-01
4.771333333333333537e-01
4.772666666666666724e-01
4.772666666666666724e-01
4.774666666666666504e-01
4.773999999999999910e-01
4.776666666666666838e-01
4.778000000000000025e-01
4.779999999999999805e-01
4.780666666666666398e-01
4.781333333333333546e-01
4.782666666666666733e-01
4.783333333333333326e-01
4.782666666666666733e-01
4.782666666666666733e-01
4.782666666666666733e-01
4.784666666666666512e-01
4.782000000000000139e-01
4.778666666666666618e-01
4.780666666666666398e-01
4.781333333333333546e-01
4.781333333333333546e-01
4.782000000000000139e-01
4.783333333333333326e-01
4.784666666666666512e-01
4.786666666666666847e-01
4.786666666666666847e-01
4.786000000000000254e-01
4.788000000000000034e-01
4.787333333333333441e-01
4.790666666666666407e-01
4.792000000000000148e-01
4.792666666666666742e-01
4.794666666666666521e-01
4.796666666666666856e-01
4.796666666666666856e-01
4.795333333333333115e-01
4.796666666666666856e-01
4.796666666666666856e-01
4.798666666666666636e-01
4.799333333333333229e-01
4.799999999999999822e-01
4.799999999999999822e-01
4.800666666666666416e-01
4.799333333333333229e-01
4.802666666666666750e-01
4.805333333333333123e-01
4.806666666666666865e-01
4.806000000000000272e-01
4.805333333333333123e-01
4.803999999999999937e-01
4.807333333333333458e-01
4.808666666666666645e-01
4.809333333333333238e-01
4.809333333333333238e-01
4.809333333333333238e-01
4.808000000000000052e-01
4.809999999999999831e-01
4.809999999999999831e-01
4.811333333333333573e-01
4.810666666666666424e-01
4.812000000000000166e-01
4.813999999999999946e-01
4.813999999999999946e-01
4.814666666666666539e-01
4.815333333333333132e-01
4.816666666666666874e-01
4.817333333333333467e-01
4.818666666666666654e-01
4.819333333333333247e-01
4.819333333333333247e-01
4.819333333333333247e-01
4.818000000000000060e-01
4.817333333333333467e-01
4.818666666666666654e-01
4.819999999999999840e-01
4.822666666666666768e-01
4.821333333333333582e-01
4.821333333333333582e-01
4.823333333333333361e-01
4.825333333333333141e-01
4.825333333333333141e-01
4.824666666666666548e-01
4.828000000000000069e-01
4.828666666666666663e-01
4.829333333333333256e-01
4.829333333333333256e-01
4.828000000000000069e-01
4.829333333333333256e-01
4.830666666666666442e-01
4.832666666666666777e-01
