3.707333333333333591e-01
3.715333333333333266e-01
3.721333333333333160e-01
3.724000000000000088e-01
3.729999999999999982e-01
3.731333333333333169e-01
3.734666666666666690e-01
3.736666666666666470e-01
3.742666666666666919e-01
3.745333333333333292e-01
3.747333333333333072e-01
3.751333333333333186e-01
3.751999999999999780e-01
3.754666666666666708e-01
3.760000000000000009e-01
3.765999999999999903e-01
3.769333333333333425e-01
3.774000000000000132e-01
3.779333333333333433e-01
3.781333333333333213e-01
3.784666666666666734e-01
3.788000000000000256e-01
3.789333333333333442e-01
3.794000000000000150e-01
3.795999999999999930e-01
3.800000000000000044e-01
3.803333333333333566e-01
3.804666666666666752e-01
3.808000000000000274e-01
3.812666666666666426e-01
3.816666666666666541e-01
3.818666666666666876e-01
3.819333333333333469e-01
3.824666666666666770e-01
3.827333333333333143e-01
3.827333333333333143e-01
3.831333333333333258e-01
3.831999999999999851e-01
3.835999999999999965e-01
3.840666666666666673e-01
3.841333333333333266e-01
3.844666666666666788e-01
3.847333333333333161e-01
3.850666666666666682e-01
3.852666666666666462e-01
3.855333333333333390e-01
3.859333333333333504e-01
3.864666666666666806e-01
3.867999999999999772e-01
3.870000000000000107e-01
3.875333333333333408e-01
3.877999999999999781e-01
3.879333333333333522e-01
3.883333333333333082e-01
3.887333333333333196e-01
3.889333333333333531e-01
3.893333333333333091e-01
3.896000000000000019e-01
3.900000000000000133e-01
3.901999999999999913e-01
3.906666666666666621e-01
3.911333333333333329e-01
3.913333333333333108e-01
3.917999999999999816e-01
3.920666666666666744e-01
3.925333333333333452e-01
3.926666666666666639e-01
3.930666666666666753e-01
3.935333333333333461e-01
3.939333333333333576e-01
3.941999999999999948e-01
3.943333333333333135e-01
3.946666666666666656e-01
3.950000000000000178e-01
3.956000000000000072e-01
3.955333333333333479e-01
3.957333333333333258e-01
3.960000000000000187e-01
3.961333333333333373e-01
3.966666666666666674e-01
3.971999999999999975e-01
3.974666666666666903e-01
3.978666666666666463e-01
3.981333333333333391e-01
3.983333333333333171e-01
3.983999999999999764e-01
3.986666666666666692e-01
3.987999999999999878e-01
3.989333333333333065e-01
3.991333333333333400e-01
3.993999999999999773e-01
3.996666666666666701e-01
4.003333333333333188e-01
4.006666666666666710e-01
4.009333333333333083e-01
4.016000000000000125e-01
4.018666666666666498e-01
4.020666666666666833e-01
4.021333333333333426e-01
4.022666666666666613e-01
4.025333333333333541e-01
4.029333333333333100e-01
4.033333333333333215e-01
4.034666666666666401e-01
4.036666666666666736e-01
4.039333333333333109e-01
4.040666666666666851e-01
4.043333333333333224e-01
4.046000000000000152e-01
4.047999999999999932e-01
4.048666666666666525e-01
4.051333333333333453e-01
4.052000000000000046e-01
4.052000000000000046e-01
4.051333333333333453e-01
4.060666666666666869e-01
4.064666666666666428e-01
4.064666666666666428e-01
4.067333333333333356e-01
4.069333333333333136e-01
4.073333333333333250e-01
4.073999999999999844e-01
4.076666666666666772e-01
4.079333333333333145e-01
4.081333333333333480e-01
4.084666666666666446e-01
4.088666666666666560e-01
4.092000000000000082e-01
4.092000000000000082e-01
4.093999999999999861e-01
4.094666666666666455e-01
4.097333333333333383e-01
4.097999999999999976e-01
4.100666666666666904e-01
4.103999999999999870e-01
4.104666666666666464e-01
4.106000000000000205e-01
4.109333333333333171e-01
4.109999999999999765e-01
4.112000000000000099e-01
4.112666666666666693e-01
4.116666666666666807e-01
4.118666666666666587e-01
4.118666666666666587e-01
4.123999999999999888e-01
4.124666666666666481e-01
4.126000000000000223e-01
4.126666666666666816e-01
4.129333333333333189e-01
4.133999999999999897e-01
4.135333333333333083e-01
4.138666666666666605e-01
4.142666666666666719e-01
4.145333333333333092e-01
4.147333333333333427e-01
4.147333333333333427e-01
4.147333333333333427e-01
4.147333333333333427e-01
4.152000000000000135e-01
4.153333333333333321e-01
4.155333333333333101e-01
4.158666666666666623e-01
4.158666666666666623e-01
4.158000000000000029e-01
4.159333333333333216e-01
4.163999999999999924e-01
4.166666666666666852e-01
4.166666666666666852e-01
4.168000000000000038e-01
4.168666666666666631e-01
4.169333333333333225e-01
4.171333333333333560e-01
4.176000000000000267e-01
4.178666666666666640e-01
4.182000000000000162e-01
4.186666666666666869e-01
4.187333333333333463e-01
4.191333333333333577e-01
4.192666666666666764e-01
4.194666666666666544e-01
4.195333333333333137e-01
4.195999999999999730e-01
4.199999999999999845e-01
4.202000000000000179e-01
4.204666666666666552e-01
4.207333333333333480e-01
4.209333333333333260e-01
4.209999999999999853e-01
4.212666666666666782e-01
4.215999999999999748e-01
4.218000000000000083e-01
4.219999999999999862e-01
4.222666666666666790e-01
4.223333333333333384e-01
4.223999999999999977e-01
4.226666666666666905e-01
4.229999999999999871e-01
4.230666666666666464e-01
4.233999999999999986e-01
4.234666666666666579e-01
4.235999999999999766e-01
4.235999999999999766e-01
4.238666666666666694e-01
4.240666666666666473e-01
4.242666666666666808e-01
4.242666666666666808e-01
4.244666666666666588e-01
4.245999999999999774e-01
4.246666666666666923e-01
4.249333333333333296e-01
4.250666666666666482e-01
4.252000000000000224e-01
4.252000000000000224e-01
4.254000000000000004e-01
4.254666666666666597e-01
4.258666666666666711e-01
4.262000000000000233e-01
4.265999999999999792e-01
4.267333333333333534e-01
4.268000000000000127e-01
4.270666666666666500e-01
4.273333333333333428e-01
4.274666666666666615e-01
4.278000000000000136e-01
4.279999999999999916e-01
4.283333333333333437e-01
4.287333333333333552e-01
4.288000000000000145e-01
4.290666666666666518e-01
4.289999999999999925e-01
4.295999999999999819e-01
4.299999999999999933e-01
4.298000000000000154e-01
4.298000000000000154e-01
4.299999999999999933e-01
4.305999999999999828e-01
4.305999999999999828e-01
4.307333333333333569e-01
4.308000000000000163e-01
4.310666666666666536e-01
4.314000000000000057e-01
4.317333333333333578e-01
4.319999999999999951e-01
4.322666666666666879e-01
4.323333333333333472e-01
4.325333333333333252e-01
4.328000000000000180e-01
4.328666666666666774e-01
4.330666666666666553e-01
4.330666666666666553e-01
4.331999999999999740e-01
4.335333333333333261e-01
4.335333333333333261e-01
4.337333333333333596e-01
4.338666666666666782e-01
4.339333333333333376e-01
4.339999999999999969e-01
4.342666666666666897e-01
4.341333333333333155e-01
4.342666666666666897e-01
4.345333333333333270e-01
4.343333333333333490e-01
4.346666666666666456e-01
4.346666666666666456e-01
4.349999999999999978e-01
4.348000000000000198e-01
4.350666666666666571e-01
4.354666666666666686e-01
4.356666666666666465e-01
4.359999999999999987e-01
4.361333333333333173e-01
4.365333333333333288e-01
4.366666666666666474e-01
4.368666666666666809e-01
4.369999999999999996e-01
4.369333333333333402e-01
4.374000000000000110e-01
4.375333333333333297e-01
4.375333333333333297e-01
4.378666666666666818e-01
4.378000000000000225e-01
4.380000000000000004e-01
4.381999999999999784e-01
4.384000000000000119e-01
4.386666666666666492e-01
4.389333333333333420e-01
4.390666666666666607e-01
4.392666666666666941e-01
4.392666666666666941e-01
4.395333333333333314e-01
4.394000000000000128e-01
4.394666666666666721e-01
4.399333333333333429e-01
4.401999999999999802e-01
4.403333333333333544e-01
4.405333333333333323e-01
4.405333333333333323e-01
4.408000000000000251e-01
4.411333333333333218e-01
4.414000000000000146e-01
4.413333333333333552e-01
4.414000000000000146e-01
4.415999999999999925e-01
4.417333333333333112e-01
4.418000000000000260e-01
4.419333333333333447e-01
4.420666666666666633e-01
4.421999999999999820e-01
4.424000000000000155e-01
4.423333333333333561e-01
4.425333333333333341e-01
4.425333333333333341e-01
4.428000000000000269e-01
4.430666666666666642e-01
4.431333333333333235e-01
4.433333333333333570e-01
4.435999999999999943e-01
4.437999999999999723e-01
4.441333333333333244e-01
4.442666666666666431e-01
4.444666666666666766e-01
4.447999999999999732e-01
4.449333333333333473e-01
4.451333333333333253e-01
4.452666666666666440e-01
4.453333333333333588e-01
4.453333333333333588e-01
4.455999999999999961e-01
4.457999999999999741e-01
4.458666666666666889e-01
4.460666666666666669e-01
4.462666666666666448e-01
4.464666666666666783e-01
4.467999999999999750e-01
4.468666666666666898e-01
4.471999999999999864e-01
4.470666666666666678e-01
4.471333333333333271e-01
4.474000000000000199e-01
4.475999999999999979e-01
4.477999999999999758e-01
4.478666666666666907e-01
4.484666666666666801e-01
4.480666666666666687e-01
4.480000000000000093e-01
4.482666666666666466e-01
4.482666666666666466e-01
4.484000000000000208e-01
4.482666666666666466e-01
4.487333333333333174e-01
4.487333333333333174e-01
4.490000000000000102e-01
4.493333333333333068e-01
4.493333333333333068e-01
4.494000000000000217e-01
4.494666666666666810e-01
4.497333333333333183e-01
4.496666666666666590e-01
4.496666666666666590e-01
4.497999999999999776e-01
4.497999999999999776e-01
4.500666666666666704e-01
4.500000000000000111e-01
4.502666666666666484e-01
4.504000000000000226e-01
4.503333333333333077e-01
4.503333333333333077e-01
4.504666666666666819e-01
4.505333333333333412e-01
4.507333333333333192e-01
4.506666666666666599e-01
4.507999999999999785e-01
4.511333333333333306e-01
4.510666666666666713e-01
4.510000000000000120e-01
4.508666666666666933e-01
4.510000000000000120e-01
4.511999999999999900e-01
4.514000000000000234e-01
4.514000000000000234e-01
4.516000000000000014e-01
4.516000000000000014e-01
4.516666666666666607e-01
4.520666666666666722e-01
4.522666666666666502e-01
4.523333333333333095e-01
4.523333333333333095e-01
4.524000000000000243e-01
4.524000000000000243e-01
4.525333333333333430e-01
4.527999999999999803e-01
4.527333333333333210e-01
4.528666666666666396e-01
4.527999999999999803e-01
4.530000000000000138e-01
4.531333333333333324e-01
4.531999999999999917e-01
4.533333333333333104e-01
4.535333333333333439e-01
4.534000000000000252e-01
4.536666666666666625e-01
4.537333333333333218e-01
4.538666666666666405e-01
4.539333333333333553e-01
4.538666666666666405e-01
4.540666666666666740e-01
4.541333333333333333e-01
4.544666666666666854e-01
4.544666666666666854e-01
4.544666666666666854e-01
4.547333333333333227e-01
4.550000000000000155e-01
4.551999999999999935e-01
4.554000000000000270e-01
4.555333333333333456e-01
4.554666666666666863e-01
4.555333333333333456e-01
4.556666666666666643e-01
4.558666666666666423e-01
4.560666666666666758e-01
4.560000000000000164e-01
4.561999999999999944e-01
4.562666666666666537e-01
4.564666666666666872e-01
4.566666666666666652e-01
4.567999999999999838e-01
4.567999999999999838e-01
4.569333333333333580e-01
4.570000000000000173e-01
4.573333333333333139e-01
4.573333333333333139e-01
4.574666666666666881e-01
4.576000000000000068e-01
4.573999999999999733e-01
4.573999999999999733e-01
4.573999999999999733e-01
4.576000000000000068e-01
4.576000000000000068e-01
4.579333333333333589e-01
4.580666666666666775e-01
4.581999999999999962e-01
4.581999999999999962e-01
4.581999999999999962e-01
4.583999999999999742e-01
4.585333333333333483e-01
4.584666666666666890e-01
4.586666666666666670e-01
4.590666666666666784e-01
4.592666666666666564e-01
4.593999999999999750e-01
4.594666666666666899e-01
4.594666666666666899e-01
4.596666666666666679e-01
4.597999999999999865e-01
4.600000000000000200e-01
4.597999999999999865e-01
4.598666666666666458e-01
4.598666666666666458e-01
4.599333333333333607e-01
4.600666666666666793e-01
4.603333333333333166e-01
4.604666666666666908e-01
4.605333333333333501e-01
4.605333333333333501e-01
4.607999999999999874e-01
4.611999999999999988e-01
4.611999999999999988e-01
4.613999999999999768e-01
4.615333333333333510e-01
4.620000000000000218e-01
4.620666666666666811e-01
4.622666666666666591e-01
4.623333333333333184e-01
4.623999999999999777e-01
4.626666666666666705e-01
4.626666666666666705e-01
4.630000000000000226e-01
4.627999999999999892e-01
4.631333333333333413e-01
4.632000000000000006e-01
4.632666666666666599e-01
4.632000000000000006e-01
4.635333333333333528e-01
4.636000000000000121e-01
4.637333333333333307e-01
4.637999999999999901e-01
4.639333333333333087e-01
4.641333333333333422e-01
4.642000000000000015e-01
4.642666666666666608e-01
4.644666666666666943e-01
4.645333333333333536e-01
4.647333333333333316e-01
4.648666666666666503e-01
4.650666666666666837e-01
4.651333333333333431e-01
4.651333333333333431e-01
4.652666666666666617e-01
4.656000000000000139e-01
4.657333333333333325e-01
4.657333333333333325e-01
4.656000000000000139e-01
4.656000000000000139e-01
4.656000000000000139e-01
4.658666666666666512e-01
4.660000000000000253e-01
4.660000000000000253e-01
4.660666666666666846e-01
4.660666666666666846e-01
4.662000000000000033e-01
4.663333333333333219e-01
4.663333333333333219e-01
4.666000000000000147e-01
4.667999999999999927e-01
4.667333333333333334e-01
4.666666666666666741e-01
4.667999999999999927e-01
4.667333333333333334e-01
4.670666666666666855e-01
4.670666666666666855e-01
4.669333333333333114e-01
4.670000000000000262e-01
4.670666666666666855e-01
4.672666666666666635e-01
4.672666666666666635e-01
4.672000000000000042e-01
4.673333333333333228e-01
4.672666666666666635e-01
4.674666666666666415e-01
4.676000000000000156e-01
4.673333333333333228e-01
4.674666666666666415e-01
4.677333333333333343e-01
4.678666666666666529e-01
4.679333333333333123e-01
4.679333333333333123e-01
4.682000000000000051e-01
4.682666666666666644e-01
4.684666666666666424e-01
4.685333333333333572e-01
4.687333333333333352e-01
4.687999999999999945e-01
4.688666666666666538e-01
4.688666666666666538e-01
4.689333333333333131e-01
4.690666666666666873e-01
4.689333333333333131e-01
4.690666666666666873e-01
4.691333333333333466e-01
4.689999999999999725e-01
4.690666666666666873e-01
4.691333333333333466e-01
4.694666666666666432e-01
4.695333333333333581e-01
4.697333333333333361e-01
4.697999999999999954e-01
4.698666666666666547e-01
4.697999999999999954e-01
4.699999999999999734e-01
4.699999999999999734e-01
4.701333333333333475e-01
4.703333333333333255e-01
4.703999999999999848e-01
4.703333333333333255e-01
4.703999999999999848e-01
4.703333333333333255e-01
4.706000000000000183e-01
4.706666666666666776e-01
4.706000000000000183e-01
4.708666666666666556e-01
4.709333333333333149e-01
4.709333333333333149e-01
4.707999999999999963e-01
4.709333333333333149e-01
4.708666666666666556e-01
4.713333333333333264e-01
4.713999999999999857e-01
4.715333333333333599e-01
4.713999999999999857e-01
4.715333333333333599e-01
4.714666666666666450e-01
4.716666666666666785e-01
4.714666666666666450e-01
4.716666666666666785e-01
4.717333333333333378e-01
4.720666666666666900e-01
4.722000000000000086e-01
4.724666666666666459e-01
4.726000000000000201e-01
4.726000000000000201e-01
4.725333333333333607e-01
4.727333333333333387e-01
4.727999999999999980e-01
4.729333333333333167e-01
4.729333333333333167e-01
4.729333333333333167e-01
4.731333333333333502e-01
4.732666666666666688e-01
4.734666666666666468e-01
4.734666666666666468e-01
4.736000000000000210e-01
4.736666666666666803e-01
4.739333333333333176e-01
4.738666666666666583e-01
4.739999999999999769e-01
4.739999999999999769e-01
4.739999999999999769e-01
4.738666666666666583e-01
4.743333333333333290e-01
4.743999999999999884e-01
4.744666666666666477e-01
4.745333333333333070e-01
4.746666666666666812e-01
4.747999999999999998e-01
4.750666666666666926e-01
4.752000000000000113e-01
4.753999999999999893e-01
4.753333333333333299e-01
4.753999999999999893e-01
4.752666666666666706e-01
4.752000000000000113e-01
4.753999999999999893e-01
4.753999999999999893e-01
4.755333333333333079e-01
4.756666666666666821e-01
4.757333333333333414e-01
4.759333333333333194e-01
4.759999999999999787e-01
4.760666666666666935e-01
4.762666666666666715e-01
4.761333333333333528e-01
4.763333333333333308e-01
4.762666666666666715e-01
4.763333333333333308e-01
4.763999999999999901e-01
4.769333333333333202e-01
4.768666666666666609e-01
4.769333333333333202e-01
4.769999999999999796e-01
4.768666666666666609e-01
4.771333333333333537e-01
4.773333333333333317e-01
4.772666666666666724e-01
4.773999999999999910e-01
4.777333333333333432e-01
4.777333333333333432e-01
4.779333333333333211e-01
4.779999999999999805e-01
4.781333333333333546e-01
4.782000000000000139e-01
4.782666666666666733e-01
4.783333333333333326e-01
4.783333333333333326e-01
4.783999999999999919e-01
4.783999999999999919e-01
4.783333333333333326e-01
4.782666666666666733e-01
4.782000000000000139e-01
4.782000000000000139e-01
4.780666666666666398e-01
4.782666666666666733e-01
4.782666666666666733e-01
4.784666666666666512e-01
4.783999999999999919e-01
4.786666666666666847e-01
4.786000000000000254e-01
4.787333333333333441e-01
4.788000000000000034e-01
4.790666666666666407e-01
4.790666666666666407e-01
4.792666666666666742e-01
4.794666666666666521e-01
4.794666666666666521e-01
4.796666666666666856e-01
4.795333333333333115e-01
4.796000000000000263e-01
4.796000000000000263e-01
4.799333333333333229e-01
4.798666666666666636e-01
4.798666666666666636e-01
4.801333333333333564e-01
4.802666666666666750e-01
4.802000000000000157e-01
4.803333333333333344e-01
4.805333333333333123e-01
4.806666666666666865e-01
4.807333333333333458e-01
4.806000000000000272e-01
4.803999999999999937e-01
4.806000000000000272e-01
4.808666666666666645e-01
4.808666666666666645e-01
4.809999999999999831e-01
4.808000000000000052e-01
4.808666666666666645e-01
4.809999999999999831e-01
4.811333333333333573e-01
4.811333333333333573e-01
4.810666666666666424e-01
4.812000000000000166e-01
4.812666666666666759e-01
4.814666666666666539e-01
4.814666666666666539e-01
4.815333333333333132e-01
4.817333333333333467e-01
4.817333333333333467e-01
4.818666666666666654e-01
4.818666666666666654e-01
4.819333333333333247e-01
4.818666666666666654e-01
4.818000000000000060e-01
4.817333333333333467e-01
4.818000000000000060e-01
4.819999999999999840e-01
4.819999999999999840e-01
4.822000000000000175e-01
4.819999999999999840e-01
4.823333333333333361e-01
4.823333333333333361e-01
4.824666666666666548e-01
4.827333333333333476e-01
4.828000000000000069e-01
4.827333333333333476e-01
4.828666666666666663e-01
4.829999999999999849e-01
4.827333333333333476e-01
4.828000000000000069e-01
4.829999999999999849e-01
4.832666666666666777e-01
4.833999999999999964e-01
