3.783333333333333548e-01
3.791999999999999815e-01
3.801333333333333231e-01
3.807333333333333125e-01
3.814666666666666761e-01
3.818666666666666876e-01
3.824000000000000177e-01
3.827999999999999736e-01
3.829333333333333478e-01
3.835999999999999965e-01
3.836666666666666559e-01
3.838666666666666893e-01
3.844000000000000195e-01
3.847333333333333161e-01
3.851333333333333275e-01
3.854000000000000203e-01
3.854000000000000203e-01
3.854666666666666797e-01
3.857333333333333170e-01
3.861999999999999877e-01
3.864666666666666806e-01
3.867333333333333178e-01
3.870666666666666700e-01
3.871999999999999886e-01
3.876666666666666594e-01
3.877999999999999781e-01
3.880000000000000115e-01
3.881999999999999895e-01
3.884000000000000230e-01
3.887333333333333196e-01
3.891333333333333311e-01
3.890666666666666718e-01
3.894666666666666832e-01
3.895333333333333425e-01
3.900000000000000133e-01
3.903333333333333099e-01
3.906666666666666621e-01
3.911999999999999922e-01
3.914000000000000257e-01
3.914666666666666850e-01
3.920000000000000151e-01
3.922666666666666524e-01
3.926666666666666639e-01
3.931333333333333346e-01
3.934000000000000274e-01
3.936000000000000054e-01
3.939333333333333576e-01
3.943333333333333135e-01
3.947333333333333250e-01
3.949333333333333584e-01
3.951999999999999957e-01
3.953333333333333144e-01
3.957333333333333258e-01
3.957999999999999852e-01
3.964666666666666894e-01
3.967333333333333267e-01
3.972666666666666568e-01
3.974666666666666903e-01
3.977999999999999869e-01
3.980666666666666798e-01
3.981999999999999984e-01
3.983999999999999764e-01
3.984666666666666912e-01
3.986000000000000099e-01
3.987333333333333285e-01
3.990000000000000213e-01
3.994666666666666921e-01
3.998666666666666480e-01
4.000000000000000222e-01
4.002666666666666595e-01
4.006666666666666710e-01
4.012000000000000011e-01
4.013333333333333197e-01
4.017999999999999905e-01
4.023333333333333206e-01
4.022666666666666613e-01
4.023333333333333206e-01
4.027999999999999914e-01
4.027999999999999914e-01
4.031333333333333435e-01
4.032666666666666622e-01
4.036666666666666736e-01
4.036000000000000143e-01
4.038666666666666516e-01
4.042000000000000037e-01
4.042000000000000037e-01
4.045333333333333559e-01
4.047999999999999932e-01
4.049333333333333118e-01
4.053333333333333233e-01
4.056000000000000161e-01
4.057333333333333347e-01
4.060666666666666869e-01
4.064666666666666428e-01
4.063333333333333242e-01
4.066666666666666763e-01
4.068666666666666543e-01
4.069999999999999729e-01
4.073999999999999844e-01
4.073999999999999844e-01
4.075333333333333585e-01
4.079999999999999738e-01
4.080666666666666886e-01
4.083999999999999853e-01
4.086666666666666781e-01
4.091333333333333488e-01
4.092000000000000082e-01
4.093999999999999861e-01
4.094666666666666455e-01
4.096000000000000196e-01
4.097999999999999976e-01
4.098666666666666569e-01
4.101333333333333497e-01
4.103333333333333277e-01
4.107333333333333392e-01
4.107333333333333392e-01
4.109999999999999765e-01
4.112000000000000099e-01
4.109999999999999765e-01
4.113333333333333286e-01
4.114666666666666472e-01
4.118666666666666587e-01
4.121333333333333515e-01
4.123999999999999888e-01
4.125333333333333075e-01
4.126666666666666816e-01
4.125333333333333075e-01
4.126666666666666816e-01
4.129333333333333189e-01
4.132666666666666710e-01
4.134666666666666490e-01
4.138666666666666605e-01
4.142000000000000126e-01
4.144666666666666499e-01
4.144666666666666499e-01
4.143999999999999906e-01
4.133333333333333304e-01
4.143333333333333313e-01
4.147333333333333427e-01
4.149999999999999800e-01
4.153999999999999915e-01
4.154666666666666508e-01
4.156000000000000250e-01
4.156666666666666843e-01
4.159999999999999809e-01
4.163333333333333330e-01
4.166666666666666852e-01
4.168000000000000038e-01
4.169999999999999818e-01
4.170666666666666411e-01
4.172000000000000153e-01
4.172666666666666746e-01
4.178666666666666640e-01
4.179999999999999827e-01
4.182666666666666755e-01
4.186666666666666869e-01
4.189999999999999836e-01
4.189999999999999836e-01
4.192666666666666764e-01
4.195333333333333137e-01
4.195999999999999730e-01
4.196666666666666878e-01
4.195999999999999730e-01
4.203999999999999959e-01
4.206666666666666887e-01
4.207333333333333480e-01
4.210666666666666447e-01
4.213333333333333375e-01
4.214666666666666561e-01
4.220666666666666456e-01
4.220666666666666456e-01
4.222000000000000197e-01
4.224666666666666570e-01
4.226666666666666905e-01
4.229333333333333278e-01
4.230666666666666464e-01
4.232000000000000206e-01
4.232666666666666799e-01
4.233333333333333393e-01
4.235333333333333172e-01
4.237333333333333507e-01
4.239999999999999880e-01
4.240666666666666473e-01
4.241333333333333067e-01
4.246666666666666923e-01
4.245333333333333181e-01
4.246666666666666923e-01
4.246666666666666923e-01
4.246666666666666923e-01
4.247333333333333516e-01
4.250666666666666482e-01
4.252000000000000224e-01
4.255333333333333190e-01
4.254666666666666597e-01
4.255333333333333190e-01
4.258666666666666711e-01
4.259999999999999898e-01
4.265999999999999792e-01
4.265333333333333199e-01
4.266666666666666941e-01
4.268666666666666720e-01
4.269333333333333313e-01
4.274000000000000021e-01
4.275333333333333208e-01
4.279999999999999916e-01
4.282666666666666844e-01
4.285333333333333217e-01
4.287333333333333552e-01
4.289999999999999925e-01
4.295333333333333226e-01
4.298666666666666747e-01
4.298666666666666747e-01
4.300666666666666527e-01
4.302000000000000268e-01
4.304666666666666641e-01
4.304666666666666641e-01
4.305999999999999828e-01
4.307333333333333569e-01
4.311333333333333129e-01
4.313333333333333464e-01
4.312666666666666870e-01
4.315999999999999837e-01
4.318000000000000171e-01
4.321999999999999731e-01
4.322666666666666879e-01
4.325333333333333252e-01
4.328000000000000180e-01
4.329999999999999960e-01
4.329999999999999960e-01
4.333333333333333481e-01
4.334000000000000075e-01
4.331333333333333147e-01
4.335333333333333261e-01
4.335333333333333261e-01
4.336666666666666448e-01
4.339333333333333376e-01
4.339333333333333376e-01
4.338000000000000189e-01
4.339333333333333376e-01
4.341999999999999749e-01
4.343333333333333490e-01
4.344000000000000083e-01
4.348666666666666791e-01
4.347333333333333605e-01
4.347333333333333605e-01
4.349999999999999978e-01
4.353333333333333499e-01
4.354000000000000092e-01
4.354666666666666686e-01
4.358000000000000207e-01
4.360666666666666580e-01
4.361999999999999766e-01
4.364000000000000101e-01
4.365333333333333288e-01
4.368000000000000216e-01
4.365999999999999881e-01
4.366666666666666474e-01
4.368000000000000216e-01
4.370666666666666589e-01
4.373333333333333517e-01
4.374666666666666703e-01
4.377333333333333076e-01
4.375999999999999890e-01
4.379333333333333411e-01
4.378666666666666818e-01
4.375999999999999890e-01
4.380666666666666598e-01
4.386666666666666492e-01
4.388000000000000234e-01
4.389333333333333420e-01
4.390666666666666607e-01
4.391333333333333200e-01
4.392666666666666941e-01
4.390000000000000013e-01
4.398000000000000242e-01
4.400000000000000022e-01
4.398000000000000242e-01
4.401333333333333209e-01
4.401333333333333209e-01
4.401999999999999802e-01
4.404666666666666730e-01
4.407333333333333103e-01
4.411333333333333218e-01
4.411999999999999811e-01
4.414000000000000146e-01
4.416666666666666519e-01
4.417333333333333112e-01
4.420000000000000040e-01
4.422666666666666413e-01
4.421999999999999820e-01
4.421999999999999820e-01
4.424666666666666748e-01
4.427333333333333121e-01
4.430000000000000049e-01
4.430666666666666642e-01
4.433333333333333570e-01
4.434666666666666757e-01
4.435999999999999943e-01
4.435999999999999943e-01
4.437999999999999723e-01
4.440666666666666651e-01
4.443333333333333579e-01
4.444000000000000172e-01
4.445999999999999952e-01
4.447999999999999732e-01
4.450000000000000067e-01
4.450000000000000067e-01
4.450666666666666660e-01
4.448666666666666880e-01
4.450000000000000067e-01
4.454666666666666774e-01
4.457333333333333147e-01
4.458666666666666889e-01
4.461999999999999855e-01
4.461999999999999855e-01
4.464000000000000190e-01
4.466666666666666563e-01
4.469333333333333491e-01
4.470000000000000084e-01
4.468666666666666898e-01
4.470666666666666678e-01
4.474000000000000199e-01
4.475333333333333385e-01
4.479333333333333500e-01
4.481333333333333280e-01
4.481333333333333280e-01
4.481999999999999873e-01
4.485333333333333394e-01
4.487999999999999767e-01
4.487333333333333174e-01
4.487999999999999767e-01
4.488666666666666916e-01
4.490666666666666695e-01
4.491333333333333289e-01
4.493333333333333068e-01
4.494666666666666810e-01
4.493333333333333068e-01
4.494000000000000217e-01
4.491999999999999882e-01
4.494666666666666810e-01
4.494666666666666810e-01
4.495999999999999996e-01
4.495999999999999996e-01
4.497333333333333183e-01
4.495999999999999996e-01
4.498666666666666925e-01
4.500666666666666704e-01
4.500000000000000111e-01
4.501333333333333298e-01
4.504000000000000226e-01
4.505333333333333412e-01
4.506000000000000005e-01
4.506666666666666599e-01
4.507999999999999785e-01
4.509333333333333527e-01
4.509333333333333527e-01
4.510666666666666713e-01
4.511333333333333306e-01
4.512666666666666493e-01
4.514666666666666828e-01
4.515333333333333421e-01
4.514000000000000234e-01
4.516000000000000014e-01
4.520000000000000129e-01
4.521999999999999909e-01
4.522666666666666502e-01
4.523333333333333095e-01
4.523333333333333095e-01
4.525333333333333430e-01
4.527333333333333210e-01
4.526666666666666616e-01
4.527999999999999803e-01
4.528666666666666396e-01
4.526666666666666616e-01
4.529333333333333544e-01
4.530000000000000138e-01
4.530666666666666731e-01
4.532666666666666511e-01
4.531333333333333324e-01
4.531333333333333324e-01
4.532666666666666511e-01
4.534666666666666845e-01
4.536666666666666625e-01
4.539333333333333553e-01
4.539333333333333553e-01
4.538666666666666405e-01
4.541999999999999926e-01
4.543333333333333113e-01
4.544666666666666854e-01
4.545333333333333448e-01
4.545333333333333448e-01
4.545333333333333448e-01
4.546666666666666634e-01
4.548666666666666414e-01
4.548666666666666414e-01
4.551999999999999935e-01
4.551999999999999935e-01
4.553333333333333122e-01
4.555333333333333456e-01
4.556000000000000050e-01
4.558666666666666423e-01
4.560000000000000164e-01
4.557999999999999829e-01
4.560666666666666758e-01
4.563999999999999724e-01
4.563999999999999724e-01
4.563999999999999724e-01
4.566000000000000059e-01
4.567999999999999838e-01
4.568666666666666432e-01
4.566666666666666652e-01
4.568666666666666432e-01
4.572666666666666546e-01
4.572666666666666546e-01
4.573333333333333139e-01
4.574666666666666881e-01
4.576666666666666661e-01
4.573333333333333139e-01
4.576000000000000068e-01
4.575333333333333474e-01
4.575333333333333474e-01
4.577999999999999847e-01
4.578666666666666440e-01
4.579333333333333589e-01
4.582666666666666555e-01
4.581999999999999962e-01
4.585333333333333483e-01
4.583333333333333148e-01
4.585333333333333483e-01
4.587333333333333263e-01
4.588666666666666449e-01
4.590000000000000191e-01
4.595333333333333492e-01
4.596666666666666679e-01
4.597333333333333272e-01
4.595333333333333492e-01
4.597999999999999865e-01
4.600000000000000200e-01
4.598666666666666458e-01
4.599333333333333607e-01
4.601999999999999980e-01
4.601333333333333386e-01
4.601999999999999980e-01
4.603999999999999759e-01
4.607333333333333281e-01
4.609333333333333060e-01
4.611333333333333395e-01
4.611999999999999988e-01
4.613999999999999768e-01
4.616000000000000103e-01
4.618666666666666476e-01
4.618666666666666476e-01
4.621333333333333404e-01
4.624666666666666925e-01
4.626666666666666705e-01
4.628666666666666485e-01
4.627333333333333298e-01
4.627333333333333298e-01
4.628666666666666485e-01
4.628666666666666485e-01
4.630666666666666820e-01
4.632666666666666599e-01
4.632000000000000006e-01
4.633999999999999786e-01
4.634666666666666934e-01
4.637999999999999901e-01
4.640666666666666829e-01
4.641333333333333422e-01
4.643999999999999795e-01
4.642000000000000015e-01
4.643333333333333202e-01
4.644666666666666943e-01
4.646000000000000130e-01
4.646000000000000130e-01
4.649333333333333096e-01
4.649333333333333096e-01
4.652000000000000024e-01
4.652000000000000024e-01
4.653333333333333210e-01
4.654666666666666397e-01
4.655333333333333545e-01
4.658666666666666512e-01
4.658666666666666512e-01
4.659333333333333105e-01
4.660000000000000253e-01
4.661333333333333440e-01
4.660666666666666846e-01
4.661333333333333440e-01
4.662000000000000033e-01
4.663333333333333219e-01
4.665333333333333554e-01
4.666000000000000147e-01
4.666000000000000147e-01
4.666666666666666741e-01
4.668666666666666520e-01
4.671333333333333449e-01
4.672000000000000042e-01
4.673333333333333228e-01
4.670000000000000262e-01
4.670000000000000262e-01
4.671333333333333449e-01
4.672000000000000042e-01
4.673999999999999821e-01
4.676666666666666750e-01
4.674666666666666415e-01
4.675333333333333563e-01
4.676000000000000156e-01
4.676666666666666750e-01
4.676666666666666750e-01
4.677333333333333343e-01
4.676666666666666750e-01
4.676666666666666750e-01
4.678666666666666529e-01
4.677999999999999936e-01
4.677333333333333343e-01
4.677999999999999936e-01
4.677999999999999936e-01
4.677999999999999936e-01
4.679333333333333123e-01
4.679333333333333123e-01
4.681333333333333457e-01
4.682666666666666644e-01
4.680000000000000271e-01
4.682666666666666644e-01
4.683999999999999830e-01
4.684666666666666424e-01
4.685333333333333572e-01
4.686666666666666758e-01
4.686000000000000165e-01
4.686000000000000165e-01
4.686666666666666758e-01
4.686000000000000165e-01
4.688666666666666538e-01
4.691333333333333466e-01
4.689999999999999725e-01
4.692000000000000060e-01
4.693333333333333246e-01
4.696666666666666767e-01
4.694666666666666432e-01
4.693999999999999839e-01
4.696000000000000174e-01
4.698666666666666547e-01
4.699333333333333140e-01
4.701333333333333475e-01
4.700666666666666882e-01
4.702000000000000068e-01
4.702666666666666662e-01
4.699999999999999734e-01
4.702666666666666662e-01
4.707333333333333369e-01
4.706666666666666776e-01
4.705333333333333590e-01
4.705333333333333590e-01
4.709999999999999742e-01
4.708666666666666556e-01
4.712666666666666671e-01
4.711333333333333484e-01
4.708666666666666556e-01
4.711333333333333484e-01
4.714666666666666450e-01
4.713333333333333264e-01
4.715333333333333599e-01
4.715333333333333599e-01
4.715333333333333599e-01
4.714666666666666450e-01
4.717333333333333378e-01
4.719333333333333158e-01
4.720666666666666900e-01
4.718666666666666565e-01
4.720666666666666900e-01
4.725333333333333607e-01
4.727999999999999980e-01
4.727999999999999980e-01
4.726666666666666794e-01
4.729999999999999760e-01
4.731333333333333502e-01
4.732000000000000095e-01
4.734666666666666468e-01
4.736000000000000210e-01
4.735333333333333061e-01
4.735333333333333061e-01
4.738666666666666583e-01
4.738666666666666583e-01
4.738666666666666583e-01
4.740666666666666917e-01
4.741333333333333511e-01
4.740666666666666917e-01
4.742000000000000104e-01
4.743999999999999884e-01
4.745333333333333070e-01
4.746666666666666812e-01
4.747333333333333405e-01
4.748666666666666591e-01
4.747999999999999998e-01
4.749333333333333185e-01
4.750666666666666926e-01
4.749999999999999778e-01
4.752000000000000113e-01
4.751333333333333520e-01
4.751333333333333520e-01
4.753999999999999893e-01
4.755333333333333079e-01
4.756666666666666821e-01
4.757333333333333414e-01
4.758000000000000007e-01
4.759999999999999787e-01
4.761333333333333528e-01
4.760666666666666935e-01
4.762000000000000122e-01
4.762666666666666715e-01
4.762000000000000122e-01
4.763999999999999901e-01
4.763999999999999901e-01
4.766000000000000236e-01
4.764666666666666495e-01
4.764666666666666495e-01
4.765333333333333088e-01
4.763999999999999901e-01
4.767333333333333423e-01
4.767333333333333423e-01
4.768666666666666609e-01
4.768000000000000016e-01
4.769999999999999796e-01
4.769999999999999796e-01
4.772666666666666724e-01
4.774666666666666504e-01
4.773999999999999910e-01
4.776000000000000245e-01
4.774666666666666504e-01
4.775333333333333097e-01
4.776666666666666838e-01
4.778000000000000025e-01
4.779999999999999805e-01
4.782000000000000139e-01
4.782666666666666733e-01
4.783999999999999919e-01
4.782666666666666733e-01
4.781333333333333546e-01
4.781333333333333546e-01
4.782666666666666733e-01
4.782666666666666733e-01
4.781333333333333546e-01
4.782666666666666733e-01
4.783999999999999919e-01
4.784666666666666512e-01
4.783999999999999919e-01
4.785333333333333106e-01
4.784666666666666512e-01
4.783999999999999919e-01
4.787333333333333441e-01
4.789333333333333220e-01
4.790666666666666407e-01
4.789999999999999813e-01
4.792666666666666742e-01
4.793333333333333335e-01
4.790666666666666407e-01
4.793333333333333335e-01
4.794666666666666521e-01
4.796666666666666856e-01
4.795333333333333115e-01
4.799999999999999822e-01
4.799999999999999822e-01
4.799333333333333229e-01
4.800666666666666416e-01
4.800666666666666416e-01
4.800666666666666416e-01
4.802000000000000157e-01
4.803999999999999937e-01
4.805333333333333123e-01
4.804666666666666530e-01
4.805333333333333123e-01
4.807333333333333458e-01
4.806666666666666865e-01
4.805333333333333123e-01
4.806666666666666865e-01
4.807333333333333458e-01
4.808000000000000052e-01
4.811333333333333573e-01
4.809999999999999831e-01
4.811333333333333573e-01
4.812000000000000166e-01
4.815333333333333132e-01
4.815333333333333132e-01
4.817333333333333467e-01
4.813333333333333353e-01
4.814666666666666539e-01
4.817333333333333467e-01
4.816666666666666874e-01
4.815999999999999726e-01
4.815333333333333132e-01
4.814666666666666539e-01
4.817333333333333467e-01
4.818000000000000060e-01
4.818000000000000060e-01
4.818666666666666654e-01
4.819999999999999840e-01
4.821333333333333582e-01
4.822666666666666768e-01
4.823999999999999955e-01
4.825333333333333141e-01
4.826666666666666883e-01
4.826666666666666883e-01
4.827333333333333476e-01
4.828000000000000069e-01
4.826666666666666883e-01
4.829999999999999849e-01
4.830666666666666442e-01
4.829999999999999849e-01
4.830666666666666442e-01
4.831333333333333591e-01
4.832666666666666777e-01
4.834666666666666557e-01
4.835333333333333150e-01
4.835999999999999743e-01
4.838666666666666671e-01
4.838000000000000078e-01
4.839333333333333265e-01
4.838666666666666671e-01
4.839333333333333265e-01
4.839999999999999858e-01
4.839333333333333265e-01
4.840666666666666451e-01
4.843333333333333379e-01
4.843333333333333379e-01
4.842666666666666786e-01
4.844666666666666566e-01
4.845333333333333159e-01
4.846666666666666901e-01
4.847333333333333494e-01
4.848666666666666680e-01
