3.742666666666666919e-01
3.749333333333333407e-01
3.755333333333333301e-01
3.763333333333333530e-01
3.768000000000000238e-01
3.771999999999999797e-01
3.774000000000000132e-01
3.778666666666666840e-01
3.781333333333333213e-01
3.781999999999999806e-01
3.787333333333333107e-01
3.789333333333333442e-01
3.790666666666666629e-01
3.794000000000000150e-01
3.795999999999999930e-01
3.797333333333333116e-01
3.805333333333333345e-01
3.808666666666666867e-01
3.814666666666666761e-01
3.816666666666666541e-01
3.815999999999999948e-01
3.818666666666666876e-01
3.820666666666666655e-01
3.824000000000000177e-01
3.825999999999999956e-01
3.827333333333333143e-01
3.831999999999999851e-01
3.836666666666666559e-01
3.835999999999999965e-01
3.840000000000000080e-01
3.842666666666666453e-01
3.844666666666666788e-01
3.847999999999999754e-01
3.851333333333333275e-01
3.856666666666666576e-01
3.856666666666666576e-01
3.861999999999999877e-01
3.865333333333333399e-01
3.866666666666666585e-01
3.870666666666666700e-01
3.868666666666666920e-01
3.874666666666666814e-01
3.877333333333333187e-01
3.880666666666666709e-01
3.884666666666666823e-01
3.888666666666666938e-01
3.889333333333333531e-01
3.891333333333333311e-01
3.895333333333333425e-01
3.896666666666666612e-01
3.901333333333333320e-01
3.905333333333333434e-01
3.911333333333333329e-01
3.913333333333333108e-01
3.918666666666666409e-01
3.920000000000000151e-01
3.921333333333333337e-01
3.926000000000000045e-01
3.927999999999999825e-01
3.931999999999999940e-01
3.932666666666666533e-01
3.938666666666666427e-01
3.941999999999999948e-01
3.945333333333333470e-01
3.948666666666666436e-01
3.952666666666666551e-01
3.955333333333333479e-01
3.956000000000000072e-01
3.959333333333333593e-01
3.963333333333333153e-01
3.966000000000000081e-01
3.970000000000000195e-01
3.974666666666666903e-01
3.978666666666666463e-01
3.980666666666666798e-01
3.981999999999999984e-01
3.981333333333333391e-01
3.986000000000000099e-01
3.987999999999999878e-01
3.990000000000000213e-01
3.990000000000000213e-01
3.987999999999999878e-01
3.994666666666666921e-01
4.001333333333333409e-01
4.002666666666666595e-01
4.006666666666666710e-01
4.012666666666666604e-01
4.015333333333333532e-01
4.019333333333333091e-01
4.022000000000000020e-01
4.023333333333333206e-01
4.023999999999999799e-01
4.026000000000000134e-01
4.030000000000000249e-01
4.033333333333333215e-01
4.033999999999999808e-01
4.036000000000000143e-01
4.037999999999999923e-01
4.040666666666666851e-01
4.042666666666666631e-01
4.045333333333333559e-01
4.047333333333333338e-01
4.047333333333333338e-01
4.050000000000000266e-01
4.054666666666666419e-01
4.057333333333333347e-01
4.059333333333333127e-01
4.063999999999999835e-01
4.065333333333333576e-01
4.066000000000000170e-01
4.069333333333333136e-01
4.068666666666666543e-01
4.073333333333333250e-01
4.074666666666666437e-01
4.077333333333333365e-01
4.079333333333333145e-01
4.080666666666666886e-01
4.084666666666666446e-01
4.087999999999999967e-01
4.089999999999999747e-01
4.091333333333333488e-01
4.092000000000000082e-01
4.088666666666666560e-01
4.093999999999999861e-01
4.096666666666666790e-01
4.099999999999999756e-01
4.102000000000000091e-01
4.103999999999999870e-01
4.104666666666666464e-01
4.107333333333333392e-01
4.110666666666666913e-01
4.112666666666666693e-01
4.111333333333333506e-01
4.113333333333333286e-01
4.116000000000000214e-01
4.119333333333333180e-01
4.122000000000000108e-01
4.123999999999999888e-01
4.123333333333333295e-01
4.128000000000000003e-01
4.128666666666666596e-01
4.132666666666666710e-01
4.133333333333333304e-01
4.137333333333333418e-01
4.143333333333333313e-01
4.145333333333333092e-01
4.146666666666666834e-01
4.148000000000000020e-01
4.148000000000000020e-01
4.149333333333333207e-01
4.148000000000000020e-01
4.152000000000000135e-01
4.152666666666666728e-01
4.155333333333333101e-01
4.157333333333333436e-01
4.159333333333333216e-01
4.159999999999999809e-01
4.161333333333333551e-01
4.164666666666666517e-01
4.166666666666666852e-01
4.168000000000000038e-01
4.168000000000000038e-01
4.169333333333333225e-01
4.168666666666666631e-01
4.172000000000000153e-01
4.178666666666666640e-01
4.180666666666666420e-01
4.185333333333333128e-01
4.188000000000000056e-01
4.189999999999999836e-01
4.189999999999999836e-01
4.193999999999999950e-01
4.195333333333333137e-01
4.196666666666666878e-01
4.195999999999999730e-01
4.200666666666666438e-01
4.204666666666666552e-01
4.206666666666666887e-01
4.209333333333333260e-01
4.211333333333333595e-01
4.212000000000000188e-01
4.214666666666666561e-01
4.218666666666666676e-01
4.222666666666666790e-01
4.221333333333333604e-01
4.223333333333333384e-01
4.223999999999999977e-01
4.225333333333333163e-01
4.228000000000000091e-01
4.231333333333333058e-01
4.229999999999999871e-01
4.232666666666666799e-01
4.235333333333333172e-01
4.238666666666666694e-01
4.238000000000000100e-01
4.239999999999999880e-01
4.242000000000000215e-01
4.242666666666666808e-01
4.243333333333333401e-01
4.242666666666666808e-01
4.244666666666666588e-01
4.243999999999999995e-01
4.248666666666666702e-01
4.248666666666666702e-01
4.248666666666666702e-01
4.250666666666666482e-01
4.254000000000000004e-01
4.255999999999999783e-01
4.255333333333333190e-01
4.262000000000000233e-01
4.262000000000000233e-01
4.265999999999999792e-01
4.268000000000000127e-01
4.267333333333333534e-01
4.272666666666666835e-01
4.272666666666666835e-01
4.276666666666666394e-01
4.278666666666666729e-01
4.281333333333333102e-01
4.285333333333333217e-01
4.290666666666666518e-01
4.293333333333333446e-01
4.295999999999999819e-01
4.294666666666666632e-01
4.296666666666666412e-01
4.299999999999999933e-01
4.300666666666666527e-01
4.302666666666666861e-01
4.304000000000000048e-01
4.304666666666666641e-01
4.308000000000000163e-01
4.309333333333333349e-01
4.312000000000000277e-01
4.316666666666666430e-01
4.318000000000000171e-01
4.318666666666666765e-01
4.322666666666666879e-01
4.324666666666666659e-01
4.324666666666666659e-01
4.328000000000000180e-01
4.329333333333333367e-01
4.331333333333333147e-01
4.328666666666666774e-01
4.331999999999999740e-01
4.331333333333333147e-01
4.331333333333333147e-01
4.335333333333333261e-01
4.338666666666666782e-01
4.338666666666666782e-01
4.340666666666666562e-01
4.341999999999999749e-01
4.341999999999999749e-01
4.342666666666666897e-01
4.345999999999999863e-01
4.347333333333333605e-01
4.347333333333333605e-01
4.348666666666666791e-01
4.348000000000000198e-01
4.349999999999999978e-01
4.351333333333333164e-01
4.354666666666666686e-01
4.356666666666666465e-01
4.358666666666666800e-01
4.363333333333333508e-01
4.364666666666666694e-01
4.365333333333333288e-01
4.365333333333333288e-01
4.366666666666666474e-01
4.368666666666666809e-01
4.369333333333333402e-01
4.373333333333333517e-01
4.375999999999999890e-01
4.378666666666666818e-01
4.378000000000000225e-01
4.380000000000000004e-01
4.380666666666666598e-01
4.378000000000000225e-01
4.382666666666666933e-01
4.387333333333333085e-01
4.390666666666666607e-01
4.390000000000000013e-01
4.393333333333333535e-01
4.394666666666666721e-01
4.395333333333333314e-01
4.395999999999999908e-01
4.400666666666666615e-01
4.400000000000000022e-01
4.402666666666666395e-01
4.404666666666666730e-01
4.405333333333333323e-01
4.407333333333333103e-01
4.407333333333333103e-01
4.410000000000000031e-01
4.412666666666666404e-01
4.413333333333333552e-01
4.415333333333333332e-01
4.417333333333333112e-01
4.418000000000000260e-01
4.419333333333333447e-01
4.421999999999999820e-01
4.421333333333333226e-01
4.422666666666666413e-01
4.423333333333333561e-01
4.425999999999999934e-01
4.425999999999999934e-01
4.427333333333333121e-01
4.429333333333333456e-01
4.432666666666666422e-01
4.434000000000000163e-01
4.435999999999999943e-01
4.438666666666666871e-01
4.440666666666666651e-01
4.441999999999999837e-01
4.444000000000000172e-01
4.445999999999999952e-01
4.450000000000000067e-01
4.451333333333333253e-01
4.450666666666666660e-01
4.452666666666666440e-01
4.452666666666666440e-01
4.451999999999999846e-01
4.455333333333333368e-01
4.458666666666666889e-01
4.457333333333333147e-01
4.460000000000000075e-01
4.461333333333333262e-01
4.464000000000000190e-01
4.467333333333333156e-01
4.468666666666666898e-01
4.470000000000000084e-01
4.470000000000000084e-01
4.470666666666666678e-01
4.473333333333333606e-01
4.474666666666666792e-01
4.477999999999999758e-01
4.480000000000000093e-01
4.479333333333333500e-01
4.483333333333333059e-01
4.482666666666666466e-01
4.485999999999999988e-01
4.486666666666666581e-01
4.485333333333333394e-01
4.487999999999999767e-01
4.490666666666666695e-01
4.492666666666666475e-01
4.494000000000000217e-01
4.494666666666666810e-01
4.494000000000000217e-01
4.494000000000000217e-01
4.495333333333333403e-01
4.497333333333333183e-01
4.497999999999999776e-01
4.497333333333333183e-01
4.497333333333333183e-01
4.497999999999999776e-01
4.500666666666666704e-01
4.501999999999999891e-01
4.501999999999999891e-01
4.500666666666666704e-01
4.501999999999999891e-01
4.501999999999999891e-01
4.505333333333333412e-01
4.505333333333333412e-01
4.506666666666666599e-01
4.506666666666666599e-01
4.506000000000000005e-01
4.508666666666666933e-01
4.508666666666666933e-01
4.509333333333333527e-01
4.510000000000000120e-01
4.513333333333333086e-01
4.514000000000000234e-01
4.515333333333333421e-01
4.515333333333333421e-01
4.518666666666666942e-01
4.517999999999999794e-01
4.520000000000000129e-01
4.521999999999999909e-01
4.523333333333333095e-01
4.524666666666666837e-01
4.522666666666666502e-01
4.524000000000000243e-01
4.525333333333333430e-01
4.526000000000000023e-01
4.526666666666666616e-01
4.527333333333333210e-01
4.528666666666666396e-01
4.528666666666666396e-01
4.530000000000000138e-01
4.529333333333333544e-01
4.531333333333333324e-01
4.532666666666666511e-01
4.534000000000000252e-01
4.537999999999999812e-01
4.537999999999999812e-01
4.538666666666666405e-01
4.537333333333333218e-01
4.540000000000000147e-01
4.540666666666666740e-01
4.541333333333333333e-01
4.543333333333333113e-01
4.547333333333333227e-01
4.548666666666666414e-01
4.547999999999999821e-01
4.548666666666666414e-01
4.551333333333333342e-01
4.551999999999999935e-01
4.551999999999999935e-01
4.554000000000000270e-01
4.554666666666666863e-01
4.554666666666666863e-01
4.557333333333333236e-01
4.558666666666666423e-01
4.561333333333333351e-01
4.562666666666666537e-01
4.563999999999999724e-01
4.564666666666666872e-01
4.564666666666666872e-01
4.567999999999999838e-01
4.568666666666666432e-01
4.567999999999999838e-01
4.567999999999999838e-01
4.571333333333333360e-01
4.571999999999999953e-01
4.572666666666666546e-01
4.572666666666666546e-01
4.574666666666666881e-01
4.575333333333333474e-01
4.575333333333333474e-01
4.576000000000000068e-01
4.576666666666666661e-01
4.577333333333333254e-01
4.578666666666666440e-01
4.583333333333333148e-01
4.583999999999999742e-01
4.583333333333333148e-01
4.584666666666666890e-01
4.583333333333333148e-01
4.585333333333333483e-01
4.587333333333333263e-01
4.587333333333333263e-01
4.590666666666666784e-01
4.593333333333333157e-01
4.594666666666666899e-01
4.596000000000000085e-01
4.597333333333333272e-01
4.596000000000000085e-01
4.596666666666666679e-01
4.596000000000000085e-01
4.598666666666666458e-01
4.599333333333333607e-01
4.600000000000000200e-01
4.601333333333333386e-01
4.601999999999999980e-01
4.604666666666666908e-01
4.606666666666666687e-01
4.607333333333333281e-01
4.608666666666666467e-01
4.611333333333333395e-01
4.611999999999999988e-01
4.616666666666666696e-01
4.617999999999999883e-01
4.617999999999999883e-01
4.620000000000000218e-01
4.621333333333333404e-01
4.623333333333333184e-01
4.624666666666666925e-01
4.626000000000000112e-01
4.627999999999999892e-01
4.628666666666666485e-01
4.628666666666666485e-01
4.627999999999999892e-01
4.630000000000000226e-01
4.632000000000000006e-01
4.632666666666666599e-01
4.633333333333333193e-01
4.635333333333333528e-01
4.636666666666666714e-01
4.637999999999999901e-01
4.640666666666666829e-01
4.641333333333333422e-01
4.640666666666666829e-01
4.641333333333333422e-01
4.644666666666666943e-01
4.646000000000000130e-01
4.647333333333333316e-01
4.649333333333333096e-01
4.651333333333333431e-01
4.651333333333333431e-01
4.651333333333333431e-01
4.652666666666666617e-01
4.652666666666666617e-01
4.653999999999999804e-01
4.657333333333333325e-01
4.657999999999999918e-01
4.658666666666666512e-01
4.660666666666666846e-01
4.660666666666666846e-01
4.661333333333333440e-01
4.661333333333333440e-01
4.660000000000000253e-01
4.662666666666666626e-01
4.662666666666666626e-01
4.662666666666666626e-01
4.664666666666666406e-01
4.664666666666666406e-01
4.666000000000000147e-01
4.667999999999999927e-01
4.669333333333333114e-01
4.670000000000000262e-01
4.670000000000000262e-01
4.671333333333333449e-01
4.669333333333333114e-01
4.670000000000000262e-01
4.672000000000000042e-01
4.672666666666666635e-01
4.673333333333333228e-01
4.673999999999999821e-01
4.675333333333333563e-01
4.673999999999999821e-01
4.674666666666666415e-01
4.675333333333333563e-01
4.676666666666666750e-01
4.676666666666666750e-01
4.677999999999999936e-01
4.678666666666666529e-01
4.679333333333333123e-01
4.682000000000000051e-01
4.682000000000000051e-01
4.681333333333333457e-01
4.682000000000000051e-01
4.682000000000000051e-01
4.682666666666666644e-01
4.682000000000000051e-01
4.686000000000000165e-01
4.688666666666666538e-01
4.687333333333333352e-01
4.687999999999999945e-01
4.688666666666666538e-01
4.687999999999999945e-01
4.688666666666666538e-01
4.688666666666666538e-01
4.689333333333333131e-01
4.689999999999999725e-01
4.689999999999999725e-01
4.691333333333333466e-01
4.692666666666666653e-01
4.693999999999999839e-01
4.697999999999999954e-01
4.697999999999999954e-01
4.699333333333333140e-01
4.700666666666666882e-01
4.701333333333333475e-01
4.700666666666666882e-01
4.702000000000000068e-01
4.702666666666666662e-01
4.703333333333333255e-01
4.704666666666666441e-01
4.706666666666666776e-01
4.706666666666666776e-01
4.706000000000000183e-01
4.708666666666666556e-01
4.708666666666666556e-01
4.709333333333333149e-01
4.712666666666666671e-01
4.712000000000000077e-01
4.712000000000000077e-01
4.714666666666666450e-01
4.714666666666666450e-01
4.715333333333333599e-01
4.714666666666666450e-01
4.716666666666666785e-01
4.716000000000000192e-01
4.715333333333333599e-01
4.716000000000000192e-01
4.716666666666666785e-01
4.717333333333333378e-01
4.717999999999999972e-01
4.719999999999999751e-01
4.722666666666666679e-01
4.723999999999999866e-01
4.726000000000000201e-01
4.725333333333333607e-01
4.726000000000000201e-01
4.726666666666666794e-01
4.727333333333333387e-01
4.729999999999999760e-01
4.730666666666666909e-01
4.732666666666666688e-01
4.733999999999999875e-01
4.735333333333333061e-01
4.737999999999999989e-01
4.739333333333333176e-01
4.739333333333333176e-01
4.737333333333333396e-01
4.737999999999999989e-01
4.737333333333333396e-01
4.739999999999999769e-01
4.738666666666666583e-01
4.741333333333333511e-01
4.741333333333333511e-01
4.742000000000000104e-01
4.745333333333333070e-01
4.748666666666666591e-01
4.747333333333333405e-01
4.746666666666666812e-01
4.747333333333333405e-01
4.749999999999999778e-01
4.749333333333333185e-01
4.752000000000000113e-01
4.753333333333333299e-01
4.752666666666666706e-01
4.753333333333333299e-01
4.755333333333333079e-01
4.753999999999999893e-01
4.753333333333333299e-01
4.756666666666666821e-01
4.758666666666666600e-01
4.759999999999999787e-01
4.761333333333333528e-01
4.761333333333333528e-01
4.762000000000000122e-01
4.762000000000000122e-01
4.762000000000000122e-01
4.763333333333333308e-01
4.763333333333333308e-01
4.764666666666666495e-01
4.765333333333333088e-01
4.765333333333333088e-01
4.766666666666666829e-01
4.769333333333333202e-01
4.769999999999999796e-01
4.769999999999999796e-01
4.771333333333333537e-01
4.772666666666666724e-01
4.771333333333333537e-01
4.774666666666666504e-01
4.776000000000000245e-01
4.778000000000000025e-01
4.776000000000000245e-01
4.779333333333333211e-01
4.780666666666666398e-01
4.780666666666666398e-01
4.782000000000000139e-01
4.782000000000000139e-01
4.782000000000000139e-01
4.783333333333333326e-01
4.783999999999999919e-01
4.783333333333333326e-01
4.782666666666666733e-01
4.782000000000000139e-01
4.781333333333333546e-01
4.780666666666666398e-01
4.781333333333333546e-01
4.782666666666666733e-01
4.783333333333333326e-01
4.782000000000000139e-01
4.783999999999999919e-01
4.784666666666666512e-01
4.786666666666666847e-01
4.789333333333333220e-01
4.788000000000000034e-01
4.790666666666666407e-01
4.792666666666666742e-01
4.792000000000000148e-01
4.793333333333333335e-01
4.793999999999999928e-01
4.794666666666666521e-01
4.794666666666666521e-01
4.795333333333333115e-01
4.796666666666666856e-01
4.799333333333333229e-01
4.799333333333333229e-01
4.799999999999999822e-01
4.802666666666666750e-01
4.802000000000000157e-01
4.801333333333333564e-01
4.803333333333333344e-01
4.802666666666666750e-01
4.803999999999999937e-01
4.803333333333333344e-01
4.806666666666666865e-01
4.808000000000000052e-01
4.808000000000000052e-01
4.807333333333333458e-01
4.808666666666666645e-01
4.807333333333333458e-01
4.809999999999999831e-01
4.812666666666666759e-01
4.812000000000000166e-01
4.813999999999999946e-01
4.815333333333333132e-01
4.815333333333333132e-01
4.813333333333333353e-01
4.813999999999999946e-01
4.814666666666666539e-01
4.814666666666666539e-01
4.814666666666666539e-01
4.813333333333333353e-01
4.815333333333333132e-01
4.815999999999999726e-01
4.816666666666666874e-01
4.817333333333333467e-01
4.818666666666666654e-01
4.818000000000000060e-01
4.815999999999999726e-01
4.818000000000000060e-01
4.819999999999999840e-01
4.819999999999999840e-01
4.821333333333333582e-01
4.824666666666666548e-01
4.825333333333333141e-01
4.825999999999999734e-01
4.828000000000000069e-01
4.830666666666666442e-01
4.829333333333333256e-01
4.829999999999999849e-01
4.827333333333333476e-01
4.828000000000000069e-01
4.831333333333333591e-01
4.832000000000000184e-01
4.834666666666666557e-01
4.835333333333333150e-01
4.835999999999999743e-01
4.836666666666666892e-01
4.836666666666666892e-01
4.835999999999999743e-01
4.834666666666666557e-01
4.834666666666666557e-01
4.835999999999999743e-01
