3.735333333333333283e-01
3.744666666666666699e-01
3.752666666666666928e-01
3.756666666666666488e-01
3.758666666666666822e-01
3.766666666666666496e-01
3.770666666666666611e-01
3.774666666666666726e-01
3.775999999999999912e-01
3.779333333333333433e-01
3.782666666666666400e-01
3.784666666666666734e-01
3.788666666666666849e-01
3.790666666666666629e-01
3.792666666666666409e-01
3.794000000000000150e-01
3.799333333333333451e-01
3.804000000000000159e-01
3.807333333333333125e-01
3.812666666666666426e-01
3.816666666666666541e-01
3.817999999999999727e-01
3.816666666666666541e-01
3.821333333333333249e-01
3.824000000000000177e-01
3.824000000000000177e-01
3.827333333333333143e-01
3.830666666666666664e-01
3.834000000000000186e-01
3.835333333333333372e-01
3.837999999999999745e-01
3.843333333333333601e-01
3.844666666666666788e-01
3.847333333333333161e-01
3.850666666666666682e-01
3.855333333333333390e-01
3.855999999999999983e-01
3.860000000000000098e-01
3.864666666666666806e-01
3.865333333333333399e-01
3.867999999999999772e-01
3.871999999999999886e-01
3.874666666666666814e-01
3.877333333333333187e-01
3.880666666666666709e-01
3.882666666666666488e-01
3.887999999999999790e-01
3.890000000000000124e-01
3.892666666666666497e-01
3.896000000000000019e-01
3.896000000000000019e-01
3.901999999999999913e-01
3.904000000000000248e-01
3.910666666666666735e-01
3.914666666666666850e-01
3.917999999999999816e-01
3.920000000000000151e-01
3.922666666666666524e-01
3.926000000000000045e-01
3.926666666666666639e-01
3.927999999999999825e-01
3.932666666666666533e-01
3.940000000000000169e-01
3.940666666666666762e-01
3.945333333333333470e-01
3.950666666666666771e-01
3.953999999999999737e-01
3.957333333333333258e-01
3.954666666666666885e-01
3.958666666666666445e-01
3.962666666666666559e-01
3.965333333333333488e-01
3.970000000000000195e-01
3.973999999999999755e-01
3.975333333333333496e-01
3.980666666666666798e-01
3.981999999999999984e-01
3.983333333333333171e-01
3.986666666666666692e-01
3.986666666666666692e-01
3.987999999999999878e-01
3.990000000000000213e-01
3.992666666666666586e-01
3.993999999999999773e-01
4.000000000000000222e-01
4.002000000000000002e-01
4.006000000000000116e-01
4.012666666666666604e-01
4.016000000000000125e-01
4.019333333333333091e-01
4.021333333333333426e-01
4.022000000000000020e-01
4.024666666666666393e-01
4.026000000000000134e-01
4.030666666666666842e-01
4.033333333333333215e-01
4.034666666666666401e-01
4.035333333333333550e-01
4.037999999999999923e-01
4.040666666666666851e-01
4.043333333333333224e-01
4.044666666666666410e-01
4.047999999999999932e-01
4.047999999999999932e-01
4.050666666666666860e-01
4.053999999999999826e-01
4.057333333333333347e-01
4.060666666666666869e-01
4.063999999999999835e-01
4.065333333333333576e-01
4.065333333333333576e-01
4.069999999999999729e-01
4.069999999999999729e-01
4.073333333333333250e-01
4.074666666666666437e-01
4.077333333333333365e-01
4.080666666666666886e-01
4.079999999999999738e-01
4.083333333333333259e-01
4.086666666666666781e-01
4.087333333333333374e-01
4.081333333333333480e-01
4.091333333333333488e-01
4.094666666666666455e-01
4.096666666666666790e-01
4.097999999999999976e-01
4.099999999999999756e-01
4.103333333333333277e-01
4.103999999999999870e-01
4.104666666666666464e-01
4.107999999999999985e-01
4.109333333333333171e-01
4.112000000000000099e-01
4.112000000000000099e-01
4.114666666666666472e-01
4.117333333333333401e-01
4.119999999999999774e-01
4.121333333333333515e-01
4.123999999999999888e-01
4.125333333333333075e-01
4.128000000000000003e-01
4.128666666666666596e-01
4.132666666666666710e-01
4.132666666666666710e-01
4.137333333333333418e-01
4.143333333333333313e-01
4.145333333333333092e-01
4.146666666666666834e-01
4.147333333333333427e-01
4.146666666666666834e-01
4.148666666666666614e-01
4.148000000000000020e-01
4.151333333333333542e-01
4.153999999999999915e-01
4.158000000000000029e-01
4.158666666666666623e-01
4.157333333333333436e-01
4.159999999999999809e-01
4.160666666666666402e-01
4.165333333333333110e-01
4.166000000000000258e-01
4.167333333333333445e-01
4.166666666666666852e-01
4.169999999999999818e-01
4.169999999999999818e-01
4.173999999999999932e-01
4.178666666666666640e-01
4.182000000000000162e-01
4.184666666666666535e-01
4.188666666666666649e-01
4.189999999999999836e-01
4.192000000000000171e-01
4.193333333333333357e-01
4.195999999999999730e-01
4.196666666666666878e-01
4.196666666666666878e-01
4.202000000000000179e-01
4.203999999999999959e-01
4.206666666666666887e-01
4.209333333333333260e-01
4.212666666666666782e-01
4.212000000000000188e-01
4.212666666666666782e-01
4.216666666666666896e-01
4.222000000000000197e-01
4.220666666666666456e-01
4.224666666666666570e-01
4.225333333333333163e-01
4.225999999999999757e-01
4.229999999999999871e-01
4.230666666666666464e-01
4.231333333333333058e-01
4.233333333333333393e-01
4.234666666666666579e-01
4.238000000000000100e-01
4.238666666666666694e-01
4.238666666666666694e-01
4.242000000000000215e-01
4.242666666666666808e-01
4.243333333333333401e-01
4.243333333333333401e-01
4.245333333333333181e-01
4.243999999999999995e-01
4.249333333333333296e-01
4.249999999999999889e-01
4.251333333333333075e-01
4.252000000000000224e-01
4.254666666666666597e-01
4.254666666666666597e-01
4.256666666666666932e-01
4.263333333333333419e-01
4.264000000000000012e-01
4.267333333333333534e-01
4.267333333333333534e-01
4.268666666666666720e-01
4.272666666666666835e-01
4.274666666666666615e-01
4.277333333333333543e-01
4.278666666666666729e-01
4.281333333333333102e-01
4.286666666666666403e-01
4.289333333333333331e-01
4.294666666666666632e-01
4.295333333333333226e-01
4.294666666666666632e-01
4.298666666666666747e-01
4.301333333333333120e-01
4.302000000000000268e-01
4.304000000000000048e-01
4.305333333333333234e-01
4.306666666666666421e-01
4.306666666666666421e-01
4.308000000000000163e-01
4.314000000000000057e-01
4.315999999999999837e-01
4.319333333333333358e-01
4.321999999999999731e-01
4.324000000000000066e-01
4.325333333333333252e-01
4.324666666666666659e-01
4.325999999999999845e-01
4.328000000000000180e-01
4.326666666666666439e-01
4.321333333333333138e-01
4.331333333333333147e-01
4.333333333333333481e-01
4.335999999999999854e-01
4.337333333333333596e-01
4.338000000000000189e-01
4.339999999999999969e-01
4.340666666666666562e-01
4.342666666666666897e-01
4.342666666666666897e-01
4.344000000000000083e-01
4.345999999999999863e-01
4.345999999999999863e-01
4.347333333333333605e-01
4.348666666666666791e-01
4.349999999999999978e-01
4.348666666666666791e-01
4.353333333333333499e-01
4.354666666666666686e-01
4.357333333333333059e-01
4.358000000000000207e-01
4.362666666666666915e-01
4.363333333333333508e-01
4.365999999999999881e-01
4.365999999999999881e-01
4.367333333333333067e-01
4.368000000000000216e-01
4.369999999999999996e-01
4.371999999999999775e-01
4.374666666666666703e-01
4.377333333333333076e-01
4.379333333333333411e-01
4.380000000000000004e-01
4.381333333333333191e-01
4.380666666666666598e-01
4.384000000000000119e-01
4.388000000000000234e-01
4.391333333333333200e-01
4.391333333333333200e-01
4.392666666666666941e-01
4.395333333333333314e-01
4.395333333333333314e-01
4.395333333333333314e-01
4.400000000000000022e-01
4.402666666666666395e-01
4.404000000000000137e-01
4.404666666666666730e-01
4.404666666666666730e-01
4.408000000000000251e-01
4.409333333333333438e-01
4.412666666666666404e-01
4.412666666666666404e-01
4.414000000000000146e-01
4.416666666666666519e-01
4.417333333333333112e-01
4.419333333333333447e-01
4.420000000000000040e-01
4.421333333333333226e-01
4.421333333333333226e-01
4.424666666666666748e-01
4.423333333333333561e-01
4.422666666666666413e-01
4.425333333333333341e-01
4.428666666666666862e-01
4.430000000000000049e-01
4.433333333333333570e-01
4.434000000000000163e-01
4.437333333333333130e-01
4.438666666666666871e-01
4.440666666666666651e-01
4.441999999999999837e-01
4.445999999999999952e-01
4.447333333333333139e-01
4.450000000000000067e-01
4.450666666666666660e-01
4.451999999999999846e-01
4.452666666666666440e-01
4.452666666666666440e-01
4.455333333333333368e-01
4.456666666666666554e-01
4.458666666666666889e-01
4.458666666666666889e-01
4.461999999999999855e-01
4.462666666666666448e-01
4.464666666666666783e-01
4.468666666666666898e-01
4.470000000000000084e-01
4.469333333333333491e-01
4.471999999999999864e-01
4.471999999999999864e-01
4.474666666666666792e-01
4.475333333333333385e-01
4.480666666666666687e-01
4.480000000000000093e-01
4.481999999999999873e-01
4.481999999999999873e-01
4.484666666666666801e-01
4.484666666666666801e-01
4.485999999999999988e-01
4.486666666666666581e-01
4.488666666666666916e-01
4.490666666666666695e-01
4.491999999999999882e-01
4.492666666666666475e-01
4.494000000000000217e-01
4.495333333333333403e-01
4.495999999999999996e-01
4.496666666666666590e-01
4.495999999999999996e-01
4.497333333333333183e-01
4.497999999999999776e-01
4.496666666666666590e-01
4.499333333333333518e-01
4.501333333333333298e-01
4.501999999999999891e-01
4.502666666666666484e-01
4.501999999999999891e-01
4.501999999999999891e-01
4.501999999999999891e-01
4.504000000000000226e-01
4.504666666666666819e-01
4.503333333333333077e-01
4.501333333333333298e-01
4.506666666666666599e-01
4.508666666666666933e-01
4.510666666666666713e-01
4.512666666666666493e-01
4.511333333333333306e-01
4.514000000000000234e-01
4.514000000000000234e-01
4.516666666666666607e-01
4.516000000000000014e-01
4.520000000000000129e-01
4.519333333333333536e-01
4.520666666666666722e-01
4.521999999999999909e-01
4.523333333333333095e-01
4.524000000000000243e-01
4.524666666666666837e-01
4.525333333333333430e-01
4.527333333333333210e-01
4.526666666666666616e-01
4.527333333333333210e-01
4.526666666666666616e-01
4.527333333333333210e-01
4.527999999999999803e-01
4.528666666666666396e-01
4.531333333333333324e-01
4.531333333333333324e-01
4.533333333333333104e-01
4.534000000000000252e-01
4.536666666666666625e-01
4.537999999999999812e-01
4.538666666666666405e-01
4.538666666666666405e-01
4.540666666666666740e-01
4.540666666666666740e-01
4.543333333333333113e-01
4.545333333333333448e-01
4.547999999999999821e-01
4.547999999999999821e-01
4.547999999999999821e-01
4.547999999999999821e-01
4.551333333333333342e-01
4.550666666666666749e-01
4.551999999999999935e-01
4.553333333333333122e-01
4.556666666666666643e-01
4.557333333333333236e-01
4.557999999999999829e-01
4.557999999999999829e-01
4.561333333333333351e-01
4.562666666666666537e-01
4.561999999999999944e-01
4.565333333333333465e-01
4.567333333333333245e-01
4.568666666666666432e-01
4.568666666666666432e-01
4.567333333333333245e-01
4.569333333333333580e-01
4.571999999999999953e-01
4.572666666666666546e-01
4.572666666666666546e-01
4.571999999999999953e-01
4.573999999999999733e-01
4.573999999999999733e-01
4.573999999999999733e-01
4.576000000000000068e-01
4.577999999999999847e-01
4.576666666666666661e-01
4.580666666666666775e-01
4.583333333333333148e-01
4.583333333333333148e-01
4.586000000000000076e-01
4.585333333333333483e-01
4.585333333333333483e-01
4.586000000000000076e-01
4.586666666666666670e-01
4.588666666666666449e-01
4.591999999999999971e-01
4.591999999999999971e-01
4.593999999999999750e-01
4.596000000000000085e-01
4.596000000000000085e-01
4.597999999999999865e-01
4.597999999999999865e-01
4.596000000000000085e-01
4.599333333333333607e-01
4.600000000000000200e-01
4.601333333333333386e-01
4.602666666666666573e-01
4.603999999999999759e-01
4.606000000000000094e-01
4.605333333333333501e-01
4.608666666666666467e-01
4.611333333333333395e-01
4.611333333333333395e-01
4.611333333333333395e-01
4.616666666666666696e-01
4.617333333333333290e-01
4.617333333333333290e-01
4.620666666666666811e-01
4.623333333333333184e-01
4.623999999999999777e-01
4.623999999999999777e-01
4.625333333333333519e-01
4.626666666666666705e-01
4.627999999999999892e-01
4.631333333333333413e-01
4.630000000000000226e-01
4.632000000000000006e-01
4.632666666666666599e-01
4.633333333333333193e-01
4.634666666666666934e-01
4.636666666666666714e-01
4.636666666666666714e-01
4.637333333333333307e-01
4.640000000000000235e-01
4.640000000000000235e-01
4.642000000000000015e-01
4.644666666666666943e-01
4.645333333333333536e-01
4.644666666666666943e-01
4.646000000000000130e-01
4.646000000000000130e-01
4.651333333333333431e-01
4.650666666666666837e-01
4.651333333333333431e-01
4.653999999999999804e-01
4.657333333333333325e-01
4.656666666666666732e-01
4.657999999999999918e-01
4.658666666666666512e-01
4.659333333333333105e-01
4.661333333333333440e-01
4.661333333333333440e-01
4.661333333333333440e-01
4.662000000000000033e-01
4.660000000000000253e-01
4.662666666666666626e-01
4.662666666666666626e-01
4.663333333333333219e-01
4.664666666666666406e-01
4.666666666666666741e-01
4.666000000000000147e-01
4.666000000000000147e-01
4.668666666666666520e-01
4.669333333333333114e-01
4.669333333333333114e-01
4.671333333333333449e-01
4.672000000000000042e-01
4.671333333333333449e-01
4.671333333333333449e-01
4.670666666666666855e-01
4.672000000000000042e-01
4.673999999999999821e-01
4.675333333333333563e-01
4.674666666666666415e-01
4.673999999999999821e-01
4.676666666666666750e-01
4.676666666666666750e-01
4.677999999999999936e-01
4.676666666666666750e-01
4.677999999999999936e-01
4.677999999999999936e-01
4.680000000000000271e-01
4.681333333333333457e-01
4.682666666666666644e-01
4.682666666666666644e-01
4.682666666666666644e-01
4.684666666666666424e-01
4.686666666666666758e-01
4.686000000000000165e-01
4.688666666666666538e-01
4.687999999999999945e-01
4.689333333333333131e-01
4.688666666666666538e-01
4.689333333333333131e-01
4.689333333333333131e-01
4.689333333333333131e-01
4.689333333333333131e-01
4.691333333333333466e-01
4.691333333333333466e-01
4.691333333333333466e-01
4.692000000000000060e-01
4.693333333333333246e-01
4.696666666666666767e-01
4.697999999999999954e-01
4.697999999999999954e-01
4.700666666666666882e-01
4.700666666666666882e-01
4.700666666666666882e-01
4.702000000000000068e-01
4.703333333333333255e-01
4.703999999999999848e-01
4.706000000000000183e-01
4.706666666666666776e-01
4.707333333333333369e-01
4.707999999999999963e-01
4.708666666666666556e-01
4.707999999999999963e-01
4.709999999999999742e-01
4.711333333333333484e-01
4.711333333333333484e-01
4.712666666666666671e-01
4.713999999999999857e-01
4.714666666666666450e-01
4.714666666666666450e-01
4.716000000000000192e-01
4.717999999999999972e-01
4.716000000000000192e-01
4.717333333333333378e-01
4.717333333333333378e-01
4.717333333333333378e-01
4.717333333333333378e-01
4.716666666666666785e-01
4.720666666666666900e-01
4.722666666666666679e-01
4.724666666666666459e-01
4.726666666666666794e-01
4.727333333333333387e-01
4.726666666666666794e-01
4.725333333333333607e-01
4.726666666666666794e-01
4.728666666666666574e-01
4.730666666666666909e-01
4.732000000000000095e-01
4.732666666666666688e-01
4.735333333333333061e-01
4.737333333333333396e-01
4.739999999999999769e-01
4.739333333333333176e-01
4.739999999999999769e-01
4.737999999999999989e-01
4.739333333333333176e-01
4.741333333333333511e-01
4.739999999999999769e-01
4.739333333333333176e-01
4.739999999999999769e-01
4.743999999999999884e-01
4.747333333333333405e-01
4.748666666666666591e-01
4.747999999999999998e-01
4.747333333333333405e-01
4.743999999999999884e-01
4.746666666666666812e-01
4.747333333333333405e-01
4.751333333333333520e-01
4.752666666666666706e-01
4.753333333333333299e-01
4.753333333333333299e-01
4.755333333333333079e-01
4.756000000000000227e-01
4.756000000000000227e-01
4.756666666666666821e-01
4.758666666666666600e-01
4.758666666666666600e-01
4.761333333333333528e-01
4.762000000000000122e-01
4.762666666666666715e-01
4.762666666666666715e-01
4.762666666666666715e-01
4.763999999999999901e-01
4.763999999999999901e-01
4.763333333333333308e-01
4.765333333333333088e-01
4.765333333333333088e-01
4.766666666666666829e-01
4.770666666666666944e-01
4.769999999999999796e-01
4.770666666666666944e-01
4.772000000000000131e-01
4.773333333333333317e-01
4.773333333333333317e-01
4.772000000000000131e-01
4.773999999999999910e-01
4.777333333333333432e-01
4.777333333333333432e-01
4.779999999999999805e-01
4.780666666666666398e-01
4.781333333333333546e-01
4.783333333333333326e-01
4.782000000000000139e-01
4.782000000000000139e-01
4.783999999999999919e-01
4.783333333333333326e-01
4.782000000000000139e-01
4.782666666666666733e-01
4.782666666666666733e-01
4.781333333333333546e-01
4.782000000000000139e-01
4.782000000000000139e-01
4.783999999999999919e-01
4.784666666666666512e-01
4.783999999999999919e-01
4.785333333333333106e-01
4.786000000000000254e-01
4.786666666666666847e-01
4.788666666666666627e-01
4.789333333333333220e-01
4.792666666666666742e-01
4.793999999999999928e-01
4.792000000000000148e-01
4.793333333333333335e-01
4.794666666666666521e-01
4.795333333333333115e-01
4.793333333333333335e-01
4.795333333333333115e-01
4.797333333333333449e-01
4.800666666666666416e-01
4.799999999999999822e-01
4.802000000000000157e-01
4.803333333333333344e-01
4.802000000000000157e-01
4.801333333333333564e-01
4.803333333333333344e-01
4.803999999999999937e-01
4.803999999999999937e-01
4.806000000000000272e-01
4.807333333333333458e-01
4.807333333333333458e-01
4.806666666666666865e-01
4.808666666666666645e-01
4.809999999999999831e-01
4.807333333333333458e-01
4.809333333333333238e-01
4.812000000000000166e-01
4.812666666666666759e-01
4.813999999999999946e-01
4.815333333333333132e-01
4.814666666666666539e-01
4.814666666666666539e-01
4.815999999999999726e-01
4.815999999999999726e-01
4.816666666666666874e-01
4.815999999999999726e-01
4.816666666666666874e-01
4.813999999999999946e-01
4.815333333333333132e-01
4.816666666666666874e-01
4.817333333333333467e-01
4.818000000000000060e-01
4.818000000000000060e-01
4.816666666666666874e-01
4.818000000000000060e-01
4.819999999999999840e-01
4.819999999999999840e-01
4.822000000000000175e-01
4.822666666666666768e-01
4.824666666666666548e-01
4.826666666666666883e-01
4.828000000000000069e-01
4.830666666666666442e-01
4.829333333333333256e-01
4.829999999999999849e-01
4.828000000000000069e-01
4.828666666666666663e-01
4.830666666666666442e-01
4.831333333333333591e-01
4.833333333333333370e-01
4.833333333333333370e-01
4.836666666666666892e-01
4.835999999999999743e-01
4.836666666666666892e-01
4.835999999999999743e-01
4.833333333333333370e-01
4.833999999999999964e-01
