3.629999999999999893e-01
3.635999999999999788e-01
3.645999999999999797e-01
3.649999999999999911e-01
3.655999999999999805e-01
3.662000000000000255e-01
3.667333333333333556e-01
3.669333333333333336e-01
3.673333333333333450e-01
3.676666666666666416e-01
3.681333333333333124e-01
3.684000000000000052e-01
3.689999999999999947e-01
3.695999999999999841e-01
3.699999999999999956e-01
3.699333333333333362e-01
3.705999999999999850e-01
3.706666666666666443e-01
3.712666666666666893e-01
3.714000000000000079e-01
3.720666666666666567e-01
3.723333333333333495e-01
3.729333333333333389e-01
3.732666666666666910e-01
3.734000000000000097e-01
3.739333333333333398e-01
3.740666666666666584e-01
3.745333333333333292e-01
3.747333333333333072e-01
3.748666666666666814e-01
3.754666666666666708e-01
3.756666666666666488e-01
3.760666666666666602e-01
3.764000000000000123e-01
3.767333333333333090e-01
3.769333333333333425e-01
3.777333333333333099e-01
3.781999999999999806e-01
3.787333333333333107e-01
3.791999999999999815e-01
3.795333333333333337e-01
3.794000000000000150e-01
3.798000000000000265e-01
3.801333333333333231e-01
3.802666666666666417e-01
3.809333333333333460e-01
3.811999999999999833e-01
3.812666666666666426e-01
3.816666666666666541e-01
3.818666666666666876e-01
3.823333333333333584e-01
3.827333333333333143e-01
3.830666666666666664e-01
3.830666666666666664e-01
3.834666666666666779e-01
3.834666666666666779e-01
3.840666666666666673e-01
3.845333333333333381e-01
3.847999999999999754e-01
3.849333333333333496e-01
3.855333333333333390e-01
3.859333333333333504e-01
3.861333333333333284e-01
3.863333333333333064e-01
3.869333333333333513e-01
3.872666666666666480e-01
3.875333333333333408e-01
3.882666666666666488e-01
3.885333333333333417e-01
3.888666666666666938e-01
3.891999999999999904e-01
3.894000000000000239e-01
3.898666666666666392e-01
3.904666666666666841e-01
3.907999999999999807e-01
3.908666666666666401e-01
3.909333333333333549e-01
3.914666666666666850e-01
3.917999999999999816e-01
3.920000000000000151e-01
3.927333333333333232e-01
3.929333333333333567e-01
3.930000000000000160e-01
3.936666666666666647e-01
3.938666666666666427e-01
3.943333333333333135e-01
3.943999999999999728e-01
3.945333333333333470e-01
3.948666666666666436e-01
3.950000000000000178e-01
3.954666666666666885e-01
3.954666666666666885e-01
3.957333333333333258e-01
3.960000000000000187e-01
3.962666666666666559e-01
3.970000000000000195e-01
3.974666666666666903e-01
3.975333333333333496e-01
3.977333333333333276e-01
3.979333333333333056e-01
3.977999999999999869e-01
3.985333333333333505e-01
3.988666666666666472e-01
3.988666666666666472e-01
3.991333333333333400e-01
3.993999999999999773e-01
4.000000000000000222e-01
4.004666666666666930e-01
4.007999999999999896e-01
4.012666666666666604e-01
4.016000000000000125e-01
4.018666666666666498e-01
4.019333333333333091e-01
4.022000000000000020e-01
4.022000000000000020e-01
4.027333333333333321e-01
4.027999999999999914e-01
4.032666666666666622e-01
4.034666666666666401e-01
4.037999999999999923e-01
4.038666666666666516e-01
4.041333333333333444e-01
4.043333333333333224e-01
4.047999999999999932e-01
4.047999999999999932e-01
4.052000000000000046e-01
4.055333333333333568e-01
4.056666666666666754e-01
4.060000000000000275e-01
4.067333333333333356e-01
4.065333333333333576e-01
4.067999999999999949e-01
4.066000000000000170e-01
4.069333333333333136e-01
4.074666666666666437e-01
4.076666666666666772e-01
4.076666666666666772e-01
4.082000000000000073e-01
4.084666666666666446e-01
4.087999999999999967e-01
4.089999999999999747e-01
4.089999999999999747e-01
4.091333333333333488e-01
4.095333333333333603e-01
4.096000000000000196e-01
4.096000000000000196e-01
4.100666666666666904e-01
4.101333333333333497e-01
4.102000000000000091e-01
4.106000000000000205e-01
4.107999999999999985e-01
4.109999999999999765e-01
4.109999999999999765e-01
4.112000000000000099e-01
4.113333333333333286e-01
4.115333333333333066e-01
4.119333333333333180e-01
4.121333333333333515e-01
4.122000000000000108e-01
4.123999999999999888e-01
4.123999999999999888e-01
4.129333333333333189e-01
4.133333333333333304e-01
4.136000000000000232e-01
4.139999999999999791e-01
4.142666666666666719e-01
4.145333333333333092e-01
4.146666666666666834e-01
4.146666666666666834e-01
4.148000000000000020e-01
4.149999999999999800e-01
4.151333333333333542e-01
4.153333333333333321e-01
4.155333333333333101e-01
4.154666666666666508e-01
4.156000000000000250e-01
4.156666666666666843e-01
4.162000000000000144e-01
4.162666666666666737e-01
4.163333333333333330e-01
4.163999999999999924e-01
4.165333333333333110e-01
4.168000000000000038e-01
4.169999999999999818e-01
4.173333333333333339e-01
4.176000000000000267e-01
4.175333333333333119e-01
4.182000000000000162e-01
4.182000000000000162e-01
4.183999999999999941e-01
4.186666666666666869e-01
4.190666666666666429e-01
4.188666666666666649e-01
4.189999999999999836e-01
4.194666666666666544e-01
4.193333333333333357e-01
4.199999999999999845e-01
4.201333333333333586e-01
4.203999999999999959e-01
4.203333333333333366e-01
4.207333333333333480e-01
4.206666666666666887e-01
4.213333333333333375e-01
4.214666666666666561e-01
4.217333333333333489e-01
4.222666666666666790e-01
4.223999999999999977e-01
4.225999999999999757e-01
4.226666666666666905e-01
4.229999999999999871e-01
4.232000000000000206e-01
4.233333333333333393e-01
4.233333333333333393e-01
4.234666666666666579e-01
4.238666666666666694e-01
4.237333333333333507e-01
4.239333333333333287e-01
4.239999999999999880e-01
4.243999999999999995e-01
4.243333333333333401e-01
4.246666666666666923e-01
4.247333333333333516e-01
4.249333333333333296e-01
4.249999999999999889e-01
4.252666666666666817e-01
4.254000000000000004e-01
4.254000000000000004e-01
4.261333333333333084e-01
4.264000000000000012e-01
4.265999999999999792e-01
4.267333333333333534e-01
4.269333333333333313e-01
4.272000000000000242e-01
4.269999999999999907e-01
4.275999999999999801e-01
4.278000000000000136e-01
4.282666666666666844e-01
4.283333333333333437e-01
4.289999999999999925e-01
4.290666666666666518e-01
4.293333333333333446e-01
4.294000000000000039e-01
4.296666666666666412e-01
4.297333333333333560e-01
4.298000000000000154e-01
4.299333333333333340e-01
4.300666666666666527e-01
4.302666666666666861e-01
4.303333333333333455e-01
4.305333333333333234e-01
4.309999999999999942e-01
4.310666666666666536e-01
4.314666666666666650e-01
4.314666666666666650e-01
4.319999999999999951e-01
4.319999999999999951e-01
4.324000000000000066e-01
4.325333333333333252e-01
4.326666666666666439e-01
4.328000000000000180e-01
4.329333333333333367e-01
4.328000000000000180e-01
4.331333333333333147e-01
4.332666666666666888e-01
4.335333333333333261e-01
4.335333333333333261e-01
4.334666666666666668e-01
4.335333333333333261e-01
4.337333333333333596e-01
4.338000000000000189e-01
4.340666666666666562e-01
4.343333333333333490e-01
4.344000000000000083e-01
4.344000000000000083e-01
4.346666666666666456e-01
4.345999999999999863e-01
4.350666666666666571e-01
4.351999999999999758e-01
4.354000000000000092e-01
4.355333333333333279e-01
4.358666666666666800e-01
4.362666666666666915e-01
4.364000000000000101e-01
4.365999999999999881e-01
4.365999999999999881e-01
4.368666666666666809e-01
4.369999999999999996e-01
4.369999999999999996e-01
4.372666666666666924e-01
4.375333333333333297e-01
4.373333333333333517e-01
4.375999999999999890e-01
4.377333333333333076e-01
4.379333333333333411e-01
4.383333333333333526e-01
4.384666666666666712e-01
4.385333333333333306e-01
4.385999999999999899e-01
4.388000000000000234e-01
4.389333333333333420e-01
4.388666666666666827e-01
4.391333333333333200e-01
4.391999999999999793e-01
4.400000000000000022e-01
4.400000000000000022e-01
4.400666666666666615e-01
4.401333333333333209e-01
4.403333333333333544e-01
4.405333333333333323e-01
4.410000000000000031e-01
4.411999999999999811e-01
4.411999999999999811e-01
4.413333333333333552e-01
4.414666666666666739e-01
4.415999999999999925e-01
4.417333333333333112e-01
4.418000000000000260e-01
4.417333333333333112e-01
4.420666666666666633e-01
4.421333333333333226e-01
4.423333333333333561e-01
4.425999999999999934e-01
4.425999999999999934e-01
4.430000000000000049e-01
4.430666666666666642e-01
4.431999999999999829e-01
4.431999999999999829e-01
4.434666666666666757e-01
4.438666666666666871e-01
4.440000000000000058e-01
4.441333333333333244e-01
4.444000000000000172e-01
4.446666666666666545e-01
4.447333333333333139e-01
4.448666666666666880e-01
4.447333333333333139e-01
4.449333333333333473e-01
4.451999999999999846e-01
4.452666666666666440e-01
4.456666666666666554e-01
4.458666666666666889e-01
4.460000000000000075e-01
4.461999999999999855e-01
4.464666666666666783e-01
4.464666666666666783e-01
4.464000000000000190e-01
4.466666666666666563e-01
4.468666666666666898e-01
4.469333333333333491e-01
4.475333333333333385e-01
4.475999999999999979e-01
4.480000000000000093e-01
4.480000000000000093e-01
4.483333333333333059e-01
4.484666666666666801e-01
4.485333333333333394e-01
4.484000000000000208e-01
4.485999999999999988e-01
4.484666666666666801e-01
4.487999999999999767e-01
4.485333333333333394e-01
4.489333333333333509e-01
4.487999999999999767e-01
4.489333333333333509e-01
4.490000000000000102e-01
4.491999999999999882e-01
4.491333333333333289e-01
4.494666666666666810e-01
4.494000000000000217e-01
4.494666666666666810e-01
4.495999999999999996e-01
4.498666666666666925e-01
4.499333333333333518e-01
4.500000000000000111e-01
4.497999999999999776e-01
4.501999999999999891e-01
4.501999999999999891e-01
4.504000000000000226e-01
4.506666666666666599e-01
4.507999999999999785e-01
4.506000000000000005e-01
4.507333333333333192e-01
4.507999999999999785e-01
4.509333333333333527e-01
4.509333333333333527e-01
4.506000000000000005e-01
4.511333333333333306e-01
4.511999999999999900e-01
4.511333333333333306e-01
4.512666666666666493e-01
4.515333333333333421e-01
4.514666666666666828e-01
4.516000000000000014e-01
4.517999999999999794e-01
4.517999999999999794e-01
4.519333333333333536e-01
4.519333333333333536e-01
4.520000000000000129e-01
4.521999999999999909e-01
4.523333333333333095e-01
4.523333333333333095e-01
4.526666666666666616e-01
4.527333333333333210e-01
4.526000000000000023e-01
4.528666666666666396e-01
4.529333333333333544e-01
4.531333333333333324e-01
4.531333333333333324e-01
4.531333333333333324e-01
4.531999999999999917e-01
4.533333333333333104e-01
4.535333333333333439e-01
4.536000000000000032e-01
4.536000000000000032e-01
4.536666666666666625e-01
4.540000000000000147e-01
4.542666666666666520e-01
4.538666666666666405e-01
4.540000000000000147e-01
4.541333333333333333e-01
4.543333333333333113e-01
4.544000000000000261e-01
4.547333333333333227e-01
4.547333333333333227e-01
4.551333333333333342e-01
4.551333333333333342e-01
4.550666666666666749e-01
4.551999999999999935e-01
4.554666666666666863e-01
4.557333333333333236e-01
4.557333333333333236e-01
4.558666666666666423e-01
4.558666666666666423e-01
4.559333333333333571e-01
4.559333333333333571e-01
4.560666666666666758e-01
4.562666666666666537e-01
4.563333333333333131e-01
4.565333333333333465e-01
4.567333333333333245e-01
4.569333333333333580e-01
4.572666666666666546e-01
4.571999999999999953e-01
4.571999999999999953e-01
4.573333333333333139e-01
4.573999999999999733e-01
4.573999999999999733e-01
4.574666666666666881e-01
4.579333333333333589e-01
4.577999999999999847e-01
4.581333333333333369e-01
4.580666666666666775e-01
4.581333333333333369e-01
4.581999999999999962e-01
4.584666666666666890e-01
4.584666666666666890e-01
4.586000000000000076e-01
4.587333333333333263e-01
4.590666666666666784e-01
4.590666666666666784e-01
4.592666666666666564e-01
4.593333333333333157e-01
4.596000000000000085e-01
4.595333333333333492e-01
4.596666666666666679e-01
4.598666666666666458e-01
4.600000000000000200e-01
4.597999999999999865e-01
4.601333333333333386e-01
4.601333333333333386e-01
4.601999999999999980e-01
4.602666666666666573e-01
4.605333333333333501e-01
4.604666666666666908e-01
4.604666666666666908e-01
4.604666666666666908e-01
4.607999999999999874e-01
4.609333333333333060e-01
4.612666666666666582e-01
4.612666666666666582e-01
4.616000000000000103e-01
4.616000000000000103e-01
4.617333333333333290e-01
4.617999999999999883e-01
4.621333333333333404e-01
4.621999999999999997e-01
4.621999999999999997e-01
4.625333333333333519e-01
4.627999999999999892e-01
4.629333333333333078e-01
4.627999999999999892e-01
4.629333333333333078e-01
4.629333333333333078e-01
4.627999999999999892e-01
4.633333333333333193e-01
4.632666666666666599e-01
4.630666666666666820e-01
4.632000000000000006e-01
4.635333333333333528e-01
4.636000000000000121e-01
4.637999999999999901e-01
4.640000000000000235e-01
4.641333333333333422e-01
4.644666666666666943e-01
4.643999999999999795e-01
4.646666666666666723e-01
4.649333333333333096e-01
4.647333333333333316e-01
4.647999999999999909e-01
4.649333333333333096e-01
4.648666666666666503e-01
4.649333333333333096e-01
4.651333333333333431e-01
4.652000000000000024e-01
4.654666666666666397e-01
4.653999999999999804e-01
4.655333333333333545e-01
4.655333333333333545e-01
4.656000000000000139e-01
4.658666666666666512e-01
4.659333333333333105e-01
4.660666666666666846e-01
4.660000000000000253e-01
4.661333333333333440e-01
4.662000000000000033e-01
4.662666666666666626e-01
4.663333333333333219e-01
4.666666666666666741e-01
4.666666666666666741e-01
4.666666666666666741e-01
4.668666666666666520e-01
4.667999999999999927e-01
4.670666666666666855e-01
4.670666666666666855e-01
4.667999999999999927e-01
4.671333333333333449e-01
4.671333333333333449e-01
4.670000000000000262e-01
4.670666666666666855e-01
4.671333333333333449e-01
4.670666666666666855e-01
4.673333333333333228e-01
4.674666666666666415e-01
4.675333333333333563e-01
4.676000000000000156e-01
4.673999999999999821e-01
4.673999999999999821e-01
4.676666666666666750e-01
4.678666666666666529e-01
4.681333333333333457e-01
4.680666666666666864e-01
4.682000000000000051e-01
4.683999999999999830e-01
4.685333333333333572e-01
4.685333333333333572e-01
4.687333333333333352e-01
4.687333333333333352e-01
4.687999999999999945e-01
4.686666666666666758e-01
4.689999999999999725e-01
4.689333333333333131e-01
4.691333333333333466e-01
4.690666666666666873e-01
4.692000000000000060e-01
4.693333333333333246e-01
4.695333333333333581e-01
4.697999999999999954e-01
4.696666666666666767e-01
4.698666666666666547e-01
4.699333333333333140e-01
4.697999999999999954e-01
4.699333333333333140e-01
4.697999999999999954e-01
4.700666666666666882e-01
4.701333333333333475e-01
4.703333333333333255e-01
4.705333333333333590e-01
4.703999999999999848e-01
4.703999999999999848e-01
4.702666666666666662e-01
4.701333333333333475e-01
4.704666666666666441e-01
4.705333333333333590e-01
4.705333333333333590e-01
4.705333333333333590e-01
4.707999999999999963e-01
4.709333333333333149e-01
4.709999999999999742e-01
4.711333333333333484e-01
4.712666666666666671e-01
4.710666666666666891e-01
4.715333333333333599e-01
4.712666666666666671e-01
4.716000000000000192e-01
4.714666666666666450e-01
4.716666666666666785e-01
4.716000000000000192e-01
4.717999999999999972e-01
4.718666666666666565e-01
4.717999999999999972e-01
4.719333333333333158e-01
4.722000000000000086e-01
4.723999999999999866e-01
4.726000000000000201e-01
4.726666666666666794e-01
4.726666666666666794e-01
4.726000000000000201e-01
4.726000000000000201e-01
4.726666666666666794e-01
4.727333333333333387e-01
4.731333333333333502e-01
4.731333333333333502e-01
4.728666666666666574e-01
4.731333333333333502e-01
4.732666666666666688e-01
4.735333333333333061e-01
4.735333333333333061e-01
4.737333333333333396e-01
4.738666666666666583e-01
4.739333333333333176e-01
4.739999999999999769e-01
4.741333333333333511e-01
4.746000000000000218e-01
4.744666666666666477e-01
4.748666666666666591e-01
4.745333333333333070e-01
4.746666666666666812e-01
4.746666666666666812e-01
4.747333333333333405e-01
4.747333333333333405e-01
4.749999999999999778e-01
4.752000000000000113e-01
4.751333333333333520e-01
4.751333333333333520e-01
4.752000000000000113e-01
4.752666666666666706e-01
4.755333333333333079e-01
4.756000000000000227e-01
4.757333333333333414e-01
4.758000000000000007e-01
4.757333333333333414e-01
4.761333333333333528e-01
4.762000000000000122e-01
4.763333333333333308e-01
4.762666666666666715e-01
4.762666666666666715e-01
4.762000000000000122e-01
4.762000000000000122e-01
4.763999999999999901e-01
4.768666666666666609e-01
4.767333333333333423e-01
4.768000000000000016e-01
4.771333333333333537e-01
4.770666666666666944e-01
4.772666666666666724e-01
4.773999999999999910e-01
4.773999999999999910e-01
4.773999999999999910e-01
4.776000000000000245e-01
4.776000000000000245e-01
4.776666666666666838e-01
4.774666666666666504e-01
4.778000000000000025e-01
4.778000000000000025e-01
4.778000000000000025e-01
4.778666666666666618e-01
4.779999999999999805e-01
4.781333333333333546e-01
4.782000000000000139e-01
4.782000000000000139e-01
4.783333333333333326e-01
4.781333333333333546e-01
4.783333333333333326e-01
4.783333333333333326e-01
4.784666666666666512e-01
4.784666666666666512e-01
4.785333333333333106e-01
4.786666666666666847e-01
4.788666666666666627e-01
4.788666666666666627e-01
4.789999999999999813e-01
4.788000000000000034e-01
4.788666666666666627e-01
4.789333333333333220e-01
4.790666666666666407e-01
4.796000000000000263e-01
4.796666666666666856e-01
4.798666666666666636e-01
4.798666666666666636e-01
4.799333333333333229e-01
4.798666666666666636e-01
4.798000000000000043e-01
4.799333333333333229e-01
4.797333333333333449e-01
4.799333333333333229e-01
4.801333333333333564e-01
4.802000000000000157e-01
4.803333333333333344e-01
4.803999999999999937e-01
4.805333333333333123e-01
4.806000000000000272e-01
4.802000000000000157e-01
4.806666666666666865e-01
4.809333333333333238e-01
4.811333333333333573e-01
4.810666666666666424e-01
4.810666666666666424e-01
4.810666666666666424e-01
4.809333333333333238e-01
4.809999999999999831e-01
4.811333333333333573e-01
4.812000000000000166e-01
4.812666666666666759e-01
4.810666666666666424e-01
4.815333333333333132e-01
4.813999999999999946e-01
4.814666666666666539e-01
4.816666666666666874e-01
4.815999999999999726e-01
4.818666666666666654e-01
4.817333333333333467e-01
4.817333333333333467e-01
4.818666666666666654e-01
4.819999999999999840e-01
4.819333333333333247e-01
4.821333333333333582e-01
4.820666666666666433e-01
4.822000000000000175e-01
4.822666666666666768e-01
4.823999999999999955e-01
