3.634000000000000008e-01
3.645333333333333203e-01
3.651333333333333098e-01
3.657333333333333547e-01
3.661333333333333107e-01
3.664666666666666628e-01
3.670666666666666522e-01
3.674000000000000044e-01
3.679333333333333345e-01
3.683333333333333459e-01
3.685333333333333239e-01
3.694000000000000061e-01
3.698000000000000176e-01
3.699999999999999956e-01
3.702666666666666884e-01
3.706666666666666443e-01
3.706666666666666443e-01
3.714666666666666672e-01
3.716666666666666452e-01
3.722666666666666901e-01
3.725999999999999868e-01
3.729333333333333389e-01
3.734000000000000097e-01
3.735999999999999877e-01
3.738000000000000211e-01
3.743333333333333512e-01
3.745333333333333292e-01
3.747333333333333072e-01
3.750000000000000000e-01
3.756666666666666488e-01
3.757333333333333081e-01
3.762666666666666937e-01
3.764666666666666717e-01
3.762666666666666937e-01
3.770666666666666611e-01
3.778666666666666840e-01
3.784000000000000141e-01
3.788000000000000256e-01
3.792666666666666409e-01
3.795999999999999930e-01
3.798000000000000265e-01
3.798666666666666858e-01
3.801333333333333231e-01
3.804000000000000159e-01
3.808666666666666867e-01
3.810666666666666647e-01
3.815333333333333354e-01
3.818666666666666876e-01
3.820000000000000062e-01
3.823333333333333584e-01
3.822666666666666435e-01
3.831333333333333258e-01
3.831999999999999851e-01
3.835333333333333372e-01
3.835999999999999965e-01
3.840000000000000080e-01
3.845333333333333381e-01
3.847333333333333161e-01
3.850666666666666682e-01
3.855333333333333390e-01
3.860666666666666691e-01
3.860000000000000098e-01
3.862666666666666471e-01
3.870000000000000107e-01
3.872666666666666480e-01
3.876666666666666594e-01
3.880000000000000115e-01
3.881333333333333302e-01
3.887999999999999790e-01
3.891333333333333311e-01
3.896000000000000019e-01
3.900000000000000133e-01
3.903333333333333099e-01
3.907999999999999807e-01
3.907999999999999807e-01
3.907999999999999807e-01
3.914000000000000257e-01
3.918666666666666409e-01
3.918666666666666409e-01
3.927999999999999825e-01
3.928666666666666418e-01
3.930000000000000160e-01
3.936666666666666647e-01
3.937999999999999834e-01
3.942666666666666542e-01
3.945333333333333470e-01
3.946000000000000063e-01
3.949333333333333584e-01
3.950666666666666771e-01
3.954666666666666885e-01
3.955333333333333479e-01
3.956000000000000072e-01
3.959333333333333593e-01
3.964666666666666894e-01
3.970666666666666789e-01
3.975333333333333496e-01
3.977333333333333276e-01
3.979333333333333056e-01
3.981999999999999984e-01
3.985333333333333505e-01
3.983999999999999764e-01
3.984666666666666912e-01
3.986666666666666692e-01
3.990666666666666806e-01
3.993999999999999773e-01
4.000000000000000222e-01
4.004666666666666930e-01
4.007333333333333303e-01
4.011333333333333417e-01
4.015333333333333532e-01
4.017999999999999905e-01
4.017999999999999905e-01
4.021333333333333426e-01
4.022000000000000020e-01
4.027999999999999914e-01
4.027999999999999914e-01
4.032000000000000028e-01
4.036666666666666736e-01
4.036000000000000143e-01
4.041333333333333444e-01
4.043333333333333224e-01
4.043333333333333224e-01
4.047333333333333338e-01
4.047333333333333338e-01
4.052666666666666639e-01
4.055333333333333568e-01
4.055333333333333568e-01
4.061333333333333462e-01
4.066000000000000170e-01
4.066000000000000170e-01
4.067333333333333356e-01
4.068666666666666543e-01
4.069333333333333136e-01
4.075333333333333585e-01
4.076000000000000179e-01
4.075333333333333585e-01
4.082000000000000073e-01
4.083999999999999853e-01
4.087333333333333374e-01
4.089999999999999747e-01
4.090666666666666895e-01
4.093333333333333268e-01
4.096000000000000196e-01
4.096666666666666790e-01
4.096666666666666790e-01
4.099999999999999756e-01
4.102666666666666684e-01
4.104666666666666464e-01
4.106000000000000205e-01
4.108666666666666578e-01
4.109333333333333171e-01
4.109333333333333171e-01
4.109333333333333171e-01
4.114666666666666472e-01
4.113999999999999879e-01
4.118666666666666587e-01
4.122000000000000108e-01
4.122000000000000108e-01
4.125333333333333075e-01
4.126666666666666816e-01
4.129999999999999782e-01
4.132000000000000117e-01
4.136666666666666825e-01
4.138666666666666605e-01
4.139999999999999791e-01
4.146000000000000241e-01
4.144666666666666499e-01
4.146666666666666834e-01
4.145333333333333092e-01
4.146666666666666834e-01
4.150666666666666393e-01
4.153333333333333321e-01
4.154666666666666508e-01
4.154666666666666508e-01
4.157333333333333436e-01
4.156666666666666843e-01
4.158666666666666623e-01
4.161333333333333551e-01
4.164666666666666517e-01
4.164666666666666517e-01
4.163999999999999924e-01
4.167333333333333445e-01
4.169999999999999818e-01
4.172666666666666746e-01
4.173999999999999932e-01
4.175333333333333119e-01
4.180666666666666420e-01
4.182666666666666755e-01
4.184666666666666535e-01
4.188000000000000056e-01
4.191333333333333577e-01
4.189333333333333242e-01
4.190666666666666429e-01
4.193999999999999950e-01
4.195999999999999730e-01
4.199999999999999845e-01
4.202666666666666773e-01
4.204666666666666552e-01
4.205999999999999739e-01
4.210666666666666447e-01
4.209999999999999853e-01
4.214666666666666561e-01
4.212000000000000188e-01
4.214666666666666561e-01
4.222000000000000197e-01
4.224666666666666570e-01
4.225999999999999757e-01
4.225333333333333163e-01
4.228000000000000091e-01
4.232666666666666799e-01
4.233333333333333393e-01
4.233999999999999986e-01
4.235333333333333172e-01
4.236666666666666914e-01
4.238666666666666694e-01
4.238666666666666694e-01
4.239999999999999880e-01
4.242000000000000215e-01
4.245333333333333181e-01
4.245999999999999774e-01
4.244666666666666588e-01
4.248666666666666702e-01
4.250666666666666482e-01
4.252000000000000224e-01
4.254000000000000004e-01
4.253333333333333410e-01
4.258000000000000118e-01
4.262666666666666826e-01
4.264666666666666606e-01
4.268000000000000127e-01
4.268666666666666720e-01
4.269999999999999907e-01
4.272666666666666835e-01
4.275333333333333208e-01
4.278000000000000136e-01
4.282666666666666844e-01
4.283333333333333437e-01
4.287333333333333552e-01
4.288666666666666738e-01
4.294000000000000039e-01
4.294000000000000039e-01
4.295999999999999819e-01
4.295999999999999819e-01
4.301333333333333120e-01
4.301333333333333120e-01
4.302000000000000268e-01
4.303333333333333455e-01
4.305333333333333234e-01
4.307333333333333569e-01
4.309999999999999942e-01
4.309999999999999942e-01
4.314000000000000057e-01
4.315999999999999837e-01
4.318666666666666765e-01
4.318666666666666765e-01
4.324000000000000066e-01
4.324666666666666659e-01
4.327333333333333587e-01
4.329333333333333367e-01
4.329333333333333367e-01
4.329999999999999960e-01
4.331333333333333147e-01
4.332666666666666888e-01
4.334000000000000075e-01
4.334000000000000075e-01
4.335333333333333261e-01
4.335999999999999854e-01
4.338000000000000189e-01
4.338000000000000189e-01
4.339999999999999969e-01
4.341333333333333155e-01
4.342666666666666897e-01
4.342666666666666897e-01
4.344666666666666677e-01
4.345999999999999863e-01
4.349333333333333385e-01
4.351333333333333164e-01
4.354000000000000092e-01
4.354000000000000092e-01
4.359999999999999987e-01
4.362666666666666915e-01
4.363333333333333508e-01
4.363333333333333508e-01
4.365333333333333288e-01
4.368000000000000216e-01
4.368000000000000216e-01
4.369999999999999996e-01
4.371999999999999775e-01
4.375333333333333297e-01
4.374666666666666703e-01
4.377333333333333076e-01
4.378000000000000225e-01
4.380666666666666598e-01
4.381333333333333191e-01
4.383333333333333526e-01
4.387333333333333085e-01
4.387333333333333085e-01
4.390000000000000013e-01
4.391333333333333200e-01
4.390666666666666607e-01
4.391333333333333200e-01
4.394666666666666721e-01
4.399333333333333429e-01
4.399333333333333429e-01
4.397333333333333094e-01
4.400000000000000022e-01
4.402666666666666395e-01
4.405333333333333323e-01
4.408666666666666845e-01
4.411333333333333218e-01
4.408666666666666845e-01
4.412666666666666404e-01
4.414666666666666739e-01
4.415999999999999925e-01
4.417333333333333112e-01
4.419333333333333447e-01
4.417333333333333112e-01
4.421333333333333226e-01
4.421999999999999820e-01
4.423333333333333561e-01
4.424666666666666748e-01
4.425999999999999934e-01
4.428000000000000269e-01
4.429333333333333456e-01
4.431999999999999829e-01
4.433333333333333570e-01
4.435333333333333350e-01
4.436666666666666536e-01
4.438666666666666871e-01
4.440666666666666651e-01
4.444000000000000172e-01
4.445333333333333359e-01
4.447999999999999732e-01
4.448666666666666880e-01
4.449333333333333473e-01
4.450000000000000067e-01
4.452666666666666440e-01
4.451333333333333253e-01
4.452666666666666440e-01
4.457333333333333147e-01
4.456666666666666554e-01
4.462666666666666448e-01
4.464000000000000190e-01
4.465333333333333377e-01
4.465333333333333377e-01
4.467999999999999750e-01
4.470666666666666678e-01
4.469333333333333491e-01
4.475333333333333385e-01
4.476666666666666572e-01
4.478666666666666907e-01
4.480666666666666687e-01
4.483333333333333059e-01
4.485333333333333394e-01
4.484666666666666801e-01
4.485333333333333394e-01
4.481999999999999873e-01
4.485333333333333394e-01
4.487333333333333174e-01
4.487999999999999767e-01
4.488666666666666916e-01
4.487999999999999767e-01
4.489333333333333509e-01
4.490666666666666695e-01
4.491999999999999882e-01
4.492666666666666475e-01
4.494666666666666810e-01
4.495333333333333403e-01
4.495999999999999996e-01
4.496666666666666590e-01
4.497333333333333183e-01
4.497333333333333183e-01
4.498666666666666925e-01
4.498666666666666925e-01
4.500000000000000111e-01
4.503333333333333077e-01
4.502666666666666484e-01
4.505333333333333412e-01
4.506666666666666599e-01
4.507999999999999785e-01
4.506666666666666599e-01
4.508666666666666933e-01
4.507999999999999785e-01
4.509333333333333527e-01
4.506666666666666599e-01
4.509333333333333527e-01
4.510666666666666713e-01
4.510000000000000120e-01
4.512666666666666493e-01
4.514000000000000234e-01
4.514000000000000234e-01
4.515333333333333421e-01
4.516666666666666607e-01
4.517999999999999794e-01
4.519333333333333536e-01
4.520666666666666722e-01
4.521333333333333315e-01
4.523333333333333095e-01
4.524666666666666837e-01
4.525333333333333430e-01
4.526000000000000023e-01
4.526666666666666616e-01
4.526666666666666616e-01
4.528666666666666396e-01
4.527999999999999803e-01
4.528666666666666396e-01
4.528666666666666396e-01
4.530666666666666731e-01
4.531999999999999917e-01
4.533333333333333104e-01
4.532666666666666511e-01
4.533333333333333104e-01
4.534666666666666845e-01
4.535333333333333439e-01
4.536000000000000032e-01
4.540666666666666740e-01
4.537999999999999812e-01
4.541333333333333333e-01
4.539333333333333553e-01
4.544666666666666854e-01
4.544666666666666854e-01
4.547333333333333227e-01
4.548666666666666414e-01
4.550000000000000155e-01
4.550666666666666749e-01
4.552666666666666528e-01
4.551999999999999935e-01
4.555333333333333456e-01
4.557333333333333236e-01
4.557999999999999829e-01
4.560000000000000164e-01
4.558666666666666423e-01
4.561333333333333351e-01
4.559333333333333571e-01
4.561333333333333351e-01
4.562666666666666537e-01
4.564666666666666872e-01
4.565333333333333465e-01
4.567333333333333245e-01
4.568666666666666432e-01
4.570000000000000173e-01
4.570666666666666766e-01
4.570666666666666766e-01
4.573999999999999733e-01
4.574666666666666881e-01
4.575333333333333474e-01
4.577999999999999847e-01
4.578666666666666440e-01
4.579333333333333589e-01
4.580666666666666775e-01
4.582666666666666555e-01
4.580666666666666775e-01
4.580666666666666775e-01
4.582666666666666555e-01
4.584666666666666890e-01
4.583999999999999742e-01
4.587333333333333263e-01
4.589333333333333598e-01
4.589333333333333598e-01
4.593333333333333157e-01
4.593999999999999750e-01
4.596000000000000085e-01
4.595333333333333492e-01
4.597333333333333272e-01
4.597333333333333272e-01
4.600666666666666793e-01
4.600666666666666793e-01
4.600666666666666793e-01
4.599333333333333607e-01
4.600666666666666793e-01
4.603999999999999759e-01
4.603999999999999759e-01
4.603333333333333166e-01
4.603333333333333166e-01
4.605333333333333501e-01
4.607333333333333281e-01
4.609333333333333060e-01
4.611999999999999988e-01
4.611999999999999988e-01
4.616000000000000103e-01
4.617333333333333290e-01
4.618666666666666476e-01
4.618666666666666476e-01
4.622666666666666591e-01
4.622666666666666591e-01
4.624666666666666925e-01
4.625333333333333519e-01
4.626666666666666705e-01
4.627999999999999892e-01
4.627333333333333298e-01
4.629333333333333078e-01
4.630000000000000226e-01
4.627999999999999892e-01
4.631333333333333413e-01
4.632666666666666599e-01
4.632666666666666599e-01
4.633333333333333193e-01
4.636000000000000121e-01
4.637999999999999901e-01
4.639333333333333087e-01
4.640000000000000235e-01
4.642666666666666608e-01
4.643333333333333202e-01
4.645333333333333536e-01
4.647333333333333316e-01
4.647999999999999909e-01
4.647999999999999909e-01
4.645333333333333536e-01
4.650000000000000244e-01
4.649333333333333096e-01
4.650666666666666837e-01
4.651333333333333431e-01
4.652666666666666617e-01
4.652000000000000024e-01
4.654666666666666397e-01
4.656000000000000139e-01
4.654666666666666397e-01
4.656666666666666732e-01
4.657999999999999918e-01
4.660666666666666846e-01
4.662000000000000033e-01
4.662000000000000033e-01
4.662000000000000033e-01
4.661333333333333440e-01
4.663333333333333219e-01
4.663333333333333219e-01
4.664666666666666406e-01
4.666000000000000147e-01
4.667333333333333334e-01
4.667999999999999927e-01
4.670000000000000262e-01
4.671333333333333449e-01
4.670666666666666855e-01
4.670000000000000262e-01
4.670666666666666855e-01
4.672000000000000042e-01
4.670000000000000262e-01
4.671333333333333449e-01
4.672666666666666635e-01
4.672666666666666635e-01
4.671333333333333449e-01
4.673333333333333228e-01
4.674666666666666415e-01
4.673999999999999821e-01
4.674666666666666415e-01
4.676666666666666750e-01
4.677999999999999936e-01
4.677999999999999936e-01
4.680000000000000271e-01
4.682000000000000051e-01
4.680000000000000271e-01
4.682666666666666644e-01
4.683999999999999830e-01
4.683999999999999830e-01
4.686000000000000165e-01
4.686000000000000165e-01
4.687333333333333352e-01
4.684666666666666424e-01
4.687333333333333352e-01
4.690666666666666873e-01
4.689999999999999725e-01
4.689999999999999725e-01
4.692000000000000060e-01
4.694666666666666432e-01
4.693333333333333246e-01
4.697333333333333361e-01
4.697999999999999954e-01
4.699333333333333140e-01
4.698666666666666547e-01
4.699999999999999734e-01
4.697999999999999954e-01
4.697999999999999954e-01
4.698666666666666547e-01
4.699999999999999734e-01
4.699999999999999734e-01
4.702666666666666662e-01
4.703999999999999848e-01
4.702666666666666662e-01
4.703333333333333255e-01
4.702666666666666662e-01
4.705333333333333590e-01
4.705333333333333590e-01
4.706666666666666776e-01
4.707333333333333369e-01
4.707999999999999963e-01
4.708666666666666556e-01
4.712000000000000077e-01
4.712666666666666671e-01
4.713333333333333264e-01
4.713999999999999857e-01
4.713999999999999857e-01
4.716000000000000192e-01
4.715333333333333599e-01
4.716666666666666785e-01
4.714666666666666450e-01
4.716000000000000192e-01
4.716666666666666785e-01
4.719333333333333158e-01
4.719999999999999751e-01
4.722000000000000086e-01
4.723999999999999866e-01
4.725333333333333607e-01
4.724666666666666459e-01
4.727333333333333387e-01
4.726666666666666794e-01
4.727999999999999980e-01
4.727999999999999980e-01
4.730666666666666909e-01
4.728666666666666574e-01
4.729333333333333167e-01
4.731333333333333502e-01
4.729999999999999760e-01
4.733333333333333282e-01
4.732000000000000095e-01
4.735333333333333061e-01
4.736666666666666803e-01
4.736666666666666803e-01
4.740666666666666917e-01
4.740666666666666917e-01
4.738666666666666583e-01
4.743333333333333290e-01
4.744666666666666477e-01
4.746000000000000218e-01
4.748666666666666591e-01
4.746666666666666812e-01
4.744666666666666477e-01
4.748666666666666591e-01
4.749999999999999778e-01
4.748666666666666591e-01
4.752666666666666706e-01
4.752000000000000113e-01
4.753333333333333299e-01
4.752666666666666706e-01
4.752666666666666706e-01
4.753999999999999893e-01
4.755333333333333079e-01
4.757333333333333414e-01
4.757333333333333414e-01
4.758000000000000007e-01
4.760666666666666935e-01
4.761333333333333528e-01
4.762666666666666715e-01
4.762666666666666715e-01
4.763333333333333308e-01
4.764666666666666495e-01
4.764666666666666495e-01
4.763333333333333308e-01
4.763999999999999901e-01
4.768000000000000016e-01
4.768000000000000016e-01
4.766666666666666829e-01
4.771333333333333537e-01
4.769999999999999796e-01
4.773333333333333317e-01
4.774666666666666504e-01
4.773999999999999910e-01
4.774666666666666504e-01
4.773999999999999910e-01
4.776000000000000245e-01
4.776000000000000245e-01
4.776000000000000245e-01
4.777333333333333432e-01
4.776666666666666838e-01
4.778000000000000025e-01
4.779999999999999805e-01
4.780666666666666398e-01
4.779333333333333211e-01
4.782666666666666733e-01
4.782000000000000139e-01
4.783333333333333326e-01
4.783333333333333326e-01
4.783999999999999919e-01
4.782666666666666733e-01
4.783999999999999919e-01
4.784666666666666512e-01
4.786000000000000254e-01
4.785333333333333106e-01
4.786666666666666847e-01
4.789333333333333220e-01
4.789333333333333220e-01
4.789999999999999813e-01
4.787333333333333441e-01
4.789333333333333220e-01
4.790666666666666407e-01
4.793333333333333335e-01
4.796000000000000263e-01
4.796666666666666856e-01
4.799333333333333229e-01
4.799333333333333229e-01
4.798666666666666636e-01
4.799333333333333229e-01
4.798000000000000043e-01
4.798666666666666636e-01
4.801333333333333564e-01
4.801333333333333564e-01
4.803333333333333344e-01
4.803333333333333344e-01
4.804666666666666530e-01
4.804666666666666530e-01
4.806666666666666865e-01
4.805333333333333123e-01
4.808666666666666645e-01
4.810666666666666424e-01
4.812000000000000166e-01
4.812000000000000166e-01
4.811333333333333573e-01
4.810666666666666424e-01
4.812000000000000166e-01
4.812000000000000166e-01
4.812000000000000166e-01
4.810666666666666424e-01
4.810666666666666424e-01
4.811333333333333573e-01
4.811333333333333573e-01
4.814666666666666539e-01
4.814666666666666539e-01
4.816666666666666874e-01
4.816666666666666874e-01
4.817333333333333467e-01
4.818000000000000060e-01
4.818666666666666654e-01
4.818666666666666654e-01
4.819333333333333247e-01
4.818666666666666654e-01
4.821333333333333582e-01
4.822000000000000175e-01
4.821333333333333582e-01
4.822666666666666768e-01
4.824666666666666548e-01
4.826666666666666883e-01
