2.867333333333333401e-01
2.884666666666666490e-01
2.896000000000000241e-01
2.906666666666666843e-01
2.924666666666666526e-01
2.942000000000000171e-01
2.958666666666666667e-01
2.974666666666666570e-01
2.987333333333333507e-01
3.004000000000000004e-01
3.015999999999999792e-01
3.032000000000000250e-01
3.045999999999999819e-01
3.059333333333333349e-01
3.073333333333333472e-01
3.090666666666666562e-01
3.103333333333333499e-01
3.118000000000000216e-01
3.121333333333333182e-01
3.135999999999999899e-01
3.150000000000000022e-01
3.163333333333333552e-01
3.176666666666666528e-01
3.184666666666666757e-01
3.196666666666666545e-01
3.213333333333333597e-01
3.222666666666666457e-01
3.231333333333333280e-01
3.241999999999999882e-01
3.253333333333333077e-01
3.265333333333333421e-01
3.271999999999999909e-01
3.281333333333333324e-01
3.290666666666666740e-01
3.300666666666666749e-01
3.312666666666666537e-01
3.325333333333333474e-01
3.333333333333333148e-01
3.340000000000000191e-01
3.348666666666666458e-01
3.355333333333333501e-01
3.364666666666666917e-01
3.371999999999999997e-01
3.379333333333333078e-01
3.383999999999999786e-01
3.391333333333333422e-01
3.399333333333333096e-01
3.410000000000000253e-01
3.421333333333333449e-01
3.427333333333333343e-01
3.433333333333333237e-01
3.445333333333333581e-01
3.452000000000000068e-01
3.460666666666666891e-01
3.470666666666666900e-01
3.475333333333333607e-01
3.476666666666666794e-01
3.484666666666666468e-01
3.492666666666666697e-01
3.496666666666666812e-01
3.506666666666666821e-01
3.513333333333333308e-01
3.519333333333333202e-01
3.526000000000000245e-01
3.532000000000000139e-01
3.535333333333333106e-01
3.541333333333333555e-01
3.550666666666666416e-01
3.553333333333333344e-01
3.558666666666666645e-01
3.564666666666666539e-01
3.569999999999999840e-01
3.577333333333333476e-01
3.581333333333333591e-01
3.585333333333333150e-01
3.589999999999999858e-01
3.594666666666666566e-01
3.599999999999999867e-01
3.606666666666666909e-01
3.613333333333333397e-01
3.618000000000000105e-01
3.622000000000000219e-01
3.627333333333333520e-01
3.632000000000000228e-01
3.637333333333333529e-01
3.642000000000000237e-01
3.649999999999999911e-01
3.654666666666666619e-01
3.659999999999999920e-01
3.660666666666666513e-01
3.664000000000000035e-01
3.668000000000000149e-01
3.674000000000000044e-01
3.677333333333333565e-01
3.681333333333333124e-01
3.687333333333333574e-01
3.692666666666666875e-01
3.701333333333333142e-01
3.704000000000000070e-01
3.708000000000000185e-01
3.713333333333333486e-01
3.720666666666666567e-01
3.729333333333333389e-01
3.733333333333333504e-01
3.734666666666666690e-01
3.740666666666666584e-01
3.743333333333333512e-01
3.748666666666666814e-01
3.750666666666666593e-01
3.751999999999999780e-01
3.755999999999999894e-01
3.764000000000000123e-01
3.768000000000000238e-01
3.770666666666666611e-01
3.778666666666666840e-01
3.780000000000000027e-01
3.785333333333333328e-01
3.787333333333333107e-01
3.793333333333333557e-01
3.800666666666666638e-01
3.805999999999999939e-01
3.805999999999999939e-01
3.810000000000000053e-01
3.815999999999999948e-01
3.819333333333333469e-01
3.822666666666666435e-01
3.825999999999999956e-01
3.830000000000000071e-01
3.832666666666666444e-01
3.832666666666666444e-01
3.837999999999999745e-01
3.841333333333333266e-01
3.845333333333333381e-01
3.849333333333333496e-01
3.851333333333333275e-01
3.855333333333333390e-01
3.860000000000000098e-01
3.862666666666666471e-01
3.865999999999999992e-01
3.870666666666666700e-01
3.873333333333333073e-01
3.878666666666666929e-01
3.882666666666666488e-01
3.885333333333333417e-01
3.886666666666666603e-01
3.891333333333333311e-01
3.896666666666666612e-01
3.901333333333333320e-01
3.902666666666666506e-01
3.905333333333333434e-01
3.910666666666666735e-01
3.912666666666666515e-01
3.916000000000000036e-01
3.920666666666666744e-01
3.924666666666666859e-01
3.927999999999999825e-01
3.931999999999999940e-01
3.934666666666666868e-01
3.936666666666666647e-01
3.940000000000000169e-01
3.943333333333333135e-01
3.950666666666666771e-01
3.957333333333333258e-01
3.959333333333333593e-01
3.960666666666666780e-01
3.964666666666666894e-01
3.964666666666666894e-01
3.966000000000000081e-01
3.970000000000000195e-01
3.976666666666666683e-01
3.982666666666666577e-01
3.983333333333333171e-01
3.987333333333333285e-01
3.995333333333333514e-01
4.000000000000000222e-01
4.003999999999999782e-01
4.006000000000000116e-01
4.008666666666666489e-01
4.012666666666666604e-01
4.013333333333333197e-01
4.017333333333333312e-01
4.021333333333333426e-01
4.023999999999999799e-01
4.025333333333333541e-01
4.026666666666666727e-01
4.029333333333333100e-01
4.029333333333333100e-01
4.030666666666666842e-01
4.034666666666666401e-01
4.037999999999999923e-01
4.041333333333333444e-01
4.044666666666666410e-01
4.050000000000000266e-01
4.050666666666666860e-01
4.050000000000000266e-01
4.053999999999999826e-01
4.056000000000000161e-01
4.061333333333333462e-01
4.063999999999999835e-01
4.065333333333333576e-01
4.067999999999999949e-01
4.071333333333333471e-01
4.070666666666666877e-01
4.072666666666666657e-01
4.073999999999999844e-01
4.076666666666666772e-01
4.076000000000000179e-01
4.079999999999999738e-01
4.082000000000000073e-01
4.084666666666666446e-01
4.086000000000000187e-01
4.086000000000000187e-01
4.088666666666666560e-01
4.089333333333333154e-01
4.092000000000000082e-01
4.096666666666666790e-01
4.101333333333333497e-01
4.102666666666666684e-01
4.103333333333333277e-01
4.106666666666666798e-01
4.106666666666666798e-01
4.107999999999999985e-01
4.111333333333333506e-01
4.111333333333333506e-01
4.117333333333333401e-01
4.119333333333333180e-01
4.119333333333333180e-01
4.122000000000000108e-01
4.125333333333333075e-01
4.126000000000000223e-01
4.129999999999999782e-01
4.133333333333333304e-01
4.134666666666666490e-01
4.136000000000000232e-01
4.139999999999999791e-01
4.140666666666666940e-01
4.142000000000000126e-01
4.144666666666666499e-01
4.148000000000000020e-01
4.148666666666666614e-01
4.148666666666666614e-01
4.150666666666666393e-01
4.156000000000000250e-01
4.157333333333333436e-01
4.159333333333333216e-01
4.161333333333333551e-01
4.163999999999999924e-01
4.166000000000000258e-01
4.166666666666666852e-01
4.166000000000000258e-01
4.165333333333333110e-01
4.165333333333333110e-01
4.166000000000000258e-01
4.168000000000000038e-01
4.168000000000000038e-01
4.173999999999999932e-01
4.176000000000000267e-01
4.179999999999999827e-01
4.182666666666666755e-01
4.184666666666666535e-01
4.188666666666666649e-01
4.192000000000000171e-01
4.194666666666666544e-01
4.193999999999999950e-01
4.197333333333333472e-01
4.199999999999999845e-01
4.201333333333333586e-01
4.202666666666666773e-01
4.203333333333333366e-01
4.202666666666666773e-01
4.205333333333333146e-01
4.205333333333333146e-01
4.208666666666666667e-01
4.210666666666666447e-01
4.211333333333333595e-01
4.213333333333333375e-01
4.217333333333333489e-01
4.218000000000000083e-01
4.218000000000000083e-01
4.218000000000000083e-01
4.222666666666666790e-01
4.225999999999999757e-01
4.228666666666666685e-01
4.229999999999999871e-01
4.232666666666666799e-01
4.235999999999999766e-01
4.240666666666666473e-01
4.243999999999999995e-01
4.247333333333333516e-01
4.252000000000000224e-01
4.252666666666666817e-01
4.255999999999999783e-01
4.257333333333333525e-01
4.262000000000000233e-01
4.265333333333333199e-01
4.268000000000000127e-01
4.270666666666666500e-01
4.270666666666666500e-01
4.274000000000000021e-01
4.275999999999999801e-01
4.278666666666666729e-01
4.278666666666666729e-01
4.281333333333333102e-01
4.283333333333333437e-01
4.283333333333333437e-01
4.284666666666666623e-01
4.288000000000000145e-01
4.288000000000000145e-01
4.288000000000000145e-01
4.289999999999999925e-01
4.294666666666666632e-01
4.295999999999999819e-01
4.297333333333333560e-01
4.299333333333333340e-01
4.299999999999999933e-01
4.299333333333333340e-01
4.299333333333333340e-01
4.298000000000000154e-01
4.300666666666666527e-01
4.302000000000000268e-01
4.304666666666666641e-01
4.305333333333333234e-01
4.308666666666666756e-01
4.308666666666666756e-01
4.309999999999999942e-01
4.313333333333333464e-01
4.314666666666666650e-01
4.314000000000000057e-01
4.316666666666666430e-01
4.320666666666666544e-01
4.323333333333333472e-01
4.327333333333333587e-01
4.329999999999999960e-01
4.333333333333333481e-01
4.334666666666666668e-01
4.335333333333333261e-01
4.338666666666666782e-01
4.341333333333333155e-01
4.343333333333333490e-01
4.344000000000000083e-01
4.344666666666666677e-01
4.347333333333333605e-01
4.348666666666666791e-01
4.349999999999999978e-01
4.352666666666666906e-01
4.355333333333333279e-01
4.355333333333333279e-01
4.356666666666666465e-01
4.359333333333333393e-01
4.359333333333333393e-01
4.361999999999999766e-01
4.364000000000000101e-01
4.368666666666666809e-01
4.369333333333333402e-01
4.371333333333333182e-01
4.371999999999999775e-01
4.375333333333333297e-01
4.374666666666666703e-01
4.378000000000000225e-01
4.380666666666666598e-01
4.380666666666666598e-01
4.382666666666666933e-01
4.381333333333333191e-01
4.384000000000000119e-01
4.385999999999999899e-01
4.388666666666666827e-01
4.390666666666666607e-01
4.390000000000000013e-01
4.390000000000000013e-01
4.391999999999999793e-01
4.392666666666666941e-01
4.395999999999999908e-01
4.395999999999999908e-01
4.396666666666666501e-01
4.399333333333333429e-01
4.402666666666666395e-01
4.405999999999999917e-01
4.408666666666666845e-01
4.408666666666666845e-01
4.410666666666666624e-01
4.410000000000000031e-01
4.410666666666666624e-01
4.412666666666666404e-01
4.411333333333333218e-01
4.411333333333333218e-01
4.416666666666666519e-01
4.418666666666666853e-01
4.418000000000000260e-01
4.420666666666666633e-01
4.424000000000000155e-01
4.425999999999999934e-01
4.430000000000000049e-01
4.431333333333333235e-01
4.432666666666666422e-01
4.436666666666666536e-01
4.439333333333333464e-01
4.437999999999999723e-01
4.442666666666666431e-01
4.448666666666666880e-01
4.446666666666666545e-01
4.447999999999999732e-01
4.450000000000000067e-01
4.451999999999999846e-01
4.455999999999999961e-01
4.458666666666666889e-01
4.458666666666666889e-01
4.461333333333333262e-01
4.460666666666666669e-01
4.458666666666666889e-01
4.461333333333333262e-01
4.464666666666666783e-01
4.466666666666666563e-01
4.470000000000000084e-01
4.472666666666666457e-01
4.474000000000000199e-01
4.475999999999999979e-01
4.473333333333333606e-01
4.474000000000000199e-01
4.472666666666666457e-01
4.475333333333333385e-01
4.477999999999999758e-01
4.481999999999999873e-01
4.482666666666666466e-01
4.483333333333333059e-01
4.484666666666666801e-01
4.485333333333333394e-01
4.486666666666666581e-01
4.484666666666666801e-01
4.484000000000000208e-01
4.484666666666666801e-01
4.487333333333333174e-01
4.489333333333333509e-01
4.488666666666666916e-01
4.488666666666666916e-01
4.490666666666666695e-01
4.490000000000000102e-01
4.490666666666666695e-01
4.493333333333333068e-01
4.497333333333333183e-01
4.496666666666666590e-01
4.497999999999999776e-01
4.497999999999999776e-01
4.499333333333333518e-01
4.501333333333333298e-01
4.501999999999999891e-01
4.502666666666666484e-01
4.500000000000000111e-01
4.500000000000000111e-01
4.497999999999999776e-01
4.501999999999999891e-01
4.501999999999999891e-01
4.502666666666666484e-01
4.506000000000000005e-01
4.505333333333333412e-01
4.503333333333333077e-01
4.507999999999999785e-01
4.510000000000000120e-01
4.512666666666666493e-01
4.514000000000000234e-01
4.514666666666666828e-01
4.513333333333333086e-01
4.513333333333333086e-01
4.515333333333333421e-01
4.516666666666666607e-01
4.517333333333333201e-01
4.520000000000000129e-01
4.519333333333333536e-01
4.521999999999999909e-01
4.525333333333333430e-01
4.527333333333333210e-01
4.525333333333333430e-01
4.527333333333333210e-01
4.526666666666666616e-01
4.525333333333333430e-01
4.527999999999999803e-01
4.529333333333333544e-01
4.527333333333333210e-01
4.530000000000000138e-01
4.531333333333333324e-01
4.530666666666666731e-01
4.533333333333333104e-01
4.533333333333333104e-01
4.534000000000000252e-01
4.536000000000000032e-01
4.536666666666666625e-01
4.535333333333333439e-01
4.537333333333333218e-01
4.538666666666666405e-01
4.541999999999999926e-01
4.541333333333333333e-01
4.541999999999999926e-01
4.541999999999999926e-01
4.546000000000000041e-01
4.545333333333333448e-01
4.547333333333333227e-01
4.548666666666666414e-01
4.547333333333333227e-01
4.551333333333333342e-01
4.550666666666666749e-01
4.551333333333333342e-01
4.550666666666666749e-01
4.556000000000000050e-01
4.556666666666666643e-01
4.557333333333333236e-01
4.556666666666666643e-01
4.559333333333333571e-01
4.561333333333333351e-01
4.562666666666666537e-01
4.566666666666666652e-01
4.568666666666666432e-01
4.570000000000000173e-01
4.573999999999999733e-01
4.575333333333333474e-01
4.575333333333333474e-01
4.579333333333333589e-01
4.578666666666666440e-01
4.579333333333333589e-01
4.577999999999999847e-01
4.578666666666666440e-01
4.578666666666666440e-01
4.581999999999999962e-01
4.583999999999999742e-01
4.583333333333333148e-01
4.582666666666666555e-01
4.584666666666666890e-01
4.586666666666666670e-01
4.588666666666666449e-01
4.589333333333333598e-01
4.590666666666666784e-01
4.590666666666666784e-01
4.592666666666666564e-01
4.594666666666666899e-01
4.594666666666666899e-01
4.596000000000000085e-01
4.594666666666666899e-01
4.597333333333333272e-01
4.596000000000000085e-01
4.600666666666666793e-01
4.601333333333333386e-01
4.600000000000000200e-01
4.600666666666666793e-01
4.602666666666666573e-01
4.603999999999999759e-01
4.607333333333333281e-01
4.609333333333333060e-01
4.610666666666666802e-01
4.609333333333333060e-01
4.610666666666666802e-01
4.611999999999999988e-01
4.614666666666666917e-01
4.614666666666666917e-01
4.616666666666666696e-01
4.616666666666666696e-01
4.616666666666666696e-01
4.620000000000000218e-01
4.620000000000000218e-01
4.623999999999999777e-01
4.623999999999999777e-01
4.623999999999999777e-01
4.624666666666666925e-01
4.624666666666666925e-01
4.624666666666666925e-01
4.626000000000000112e-01
4.626000000000000112e-01
4.624666666666666925e-01
4.625333333333333519e-01
4.625333333333333519e-01
4.625333333333333519e-01
4.624666666666666925e-01
4.627999999999999892e-01
4.628666666666666485e-01
4.632666666666666599e-01
4.633333333333333193e-01
4.634666666666666934e-01
4.636666666666666714e-01
4.637999999999999901e-01
4.639333333333333087e-01
4.639333333333333087e-01
4.641333333333333422e-01
4.640666666666666829e-01
4.640000000000000235e-01
4.642000000000000015e-01
4.642666666666666608e-01
4.643333333333333202e-01
4.643999999999999795e-01
4.646000000000000130e-01
4.646666666666666723e-01
4.643999999999999795e-01
4.645333333333333536e-01
4.645333333333333536e-01
4.643999999999999795e-01
4.644666666666666943e-01
4.643333333333333202e-01
4.647999999999999909e-01
4.650666666666666837e-01
4.651333333333333431e-01
4.651333333333333431e-01
4.653999999999999804e-01
4.656666666666666732e-01
4.657333333333333325e-01
4.656666666666666732e-01
4.655333333333333545e-01
4.660000000000000253e-01
4.659333333333333105e-01
4.661333333333333440e-01
4.663999999999999813e-01
4.662000000000000033e-01
4.662000000000000033e-01
4.663333333333333219e-01
4.664666666666666406e-01
4.666666666666666741e-01
4.666000000000000147e-01
4.666666666666666741e-01
4.668666666666666520e-01
4.667999999999999927e-01
4.667999999999999927e-01
4.670000000000000262e-01
4.670000000000000262e-01
4.670000000000000262e-01
4.670666666666666855e-01
4.670000000000000262e-01
4.671333333333333449e-01
4.673333333333333228e-01
4.673999999999999821e-01
4.672666666666666635e-01
4.674666666666666415e-01
4.675333333333333563e-01
4.673999999999999821e-01
4.674666666666666415e-01
4.673333333333333228e-01
4.672666666666666635e-01
4.673999999999999821e-01
4.675333333333333563e-01
4.676666666666666750e-01
4.676000000000000156e-01
4.677333333333333343e-01
4.676666666666666750e-01
4.680000000000000271e-01
4.680666666666666864e-01
4.681333333333333457e-01
4.682000000000000051e-01
4.683333333333333237e-01
4.684666666666666424e-01
4.684666666666666424e-01
4.687999999999999945e-01
4.687999999999999945e-01
4.686666666666666758e-01
4.687333333333333352e-01
4.689333333333333131e-01
4.689333333333333131e-01
4.690666666666666873e-01
4.693333333333333246e-01
4.694666666666666432e-01
4.696000000000000174e-01
4.697999999999999954e-01
4.697333333333333361e-01
4.699999999999999734e-01
4.699333333333333140e-01
4.700666666666666882e-01
4.699333333333333140e-01
4.699999999999999734e-01
4.700666666666666882e-01
4.699999999999999734e-01
4.699999999999999734e-01
4.702666666666666662e-01
4.702666666666666662e-01
4.703333333333333255e-01
4.702666666666666662e-01
4.704666666666666441e-01
4.703999999999999848e-01
4.705333333333333590e-01
4.706666666666666776e-01
4.706000000000000183e-01
4.706666666666666776e-01
4.707333333333333369e-01
4.709333333333333149e-01
4.707999999999999963e-01
4.706666666666666776e-01
4.707999999999999963e-01
4.708666666666666556e-01
4.710666666666666891e-01
4.709999999999999742e-01
4.709333333333333149e-01
4.709333333333333149e-01
4.711333333333333484e-01
4.712666666666666671e-01
4.714666666666666450e-01
4.713999999999999857e-01
4.717999999999999972e-01
4.719999999999999751e-01
4.720666666666666900e-01
4.719333333333333158e-01
4.722000000000000086e-01
4.722666666666666679e-01
4.726000000000000201e-01
4.727999999999999980e-01
4.728666666666666574e-01
4.730666666666666909e-01
4.730666666666666909e-01
4.731333333333333502e-01
4.734666666666666468e-01
4.734666666666666468e-01
4.733333333333333282e-01
4.734666666666666468e-01
4.736000000000000210e-01
4.736000000000000210e-01
4.736000000000000210e-01
4.736000000000000210e-01
4.739333333333333176e-01
4.739333333333333176e-01
4.739333333333333176e-01
4.741333333333333511e-01
4.743999999999999884e-01
4.744666666666666477e-01
4.743333333333333290e-01
4.743999999999999884e-01
4.743999999999999884e-01
4.746000000000000218e-01
4.747333333333333405e-01
4.747999999999999998e-01
4.749999999999999778e-01
4.751333333333333520e-01
4.752666666666666706e-01
4.753999999999999893e-01
4.755333333333333079e-01
4.753333333333333299e-01
4.755333333333333079e-01
4.754666666666666486e-01
4.757333333333333414e-01
4.758666666666666600e-01
