3.787333333333333107e-01
3.799333333333333451e-01
3.805333333333333345e-01
3.814000000000000168e-01
3.816666666666666541e-01
3.824000000000000177e-01
3.827999999999999736e-01
3.832666666666666444e-01
3.835333333333333372e-01
3.837333333333333152e-01
3.840000000000000080e-01
3.844666666666666788e-01
3.849333333333333496e-01
3.852666666666666462e-01
3.854000000000000203e-01
3.855999999999999983e-01
3.855999999999999983e-01
3.860666666666666691e-01
3.863333333333333064e-01
3.864666666666666806e-01
3.866666666666666585e-01
3.872666666666666480e-01
3.875333333333333408e-01
3.877999999999999781e-01
3.880000000000000115e-01
3.881333333333333302e-01
3.881999999999999895e-01
3.884666666666666823e-01
3.886666666666666603e-01
3.890666666666666718e-01
3.891999999999999904e-01
3.895333333333333425e-01
3.897999999999999798e-01
3.901333333333333320e-01
3.905333333333333434e-01
3.908666666666666401e-01
3.911333333333333329e-01
3.912666666666666515e-01
3.917333333333333223e-01
3.919333333333333558e-01
3.923333333333333117e-01
3.928666666666666418e-01
3.931999999999999940e-01
3.934666666666666868e-01
3.937333333333333241e-01
3.938666666666666427e-01
3.943999999999999728e-01
3.946000000000000063e-01
3.948666666666666436e-01
3.951999999999999957e-01
3.953999999999999737e-01
3.957999999999999852e-01
3.958666666666666445e-01
3.966000000000000081e-01
3.967999999999999861e-01
3.972666666666666568e-01
3.977999999999999869e-01
3.978666666666666463e-01
3.980666666666666798e-01
3.982666666666666577e-01
3.982666666666666577e-01
3.986000000000000099e-01
3.987333333333333285e-01
3.988666666666666472e-01
3.990666666666666806e-01
3.996000000000000107e-01
3.999333333333333074e-01
3.999333333333333074e-01
4.000666666666666815e-01
4.007999999999999896e-01
4.012666666666666604e-01
4.014666666666666939e-01
4.016666666666666718e-01
4.022666666666666613e-01
4.023333333333333206e-01
4.026000000000000134e-01
4.027333333333333321e-01
4.030666666666666842e-01
4.031333333333333435e-01
4.033999999999999808e-01
4.036666666666666736e-01
4.036666666666666736e-01
4.040000000000000258e-01
4.042000000000000037e-01
4.041333333333333444e-01
4.044666666666666410e-01
4.047333333333333338e-01
4.050000000000000266e-01
4.053999999999999826e-01
4.055333333333333568e-01
4.057333333333333347e-01
4.062000000000000055e-01
4.063999999999999835e-01
4.063999999999999835e-01
4.066666666666666763e-01
4.069333333333333136e-01
4.069999999999999729e-01
4.072666666666666657e-01
4.076666666666666772e-01
4.077999999999999958e-01
4.080666666666666886e-01
4.082000000000000073e-01
4.085333333333333594e-01
4.088666666666666560e-01
4.090666666666666895e-01
4.092000000000000082e-01
4.093333333333333268e-01
4.096000000000000196e-01
4.096000000000000196e-01
4.099333333333333163e-01
4.098666666666666569e-01
4.102000000000000091e-01
4.103333333333333277e-01
4.107999999999999985e-01
4.110666666666666913e-01
4.111333333333333506e-01
4.112000000000000099e-01
4.112000000000000099e-01
4.113999999999999879e-01
4.115333333333333066e-01
4.117999999999999994e-01
4.121333333333333515e-01
4.126000000000000223e-01
4.126666666666666816e-01
4.127333333333333409e-01
4.126000000000000223e-01
4.126666666666666816e-01
4.131333333333333524e-01
4.133999999999999897e-01
4.134666666666666490e-01
4.138000000000000012e-01
4.142666666666666719e-01
4.146666666666666834e-01
4.147333333333333427e-01
4.146000000000000241e-01
4.143333333333333313e-01
4.143333333333333313e-01
4.142666666666666719e-01
4.149333333333333207e-01
4.152666666666666728e-01
4.154666666666666508e-01
4.155333333333333101e-01
4.156666666666666843e-01
4.159333333333333216e-01
4.163333333333333330e-01
4.166666666666666852e-01
4.168000000000000038e-01
4.169999999999999818e-01
4.170666666666666411e-01
4.171333333333333560e-01
4.172666666666666746e-01
4.179333333333333234e-01
4.178000000000000047e-01
4.182666666666666755e-01
4.186666666666666869e-01
4.189999999999999836e-01
4.191333333333333577e-01
4.192666666666666764e-01
4.195333333333333137e-01
4.196666666666666878e-01
4.197333333333333472e-01
4.198000000000000065e-01
4.202666666666666773e-01
4.204666666666666552e-01
4.208000000000000074e-01
4.210666666666666447e-01
4.213999999999999968e-01
4.215333333333333155e-01
4.219999999999999862e-01
4.219999999999999862e-01
4.221333333333333604e-01
4.225333333333333163e-01
4.227333333333333498e-01
4.229333333333333278e-01
4.229999999999999871e-01
4.231333333333333058e-01
4.233333333333333393e-01
4.233999999999999986e-01
4.235333333333333172e-01
4.238000000000000100e-01
4.240666666666666473e-01
4.241333333333333067e-01
4.243333333333333401e-01
4.245333333333333181e-01
4.245333333333333181e-01
4.245999999999999774e-01
4.245333333333333181e-01
4.247333333333333516e-01
4.249333333333333296e-01
4.252000000000000224e-01
4.252000000000000224e-01
4.255999999999999783e-01
4.254000000000000004e-01
4.256666666666666932e-01
4.259999999999999898e-01
4.259999999999999898e-01
4.265333333333333199e-01
4.266666666666666941e-01
4.268000000000000127e-01
4.269333333333333313e-01
4.270666666666666500e-01
4.274666666666666615e-01
4.274666666666666615e-01
4.279333333333333322e-01
4.282000000000000250e-01
4.283333333333333437e-01
4.285999999999999810e-01
4.289999999999999925e-01
4.295333333333333226e-01
4.298666666666666747e-01
4.298666666666666747e-01
4.299999999999999933e-01
4.303333333333333455e-01
4.303333333333333455e-01
4.304666666666666641e-01
4.305999999999999828e-01
4.308000000000000163e-01
4.311333333333333129e-01
4.313333333333333464e-01
4.314000000000000057e-01
4.314666666666666650e-01
4.317333333333333578e-01
4.321999999999999731e-01
4.321999999999999731e-01
4.326666666666666439e-01
4.327333333333333587e-01
4.329333333333333367e-01
4.329999999999999960e-01
4.333333333333333481e-01
4.332666666666666888e-01
4.333333333333333481e-01
4.334666666666666668e-01
4.334666666666666668e-01
4.337333333333333596e-01
4.337333333333333596e-01
4.340666666666666562e-01
4.340666666666666562e-01
4.341333333333333155e-01
4.341999999999999749e-01
4.343333333333333490e-01
4.345333333333333270e-01
4.348000000000000198e-01
4.347333333333333605e-01
4.348000000000000198e-01
4.350666666666666571e-01
4.353333333333333499e-01
4.354000000000000092e-01
4.354666666666666686e-01
4.358000000000000207e-01
4.359333333333333393e-01
4.361333333333333173e-01
4.365333333333333288e-01
4.365999999999999881e-01
4.368666666666666809e-01
4.368666666666666809e-01
4.367333333333333067e-01
4.368000000000000216e-01
4.369333333333333402e-01
4.374000000000000110e-01
4.376666666666666483e-01
4.376666666666666483e-01
4.376666666666666483e-01
4.376666666666666483e-01
4.377333333333333076e-01
4.378000000000000225e-01
4.381333333333333191e-01
4.386666666666666492e-01
4.388000000000000234e-01
4.389333333333333420e-01
4.391333333333333200e-01
4.392666666666666941e-01
4.395999999999999908e-01
4.395999999999999908e-01
4.398000000000000242e-01
4.399333333333333429e-01
4.395333333333333314e-01
4.400666666666666615e-01
4.401999999999999802e-01
4.401333333333333209e-01
4.404666666666666730e-01
4.406666666666666510e-01
4.410666666666666624e-01
4.412666666666666404e-01
4.414000000000000146e-01
4.417333333333333112e-01
4.416666666666666519e-01
4.418000000000000260e-01
4.421999999999999820e-01
4.422666666666666413e-01
4.423333333333333561e-01
4.424000000000000155e-01
4.427333333333333121e-01
4.430000000000000049e-01
4.431333333333333235e-01
4.432666666666666422e-01
4.434666666666666757e-01
4.435333333333333350e-01
4.437333333333333130e-01
4.440000000000000058e-01
4.441333333333333244e-01
4.442666666666666431e-01
4.445333333333333359e-01
4.445999999999999952e-01
4.447999999999999732e-01
4.449333333333333473e-01
4.451333333333333253e-01
4.450000000000000067e-01
4.449333333333333473e-01
4.450666666666666660e-01
4.454666666666666774e-01
4.457999999999999741e-01
4.458666666666666889e-01
4.461333333333333262e-01
4.461999999999999855e-01
4.462666666666666448e-01
4.466666666666666563e-01
4.469333333333333491e-01
4.470000000000000084e-01
4.470666666666666678e-01
4.471999999999999864e-01
4.473333333333333606e-01
4.475333333333333385e-01
4.477999999999999758e-01
4.481333333333333280e-01
4.480666666666666687e-01
4.484000000000000208e-01
4.485999999999999988e-01
4.486666666666666581e-01
4.487333333333333174e-01
4.488666666666666916e-01
4.488666666666666916e-01
4.491333333333333289e-01
4.492666666666666475e-01
4.493333333333333068e-01
4.494000000000000217e-01
4.494666666666666810e-01
4.494000000000000217e-01
4.493333333333333068e-01
4.494000000000000217e-01
4.494666666666666810e-01
4.495333333333333403e-01
4.495999999999999996e-01
4.497333333333333183e-01
4.497333333333333183e-01
4.497333333333333183e-01
4.499333333333333518e-01
4.501333333333333298e-01
4.501333333333333298e-01
4.502666666666666484e-01
4.505333333333333412e-01
4.504666666666666819e-01
4.506000000000000005e-01
4.508666666666666933e-01
4.510000000000000120e-01
4.507333333333333192e-01
4.510666666666666713e-01
4.511999999999999900e-01
4.514000000000000234e-01
4.514000000000000234e-01
4.514666666666666828e-01
4.515333333333333421e-01
4.517333333333333201e-01
4.520000000000000129e-01
4.520666666666666722e-01
4.524000000000000243e-01
4.523333333333333095e-01
4.524000000000000243e-01
4.525333333333333430e-01
4.527999999999999803e-01
4.527333333333333210e-01
4.526666666666666616e-01
4.528666666666666396e-01
4.526666666666666616e-01
4.529333333333333544e-01
4.531333333333333324e-01
4.530000000000000138e-01
4.532666666666666511e-01
4.532666666666666511e-01
4.531333333333333324e-01
4.532666666666666511e-01
4.534666666666666845e-01
4.536666666666666625e-01
4.540000000000000147e-01
4.540000000000000147e-01
4.540000000000000147e-01
4.542666666666666520e-01
4.544000000000000261e-01
4.544000000000000261e-01
4.547333333333333227e-01
4.546666666666666634e-01
4.546000000000000041e-01
4.547333333333333227e-01
4.548666666666666414e-01
4.548666666666666414e-01
4.551333333333333342e-01
4.554000000000000270e-01
4.556000000000000050e-01
4.556000000000000050e-01
4.556666666666666643e-01
4.557999999999999829e-01
4.557333333333333236e-01
4.557999999999999829e-01
4.561333333333333351e-01
4.563333333333333131e-01
4.566666666666666652e-01
4.564666666666666872e-01
4.566666666666666652e-01
4.567999999999999838e-01
4.571333333333333360e-01
4.570666666666666766e-01
4.570666666666666766e-01
4.571333333333333360e-01
4.571333333333333360e-01
4.571333333333333360e-01
4.573999999999999733e-01
4.576000000000000068e-01
4.574666666666666881e-01
4.573999999999999733e-01
4.575333333333333474e-01
4.577333333333333254e-01
4.577999999999999847e-01
4.578666666666666440e-01
4.580666666666666775e-01
4.581999999999999962e-01
4.581999999999999962e-01
4.584666666666666890e-01
4.585333333333333483e-01
4.586666666666666670e-01
4.587999999999999856e-01
4.587999999999999856e-01
4.590000000000000191e-01
4.594666666666666899e-01
4.596666666666666679e-01
4.596000000000000085e-01
4.597333333333333272e-01
4.597333333333333272e-01
4.599333333333333607e-01
4.598666666666666458e-01
4.600666666666666793e-01
4.601999999999999980e-01
4.602666666666666573e-01
4.602666666666666573e-01
4.606000000000000094e-01
4.607333333333333281e-01
4.607999999999999874e-01
4.611999999999999988e-01
4.611999999999999988e-01
4.613999999999999768e-01
4.615333333333333510e-01
4.617999999999999883e-01
4.619333333333333069e-01
4.620666666666666811e-01
4.623333333333333184e-01
4.625333333333333519e-01
4.626666666666666705e-01
4.630000000000000226e-01
4.627999999999999892e-01
4.627999999999999892e-01
4.629333333333333078e-01
4.629333333333333078e-01
4.632666666666666599e-01
4.633999999999999786e-01
4.636000000000000121e-01
4.634666666666666934e-01
4.637333333333333307e-01
4.637999999999999901e-01
4.640666666666666829e-01
4.643999999999999795e-01
4.641333333333333422e-01
4.643333333333333202e-01
4.644666666666666943e-01
4.646000000000000130e-01
4.645333333333333536e-01
4.649333333333333096e-01
4.651333333333333431e-01
4.651333333333333431e-01
4.653333333333333210e-01
4.655333333333333545e-01
4.654666666666666397e-01
4.656000000000000139e-01
4.657333333333333325e-01
4.659333333333333105e-01
4.660000000000000253e-01
4.660000000000000253e-01
4.661333333333333440e-01
4.662000000000000033e-01
4.661333333333333440e-01
4.662666666666666626e-01
4.663333333333333219e-01
4.665333333333333554e-01
4.666666666666666741e-01
4.666000000000000147e-01
4.667999999999999927e-01
4.669333333333333114e-01
4.670666666666666855e-01
4.672666666666666635e-01
4.672666666666666635e-01
4.672000000000000042e-01
4.670666666666666855e-01
4.673333333333333228e-01
4.673999999999999821e-01
4.673333333333333228e-01
4.674666666666666415e-01
4.677333333333333343e-01
4.676666666666666750e-01
4.676000000000000156e-01
4.677333333333333343e-01
4.674666666666666415e-01
4.676666666666666750e-01
4.676666666666666750e-01
4.676666666666666750e-01
4.678666666666666529e-01
4.676666666666666750e-01
4.676666666666666750e-01
4.677999999999999936e-01
4.677999999999999936e-01
4.676000000000000156e-01
4.680000000000000271e-01
4.680666666666666864e-01
4.682000000000000051e-01
4.682666666666666644e-01
4.682000000000000051e-01
4.681333333333333457e-01
4.682666666666666644e-01
4.685333333333333572e-01
4.686000000000000165e-01
4.686666666666666758e-01
4.686000000000000165e-01
4.686000000000000165e-01
4.686000000000000165e-01
4.687333333333333352e-01
4.687999999999999945e-01
4.690666666666666873e-01
4.691333333333333466e-01
4.692666666666666653e-01
4.693999999999999839e-01
4.693333333333333246e-01
4.693999999999999839e-01
4.694666666666666432e-01
4.696666666666666767e-01
4.699333333333333140e-01
4.699333333333333140e-01
4.702000000000000068e-01
4.701333333333333475e-01
4.701333333333333475e-01
4.703333333333333255e-01
4.703999999999999848e-01
4.704666666666666441e-01
4.706666666666666776e-01
4.706666666666666776e-01
4.703999999999999848e-01
4.705333333333333590e-01
4.708666666666666556e-01
4.712000000000000077e-01
4.712000000000000077e-01
4.712666666666666671e-01
4.709333333333333149e-01
4.712666666666666671e-01
4.713999999999999857e-01
4.714666666666666450e-01
4.714666666666666450e-01
4.715333333333333599e-01
4.715333333333333599e-01
4.716666666666666785e-01
4.717333333333333378e-01
4.719999999999999751e-01
4.722000000000000086e-01
4.719333333333333158e-01
4.721333333333333493e-01
4.726666666666666794e-01
4.727999999999999980e-01
4.727333333333333387e-01
4.728666666666666574e-01
4.729333333333333167e-01
4.732000000000000095e-01
4.732000000000000095e-01
4.735333333333333061e-01
4.736000000000000210e-01
4.736000000000000210e-01
4.738666666666666583e-01
4.739999999999999769e-01
4.738666666666666583e-01
4.740666666666666917e-01
4.739333333333333176e-01
4.740666666666666917e-01
4.739999999999999769e-01
4.742000000000000104e-01
4.743999999999999884e-01
4.745333333333333070e-01
4.746666666666666812e-01
4.747333333333333405e-01
4.747999999999999998e-01
4.749333333333333185e-01
4.750666666666666926e-01
4.749999999999999778e-01
4.749333333333333185e-01
4.752000000000000113e-01
4.752000000000000113e-01
4.752666666666666706e-01
4.753999999999999893e-01
4.755333333333333079e-01
4.757333333333333414e-01
4.757333333333333414e-01
4.757333333333333414e-01
4.758666666666666600e-01
4.759999999999999787e-01
4.760666666666666935e-01
4.761333333333333528e-01
4.761333333333333528e-01
4.762666666666666715e-01
4.762000000000000122e-01
4.765333333333333088e-01
4.766000000000000236e-01
4.764666666666666495e-01
4.766000000000000236e-01
4.765333333333333088e-01
4.764666666666666495e-01
4.766666666666666829e-01
4.766666666666666829e-01
4.768000000000000016e-01
4.769999999999999796e-01
4.770666666666666944e-01
4.771333333333333537e-01
4.773999999999999910e-01
4.773999999999999910e-01
4.774666666666666504e-01
4.776666666666666838e-01
4.776000000000000245e-01
4.777333333333333432e-01
4.777333333333333432e-01
4.778666666666666618e-01
4.779999999999999805e-01
4.782666666666666733e-01
4.783333333333333326e-01
4.784666666666666512e-01
4.784666666666666512e-01
4.780666666666666398e-01
4.781333333333333546e-01
4.781333333333333546e-01
4.783999999999999919e-01
4.782666666666666733e-01
4.784666666666666512e-01
4.783999999999999919e-01
4.783999999999999919e-01
4.785333333333333106e-01
4.785333333333333106e-01
4.786000000000000254e-01
4.786666666666666847e-01
4.788666666666666627e-01
4.788000000000000034e-01
4.788666666666666627e-01
4.789999999999999813e-01
4.794666666666666521e-01
4.792666666666666742e-01
4.792666666666666742e-01
4.793333333333333335e-01
4.793333333333333335e-01
4.797333333333333449e-01
4.797333333333333449e-01
4.799999999999999822e-01
4.800666666666666416e-01
4.800666666666666416e-01
4.801333333333333564e-01
4.799999999999999822e-01
4.802666666666666750e-01
4.803999999999999937e-01
4.804666666666666530e-01
4.805333333333333123e-01
4.806000000000000272e-01
4.806000000000000272e-01
4.806666666666666865e-01
4.803999999999999937e-01
4.807333333333333458e-01
4.808666666666666645e-01
4.807333333333333458e-01
4.808666666666666645e-01
4.810666666666666424e-01
4.810666666666666424e-01
4.812000000000000166e-01
4.813333333333333353e-01
4.813999999999999946e-01
4.815333333333333132e-01
4.815999999999999726e-01
4.815333333333333132e-01
4.816666666666666874e-01
4.816666666666666874e-01
4.816666666666666874e-01
4.815333333333333132e-01
4.814666666666666539e-01
4.812000000000000166e-01
4.818000000000000060e-01
4.819333333333333247e-01
4.818000000000000060e-01
4.819333333333333247e-01
4.821333333333333582e-01
4.821333333333333582e-01
4.822666666666666768e-01
4.823999999999999955e-01
4.823999999999999955e-01
4.828000000000000069e-01
4.828000000000000069e-01
4.825999999999999734e-01
4.828666666666666663e-01
4.828000000000000069e-01
4.829999999999999849e-01
4.832000000000000184e-01
4.832000000000000184e-01
4.831333333333333591e-01
4.832000000000000184e-01
4.833333333333333370e-01
4.834666666666666557e-01
4.836666666666666892e-01
4.837333333333333485e-01
4.837333333333333485e-01
4.838666666666666671e-01
4.839333333333333265e-01
4.839999999999999858e-01
4.839999999999999858e-01
4.839333333333333265e-01
4.840666666666666451e-01
4.839999999999999858e-01
4.842000000000000193e-01
4.842666666666666786e-01
4.843999999999999972e-01
4.843999999999999972e-01
4.845333333333333159e-01
4.847333333333333494e-01
4.846666666666666901e-01
4.846666666666666901e-01
4.849333333333333274e-01
