3.782666666666666400e-01
3.788666666666666849e-01
3.795333333333333337e-01
3.804666666666666752e-01
3.810000000000000053e-01
3.817333333333333134e-01
3.820000000000000062e-01
3.824000000000000177e-01
3.826666666666666550e-01
3.830000000000000071e-01
3.834000000000000186e-01
3.837333333333333152e-01
3.838666666666666893e-01
3.842666666666666453e-01
3.844666666666666788e-01
3.849333333333333496e-01
3.851333333333333275e-01
3.855333333333333390e-01
3.855333333333333390e-01
3.858666666666666911e-01
3.860000000000000098e-01
3.864000000000000212e-01
3.868666666666666920e-01
3.869333333333333513e-01
3.874666666666666814e-01
3.875333333333333408e-01
3.877999999999999781e-01
3.878666666666666929e-01
3.881999999999999895e-01
3.881999999999999895e-01
3.887333333333333196e-01
3.887333333333333196e-01
3.891333333333333311e-01
3.891999999999999904e-01
3.897999999999999798e-01
3.901333333333333320e-01
3.903333333333333099e-01
3.907333333333333214e-01
3.909333333333333549e-01
3.913333333333333108e-01
3.914666666666666850e-01
3.918666666666666409e-01
3.922666666666666524e-01
3.926000000000000045e-01
3.928666666666666418e-01
3.934666666666666868e-01
3.936666666666666647e-01
3.939333333333333576e-01
3.943999999999999728e-01
3.946000000000000063e-01
3.947999999999999843e-01
3.951999999999999957e-01
3.953999999999999737e-01
3.956666666666666665e-01
3.959333333333333593e-01
3.962666666666666559e-01
3.967333333333333267e-01
3.971333333333333382e-01
3.977333333333333276e-01
3.978666666666666463e-01
3.980666666666666798e-01
3.981333333333333391e-01
3.982666666666666577e-01
3.984666666666666912e-01
3.987333333333333285e-01
3.987999999999999878e-01
3.989333333333333065e-01
3.991333333333333400e-01
3.997333333333333294e-01
4.000666666666666815e-01
4.003999999999999782e-01
4.006000000000000116e-01
4.012000000000000011e-01
4.014666666666666939e-01
4.018666666666666498e-01
4.022666666666666613e-01
4.022666666666666613e-01
4.023999999999999799e-01
4.026000000000000134e-01
4.030000000000000249e-01
4.030666666666666842e-01
4.033999999999999808e-01
4.035333333333333550e-01
4.037333333333333329e-01
4.037999999999999923e-01
4.041333333333333444e-01
4.042666666666666631e-01
4.044666666666666410e-01
4.046666666666666745e-01
4.048666666666666525e-01
4.052666666666666639e-01
4.055333333333333568e-01
4.057333333333333347e-01
4.060000000000000275e-01
4.066000000000000170e-01
4.064666666666666428e-01
4.066000000000000170e-01
4.067999999999999949e-01
4.070666666666666877e-01
4.073999999999999844e-01
4.076000000000000179e-01
4.075333333333333585e-01
4.081333333333333480e-01
4.083333333333333259e-01
4.084666666666666446e-01
4.088666666666666560e-01
4.090666666666666895e-01
4.092000000000000082e-01
4.092666666666666675e-01
4.095333333333333603e-01
4.096666666666666790e-01
4.097999999999999976e-01
4.098666666666666569e-01
4.102666666666666684e-01
4.102000000000000091e-01
4.106000000000000205e-01
4.109333333333333171e-01
4.109999999999999765e-01
4.110666666666666913e-01
4.112666666666666693e-01
4.112666666666666693e-01
4.116000000000000214e-01
4.117333333333333401e-01
4.121333333333333515e-01
4.124666666666666481e-01
4.125333333333333075e-01
4.127333333333333409e-01
4.127333333333333409e-01
4.129333333333333189e-01
4.130666666666666931e-01
4.133333333333333304e-01
4.136666666666666825e-01
4.138000000000000012e-01
4.142000000000000126e-01
4.143333333333333313e-01
4.138666666666666605e-01
4.143999999999999906e-01
4.141333333333333533e-01
4.146000000000000241e-01
4.149333333333333207e-01
4.151333333333333542e-01
4.156000000000000250e-01
4.156000000000000250e-01
4.156666666666666843e-01
4.157333333333333436e-01
4.161333333333333551e-01
4.164666666666666517e-01
4.168000000000000038e-01
4.168000000000000038e-01
4.169333333333333225e-01
4.169999999999999818e-01
4.171333333333333560e-01
4.172666666666666746e-01
4.178000000000000047e-01
4.179333333333333234e-01
4.183999999999999941e-01
4.188666666666666649e-01
4.189333333333333242e-01
4.190666666666666429e-01
4.193999999999999950e-01
4.196666666666666878e-01
4.196666666666666878e-01
4.196666666666666878e-01
4.195999999999999730e-01
4.203999999999999959e-01
4.205999999999999739e-01
4.208666666666666667e-01
4.211333333333333595e-01
4.212666666666666782e-01
4.213999999999999968e-01
4.219999999999999862e-01
4.222000000000000197e-01
4.223333333333333384e-01
4.225333333333333163e-01
4.228000000000000091e-01
4.229999999999999871e-01
4.231333333333333058e-01
4.232666666666666799e-01
4.231333333333333058e-01
4.233999999999999986e-01
4.233999999999999986e-01
4.238666666666666694e-01
4.240666666666666473e-01
4.242666666666666808e-01
4.243333333333333401e-01
4.245999999999999774e-01
4.243999999999999995e-01
4.244666666666666588e-01
4.245333333333333181e-01
4.247333333333333516e-01
4.248000000000000109e-01
4.250666666666666482e-01
4.252000000000000224e-01
4.254666666666666597e-01
4.254666666666666597e-01
4.256666666666666932e-01
4.260666666666666491e-01
4.260666666666666491e-01
4.265333333333333199e-01
4.266666666666666941e-01
4.268666666666666720e-01
4.269999999999999907e-01
4.269333333333333313e-01
4.272666666666666835e-01
4.274666666666666615e-01
4.280666666666666509e-01
4.284000000000000030e-01
4.286666666666666403e-01
4.289333333333333331e-01
4.294000000000000039e-01
4.295333333333333226e-01
4.299333333333333340e-01
4.299999999999999933e-01
4.300666666666666527e-01
4.304666666666666641e-01
4.305333333333333234e-01
4.305333333333333234e-01
4.305999999999999828e-01
4.307333333333333569e-01
4.310666666666666536e-01
4.312666666666666870e-01
4.313333333333333464e-01
4.316666666666666430e-01
4.318000000000000171e-01
4.322666666666666879e-01
4.321333333333333138e-01
4.326666666666666439e-01
4.328666666666666774e-01
4.329999999999999960e-01
4.331999999999999740e-01
4.333333333333333481e-01
4.332666666666666888e-01
4.331999999999999740e-01
4.334666666666666668e-01
4.336666666666666448e-01
4.337333333333333596e-01
4.338000000000000189e-01
4.339333333333333376e-01
4.340666666666666562e-01
4.341999999999999749e-01
4.343333333333333490e-01
4.344666666666666677e-01
4.344666666666666677e-01
4.347333333333333605e-01
4.345999999999999863e-01
4.346666666666666456e-01
4.351333333333333164e-01
4.354000000000000092e-01
4.353333333333333499e-01
4.356666666666666465e-01
4.359333333333333393e-01
4.359999999999999987e-01
4.361999999999999766e-01
4.362666666666666915e-01
4.364000000000000101e-01
4.366666666666666474e-01
4.366666666666666474e-01
4.366666666666666474e-01
4.369333333333333402e-01
4.369999999999999996e-01
4.374666666666666703e-01
4.375999999999999890e-01
4.377333333333333076e-01
4.378666666666666818e-01
4.380000000000000004e-01
4.379333333333333411e-01
4.380000000000000004e-01
4.381333333333333191e-01
4.385333333333333306e-01
4.388000000000000234e-01
4.387333333333333085e-01
4.385333333333333306e-01
4.389333333333333420e-01
4.392666666666666941e-01
4.397333333333333094e-01
4.400666666666666615e-01
4.400666666666666615e-01
4.400666666666666615e-01
4.403333333333333544e-01
4.404000000000000137e-01
4.403333333333333544e-01
4.406666666666666510e-01
4.410000000000000031e-01
4.412666666666666404e-01
4.414000000000000146e-01
4.415333333333333332e-01
4.416666666666666519e-01
4.418666666666666853e-01
4.418666666666666853e-01
4.421999999999999820e-01
4.422666666666666413e-01
4.424666666666666748e-01
4.424666666666666748e-01
4.428000000000000269e-01
4.430666666666666642e-01
4.431333333333333235e-01
4.434666666666666757e-01
4.435333333333333350e-01
4.434666666666666757e-01
4.435999999999999943e-01
4.440000000000000058e-01
4.441333333333333244e-01
4.444666666666666766e-01
4.445999999999999952e-01
4.445333333333333359e-01
4.448666666666666880e-01
4.450000000000000067e-01
4.450666666666666660e-01
4.450666666666666660e-01
4.450000000000000067e-01
4.450666666666666660e-01
4.455333333333333368e-01
4.456666666666666554e-01
4.456666666666666554e-01
4.460000000000000075e-01
4.461333333333333262e-01
4.465333333333333377e-01
4.467999999999999750e-01
4.469333333333333491e-01
4.470666666666666678e-01
4.471999999999999864e-01
4.472666666666666457e-01
4.473333333333333606e-01
4.474666666666666792e-01
4.479333333333333500e-01
4.481333333333333280e-01
4.483333333333333059e-01
4.482666666666666466e-01
4.486666666666666581e-01
4.487333333333333174e-01
4.487999999999999767e-01
4.487999999999999767e-01
4.490000000000000102e-01
4.493333333333333068e-01
4.492666666666666475e-01
4.493333333333333068e-01
4.493333333333333068e-01
4.494000000000000217e-01
4.493333333333333068e-01
4.492666666666666475e-01
4.494666666666666810e-01
4.495999999999999996e-01
4.497333333333333183e-01
4.500000000000000111e-01
4.499333333333333518e-01
4.500000000000000111e-01
4.501333333333333298e-01
4.501999999999999891e-01
4.501999999999999891e-01
4.501333333333333298e-01
4.504000000000000226e-01
4.505333333333333412e-01
4.506000000000000005e-01
4.507333333333333192e-01
4.507333333333333192e-01
4.508666666666666933e-01
4.510666666666666713e-01
4.511333333333333306e-01
4.513333333333333086e-01
4.511999999999999900e-01
4.512666666666666493e-01
4.514000000000000234e-01
4.517333333333333201e-01
4.519333333333333536e-01
4.520666666666666722e-01
4.522666666666666502e-01
4.521999999999999909e-01
4.521999999999999909e-01
4.524000000000000243e-01
4.525333333333333430e-01
4.526666666666666616e-01
4.526000000000000023e-01
4.526666666666666616e-01
4.528666666666666396e-01
4.529333333333333544e-01
4.530666666666666731e-01
4.530666666666666731e-01
4.531333333333333324e-01
4.531999999999999917e-01
4.531999999999999917e-01
4.530000000000000138e-01
4.533333333333333104e-01
4.536666666666666625e-01
4.537333333333333218e-01
4.540000000000000147e-01
4.540000000000000147e-01
4.540000000000000147e-01
4.540666666666666740e-01
4.541999999999999926e-01
4.542666666666666520e-01
4.543333333333333113e-01
4.545333333333333448e-01
4.546666666666666634e-01
4.546666666666666634e-01
4.547999999999999821e-01
4.549333333333333562e-01
4.551999999999999935e-01
4.553333333333333122e-01
4.554000000000000270e-01
4.555333333333333456e-01
4.558666666666666423e-01
4.560000000000000164e-01
4.560666666666666758e-01
4.560666666666666758e-01
4.560000000000000164e-01
4.562666666666666537e-01
4.561333333333333351e-01
4.561999999999999944e-01
4.566000000000000059e-01
4.566666666666666652e-01
4.569333333333333580e-01
4.570000000000000173e-01
4.572666666666666546e-01
4.571999999999999953e-01
4.571999999999999953e-01
4.576000000000000068e-01
4.577333333333333254e-01
4.575333333333333474e-01
4.577333333333333254e-01
4.575333333333333474e-01
4.575333333333333474e-01
4.576666666666666661e-01
4.577999999999999847e-01
4.579333333333333589e-01
4.580666666666666775e-01
4.582666666666666555e-01
4.582666666666666555e-01
4.584666666666666890e-01
4.585333333333333483e-01
4.586000000000000076e-01
4.586666666666666670e-01
4.590666666666666784e-01
4.592666666666666564e-01
4.595333333333333492e-01
4.596000000000000085e-01
4.595333333333333492e-01
4.596000000000000085e-01
4.597999999999999865e-01
4.600000000000000200e-01
4.598666666666666458e-01
4.599333333333333607e-01
4.600666666666666793e-01
4.603333333333333166e-01
4.603999999999999759e-01
4.606000000000000094e-01
4.608666666666666467e-01
4.611999999999999988e-01
4.611999999999999988e-01
4.612666666666666582e-01
4.613999999999999768e-01
4.616000000000000103e-01
4.616000000000000103e-01
4.618666666666666476e-01
4.622666666666666591e-01
4.625333333333333519e-01
4.627333333333333298e-01
4.628666666666666485e-01
4.628666666666666485e-01
4.627333333333333298e-01
4.627999999999999892e-01
4.630666666666666820e-01
4.632000000000000006e-01
4.631333333333333413e-01
4.633999999999999786e-01
4.636666666666666714e-01
4.636666666666666714e-01
4.638666666666666494e-01
4.637999999999999901e-01
4.641333333333333422e-01
4.643333333333333202e-01
4.641333333333333422e-01
4.643333333333333202e-01
4.643999999999999795e-01
4.645333333333333536e-01
4.647333333333333316e-01
4.648666666666666503e-01
4.650000000000000244e-01
4.651333333333333431e-01
4.652000000000000024e-01
4.655333333333333545e-01
4.656666666666666732e-01
4.657333333333333325e-01
4.659333333333333105e-01
4.662000000000000033e-01
4.660666666666666846e-01
4.660000000000000253e-01
4.661333333333333440e-01
4.662000000000000033e-01
4.661333333333333440e-01
4.660666666666666846e-01
4.662666666666666626e-01
4.666666666666666741e-01
4.667333333333333334e-01
4.665333333333333554e-01
4.666666666666666741e-01
4.670666666666666855e-01
4.670666666666666855e-01
4.673333333333333228e-01
4.672666666666666635e-01
4.672000000000000042e-01
4.672666666666666635e-01
4.672000000000000042e-01
4.672666666666666635e-01
4.673333333333333228e-01
4.675333333333333563e-01
4.674666666666666415e-01
4.673999999999999821e-01
4.674666666666666415e-01
4.676666666666666750e-01
4.677333333333333343e-01
4.677999999999999936e-01
4.677999999999999936e-01
4.677999999999999936e-01
4.680000000000000271e-01
4.680000000000000271e-01
4.679333333333333123e-01
4.675333333333333563e-01
4.677999999999999936e-01
4.677999999999999936e-01
4.679333333333333123e-01
4.680666666666666864e-01
4.681333333333333457e-01
4.682666666666666644e-01
4.681333333333333457e-01
4.682666666666666644e-01
4.683333333333333237e-01
4.683999999999999830e-01
4.684666666666666424e-01
4.685333333333333572e-01
4.687333333333333352e-01
4.686000000000000165e-01
4.686666666666666758e-01
4.687333333333333352e-01
4.689999999999999725e-01
4.690666666666666873e-01
4.689999999999999725e-01
4.692666666666666653e-01
4.696000000000000174e-01
4.696666666666666767e-01
4.694666666666666432e-01
4.694666666666666432e-01
4.697333333333333361e-01
4.699333333333333140e-01
4.697999999999999954e-01
4.699999999999999734e-01
4.698666666666666547e-01
4.702666666666666662e-01
4.702000000000000068e-01
4.703999999999999848e-01
4.705333333333333590e-01
4.707333333333333369e-01
4.706666666666666776e-01
4.706000000000000183e-01
4.709333333333333149e-01
4.711333333333333484e-01
4.713999999999999857e-01
4.712666666666666671e-01
4.712666666666666671e-01
4.712000000000000077e-01
4.713999999999999857e-01
4.714666666666666450e-01
4.715333333333333599e-01
4.713999999999999857e-01
4.716000000000000192e-01
4.716000000000000192e-01
4.717999999999999972e-01
4.717999999999999972e-01
4.721333333333333493e-01
4.722000000000000086e-01
4.722000000000000086e-01
4.721333333333333493e-01
4.725333333333333607e-01
4.727999999999999980e-01
4.729333333333333167e-01
4.728666666666666574e-01
4.729333333333333167e-01
4.732000000000000095e-01
4.732000000000000095e-01
4.735333333333333061e-01
4.735333333333333061e-01
4.735333333333333061e-01
4.737333333333333396e-01
4.740666666666666917e-01
4.740666666666666917e-01
4.739333333333333176e-01
4.739333333333333176e-01
4.739999999999999769e-01
4.740666666666666917e-01
4.740666666666666917e-01
4.744666666666666477e-01
4.746000000000000218e-01
4.746666666666666812e-01
4.747999999999999998e-01
4.749333333333333185e-01
4.749999999999999778e-01
4.750666666666666926e-01
4.750666666666666926e-01
4.751333333333333520e-01
4.752000000000000113e-01
4.750666666666666926e-01
4.753333333333333299e-01
4.755333333333333079e-01
4.755333333333333079e-01
4.756000000000000227e-01
4.757333333333333414e-01
4.759333333333333194e-01
4.759999999999999787e-01
4.759999999999999787e-01
4.761333333333333528e-01
4.762000000000000122e-01
4.761333333333333528e-01
4.762666666666666715e-01
4.763999999999999901e-01
4.763999999999999901e-01
4.766000000000000236e-01
4.765333333333333088e-01
4.765333333333333088e-01
4.766666666666666829e-01
4.765333333333333088e-01
4.766666666666666829e-01
4.768000000000000016e-01
4.768000000000000016e-01
4.769999999999999796e-01
4.769333333333333202e-01
4.771333333333333537e-01
4.772000000000000131e-01
4.773333333333333317e-01
4.773333333333333317e-01
4.776000000000000245e-01
4.776000000000000245e-01
4.776666666666666838e-01
4.778666666666666618e-01
4.778666666666666618e-01
4.781333333333333546e-01
4.782000000000000139e-01
4.786000000000000254e-01
4.786666666666666847e-01
4.785333333333333106e-01
4.784666666666666512e-01
4.783333333333333326e-01
4.783333333333333326e-01
4.783999999999999919e-01
4.783333333333333326e-01
4.782000000000000139e-01
4.783999999999999919e-01
4.783333333333333326e-01
4.785333333333333106e-01
4.785333333333333106e-01
4.785333333333333106e-01
4.785333333333333106e-01
4.788000000000000034e-01
4.790666666666666407e-01
4.789999999999999813e-01
4.791333333333333555e-01
4.792666666666666742e-01
4.793333333333333335e-01
4.793333333333333335e-01
4.793999999999999928e-01
4.796000000000000263e-01
4.796000000000000263e-01
4.796000000000000263e-01
4.798666666666666636e-01
4.798000000000000043e-01
4.799333333333333229e-01
4.799333333333333229e-01
4.800666666666666416e-01
4.799999999999999822e-01
4.803333333333333344e-01
4.804666666666666530e-01
4.805333333333333123e-01
4.806000000000000272e-01
4.805333333333333123e-01
4.807333333333333458e-01
4.808666666666666645e-01
4.808000000000000052e-01
4.807333333333333458e-01
4.806000000000000272e-01
4.807333333333333458e-01
4.810666666666666424e-01
4.810666666666666424e-01
4.810666666666666424e-01
4.810666666666666424e-01
4.815333333333333132e-01
4.815333333333333132e-01
4.816666666666666874e-01
4.815333333333333132e-01
4.815333333333333132e-01
4.818000000000000060e-01
4.815999999999999726e-01
4.815999999999999726e-01
4.814666666666666539e-01
4.816666666666666874e-01
4.818666666666666654e-01
4.818666666666666654e-01
4.819333333333333247e-01
4.820666666666666433e-01
4.821333333333333582e-01
4.823999999999999955e-01
4.823999999999999955e-01
4.824666666666666548e-01
4.823999999999999955e-01
4.826666666666666883e-01
4.828666666666666663e-01
4.828666666666666663e-01
4.828666666666666663e-01
4.830666666666666442e-01
4.831333333333333591e-01
4.832000000000000184e-01
4.831333333333333591e-01
4.832666666666666777e-01
4.834666666666666557e-01
4.833333333333333370e-01
4.835999999999999743e-01
4.835333333333333150e-01
4.837333333333333485e-01
4.838666666666666671e-01
4.839333333333333265e-01
4.838666666666666671e-01
4.838666666666666671e-01
4.840666666666666451e-01
4.838666666666666671e-01
4.839333333333333265e-01
4.839333333333333265e-01
4.842000000000000193e-01
4.842666666666666786e-01
4.844666666666666566e-01
4.843999999999999972e-01
4.845999999999999752e-01
4.845999999999999752e-01
4.847333333333333494e-01
