3.645333333333333203e-01
3.654000000000000026e-01
3.662666666666666848e-01
3.666666666666666408e-01
3.672000000000000264e-01
3.674000000000000044e-01
3.680666666666666531e-01
3.687333333333333574e-01
3.693333333333333468e-01
3.700666666666666549e-01
3.701333333333333142e-01
3.704000000000000070e-01
3.707333333333333591e-01
3.711999999999999744e-01
3.715333333333333266e-01
3.716666666666666452e-01
3.721999999999999753e-01
3.725999999999999868e-01
3.731333333333333169e-01
3.734666666666666690e-01
3.735999999999999877e-01
3.736666666666666470e-01
3.741333333333333178e-01
3.743333333333333512e-01
3.747333333333333072e-01
3.750000000000000000e-01
3.754666666666666708e-01
3.758666666666666822e-01
3.760666666666666602e-01
3.764000000000000123e-01
3.767333333333333090e-01
3.769333333333333425e-01
3.774666666666666726e-01
3.780000000000000027e-01
3.786666666666666514e-01
3.791333333333333222e-01
3.794666666666666743e-01
3.795333333333333337e-01
3.799333333333333451e-01
3.800666666666666638e-01
3.803333333333333566e-01
3.808000000000000274e-01
3.811333333333333240e-01
3.814666666666666761e-01
3.816666666666666541e-01
3.819333333333333469e-01
3.820666666666666655e-01
3.822666666666666435e-01
3.830000000000000071e-01
3.831333333333333258e-01
3.833333333333333592e-01
3.833333333333333592e-01
3.838666666666666893e-01
3.841333333333333266e-01
3.846666666666666567e-01
3.845999999999999974e-01
3.851333333333333275e-01
3.855333333333333390e-01
3.860000000000000098e-01
3.861333333333333284e-01
3.865333333333333399e-01
3.869333333333333513e-01
3.874000000000000221e-01
3.880000000000000115e-01
3.884000000000000230e-01
3.886000000000000010e-01
3.891999999999999904e-01
3.893333333333333091e-01
3.896000000000000019e-01
3.901333333333333320e-01
3.903333333333333099e-01
3.907999999999999807e-01
3.910666666666666735e-01
3.911999999999999922e-01
3.915333333333333443e-01
3.919333333333333558e-01
3.921999999999999931e-01
3.927333333333333232e-01
3.928666666666666418e-01
3.931999999999999940e-01
3.936666666666666647e-01
3.939333333333333576e-01
3.943999999999999728e-01
3.946000000000000063e-01
3.946666666666666656e-01
3.950666666666666771e-01
3.952666666666666551e-01
3.956666666666666665e-01
3.956000000000000072e-01
3.959333333333333593e-01
3.962666666666666559e-01
3.965333333333333488e-01
3.971999999999999975e-01
3.977999999999999869e-01
3.979333333333333056e-01
3.981999999999999984e-01
3.985333333333333505e-01
3.987999999999999878e-01
3.988666666666666472e-01
3.991333333333333400e-01
3.989333333333333065e-01
3.991999999999999993e-01
3.993333333333333179e-01
3.994666666666666921e-01
4.002666666666666595e-01
4.006666666666666710e-01
4.012666666666666604e-01
4.016000000000000125e-01
4.019333333333333091e-01
4.017333333333333312e-01
4.020000000000000240e-01
4.023999999999999799e-01
4.027333333333333321e-01
4.029333333333333100e-01
4.032000000000000028e-01
4.036000000000000143e-01
4.038666666666666516e-01
4.042666666666666631e-01
4.044666666666666410e-01
4.044666666666666410e-01
4.047333333333333338e-01
4.049333333333333118e-01
4.052666666666666639e-01
4.056000000000000161e-01
4.057333333333333347e-01
4.061333333333333462e-01
4.066666666666666763e-01
4.067333333333333356e-01
4.067999999999999949e-01
4.069999999999999729e-01
4.068666666666666543e-01
4.073999999999999844e-01
4.077333333333333365e-01
4.079999999999999738e-01
4.080666666666666886e-01
4.085333333333333594e-01
4.089333333333333154e-01
4.090666666666666895e-01
4.089999999999999747e-01
4.093333333333333268e-01
4.094666666666666455e-01
4.095333333333333603e-01
4.097999999999999976e-01
4.100666666666666904e-01
4.103333333333333277e-01
4.105333333333333057e-01
4.106000000000000205e-01
4.108666666666666578e-01
4.110666666666666913e-01
4.109999999999999765e-01
4.109999999999999765e-01
4.113999999999999879e-01
4.116666666666666807e-01
4.117999999999999994e-01
4.121333333333333515e-01
4.121333333333333515e-01
4.125333333333333075e-01
4.126000000000000223e-01
4.129999999999999782e-01
4.133333333333333304e-01
4.136000000000000232e-01
4.137333333333333418e-01
4.141333333333333533e-01
4.145333333333333092e-01
4.146000000000000241e-01
4.146000000000000241e-01
4.148000000000000020e-01
4.148666666666666614e-01
4.151333333333333542e-01
4.152000000000000135e-01
4.154666666666666508e-01
4.156000000000000250e-01
4.157333333333333436e-01
4.156666666666666843e-01
4.159999999999999809e-01
4.163333333333333330e-01
4.164666666666666517e-01
4.166000000000000258e-01
4.168000000000000038e-01
4.168666666666666631e-01
4.169999999999999818e-01
4.172000000000000153e-01
4.173333333333333339e-01
4.177333333333333454e-01
4.181333333333333568e-01
4.186000000000000276e-01
4.186666666666666869e-01
4.186666666666666869e-01
4.190666666666666429e-01
4.192000000000000171e-01
4.192666666666666764e-01
4.194666666666666544e-01
4.198666666666666658e-01
4.200666666666666438e-01
4.203333333333333366e-01
4.207333333333333480e-01
4.207333333333333480e-01
4.211333333333333595e-01
4.212666666666666782e-01
4.214666666666666561e-01
4.215333333333333155e-01
4.219333333333333269e-01
4.223999999999999977e-01
4.224666666666666570e-01
4.225333333333333163e-01
4.225999999999999757e-01
4.225999999999999757e-01
4.229333333333333278e-01
4.230666666666666464e-01
4.229999999999999871e-01
4.233999999999999986e-01
4.236666666666666914e-01
4.240666666666666473e-01
4.239999999999999880e-01
4.239999999999999880e-01
4.241333333333333067e-01
4.245999999999999774e-01
4.245333333333333181e-01
4.246666666666666923e-01
4.248000000000000109e-01
4.249999999999999889e-01
4.251333333333333075e-01
4.254000000000000004e-01
4.255333333333333190e-01
4.257333333333333525e-01
4.263333333333333419e-01
4.264000000000000012e-01
4.266666666666666941e-01
4.268000000000000127e-01
4.271333333333333093e-01
4.273333333333333428e-01
4.274666666666666615e-01
4.278666666666666729e-01
4.280666666666666509e-01
4.283333333333333437e-01
4.288000000000000145e-01
4.289999999999999925e-01
4.294666666666666632e-01
4.294666666666666632e-01
4.297333333333333560e-01
4.298666666666666747e-01
4.300666666666666527e-01
4.299999999999999933e-01
4.300666666666666527e-01
4.302666666666666861e-01
4.304000000000000048e-01
4.306666666666666421e-01
4.307333333333333569e-01
4.308666666666666756e-01
4.313333333333333464e-01
4.316666666666666430e-01
4.318666666666666765e-01
4.321999999999999731e-01
4.324666666666666659e-01
4.325333333333333252e-01
4.328000000000000180e-01
4.329999999999999960e-01
4.330666666666666553e-01
4.329999999999999960e-01
4.329333333333333367e-01
4.331999999999999740e-01
4.332666666666666888e-01
4.335999999999999854e-01
4.336666666666666448e-01
4.338000000000000189e-01
4.337333333333333596e-01
4.338666666666666782e-01
4.339999999999999969e-01
4.342666666666666897e-01
4.343333333333333490e-01
4.344666666666666677e-01
4.345999999999999863e-01
4.348666666666666791e-01
4.349333333333333385e-01
4.351999999999999758e-01
4.353333333333333499e-01
4.355333333333333279e-01
4.358000000000000207e-01
4.361333333333333173e-01
4.363333333333333508e-01
4.364666666666666694e-01
4.366666666666666474e-01
4.367333333333333067e-01
4.369333333333333402e-01
4.369999999999999996e-01
4.373333333333333517e-01
4.373333333333333517e-01
4.378000000000000225e-01
4.377333333333333076e-01
4.380000000000000004e-01
4.381333333333333191e-01
4.381999999999999784e-01
4.385999999999999899e-01
4.388000000000000234e-01
4.389333333333333420e-01
4.392666666666666941e-01
4.393333333333333535e-01
4.394000000000000128e-01
4.393333333333333535e-01
4.397333333333333094e-01
4.398000000000000242e-01
4.398666666666666836e-01
4.398666666666666836e-01
4.401333333333333209e-01
4.403333333333333544e-01
4.404000000000000137e-01
4.406666666666666510e-01
4.412666666666666404e-01
4.411999999999999811e-01
4.411999999999999811e-01
4.411999999999999811e-01
4.412666666666666404e-01
4.415333333333333332e-01
4.417333333333333112e-01
4.419333333333333447e-01
4.418666666666666853e-01
4.422666666666666413e-01
4.422666666666666413e-01
4.424666666666666748e-01
4.425333333333333341e-01
4.428666666666666862e-01
4.428666666666666862e-01
4.430666666666666642e-01
4.430666666666666642e-01
4.435333333333333350e-01
4.435999999999999943e-01
4.437999999999999723e-01
4.441333333333333244e-01
4.443333333333333579e-01
4.446666666666666545e-01
4.446666666666666545e-01
4.447999999999999732e-01
4.450000000000000067e-01
4.451333333333333253e-01
4.453333333333333588e-01
4.453333333333333588e-01
4.455999999999999961e-01
4.457333333333333147e-01
4.460666666666666669e-01
4.460666666666666669e-01
4.462666666666666448e-01
4.467333333333333156e-01
4.467333333333333156e-01
4.467999999999999750e-01
4.470666666666666678e-01
4.472666666666666457e-01
4.474000000000000199e-01
4.475999999999999979e-01
4.477999999999999758e-01
4.479333333333333500e-01
4.481333333333333280e-01
4.483333333333333059e-01
4.485333333333333394e-01
4.484666666666666801e-01
4.484666666666666801e-01
4.484666666666666801e-01
4.486666666666666581e-01
4.488666666666666916e-01
4.487999999999999767e-01
4.490000000000000102e-01
4.491333333333333289e-01
4.490666666666666695e-01
4.491333333333333289e-01
4.491333333333333289e-01
4.494000000000000217e-01
4.494666666666666810e-01
4.497333333333333183e-01
4.497999999999999776e-01
4.497999999999999776e-01
4.497999999999999776e-01
4.500000000000000111e-01
4.500666666666666704e-01
4.502666666666666484e-01
4.503333333333333077e-01
4.504000000000000226e-01
4.505333333333333412e-01
4.506666666666666599e-01
4.507333333333333192e-01
4.508666666666666933e-01
4.507999999999999785e-01
4.508666666666666933e-01
4.508666666666666933e-01
4.508666666666666933e-01
4.510000000000000120e-01
4.511999999999999900e-01
4.511333333333333306e-01
4.514000000000000234e-01
4.514000000000000234e-01
4.517333333333333201e-01
4.517333333333333201e-01
4.516000000000000014e-01
4.521333333333333315e-01
4.520666666666666722e-01
4.521999999999999909e-01
4.523333333333333095e-01
4.525333333333333430e-01
4.525333333333333430e-01
4.526666666666666616e-01
4.527999999999999803e-01
4.527999999999999803e-01
4.528666666666666396e-01
4.529333333333333544e-01
4.528666666666666396e-01
4.529333333333333544e-01
4.531333333333333324e-01
4.534000000000000252e-01
4.532666666666666511e-01
4.534000000000000252e-01
4.534666666666666845e-01
4.535333333333333439e-01
4.536000000000000032e-01
4.534666666666666845e-01
4.537333333333333218e-01
4.537999999999999812e-01
4.538666666666666405e-01
4.539333333333333553e-01
4.540666666666666740e-01
4.541999999999999926e-01
4.545333333333333448e-01
4.546666666666666634e-01
4.547999999999999821e-01
4.550666666666666749e-01
4.551333333333333342e-01
4.554000000000000270e-01
4.554000000000000270e-01
4.555333333333333456e-01
4.556000000000000050e-01
4.556666666666666643e-01
4.557999999999999829e-01
4.560666666666666758e-01
4.561333333333333351e-01
4.562666666666666537e-01
4.563999999999999724e-01
4.565333333333333465e-01
4.566000000000000059e-01
4.565333333333333465e-01
4.566666666666666652e-01
4.568666666666666432e-01
4.572666666666666546e-01
4.571999999999999953e-01
4.572666666666666546e-01
4.573999999999999733e-01
4.573333333333333139e-01
4.575333333333333474e-01
4.576000000000000068e-01
4.577999999999999847e-01
4.580666666666666775e-01
4.580666666666666775e-01
4.581999999999999962e-01
4.583333333333333148e-01
4.582666666666666555e-01
4.581333333333333369e-01
4.583999999999999742e-01
4.583999999999999742e-01
4.586000000000000076e-01
4.589333333333333598e-01
4.591333333333333377e-01
4.591333333333333377e-01
4.593999999999999750e-01
4.594666666666666899e-01
4.596666666666666679e-01
4.598666666666666458e-01
4.600666666666666793e-01
4.600666666666666793e-01
4.601333333333333386e-01
4.599333333333333607e-01
4.600000000000000200e-01
4.599333333333333607e-01
4.603333333333333166e-01
4.603999999999999759e-01
4.605333333333333501e-01
4.605333333333333501e-01
4.605333333333333501e-01
4.607333333333333281e-01
4.609333333333333060e-01
4.611999999999999988e-01
4.613333333333333175e-01
4.615333333333333510e-01
4.617999999999999883e-01
4.620666666666666811e-01
4.620666666666666811e-01
4.623333333333333184e-01
4.622666666666666591e-01
4.623999999999999777e-01
4.626666666666666705e-01
4.626666666666666705e-01
4.628666666666666485e-01
4.630000000000000226e-01
4.632000000000000006e-01
4.630666666666666820e-01
4.632666666666666599e-01
4.633999999999999786e-01
4.634666666666666934e-01
4.636666666666666714e-01
4.636666666666666714e-01
4.637999999999999901e-01
4.639333333333333087e-01
4.640666666666666829e-01
4.642666666666666608e-01
4.644666666666666943e-01
4.646000000000000130e-01
4.647333333333333316e-01
4.648666666666666503e-01
4.647333333333333316e-01
4.650000000000000244e-01
4.651333333333333431e-01
4.652000000000000024e-01
4.652666666666666617e-01
4.652666666666666617e-01
4.652666666666666617e-01
4.653333333333333210e-01
4.654666666666666397e-01
4.655333333333333545e-01
4.655333333333333545e-01
4.656000000000000139e-01
4.656666666666666732e-01
4.656666666666666732e-01
4.657999999999999918e-01
4.660666666666666846e-01
4.660000000000000253e-01
4.662666666666666626e-01
4.663333333333333219e-01
4.663333333333333219e-01
4.662666666666666626e-01
4.663999999999999813e-01
4.665333333333333554e-01
4.668666666666666520e-01
4.670000000000000262e-01
4.671333333333333449e-01
4.671333333333333449e-01
4.672666666666666635e-01
4.670666666666666855e-01
4.670666666666666855e-01
4.672000000000000042e-01
4.673333333333333228e-01
4.672000000000000042e-01
4.672666666666666635e-01
4.673333333333333228e-01
4.673999999999999821e-01
4.673999999999999821e-01
4.674666666666666415e-01
4.674666666666666415e-01
4.676000000000000156e-01
4.678666666666666529e-01
4.678666666666666529e-01
4.680000000000000271e-01
4.679333333333333123e-01
4.681333333333333457e-01
4.680666666666666864e-01
4.682000000000000051e-01
4.683333333333333237e-01
4.683333333333333237e-01
4.685333333333333572e-01
4.686666666666666758e-01
4.687999999999999945e-01
4.685333333333333572e-01
4.689333333333333131e-01
4.691333333333333466e-01
4.691333333333333466e-01
4.692000000000000060e-01
4.693333333333333246e-01
4.693999999999999839e-01
4.694666666666666432e-01
4.697333333333333361e-01
4.697333333333333361e-01
4.699333333333333140e-01
4.700666666666666882e-01
4.700666666666666882e-01
4.699999999999999734e-01
4.701333333333333475e-01
4.699999999999999734e-01
4.699999999999999734e-01
4.702000000000000068e-01
4.706000000000000183e-01
4.706000000000000183e-01
4.705333333333333590e-01
4.705333333333333590e-01
4.706000000000000183e-01
4.706666666666666776e-01
4.707999999999999963e-01
4.708666666666666556e-01
4.709333333333333149e-01
4.709999999999999742e-01
4.709999999999999742e-01
4.712666666666666671e-01
4.715333333333333599e-01
4.713999999999999857e-01
4.714666666666666450e-01
4.715333333333333599e-01
4.716666666666666785e-01
4.715333333333333599e-01
4.717333333333333378e-01
4.719999999999999751e-01
4.721333333333333493e-01
4.722000000000000086e-01
4.722000000000000086e-01
4.721333333333333493e-01
4.724666666666666459e-01
4.725333333333333607e-01
4.726666666666666794e-01
4.727999999999999980e-01
4.727999999999999980e-01
4.728666666666666574e-01
4.727999999999999980e-01
4.730666666666666909e-01
4.729999999999999760e-01
4.730666666666666909e-01
4.729333333333333167e-01
4.730666666666666909e-01
4.732000000000000095e-01
4.732000000000000095e-01
4.734666666666666468e-01
4.737333333333333396e-01
4.738666666666666583e-01
4.739999999999999769e-01
4.742666666666666697e-01
4.741333333333333511e-01
4.742000000000000104e-01
4.743333333333333290e-01
4.746000000000000218e-01
4.746666666666666812e-01
4.747333333333333405e-01
4.747333333333333405e-01
4.746000000000000218e-01
4.747999999999999998e-01
4.749333333333333185e-01
4.749999999999999778e-01
4.751333333333333520e-01
4.753333333333333299e-01
4.751333333333333520e-01
4.752666666666666706e-01
4.752666666666666706e-01
4.753999999999999893e-01
4.755333333333333079e-01
4.758000000000000007e-01
4.759333333333333194e-01
4.760666666666666935e-01
4.760666666666666935e-01
4.761333333333333528e-01
4.761333333333333528e-01
4.763333333333333308e-01
4.762666666666666715e-01
4.763999999999999901e-01
4.765333333333333088e-01
4.763999999999999901e-01
4.765333333333333088e-01
4.766000000000000236e-01
4.769333333333333202e-01
4.768000000000000016e-01
4.770666666666666944e-01
4.770666666666666944e-01
4.772666666666666724e-01
4.773333333333333317e-01
4.772666666666666724e-01
4.774666666666666504e-01
4.773999999999999910e-01
4.777333333333333432e-01
4.778666666666666618e-01
4.778000000000000025e-01
4.779333333333333211e-01
4.779999999999999805e-01
4.780666666666666398e-01
4.782000000000000139e-01
4.781333333333333546e-01
4.782666666666666733e-01
4.782666666666666733e-01
4.782666666666666733e-01
4.783999999999999919e-01
4.783999999999999919e-01
4.783333333333333326e-01
4.785333333333333106e-01
4.783999999999999919e-01
4.785333333333333106e-01
4.785333333333333106e-01
4.786666666666666847e-01
4.788000000000000034e-01
4.789999999999999813e-01
4.790666666666666407e-01
4.792000000000000148e-01
4.791333333333333555e-01
4.793999999999999928e-01
4.792000000000000148e-01
4.793999999999999928e-01
4.798666666666666636e-01
4.798666666666666636e-01
4.801333333333333564e-01
4.799999999999999822e-01
4.799999999999999822e-01
4.800666666666666416e-01
4.801333333333333564e-01
4.802000000000000157e-01
4.801333333333333564e-01
4.803333333333333344e-01
4.805333333333333123e-01
4.805333333333333123e-01
4.808666666666666645e-01
4.808000000000000052e-01
4.808666666666666645e-01
4.809333333333333238e-01
4.809999999999999831e-01
4.810666666666666424e-01
4.811333333333333573e-01
4.812000000000000166e-01
4.813333333333333353e-01
4.813333333333333353e-01
4.813333333333333353e-01
4.812666666666666759e-01
4.812000000000000166e-01
4.813333333333333353e-01
4.811333333333333573e-01
4.810666666666666424e-01
4.813333333333333353e-01
4.815333333333333132e-01
4.816666666666666874e-01
4.817333333333333467e-01
4.818666666666666654e-01
4.819999999999999840e-01
4.819999999999999840e-01
4.818666666666666654e-01
4.819333333333333247e-01
4.818000000000000060e-01
4.821333333333333582e-01
4.822000000000000175e-01
4.822000000000000175e-01
4.822666666666666768e-01
4.823999999999999955e-01
4.825333333333333141e-01
4.825333333333333141e-01
4.825999999999999734e-01
4.825999999999999734e-01
