3.764666666666666717e-01
3.770666666666666611e-01
3.777333333333333099e-01
3.785333333333333328e-01
3.792666666666666409e-01
3.795999999999999930e-01
3.800666666666666638e-01
3.804666666666666752e-01
3.808666666666666867e-01
3.811999999999999833e-01
3.812666666666666426e-01
3.814666666666666761e-01
3.815999999999999948e-01
3.820000000000000062e-01
3.822666666666666435e-01
3.825333333333333363e-01
3.827333333333333143e-01
3.830666666666666664e-01
3.833333333333333592e-01
3.836666666666666559e-01
3.840000000000000080e-01
3.843333333333333601e-01
3.845333333333333381e-01
3.850000000000000089e-01
3.851333333333333275e-01
3.854666666666666797e-01
3.857333333333333170e-01
3.859333333333333504e-01
3.864666666666666806e-01
3.864666666666666806e-01
3.870666666666666700e-01
3.872666666666666480e-01
3.874666666666666814e-01
3.874666666666666814e-01
3.879333333333333522e-01
3.881999999999999895e-01
3.884000000000000230e-01
3.885333333333333417e-01
3.890000000000000124e-01
3.891333333333333311e-01
3.894666666666666832e-01
3.896666666666666612e-01
3.900000000000000133e-01
3.902666666666666506e-01
3.906000000000000028e-01
3.910666666666666735e-01
3.916000000000000036e-01
3.919333333333333558e-01
3.920666666666666744e-01
3.922666666666666524e-01
3.928666666666666418e-01
3.929333333333333567e-01
3.933333333333333126e-01
3.937999999999999834e-01
3.940000000000000169e-01
3.944666666666666877e-01
3.947999999999999843e-01
3.950666666666666771e-01
3.955333333333333479e-01
3.955333333333333479e-01
3.958666666666666445e-01
3.957999999999999852e-01
3.965333333333333488e-01
3.968666666666666454e-01
3.969333333333333602e-01
3.973999999999999755e-01
3.978666666666666463e-01
3.978666666666666463e-01
3.981999999999999984e-01
3.983333333333333171e-01
3.985333333333333505e-01
3.987999999999999878e-01
3.990000000000000213e-01
3.991999999999999993e-01
3.993999999999999773e-01
3.998666666666666480e-01
4.003999999999999782e-01
4.006000000000000116e-01
4.007999999999999896e-01
4.012666666666666604e-01
4.017999999999999905e-01
4.020666666666666833e-01
4.023333333333333206e-01
4.023999999999999799e-01
4.023333333333333206e-01
4.026666666666666727e-01
4.031333333333333435e-01
4.032000000000000028e-01
4.035333333333333550e-01
4.035333333333333550e-01
4.040666666666666851e-01
4.042000000000000037e-01
4.042666666666666631e-01
4.044666666666666410e-01
4.047999999999999932e-01
4.048666666666666525e-01
4.051333333333333453e-01
4.052666666666666639e-01
4.058666666666666534e-01
4.057999999999999940e-01
4.063999999999999835e-01
4.063999999999999835e-01
4.063999999999999835e-01
4.067333333333333356e-01
4.071333333333333471e-01
4.072666666666666657e-01
4.076000000000000179e-01
4.077333333333333365e-01
4.080666666666666886e-01
4.081333333333333480e-01
4.082666666666666666e-01
4.089999999999999747e-01
4.089999999999999747e-01
4.093333333333333268e-01
4.094666666666666455e-01
4.096000000000000196e-01
4.097333333333333383e-01
4.097999999999999976e-01
4.098666666666666569e-01
4.100666666666666904e-01
4.103999999999999870e-01
4.105333333333333057e-01
4.107999999999999985e-01
4.109999999999999765e-01
4.110666666666666913e-01
4.112000000000000099e-01
4.112000000000000099e-01
4.113999999999999879e-01
4.116000000000000214e-01
4.113999999999999879e-01
4.120666666666666922e-01
4.122000000000000108e-01
4.125333333333333075e-01
4.126666666666666816e-01
4.129333333333333189e-01
4.132000000000000117e-01
4.133999999999999897e-01
4.138666666666666605e-01
4.142000000000000126e-01
4.143333333333333313e-01
4.146000000000000241e-01
4.147333333333333427e-01
4.146666666666666834e-01
4.148000000000000020e-01
4.149333333333333207e-01
4.152000000000000135e-01
4.153333333333333321e-01
4.158000000000000029e-01
4.157333333333333436e-01
4.158000000000000029e-01
4.159999999999999809e-01
4.161333333333333551e-01
4.166666666666666852e-01
4.168000000000000038e-01
4.168000000000000038e-01
4.168666666666666631e-01
4.170666666666666411e-01
4.171333333333333560e-01
4.175333333333333119e-01
4.176666666666666861e-01
4.183333333333333348e-01
4.186666666666666869e-01
4.189999999999999836e-01
4.188666666666666649e-01
4.192000000000000171e-01
4.193999999999999950e-01
4.195333333333333137e-01
4.195333333333333137e-01
4.195333333333333137e-01
4.199333333333333251e-01
4.204666666666666552e-01
4.207333333333333480e-01
4.209999999999999853e-01
4.212666666666666782e-01
4.212666666666666782e-01
4.217333333333333489e-01
4.219999999999999862e-01
4.223333333333333384e-01
4.222666666666666790e-01
4.224666666666666570e-01
4.226666666666666905e-01
4.228666666666666685e-01
4.230666666666666464e-01
4.233333333333333393e-01
4.234666666666666579e-01
4.235999999999999766e-01
4.235333333333333172e-01
4.239333333333333287e-01
4.241333333333333067e-01
4.241333333333333067e-01
4.243999999999999995e-01
4.243333333333333401e-01
4.245999999999999774e-01
4.243333333333333401e-01
4.243999999999999995e-01
4.243999999999999995e-01
4.248666666666666702e-01
4.248666666666666702e-01
4.252666666666666817e-01
4.252000000000000224e-01
4.255333333333333190e-01
4.255333333333333190e-01
4.258666666666666711e-01
4.264000000000000012e-01
4.265333333333333199e-01
4.267333333333333534e-01
4.268666666666666720e-01
4.269333333333333313e-01
4.273333333333333428e-01
4.272666666666666835e-01
4.278666666666666729e-01
4.282000000000000250e-01
4.284000000000000030e-01
4.286666666666666403e-01
4.292000000000000259e-01
4.295333333333333226e-01
4.296666666666666412e-01
4.295999999999999819e-01
4.299333333333333340e-01
4.300666666666666527e-01
4.304666666666666641e-01
4.304000000000000048e-01
4.307333333333333569e-01
4.308666666666666756e-01
4.309333333333333349e-01
4.310666666666666536e-01
4.314000000000000057e-01
4.314666666666666650e-01
4.317333333333333578e-01
4.320666666666666544e-01
4.324666666666666659e-01
4.324666666666666659e-01
4.325333333333333252e-01
4.328666666666666774e-01
4.331333333333333147e-01
4.331333333333333147e-01
4.332666666666666888e-01
4.334666666666666668e-01
4.334666666666666668e-01
4.335999999999999854e-01
4.337333333333333596e-01
4.339999999999999969e-01
4.340666666666666562e-01
4.340666666666666562e-01
4.339999999999999969e-01
4.342666666666666897e-01
4.344666666666666677e-01
4.346666666666666456e-01
4.346666666666666456e-01
4.347333333333333605e-01
4.349333333333333385e-01
4.348666666666666791e-01
4.350666666666666571e-01
4.351999999999999758e-01
4.354666666666666686e-01
4.355333333333333279e-01
4.358666666666666800e-01
4.358666666666666800e-01
4.361999999999999766e-01
4.359333333333333393e-01
4.364000000000000101e-01
4.361333333333333173e-01
4.361999999999999766e-01
4.366666666666666474e-01
4.369333333333333402e-01
4.371999999999999775e-01
4.375999999999999890e-01
4.378666666666666818e-01
4.379333333333333411e-01
4.378000000000000225e-01
4.380000000000000004e-01
4.381999999999999784e-01
4.384666666666666712e-01
4.387333333333333085e-01
4.391999999999999793e-01
4.392666666666666941e-01
4.392666666666666941e-01
4.394000000000000128e-01
4.394000000000000128e-01
4.395999999999999908e-01
4.400000000000000022e-01
4.401999999999999802e-01
4.403333333333333544e-01
4.404000000000000137e-01
4.406666666666666510e-01
4.406666666666666510e-01
4.408000000000000251e-01
4.412666666666666404e-01
4.412666666666666404e-01
4.413333333333333552e-01
4.416666666666666519e-01
4.417333333333333112e-01
4.418666666666666853e-01
4.418666666666666853e-01
4.422666666666666413e-01
4.421999999999999820e-01
4.424666666666666748e-01
4.424000000000000155e-01
4.428000000000000269e-01
4.425999999999999934e-01
4.429333333333333456e-01
4.432666666666666422e-01
4.432666666666666422e-01
4.434000000000000163e-01
4.437333333333333130e-01
4.438666666666666871e-01
4.440000000000000058e-01
4.445333333333333359e-01
4.444666666666666766e-01
4.445333333333333359e-01
4.447333333333333139e-01
4.450666666666666660e-01
4.451999999999999846e-01
4.451999999999999846e-01
4.451333333333333253e-01
4.454000000000000181e-01
4.455999999999999961e-01
4.457999999999999741e-01
4.458666666666666889e-01
4.460000000000000075e-01
4.464000000000000190e-01
4.465333333333333377e-01
4.470000000000000084e-01
4.470000000000000084e-01
4.470000000000000084e-01
4.471999999999999864e-01
4.472666666666666457e-01
4.474666666666666792e-01
4.476666666666666572e-01
4.478666666666666907e-01
4.481333333333333280e-01
4.482666666666666466e-01
4.484666666666666801e-01
4.484000000000000208e-01
4.486666666666666581e-01
4.488666666666666916e-01
4.486666666666666581e-01
4.489333333333333509e-01
4.491333333333333289e-01
4.491999999999999882e-01
4.495333333333333403e-01
4.495999999999999996e-01
4.494000000000000217e-01
4.495333333333333403e-01
4.496666666666666590e-01
4.496666666666666590e-01
4.497333333333333183e-01
4.498666666666666925e-01
4.499333333333333518e-01
4.499333333333333518e-01
4.500666666666666704e-01
4.500666666666666704e-01
4.502666666666666484e-01
4.502666666666666484e-01
4.502666666666666484e-01
4.501999999999999891e-01
4.506000000000000005e-01
4.506666666666666599e-01
4.507999999999999785e-01
4.508666666666666933e-01
4.508666666666666933e-01
4.511333333333333306e-01
4.510666666666666713e-01
4.512666666666666493e-01
4.512666666666666493e-01
4.514000000000000234e-01
4.515333333333333421e-01
4.517999999999999794e-01
4.516000000000000014e-01
4.518666666666666942e-01
4.519333333333333536e-01
4.520666666666666722e-01
4.522666666666666502e-01
4.522666666666666502e-01
4.524666666666666837e-01
4.523333333333333095e-01
4.526666666666666616e-01
4.527999999999999803e-01
4.527333333333333210e-01
4.527999999999999803e-01
4.527999999999999803e-01
4.526666666666666616e-01
4.530000000000000138e-01
4.531333333333333324e-01
4.531333333333333324e-01
4.534000000000000252e-01
4.533333333333333104e-01
4.536666666666666625e-01
4.536000000000000032e-01
4.535333333333333439e-01
4.536666666666666625e-01
4.537333333333333218e-01
4.537333333333333218e-01
4.537999999999999812e-01
4.541999999999999926e-01
4.544000000000000261e-01
4.546000000000000041e-01
4.547999999999999821e-01
4.547999999999999821e-01
4.547999999999999821e-01
4.551333333333333342e-01
4.551999999999999935e-01
4.553333333333333122e-01
4.553333333333333122e-01
4.557999999999999829e-01
4.557333333333333236e-01
4.557333333333333236e-01
4.561333333333333351e-01
4.561333333333333351e-01
4.564666666666666872e-01
4.566666666666666652e-01
4.565333333333333465e-01
4.566000000000000059e-01
4.567333333333333245e-01
4.567999999999999838e-01
4.569333333333333580e-01
4.568666666666666432e-01
4.570666666666666766e-01
4.573333333333333139e-01
4.573999999999999733e-01
4.574666666666666881e-01
4.576000000000000068e-01
4.577333333333333254e-01
4.576666666666666661e-01
4.578666666666666440e-01
4.580000000000000182e-01
4.580666666666666775e-01
4.580000000000000182e-01
4.581999999999999962e-01
4.581999999999999962e-01
4.583333333333333148e-01
4.583999999999999742e-01
4.582666666666666555e-01
4.584666666666666890e-01
4.586666666666666670e-01
4.585333333333333483e-01
4.589333333333333598e-01
4.593999999999999750e-01
4.595333333333333492e-01
4.596666666666666679e-01
4.596666666666666679e-01
4.597999999999999865e-01
4.597999999999999865e-01
4.598666666666666458e-01
4.598666666666666458e-01
4.599333333333333607e-01
4.598666666666666458e-01
4.602666666666666573e-01
4.603333333333333166e-01
4.603333333333333166e-01
4.606000000000000094e-01
4.609333333333333060e-01
4.611333333333333395e-01
4.613999999999999768e-01
4.615333333333333510e-01
4.617333333333333290e-01
4.619333333333333069e-01
4.619333333333333069e-01
4.621999999999999997e-01
4.621333333333333404e-01
4.623333333333333184e-01
4.625333333333333519e-01
4.625333333333333519e-01
4.626000000000000112e-01
4.626000000000000112e-01
4.628666666666666485e-01
4.630000000000000226e-01
4.633333333333333193e-01
4.631333333333333413e-01
4.632000000000000006e-01
4.634666666666666934e-01
4.636666666666666714e-01
4.638666666666666494e-01
4.640666666666666829e-01
4.641333333333333422e-01
4.643333333333333202e-01
4.643999999999999795e-01
4.646000000000000130e-01
4.647333333333333316e-01
4.648666666666666503e-01
4.649333333333333096e-01
4.648666666666666503e-01
4.651333333333333431e-01
4.652666666666666617e-01
4.653999999999999804e-01
4.653999999999999804e-01
4.656000000000000139e-01
4.658666666666666512e-01
4.660000000000000253e-01
4.660000000000000253e-01
4.660666666666666846e-01
4.661333333333333440e-01
4.661333333333333440e-01
4.662666666666666626e-01
4.663333333333333219e-01
4.663999999999999813e-01
4.665333333333333554e-01
4.663333333333333219e-01
4.663999999999999813e-01
4.667999999999999927e-01
4.668666666666666520e-01
4.670000000000000262e-01
4.670000000000000262e-01
4.670666666666666855e-01
4.672000000000000042e-01
4.669333333333333114e-01
4.670000000000000262e-01
4.671333333333333449e-01
4.672000000000000042e-01
4.672666666666666635e-01
4.672666666666666635e-01
4.672666666666666635e-01
4.673333333333333228e-01
4.674666666666666415e-01
4.675333333333333563e-01
4.676000000000000156e-01
4.677999999999999936e-01
4.677999999999999936e-01
4.677333333333333343e-01
4.675333333333333563e-01
4.678666666666666529e-01
4.677333333333333343e-01
4.678666666666666529e-01
4.678666666666666529e-01
4.678666666666666529e-01
4.680000000000000271e-01
4.682000000000000051e-01
4.680666666666666864e-01
4.683999999999999830e-01
4.685333333333333572e-01
4.686000000000000165e-01
4.686666666666666758e-01
4.686000000000000165e-01
4.687999999999999945e-01
4.687999999999999945e-01
4.687999999999999945e-01
4.686000000000000165e-01
4.688666666666666538e-01
4.688666666666666538e-01
4.691333333333333466e-01
4.693333333333333246e-01
4.696000000000000174e-01
4.694666666666666432e-01
4.696000000000000174e-01
4.696666666666666767e-01
4.699999999999999734e-01
4.699333333333333140e-01
4.702666666666666662e-01
4.701333333333333475e-01
4.701333333333333475e-01
4.702666666666666662e-01
4.703999999999999848e-01
4.705333333333333590e-01
4.704666666666666441e-01
4.706000000000000183e-01
4.706000000000000183e-01
4.707333333333333369e-01
4.708666666666666556e-01
4.708666666666666556e-01
4.709999999999999742e-01
4.712666666666666671e-01
4.713333333333333264e-01
4.713333333333333264e-01
4.713999999999999857e-01
4.715333333333333599e-01
4.714666666666666450e-01
4.715333333333333599e-01
4.714666666666666450e-01
4.713999999999999857e-01
4.714666666666666450e-01
4.717333333333333378e-01
4.719333333333333158e-01
4.719333333333333158e-01
4.719999999999999751e-01
4.721333333333333493e-01
4.724666666666666459e-01
4.726000000000000201e-01
4.726666666666666794e-01
4.726000000000000201e-01
4.726000000000000201e-01
4.726666666666666794e-01
4.731333333333333502e-01
4.734666666666666468e-01
4.735333333333333061e-01
4.735333333333333061e-01
4.737333333333333396e-01
4.737999999999999989e-01
4.737333333333333396e-01
4.738666666666666583e-01
4.737999999999999989e-01
4.739333333333333176e-01
4.738666666666666583e-01
4.739999999999999769e-01
4.741333333333333511e-01
4.742000000000000104e-01
4.745333333333333070e-01
4.746666666666666812e-01
4.747333333333333405e-01
4.746666666666666812e-01
4.747333333333333405e-01
4.749999999999999778e-01
4.750666666666666926e-01
4.751333333333333520e-01
4.750666666666666926e-01
4.752000000000000113e-01
4.755333333333333079e-01
4.755333333333333079e-01
4.753999999999999893e-01
4.753999999999999893e-01
4.755333333333333079e-01
4.756666666666666821e-01
4.756666666666666821e-01
4.760666666666666935e-01
4.762666666666666715e-01
4.762666666666666715e-01
4.762666666666666715e-01
4.762000000000000122e-01
4.762666666666666715e-01
4.763333333333333308e-01
4.765333333333333088e-01
4.765333333333333088e-01
4.764666666666666495e-01
4.766666666666666829e-01
4.768000000000000016e-01
4.768000000000000016e-01
4.769999999999999796e-01
4.771333333333333537e-01
4.771333333333333537e-01
4.771333333333333537e-01
4.773333333333333317e-01
4.774666666666666504e-01
4.776000000000000245e-01
4.775333333333333097e-01
4.776666666666666838e-01
4.776666666666666838e-01
4.776666666666666838e-01
4.776666666666666838e-01
4.779999999999999805e-01
4.777333333333333432e-01
4.783333333333333326e-01
4.784666666666666512e-01
4.784666666666666512e-01
4.785333333333333106e-01
4.784666666666666512e-01
4.782666666666666733e-01
4.782666666666666733e-01
4.784666666666666512e-01
4.782666666666666733e-01
4.783999999999999919e-01
4.781333333333333546e-01
4.784666666666666512e-01
4.784666666666666512e-01
4.784666666666666512e-01
4.785333333333333106e-01
4.786000000000000254e-01
4.785333333333333106e-01
4.786000000000000254e-01
4.789333333333333220e-01
4.790666666666666407e-01
4.792000000000000148e-01
4.792666666666666742e-01
4.792666666666666742e-01
4.795333333333333115e-01
4.796000000000000263e-01
4.797333333333333449e-01
4.797333333333333449e-01
4.798666666666666636e-01
4.799999999999999822e-01
4.799333333333333229e-01
4.800666666666666416e-01
4.803333333333333344e-01
4.802666666666666750e-01
4.803999999999999937e-01
4.805333333333333123e-01
4.806000000000000272e-01
4.806666666666666865e-01
4.806666666666666865e-01
4.809333333333333238e-01
4.808000000000000052e-01
4.806000000000000272e-01
4.809333333333333238e-01
4.809999999999999831e-01
4.810666666666666424e-01
4.811333333333333573e-01
4.812666666666666759e-01
4.811333333333333573e-01
4.812666666666666759e-01
4.812666666666666759e-01
4.813333333333333353e-01
4.813999999999999946e-01
4.815333333333333132e-01
4.814666666666666539e-01
4.813999999999999946e-01
4.815333333333333132e-01
4.815999999999999726e-01
4.815333333333333132e-01
4.815999999999999726e-01
4.818000000000000060e-01
4.816666666666666874e-01
4.817333333333333467e-01
4.819333333333333247e-01
4.820666666666666433e-01
4.822666666666666768e-01
4.823333333333333361e-01
4.823999999999999955e-01
4.825999999999999734e-01
4.828000000000000069e-01
4.830666666666666442e-01
4.828666666666666663e-01
4.828666666666666663e-01
4.829999999999999849e-01
4.829999999999999849e-01
4.832000000000000184e-01
4.832000000000000184e-01
4.832666666666666777e-01
4.833333333333333370e-01
4.833333333333333370e-01
4.833999999999999964e-01
4.835333333333333150e-01
4.836666666666666892e-01
4.837333333333333485e-01
4.837333333333333485e-01
4.837333333333333485e-01
4.837333333333333485e-01
4.839333333333333265e-01
4.838666666666666671e-01
4.840666666666666451e-01
4.839999999999999858e-01
4.840666666666666451e-01
4.842000000000000193e-01
