3.760666666666666602e-01
3.766666666666666496e-01
3.773333333333333539e-01
3.778000000000000247e-01
3.786666666666666514e-01
3.792666666666666409e-01
3.796666666666666523e-01
3.799333333333333451e-01
3.804666666666666752e-01
3.808666666666666867e-01
3.812666666666666426e-01
3.814666666666666761e-01
3.815333333333333354e-01
3.817333333333333134e-01
3.818666666666666876e-01
3.821333333333333249e-01
3.824666666666666770e-01
3.827333333333333143e-01
3.830000000000000071e-01
3.834666666666666779e-01
3.838666666666666893e-01
3.839333333333333487e-01
3.840666666666666673e-01
3.844666666666666788e-01
3.849333333333333496e-01
3.852666666666666462e-01
3.853333333333333610e-01
3.857333333333333170e-01
3.861333333333333284e-01
3.863333333333333064e-01
3.865333333333333399e-01
3.868666666666666920e-01
3.871999999999999886e-01
3.874666666666666814e-01
3.876000000000000001e-01
3.880000000000000115e-01
3.882666666666666488e-01
3.883333333333333082e-01
3.886000000000000010e-01
3.889333333333333531e-01
3.891999999999999904e-01
3.894666666666666832e-01
3.894000000000000239e-01
3.899333333333333540e-01
3.904000000000000248e-01
3.907333333333333214e-01
3.911999999999999922e-01
3.915333333333333443e-01
3.920000000000000151e-01
3.921333333333333337e-01
3.922666666666666524e-01
3.928666666666666418e-01
3.930666666666666753e-01
3.934000000000000274e-01
3.936666666666666647e-01
3.938666666666666427e-01
3.946000000000000063e-01
3.948666666666666436e-01
3.951333333333333364e-01
3.954666666666666885e-01
3.957999999999999852e-01
3.958666666666666445e-01
3.960000000000000187e-01
3.964666666666666894e-01
3.966666666666666674e-01
3.970000000000000195e-01
3.975333333333333496e-01
3.977999999999999869e-01
3.980000000000000204e-01
3.982666666666666577e-01
3.986000000000000099e-01
3.985333333333333505e-01
3.987999999999999878e-01
3.990666666666666806e-01
3.991999999999999993e-01
3.991999999999999993e-01
3.998666666666666480e-01
4.003999999999999782e-01
4.006000000000000116e-01
4.006666666666666710e-01
4.012666666666666604e-01
4.016000000000000125e-01
4.020666666666666833e-01
4.023333333333333206e-01
4.023999999999999799e-01
4.022000000000000020e-01
4.027333333333333321e-01
4.031333333333333435e-01
4.031333333333333435e-01
4.033333333333333215e-01
4.035333333333333550e-01
4.040666666666666851e-01
4.041333333333333444e-01
4.042000000000000037e-01
4.044666666666666410e-01
4.048666666666666525e-01
4.049333333333333118e-01
4.051333333333333453e-01
4.053999999999999826e-01
4.058666666666666534e-01
4.061333333333333462e-01
4.064666666666666428e-01
4.066000000000000170e-01
4.066000000000000170e-01
4.067333333333333356e-01
4.070666666666666877e-01
4.073999999999999844e-01
4.074666666666666437e-01
4.076666666666666772e-01
4.081333333333333480e-01
4.082000000000000073e-01
4.083999999999999853e-01
4.087999999999999967e-01
4.090666666666666895e-01
4.094666666666666455e-01
4.095333333333333603e-01
4.096000000000000196e-01
4.096666666666666790e-01
4.097333333333333383e-01
4.097999999999999976e-01
4.101333333333333497e-01
4.103999999999999870e-01
4.106000000000000205e-01
4.107999999999999985e-01
4.110666666666666913e-01
4.111333333333333506e-01
4.111333333333333506e-01
4.111333333333333506e-01
4.102666666666666684e-01
4.114666666666666472e-01
4.117999999999999994e-01
4.122666666666666702e-01
4.122000000000000108e-01
4.124666666666666481e-01
4.126000000000000223e-01
4.129999999999999782e-01
4.130666666666666931e-01
4.135333333333333083e-01
4.139333333333333198e-01
4.142000000000000126e-01
4.145333333333333092e-01
4.148666666666666614e-01
4.148000000000000020e-01
4.148000000000000020e-01
4.146000000000000241e-01
4.148000000000000020e-01
4.151333333333333542e-01
4.155333333333333101e-01
4.158666666666666623e-01
4.158666666666666623e-01
4.159999999999999809e-01
4.159999999999999809e-01
4.161333333333333551e-01
4.167333333333333445e-01
4.168666666666666631e-01
4.168666666666666631e-01
4.169999999999999818e-01
4.170666666666666411e-01
4.173333333333333339e-01
4.176000000000000267e-01
4.178666666666666640e-01
4.182666666666666755e-01
4.186666666666666869e-01
4.189333333333333242e-01
4.190666666666666429e-01
4.192666666666666764e-01
4.194666666666666544e-01
4.196666666666666878e-01
4.195999999999999730e-01
4.198000000000000065e-01
4.202000000000000179e-01
4.201333333333333586e-01
4.208666666666666667e-01
4.210666666666666447e-01
4.213333333333333375e-01
4.213333333333333375e-01
4.218666666666666676e-01
4.219999999999999862e-01
4.222666666666666790e-01
4.222666666666666790e-01
4.225999999999999757e-01
4.228000000000000091e-01
4.230666666666666464e-01
4.232666666666666799e-01
4.233333333333333393e-01
4.234666666666666579e-01
4.235999999999999766e-01
4.236666666666666914e-01
4.240666666666666473e-01
4.242000000000000215e-01
4.240666666666666473e-01
4.243333333333333401e-01
4.243999999999999995e-01
4.243333333333333401e-01
4.242666666666666808e-01
4.242666666666666808e-01
4.243333333333333401e-01
4.246666666666666923e-01
4.247333333333333516e-01
4.250666666666666482e-01
4.251333333333333075e-01
4.255333333333333190e-01
4.256666666666666932e-01
4.259333333333333305e-01
4.262666666666666826e-01
4.265333333333333199e-01
4.267333333333333534e-01
4.268666666666666720e-01
4.268000000000000127e-01
4.271333333333333093e-01
4.274666666666666615e-01
4.279333333333333322e-01
4.281333333333333102e-01
4.284000000000000030e-01
4.284666666666666623e-01
4.292666666666666853e-01
4.295333333333333226e-01
4.295999999999999819e-01
4.295999999999999819e-01
4.299999999999999933e-01
4.302000000000000268e-01
4.303333333333333455e-01
4.305333333333333234e-01
4.306666666666666421e-01
4.309333333333333349e-01
4.308666666666666756e-01
4.313333333333333464e-01
4.314000000000000057e-01
4.315333333333333243e-01
4.316666666666666430e-01
4.319999999999999951e-01
4.324666666666666659e-01
4.325999999999999845e-01
4.326666666666666439e-01
4.329333333333333367e-01
4.331999999999999740e-01
4.332666666666666888e-01
4.334000000000000075e-01
4.334000000000000075e-01
4.335999999999999854e-01
4.338666666666666782e-01
4.338000000000000189e-01
4.339333333333333376e-01
4.339999999999999969e-01
4.341333333333333155e-01
4.341999999999999749e-01
4.343333333333333490e-01
4.344666666666666677e-01
4.346666666666666456e-01
4.346666666666666456e-01
4.348666666666666791e-01
4.349999999999999978e-01
4.348000000000000198e-01
4.351333333333333164e-01
4.349999999999999978e-01
4.354000000000000092e-01
4.356666666666666465e-01
4.347333333333333605e-01
4.357333333333333059e-01
4.363333333333333508e-01
4.365333333333333288e-01
4.364666666666666694e-01
4.363333333333333508e-01
4.363333333333333508e-01
4.365333333333333288e-01
4.368000000000000216e-01
4.373333333333333517e-01
4.375999999999999890e-01
4.379333333333333411e-01
4.379333333333333411e-01
4.380666666666666598e-01
4.381333333333333191e-01
4.381333333333333191e-01
4.382666666666666933e-01
4.388666666666666827e-01
4.392666666666666941e-01
4.392666666666666941e-01
4.394000000000000128e-01
4.394666666666666721e-01
4.396666666666666501e-01
4.397333333333333094e-01
4.398000000000000242e-01
4.401999999999999802e-01
4.404666666666666730e-01
4.404666666666666730e-01
4.406666666666666510e-01
4.406666666666666510e-01
4.410666666666666624e-01
4.414666666666666739e-01
4.413333333333333552e-01
4.415333333333333332e-01
4.418000000000000260e-01
4.418666666666666853e-01
4.420000000000000040e-01
4.421999999999999820e-01
4.421333333333333226e-01
4.422666666666666413e-01
4.425333333333333341e-01
4.424666666666666748e-01
4.428000000000000269e-01
4.427333333333333121e-01
4.431999999999999829e-01
4.435333333333333350e-01
4.434666666666666757e-01
4.434000000000000163e-01
4.439333333333333464e-01
4.440000000000000058e-01
4.441999999999999837e-01
4.444666666666666766e-01
4.444666666666666766e-01
4.447999999999999732e-01
4.450666666666666660e-01
4.451999999999999846e-01
4.452666666666666440e-01
4.451999999999999846e-01
4.452666666666666440e-01
4.454666666666666774e-01
4.457999999999999741e-01
4.458666666666666889e-01
4.459333333333333482e-01
4.462666666666666448e-01
4.464666666666666783e-01
4.465333333333333377e-01
4.469333333333333491e-01
4.470666666666666678e-01
4.470000000000000084e-01
4.471333333333333271e-01
4.470666666666666678e-01
4.475999999999999979e-01
4.476666666666666572e-01
4.479333333333333500e-01
4.481333333333333280e-01
4.484000000000000208e-01
4.485333333333333394e-01
4.486666666666666581e-01
4.486666666666666581e-01
4.487999999999999767e-01
4.487999999999999767e-01
4.490000000000000102e-01
4.492666666666666475e-01
4.494000000000000217e-01
4.494000000000000217e-01
4.495999999999999996e-01
4.491333333333333289e-01
4.496666666666666590e-01
4.497333333333333183e-01
4.496666666666666590e-01
4.497999999999999776e-01
4.498666666666666925e-01
4.501333333333333298e-01
4.500666666666666704e-01
4.501333333333333298e-01
4.502666666666666484e-01
4.502666666666666484e-01
4.501333333333333298e-01
4.503333333333333077e-01
4.505333333333333412e-01
4.506000000000000005e-01
4.506666666666666599e-01
4.506666666666666599e-01
4.510000000000000120e-01
4.509333333333333527e-01
4.511333333333333306e-01
4.511999999999999900e-01
4.513333333333333086e-01
4.512666666666666493e-01
4.515333333333333421e-01
4.515333333333333421e-01
4.517333333333333201e-01
4.517333333333333201e-01
4.520000000000000129e-01
4.520000000000000129e-01
4.520000000000000129e-01
4.522666666666666502e-01
4.523333333333333095e-01
4.525333333333333430e-01
4.525333333333333430e-01
4.527333333333333210e-01
4.527999999999999803e-01
4.527333333333333210e-01
4.528666666666666396e-01
4.525333333333333430e-01
4.527333333333333210e-01
4.530000000000000138e-01
4.531333333333333324e-01
4.531333333333333324e-01
4.526666666666666616e-01
4.532666666666666511e-01
4.536000000000000032e-01
4.537333333333333218e-01
4.537999999999999812e-01
4.536666666666666625e-01
4.537333333333333218e-01
4.538666666666666405e-01
4.539333333333333553e-01
4.543333333333333113e-01
4.544666666666666854e-01
4.547333333333333227e-01
4.547999999999999821e-01
4.548666666666666414e-01
4.549333333333333562e-01
4.552666666666666528e-01
4.551999999999999935e-01
4.554000000000000270e-01
4.554666666666666863e-01
4.558666666666666423e-01
4.558666666666666423e-01
4.559333333333333571e-01
4.561333333333333351e-01
4.561999999999999944e-01
4.562666666666666537e-01
4.564666666666666872e-01
4.566000000000000059e-01
4.567333333333333245e-01
4.567999999999999838e-01
4.567999999999999838e-01
4.568666666666666432e-01
4.567999999999999838e-01
4.570666666666666766e-01
4.571999999999999953e-01
4.573999999999999733e-01
4.575333333333333474e-01
4.576666666666666661e-01
4.577333333333333254e-01
4.576666666666666661e-01
4.578666666666666440e-01
4.580000000000000182e-01
4.580000000000000182e-01
4.581333333333333369e-01
4.581333333333333369e-01
4.582666666666666555e-01
4.583999999999999742e-01
4.585333333333333483e-01
4.584666666666666890e-01
4.586000000000000076e-01
4.586000000000000076e-01
4.588666666666666449e-01
4.591333333333333377e-01
4.594666666666666899e-01
4.597333333333333272e-01
4.597333333333333272e-01
4.597333333333333272e-01
4.597999999999999865e-01
4.597999999999999865e-01
4.597999999999999865e-01
4.597999999999999865e-01
4.599333333333333607e-01
4.599333333333333607e-01
4.601333333333333386e-01
4.601999999999999980e-01
4.605333333333333501e-01
4.607333333333333281e-01
4.609333333333333060e-01
4.611333333333333395e-01
4.613333333333333175e-01
4.616666666666666696e-01
4.617999999999999883e-01
4.618666666666666476e-01
4.621333333333333404e-01
4.621999999999999997e-01
4.621999999999999997e-01
4.623999999999999777e-01
4.626000000000000112e-01
4.625333333333333519e-01
4.626666666666666705e-01
4.627333333333333298e-01
4.630000000000000226e-01
4.630000000000000226e-01
4.633999999999999786e-01
4.633333333333333193e-01
4.633333333333333193e-01
4.635333333333333528e-01
4.633999999999999786e-01
4.637999999999999901e-01
4.641333333333333422e-01
4.643333333333333202e-01
4.642666666666666608e-01
4.644666666666666943e-01
4.645333333333333536e-01
4.649333333333333096e-01
4.650000000000000244e-01
4.650000000000000244e-01
4.651333333333333431e-01
4.650666666666666837e-01
4.652666666666666617e-01
4.653333333333333210e-01
4.655333333333333545e-01
4.658666666666666512e-01
4.659333333333333105e-01
4.659333333333333105e-01
4.660666666666666846e-01
4.659333333333333105e-01
4.662666666666666626e-01
4.662666666666666626e-01
4.662666666666666626e-01
4.662666666666666626e-01
4.663333333333333219e-01
4.665333333333333554e-01
4.662666666666666626e-01
4.666000000000000147e-01
4.668666666666666520e-01
4.669333333333333114e-01
4.670666666666666855e-01
4.671333333333333449e-01
4.670666666666666855e-01
4.672000000000000042e-01
4.672000000000000042e-01
4.670666666666666855e-01
4.672000000000000042e-01
4.672000000000000042e-01
4.672000000000000042e-01
4.672666666666666635e-01
4.672666666666666635e-01
4.673999999999999821e-01
4.674666666666666415e-01
4.670666666666666855e-01
4.673333333333333228e-01
4.676000000000000156e-01
4.677333333333333343e-01
4.677333333333333343e-01
4.678666666666666529e-01
4.678666666666666529e-01
4.678666666666666529e-01
4.680000000000000271e-01
4.678666666666666529e-01
4.679333333333333123e-01
4.680666666666666864e-01
4.682000000000000051e-01
4.682666666666666644e-01
4.683999999999999830e-01
4.687333333333333352e-01
4.685333333333333572e-01
4.683999999999999830e-01
4.687333333333333352e-01
4.688666666666666538e-01
4.689999999999999725e-01
4.687999999999999945e-01
4.687999999999999945e-01
4.689333333333333131e-01
4.689999999999999725e-01
4.692000000000000060e-01
4.693333333333333246e-01
4.695333333333333581e-01
4.696000000000000174e-01
4.696666666666666767e-01
4.697333333333333361e-01
4.699333333333333140e-01
4.699999999999999734e-01
4.701333333333333475e-01
4.701333333333333475e-01
4.703333333333333255e-01
4.703999999999999848e-01
4.705333333333333590e-01
4.704666666666666441e-01
4.705333333333333590e-01
4.705333333333333590e-01
4.707333333333333369e-01
4.707999999999999963e-01
4.707999999999999963e-01
4.709333333333333149e-01
4.712000000000000077e-01
4.714666666666666450e-01
4.713333333333333264e-01
4.714666666666666450e-01
4.714666666666666450e-01
4.716666666666666785e-01
4.716666666666666785e-01
4.716000000000000192e-01
4.716666666666666785e-01
4.717333333333333378e-01
4.716666666666666785e-01
4.716666666666666785e-01
4.717999999999999972e-01
4.719999999999999751e-01
4.720666666666666900e-01
4.722666666666666679e-01
4.724666666666666459e-01
4.725333333333333607e-01
4.726000000000000201e-01
4.727333333333333387e-01
4.725333333333333607e-01
4.727999999999999980e-01
4.732666666666666688e-01
4.733999999999999875e-01
4.735333333333333061e-01
4.735333333333333061e-01
4.739333333333333176e-01
4.737999999999999989e-01
4.737999999999999989e-01
4.736666666666666803e-01
4.737999999999999989e-01
4.739333333333333176e-01
4.738666666666666583e-01
4.742000000000000104e-01
4.742000000000000104e-01
4.742666666666666697e-01
4.743999999999999884e-01
4.747999999999999998e-01
4.746666666666666812e-01
4.749333333333333185e-01
4.749333333333333185e-01
4.749333333333333185e-01
4.749333333333333185e-01
4.751333333333333520e-01
4.751333333333333520e-01
4.754666666666666486e-01
4.755333333333333079e-01
4.754666666666666486e-01
4.755333333333333079e-01
4.755333333333333079e-01
4.757333333333333414e-01
4.758000000000000007e-01
4.758000000000000007e-01
4.762000000000000122e-01
4.762000000000000122e-01
4.761333333333333528e-01
4.762666666666666715e-01
4.762666666666666715e-01
4.762666666666666715e-01
4.764666666666666495e-01
4.764666666666666495e-01
4.766000000000000236e-01
4.766666666666666829e-01
4.767333333333333423e-01
4.767333333333333423e-01
4.768666666666666609e-01
4.770666666666666944e-01
4.770666666666666944e-01
4.771333333333333537e-01
4.770666666666666944e-01
4.773999999999999910e-01
4.776000000000000245e-01
4.776000000000000245e-01
4.776666666666666838e-01
4.777333333333333432e-01
4.778000000000000025e-01
4.777333333333333432e-01
4.777333333333333432e-01
4.779999999999999805e-01
4.779333333333333211e-01
4.783333333333333326e-01
4.783999999999999919e-01
4.783333333333333326e-01
4.783999999999999919e-01
4.778666666666666618e-01
4.780666666666666398e-01
4.782000000000000139e-01
4.782000000000000139e-01
4.781333333333333546e-01
4.782666666666666733e-01
4.783333333333333326e-01
4.783999999999999919e-01
4.783999999999999919e-01
4.783999999999999919e-01
4.784666666666666512e-01
4.785333333333333106e-01
4.786666666666666847e-01
4.787333333333333441e-01
4.789999999999999813e-01
4.792000000000000148e-01
4.792000000000000148e-01
4.792000000000000148e-01
4.794666666666666521e-01
4.794666666666666521e-01
4.796666666666666856e-01
4.797333333333333449e-01
4.799333333333333229e-01
4.801333333333333564e-01
4.802666666666666750e-01
4.802000000000000157e-01
4.803333333333333344e-01
4.802666666666666750e-01
4.802666666666666750e-01
4.803999999999999937e-01
4.806000000000000272e-01
4.806000000000000272e-01
4.806666666666666865e-01
4.807333333333333458e-01
4.809333333333333238e-01
4.808666666666666645e-01
4.807333333333333458e-01
4.809333333333333238e-01
4.810666666666666424e-01
4.810666666666666424e-01
4.810666666666666424e-01
4.812666666666666759e-01
4.812000000000000166e-01
4.812000000000000166e-01
4.812000000000000166e-01
4.813333333333333353e-01
4.814666666666666539e-01
4.813999999999999946e-01
4.812000000000000166e-01
4.813333333333333353e-01
4.816666666666666874e-01
4.813999999999999946e-01
4.815333333333333132e-01
4.815999999999999726e-01
4.816666666666666874e-01
4.818666666666666654e-01
4.819333333333333247e-01
4.817333333333333467e-01
4.821333333333333582e-01
4.822666666666666768e-01
4.825333333333333141e-01
4.825999999999999734e-01
4.825999999999999734e-01
4.828666666666666663e-01
4.829333333333333256e-01
4.828000000000000069e-01
4.829333333333333256e-01
4.829999999999999849e-01
4.829999999999999849e-01
4.833333333333333370e-01
4.832666666666666777e-01
4.834666666666666557e-01
4.833333333333333370e-01
4.832666666666666777e-01
4.830666666666666442e-01
4.834666666666666557e-01
4.835333333333333150e-01
4.838000000000000078e-01
4.838000000000000078e-01
4.838000000000000078e-01
4.839333333333333265e-01
4.838666666666666671e-01
4.840666666666666451e-01
4.840666666666666451e-01
4.842666666666666786e-01
4.842666666666666786e-01
