3.826666666666666550e-01
3.834666666666666779e-01
3.838666666666666893e-01
3.841999999999999860e-01
3.844666666666666788e-01
3.848666666666666902e-01
3.849333333333333496e-01
3.854000000000000203e-01
3.857999999999999763e-01
3.860666666666666691e-01
3.862666666666666471e-01
3.866666666666666585e-01
3.869333333333333513e-01
3.872666666666666480e-01
3.874666666666666814e-01
3.874666666666666814e-01
3.877333333333333187e-01
3.877999999999999781e-01
3.881333333333333302e-01
3.882666666666666488e-01
3.886000000000000010e-01
3.889333333333333531e-01
3.892666666666666497e-01
3.896000000000000019e-01
3.896666666666666612e-01
3.897999999999999798e-01
3.900666666666666726e-01
3.904666666666666841e-01
3.906000000000000028e-01
3.909333333333333549e-01
3.914666666666666850e-01
3.917333333333333223e-01
3.921999999999999931e-01
3.924666666666666859e-01
3.927333333333333232e-01
3.927999999999999825e-01
3.934000000000000274e-01
3.938666666666666427e-01
3.943999999999999728e-01
3.943999999999999728e-01
3.946666666666666656e-01
3.947333333333333250e-01
3.948666666666666436e-01
3.954666666666666885e-01
3.958666666666666445e-01
3.960666666666666780e-01
3.961999999999999966e-01
3.964666666666666894e-01
3.972666666666666568e-01
3.975333333333333496e-01
3.977333333333333276e-01
3.979333333333333056e-01
3.980000000000000204e-01
3.983333333333333171e-01
3.984666666666666912e-01
3.984666666666666912e-01
3.989333333333333065e-01
3.990000000000000213e-01
3.997999999999999887e-01
3.998666666666666480e-01
4.002000000000000002e-01
4.004666666666666930e-01
4.008666666666666489e-01
4.014666666666666939e-01
4.016000000000000125e-01
4.017999999999999905e-01
4.020666666666666833e-01
4.023999999999999799e-01
4.025333333333333541e-01
4.028666666666666507e-01
4.030000000000000249e-01
4.031333333333333435e-01
4.035333333333333550e-01
4.036666666666666736e-01
4.036666666666666736e-01
4.038666666666666516e-01
4.042000000000000037e-01
4.041333333333333444e-01
4.042666666666666631e-01
4.046666666666666745e-01
4.047999999999999932e-01
4.050666666666666860e-01
4.053999999999999826e-01
4.056000000000000161e-01
4.058666666666666534e-01
4.062666666666666648e-01
4.064666666666666428e-01
4.066000000000000170e-01
4.068666666666666543e-01
4.069333333333333136e-01
4.072000000000000064e-01
4.073333333333333250e-01
4.075333333333333585e-01
4.077999999999999958e-01
4.080666666666666886e-01
4.082000000000000073e-01
4.086000000000000187e-01
4.087999999999999967e-01
4.087999999999999967e-01
4.091333333333333488e-01
4.093999999999999861e-01
4.094666666666666455e-01
4.096000000000000196e-01
4.098666666666666569e-01
4.098666666666666569e-01
4.101333333333333497e-01
4.103999999999999870e-01
4.106000000000000205e-01
4.109333333333333171e-01
4.112000000000000099e-01
4.112666666666666693e-01
4.111333333333333506e-01
4.115333333333333066e-01
4.117333333333333401e-01
4.118666666666666587e-01
4.119333333333333180e-01
4.124666666666666481e-01
4.125333333333333075e-01
4.126666666666666816e-01
4.128000000000000003e-01
4.132000000000000117e-01
4.133333333333333304e-01
4.133999999999999897e-01
4.138666666666666605e-01
4.139333333333333198e-01
4.143333333333333313e-01
4.146000000000000241e-01
4.149999999999999800e-01
4.150666666666666393e-01
4.149333333333333207e-01
4.150666666666666393e-01
4.150666666666666393e-01
4.153999999999999915e-01
4.155333333333333101e-01
4.157333333333333436e-01
4.158666666666666623e-01
4.159999999999999809e-01
4.162666666666666737e-01
4.162000000000000144e-01
4.167333333333333445e-01
4.167333333333333445e-01
4.166666666666666852e-01
4.169333333333333225e-01
4.165333333333333110e-01
4.170666666666666411e-01
4.174666666666666526e-01
4.178666666666666640e-01
4.181333333333333568e-01
4.186000000000000276e-01
4.188000000000000056e-01
4.189333333333333242e-01
4.192000000000000171e-01
4.195333333333333137e-01
4.195999999999999730e-01
4.195999999999999730e-01
4.195999999999999730e-01
4.199999999999999845e-01
4.205999999999999739e-01
4.205999999999999739e-01
4.209333333333333260e-01
4.212000000000000188e-01
4.213999999999999968e-01
4.218000000000000083e-01
4.219999999999999862e-01
4.222666666666666790e-01
4.222666666666666790e-01
4.227333333333333498e-01
4.229333333333333278e-01
4.229333333333333278e-01
4.232666666666666799e-01
4.233333333333333393e-01
4.234666666666666579e-01
4.233999999999999986e-01
4.236666666666666914e-01
4.238000000000000100e-01
4.241333333333333067e-01
4.241333333333333067e-01
4.244666666666666588e-01
4.245999999999999774e-01
4.244666666666666588e-01
4.246666666666666923e-01
4.247333333333333516e-01
4.249333333333333296e-01
4.248000000000000109e-01
4.252666666666666817e-01
4.255999999999999783e-01
4.255333333333333190e-01
4.256666666666666932e-01
4.259999999999999898e-01
4.260666666666666491e-01
4.262000000000000233e-01
4.265333333333333199e-01
4.268000000000000127e-01
4.269999999999999907e-01
4.270666666666666500e-01
4.272000000000000242e-01
4.272666666666666835e-01
4.277333333333333543e-01
4.279333333333333322e-01
4.282666666666666844e-01
4.287333333333333552e-01
4.288666666666666738e-01
4.294666666666666632e-01
4.295999999999999819e-01
4.298666666666666747e-01
4.299333333333333340e-01
4.302666666666666861e-01
4.304666666666666641e-01
4.304666666666666641e-01
4.304666666666666641e-01
4.305999999999999828e-01
4.308666666666666756e-01
4.309333333333333349e-01
4.312666666666666870e-01
4.313333333333333464e-01
4.315333333333333243e-01
4.319999999999999951e-01
4.322666666666666879e-01
4.325333333333333252e-01
4.325999999999999845e-01
4.328000000000000180e-01
4.330666666666666553e-01
4.329999999999999960e-01
4.332666666666666888e-01
4.333333333333333481e-01
4.334000000000000075e-01
4.335999999999999854e-01
4.335333333333333261e-01
4.337333333333333596e-01
4.338000000000000189e-01
4.339999999999999969e-01
4.340666666666666562e-01
4.340666666666666562e-01
4.344000000000000083e-01
4.344666666666666677e-01
4.345999999999999863e-01
4.347333333333333605e-01
4.347333333333333605e-01
4.348000000000000198e-01
4.349999999999999978e-01
4.353333333333333499e-01
4.354000000000000092e-01
4.355999999999999872e-01
4.358000000000000207e-01
4.358666666666666800e-01
4.359333333333333393e-01
4.364666666666666694e-01
4.364666666666666694e-01
4.365999999999999881e-01
4.368666666666666809e-01
4.368666666666666809e-01
4.368666666666666809e-01
4.371333333333333182e-01
4.373333333333333517e-01
4.377333333333333076e-01
4.378666666666666818e-01
4.379333333333333411e-01
4.380000000000000004e-01
4.381333333333333191e-01
4.380000000000000004e-01
4.385333333333333306e-01
4.387333333333333085e-01
4.390666666666666607e-01
4.392666666666666941e-01
4.394666666666666721e-01
4.395333333333333314e-01
4.397333333333333094e-01
4.399333333333333429e-01
4.399333333333333429e-01
4.403333333333333544e-01
4.403333333333333544e-01
4.405333333333333323e-01
4.406666666666666510e-01
4.405999999999999917e-01
4.407333333333333103e-01
4.408000000000000251e-01
4.414000000000000146e-01
4.415999999999999925e-01
4.416666666666666519e-01
4.418666666666666853e-01
4.417333333333333112e-01
4.419333333333333447e-01
4.420000000000000040e-01
4.422666666666666413e-01
4.423333333333333561e-01
4.428000000000000269e-01
4.424666666666666748e-01
4.429333333333333456e-01
4.430000000000000049e-01
4.430666666666666642e-01
4.431333333333333235e-01
4.434666666666666757e-01
4.434666666666666757e-01
4.437999999999999723e-01
4.440666666666666651e-01
4.444000000000000172e-01
4.446666666666666545e-01
4.445999999999999952e-01
4.446666666666666545e-01
4.447333333333333139e-01
4.450666666666666660e-01
4.450000000000000067e-01
4.451999999999999846e-01
4.453333333333333588e-01
4.455999999999999961e-01
4.458666666666666889e-01
4.460000000000000075e-01
4.460000000000000075e-01
4.462666666666666448e-01
4.464000000000000190e-01
4.467999999999999750e-01
4.470000000000000084e-01
4.470666666666666678e-01
4.470666666666666678e-01
4.471999999999999864e-01
4.471999999999999864e-01
4.475333333333333385e-01
4.477333333333333165e-01
4.480666666666666687e-01
4.481999999999999873e-01
4.484666666666666801e-01
4.485999999999999988e-01
4.487333333333333174e-01
4.487333333333333174e-01
4.487999999999999767e-01
4.488666666666666916e-01
4.490000000000000102e-01
4.491999999999999882e-01
4.492666666666666475e-01
4.494000000000000217e-01
4.494666666666666810e-01
4.494000000000000217e-01
4.495999999999999996e-01
4.495999999999999996e-01
4.495333333333333403e-01
4.495333333333333403e-01
4.497333333333333183e-01
4.498666666666666925e-01
4.497333333333333183e-01
4.497999999999999776e-01
4.500000000000000111e-01
4.501333333333333298e-01
4.501333333333333298e-01
4.501333333333333298e-01
4.503333333333333077e-01
4.505333333333333412e-01
4.504666666666666819e-01
4.505333333333333412e-01
4.506000000000000005e-01
4.507999999999999785e-01
4.509333333333333527e-01
4.511999999999999900e-01
4.512666666666666493e-01
4.512666666666666493e-01
4.511333333333333306e-01
4.514666666666666828e-01
4.517999999999999794e-01
4.521333333333333315e-01
4.521999999999999909e-01
4.521999999999999909e-01
4.523333333333333095e-01
4.522666666666666502e-01
4.525333333333333430e-01
4.526000000000000023e-01
4.527333333333333210e-01
4.527999999999999803e-01
4.528666666666666396e-01
4.529333333333333544e-01
4.529333333333333544e-01
4.531333333333333324e-01
4.530000000000000138e-01
4.529333333333333544e-01
4.531999999999999917e-01
4.531333333333333324e-01
4.535333333333333439e-01
4.534666666666666845e-01
4.537333333333333218e-01
4.538666666666666405e-01
4.539333333333333553e-01
4.540666666666666740e-01
4.541999999999999926e-01
4.542666666666666520e-01
4.544000000000000261e-01
4.546666666666666634e-01
4.547999999999999821e-01
4.547999999999999821e-01
4.550666666666666749e-01
4.550666666666666749e-01
4.550000000000000155e-01
4.552666666666666528e-01
4.556666666666666643e-01
4.556666666666666643e-01
4.556666666666666643e-01
4.557999999999999829e-01
4.560666666666666758e-01
4.560666666666666758e-01
4.563999999999999724e-01
4.566666666666666652e-01
4.567999999999999838e-01
4.568666666666666432e-01
4.570000000000000173e-01
4.570000000000000173e-01
4.571333333333333360e-01
4.570000000000000173e-01
4.570666666666666766e-01
4.570666666666666766e-01
4.570000000000000173e-01
4.573999999999999733e-01
4.575333333333333474e-01
4.576666666666666661e-01
4.576666666666666661e-01
4.579333333333333589e-01
4.579333333333333589e-01
4.580000000000000182e-01
4.580000000000000182e-01
4.581333333333333369e-01
4.580666666666666775e-01
4.581999999999999962e-01
4.583999999999999742e-01
4.581999999999999962e-01
4.584666666666666890e-01
4.585333333333333483e-01
4.586000000000000076e-01
4.587333333333333263e-01
4.587999999999999856e-01
4.587333333333333263e-01
4.590000000000000191e-01
4.591999999999999971e-01
4.594666666666666899e-01
4.594666666666666899e-01
4.596000000000000085e-01
4.596000000000000085e-01
4.597333333333333272e-01
4.597999999999999865e-01
4.600000000000000200e-01
4.600000000000000200e-01
4.601333333333333386e-01
4.606000000000000094e-01
4.609333333333333060e-01
4.608666666666666467e-01
4.611999999999999988e-01
4.612666666666666582e-01
4.613999999999999768e-01
4.613999999999999768e-01
4.616000000000000103e-01
4.617333333333333290e-01
4.622666666666666591e-01
4.624666666666666925e-01
4.626000000000000112e-01
4.627333333333333298e-01
4.626000000000000112e-01
4.626666666666666705e-01
4.628666666666666485e-01
4.630000000000000226e-01
4.630000000000000226e-01
4.630000000000000226e-01
4.633333333333333193e-01
4.634666666666666934e-01
4.637333333333333307e-01
4.638666666666666494e-01
4.641333333333333422e-01
4.642666666666666608e-01
4.641333333333333422e-01
4.642666666666666608e-01
4.640666666666666829e-01
4.643999999999999795e-01
4.646000000000000130e-01
4.647333333333333316e-01
4.648666666666666503e-01
4.652666666666666617e-01
4.653333333333333210e-01
4.653333333333333210e-01
4.655333333333333545e-01
4.656000000000000139e-01
4.656666666666666732e-01
4.657333333333333325e-01
4.659333333333333105e-01
4.660666666666666846e-01
4.661333333333333440e-01
4.661333333333333440e-01
4.662666666666666626e-01
4.663333333333333219e-01
4.662666666666666626e-01
4.662666666666666626e-01
4.665333333333333554e-01
4.666666666666666741e-01
4.666000000000000147e-01
4.667999999999999927e-01
4.670000000000000262e-01
4.670000000000000262e-01
4.670666666666666855e-01
4.666666666666666741e-01
4.670000000000000262e-01
4.670000000000000262e-01
4.671333333333333449e-01
4.673999999999999821e-01
4.676666666666666750e-01
4.675333333333333563e-01
4.676000000000000156e-01
4.676666666666666750e-01
4.677333333333333343e-01
4.677333333333333343e-01
4.677999999999999936e-01
4.676666666666666750e-01
4.678666666666666529e-01
4.679333333333333123e-01
4.678666666666666529e-01
4.677999999999999936e-01
4.678666666666666529e-01
4.679333333333333123e-01
4.678666666666666529e-01
4.678666666666666529e-01
4.679333333333333123e-01
4.682000000000000051e-01
4.682000000000000051e-01
4.681333333333333457e-01
4.682666666666666644e-01
4.682666666666666644e-01
4.683333333333333237e-01
4.683999999999999830e-01
4.686000000000000165e-01
4.686666666666666758e-01
4.685333333333333572e-01
4.688666666666666538e-01
4.688666666666666538e-01
4.689999999999999725e-01
4.689999999999999725e-01
4.689999999999999725e-01
4.692666666666666653e-01
4.692666666666666653e-01
4.693999999999999839e-01
4.695333333333333581e-01
4.697333333333333361e-01
4.695333333333333581e-01
4.698666666666666547e-01
4.700666666666666882e-01
4.701333333333333475e-01
4.700666666666666882e-01
4.701333333333333475e-01
4.702666666666666662e-01
4.702666666666666662e-01
4.703999999999999848e-01
4.704666666666666441e-01
4.705333333333333590e-01
4.709333333333333149e-01
4.709999999999999742e-01
4.709999999999999742e-01
4.711333333333333484e-01
4.712000000000000077e-01
4.713333333333333264e-01
4.713333333333333264e-01
4.712000000000000077e-01
4.713333333333333264e-01
4.715333333333333599e-01
4.717333333333333378e-01
4.717333333333333378e-01
4.718666666666666565e-01
4.719333333333333158e-01
4.719999999999999751e-01
4.722000000000000086e-01
4.722000000000000086e-01
4.723333333333333273e-01
4.724666666666666459e-01
4.722666666666666679e-01
4.726666666666666794e-01
4.726666666666666794e-01
4.729333333333333167e-01
4.730666666666666909e-01
4.731333333333333502e-01
4.732000000000000095e-01
4.733999999999999875e-01
4.736000000000000210e-01
4.736000000000000210e-01
4.735333333333333061e-01
4.737999999999999989e-01
4.737999999999999989e-01
4.739999999999999769e-01
4.739333333333333176e-01
4.738666666666666583e-01
4.740666666666666917e-01
4.739333333333333176e-01
4.743333333333333290e-01
4.743333333333333290e-01
4.743999999999999884e-01
4.746000000000000218e-01
4.746666666666666812e-01
4.747333333333333405e-01
4.747333333333333405e-01
4.747333333333333405e-01
4.747333333333333405e-01
4.749333333333333185e-01
4.749999999999999778e-01
4.752000000000000113e-01
4.752666666666666706e-01
4.753333333333333299e-01
4.756000000000000227e-01
4.757333333333333414e-01
4.757333333333333414e-01
4.757333333333333414e-01
4.758000000000000007e-01
4.759333333333333194e-01
4.758000000000000007e-01
4.758000000000000007e-01
4.758000000000000007e-01
4.760666666666666935e-01
4.762000000000000122e-01
4.763333333333333308e-01
4.762666666666666715e-01
4.762666666666666715e-01
4.764666666666666495e-01
4.766000000000000236e-01
4.766000000000000236e-01
4.766666666666666829e-01
4.769333333333333202e-01
4.766666666666666829e-01
4.768666666666666609e-01
4.770666666666666944e-01
4.772000000000000131e-01
4.772000000000000131e-01
4.772000000000000131e-01
4.774666666666666504e-01
4.773999999999999910e-01
4.778000000000000025e-01
4.778000000000000025e-01
4.780666666666666398e-01
4.781333333333333546e-01
4.781333333333333546e-01
4.781333333333333546e-01
4.783333333333333326e-01
4.786000000000000254e-01
4.784666666666666512e-01
4.784666666666666512e-01
4.785333333333333106e-01
4.783999999999999919e-01
4.785333333333333106e-01
4.782666666666666733e-01
4.782666666666666733e-01
4.783333333333333326e-01
4.782666666666666733e-01
4.784666666666666512e-01
4.783999999999999919e-01
4.785333333333333106e-01
4.786000000000000254e-01
4.788000000000000034e-01
4.788666666666666627e-01
4.791333333333333555e-01
4.793333333333333335e-01
4.793333333333333335e-01
4.795333333333333115e-01
4.794666666666666521e-01
4.797333333333333449e-01
4.797333333333333449e-01
4.800666666666666416e-01
4.800666666666666416e-01
4.800666666666666416e-01
4.800666666666666416e-01
4.801333333333333564e-01
4.801333333333333564e-01
4.800666666666666416e-01
4.802000000000000157e-01
4.804666666666666530e-01
4.804666666666666530e-01
4.803999999999999937e-01
4.806666666666666865e-01
4.806666666666666865e-01
4.805333333333333123e-01
4.807333333333333458e-01
4.809333333333333238e-01
4.808666666666666645e-01
4.807333333333333458e-01
4.809999999999999831e-01
4.812000000000000166e-01
4.813333333333333353e-01
4.814666666666666539e-01
4.814666666666666539e-01
4.815999999999999726e-01
4.815999999999999726e-01
4.814666666666666539e-01
4.816666666666666874e-01
4.816666666666666874e-01
4.818000000000000060e-01
4.817333333333333467e-01
4.817333333333333467e-01
4.818666666666666654e-01
4.818000000000000060e-01
4.820666666666666433e-01
4.820666666666666433e-01
4.821333333333333582e-01
4.821333333333333582e-01
4.823333333333333361e-01
4.823999999999999955e-01
4.824666666666666548e-01
4.825999999999999734e-01
4.828000000000000069e-01
4.827333333333333476e-01
4.829333333333333256e-01
4.829999999999999849e-01
4.833333333333333370e-01
4.835333333333333150e-01
4.836666666666666892e-01
4.838000000000000078e-01
4.838000000000000078e-01
4.838000000000000078e-01
4.837333333333333485e-01
4.838000000000000078e-01
4.839999999999999858e-01
4.838000000000000078e-01
4.835999999999999743e-01
4.839333333333333265e-01
4.840666666666666451e-01
4.839999999999999858e-01
4.839999999999999858e-01
4.840666666666666451e-01
4.841333333333333599e-01
4.843333333333333379e-01
4.843999999999999972e-01
4.843999999999999972e-01
4.842000000000000193e-01
4.845333333333333159e-01
4.844666666666666566e-01
4.845999999999999752e-01
4.845333333333333159e-01
4.846666666666666901e-01
4.845333333333333159e-01
4.846666666666666901e-01
4.848000000000000087e-01
4.850666666666666460e-01
4.851333333333333608e-01
4.852666666666666795e-01
4.853333333333333388e-01
