3.638666666666666716e-01
3.648666666666666725e-01
3.657333333333333547e-01
3.658666666666666734e-01
3.666666666666666408e-01
3.670666666666666522e-01
3.675333333333333230e-01
3.678666666666666751e-01
3.684000000000000052e-01
3.690666666666666540e-01
3.695999999999999841e-01
3.699999999999999956e-01
3.701333333333333142e-01
3.705999999999999850e-01
3.708000000000000185e-01
3.713333333333333486e-01
3.715999999999999859e-01
3.719999999999999973e-01
3.720666666666666567e-01
3.728000000000000203e-01
3.733333333333333504e-01
3.733333333333333504e-01
3.736666666666666470e-01
3.739333333333333398e-01
3.740666666666666584e-01
3.745999999999999885e-01
3.746666666666666479e-01
3.751999999999999780e-01
3.755999999999999894e-01
3.759333333333333416e-01
3.762666666666666937e-01
3.764000000000000123e-01
3.767333333333333090e-01
3.770666666666666611e-01
3.778666666666666840e-01
3.785333333333333328e-01
3.789333333333333442e-01
3.793333333333333557e-01
3.794666666666666743e-01
3.798666666666666858e-01
3.800000000000000044e-01
3.802666666666666417e-01
3.805999999999999939e-01
3.808000000000000274e-01
3.811999999999999833e-01
3.814666666666666761e-01
3.819333333333333469e-01
3.819333333333333469e-01
3.823333333333333584e-01
3.827999999999999736e-01
3.830000000000000071e-01
3.831333333333333258e-01
3.835333333333333372e-01
3.836666666666666559e-01
3.841333333333333266e-01
3.844000000000000195e-01
3.847333333333333161e-01
3.851999999999999869e-01
3.854666666666666797e-01
3.860000000000000098e-01
3.859333333333333504e-01
3.864000000000000212e-01
3.870000000000000107e-01
3.874000000000000221e-01
3.877333333333333187e-01
3.881999999999999895e-01
3.883333333333333082e-01
3.887999999999999790e-01
3.891999999999999904e-01
3.896666666666666612e-01
3.901999999999999913e-01
3.902666666666666506e-01
3.907999999999999807e-01
3.910000000000000142e-01
3.910000000000000142e-01
3.914666666666666850e-01
3.917999999999999816e-01
3.920000000000000151e-01
3.927999999999999825e-01
3.927999999999999825e-01
3.931999999999999940e-01
3.936000000000000054e-01
3.938666666666666427e-01
3.943333333333333135e-01
3.943333333333333135e-01
3.945333333333333470e-01
3.949333333333333584e-01
3.950000000000000178e-01
3.956000000000000072e-01
3.956000000000000072e-01
3.956666666666666665e-01
3.960666666666666780e-01
3.963333333333333153e-01
3.971333333333333382e-01
3.976000000000000090e-01
3.976000000000000090e-01
3.980000000000000204e-01
3.981333333333333391e-01
3.985333333333333505e-01
3.984666666666666912e-01
3.987999999999999878e-01
3.986666666666666692e-01
3.983999999999999764e-01
3.992666666666666586e-01
3.997333333333333294e-01
4.004666666666666930e-01
4.006000000000000116e-01
4.012000000000000011e-01
4.016000000000000125e-01
4.016666666666666718e-01
4.016000000000000125e-01
4.020666666666666833e-01
4.022000000000000020e-01
4.027333333333333321e-01
4.030000000000000249e-01
4.032000000000000028e-01
4.036000000000000143e-01
4.037333333333333329e-01
4.042666666666666631e-01
4.043333333333333224e-01
4.043333333333333224e-01
4.046000000000000152e-01
4.046666666666666745e-01
4.052666666666666639e-01
4.054666666666666419e-01
4.057333333333333347e-01
4.060666666666666869e-01
4.065333333333333576e-01
4.067333333333333356e-01
4.066666666666666763e-01
4.068666666666666543e-01
4.069333333333333136e-01
4.074666666666666437e-01
4.076000000000000179e-01
4.076666666666666772e-01
4.080666666666666886e-01
4.083333333333333259e-01
4.087333333333333374e-01
4.090666666666666895e-01
4.090666666666666895e-01
4.092000000000000082e-01
4.094666666666666455e-01
4.094666666666666455e-01
4.095333333333333603e-01
4.099999999999999756e-01
4.103333333333333277e-01
4.103999999999999870e-01
4.105333333333333057e-01
4.107333333333333392e-01
4.109333333333333171e-01
4.107999999999999985e-01
4.110666666666666913e-01
4.112000000000000099e-01
4.114666666666666472e-01
4.118666666666666587e-01
4.120666666666666922e-01
4.121333333333333515e-01
4.126000000000000223e-01
4.126666666666666816e-01
4.130666666666666931e-01
4.132666666666666710e-01
4.136000000000000232e-01
4.138666666666666605e-01
4.139333333333333198e-01
4.145333333333333092e-01
4.145333333333333092e-01
4.146000000000000241e-01
4.145333333333333092e-01
4.147333333333333427e-01
4.149333333333333207e-01
4.151333333333333542e-01
4.153333333333333321e-01
4.156666666666666843e-01
4.157333333333333436e-01
4.155333333333333101e-01
4.158000000000000029e-01
4.162666666666666737e-01
4.162666666666666737e-01
4.165333333333333110e-01
4.165333333333333110e-01
4.167333333333333445e-01
4.168000000000000038e-01
4.171333333333333560e-01
4.173999999999999932e-01
4.177333333333333454e-01
4.182000000000000162e-01
4.183999999999999941e-01
4.184666666666666535e-01
4.187333333333333463e-01
4.190666666666666429e-01
4.188666666666666649e-01
4.190666666666666429e-01
4.193999999999999950e-01
4.196666666666666878e-01
4.199333333333333251e-01
4.201333333333333586e-01
4.205333333333333146e-01
4.205333333333333146e-01
4.208000000000000074e-01
4.210666666666666447e-01
4.213333333333333375e-01
4.213999999999999968e-01
4.215333333333333155e-01
4.222666666666666790e-01
4.222666666666666790e-01
4.219999999999999862e-01
4.223999999999999977e-01
4.227333333333333498e-01
4.232000000000000206e-01
4.229999999999999871e-01
4.232666666666666799e-01
4.233333333333333393e-01
4.236666666666666914e-01
4.238666666666666694e-01
4.239333333333333287e-01
4.240666666666666473e-01
4.242666666666666808e-01
4.244666666666666588e-01
4.244666666666666588e-01
4.245999999999999774e-01
4.248666666666666702e-01
4.248666666666666702e-01
4.252000000000000224e-01
4.253333333333333410e-01
4.253333333333333410e-01
4.255999999999999783e-01
4.262666666666666826e-01
4.265333333333333199e-01
4.265999999999999792e-01
4.269333333333333313e-01
4.270666666666666500e-01
4.272666666666666835e-01
4.275999999999999801e-01
4.278666666666666729e-01
4.281333333333333102e-01
4.284000000000000030e-01
4.287333333333333552e-01
4.289999999999999925e-01
4.294000000000000039e-01
4.294000000000000039e-01
4.295333333333333226e-01
4.296666666666666412e-01
4.300666666666666527e-01
4.298666666666666747e-01
4.302000000000000268e-01
4.302000000000000268e-01
4.303333333333333455e-01
4.305999999999999828e-01
4.308666666666666756e-01
4.308666666666666756e-01
4.313333333333333464e-01
4.315333333333333243e-01
4.319333333333333358e-01
4.319999999999999951e-01
4.323333333333333472e-01
4.325999999999999845e-01
4.325999999999999845e-01
4.330666666666666553e-01
4.329333333333333367e-01
4.329333333333333367e-01
4.329999999999999960e-01
4.330666666666666553e-01
4.333333333333333481e-01
4.334666666666666668e-01
4.335999999999999854e-01
4.335999999999999854e-01
4.335999999999999854e-01
4.338666666666666782e-01
4.339999999999999969e-01
4.341999999999999749e-01
4.342666666666666897e-01
4.344000000000000083e-01
4.344666666666666677e-01
4.345333333333333270e-01
4.348666666666666791e-01
4.351333333333333164e-01
4.354000000000000092e-01
4.354000000000000092e-01
4.356666666666666465e-01
4.360666666666666580e-01
4.361999999999999766e-01
4.364666666666666694e-01
4.364666666666666694e-01
4.365999999999999881e-01
4.368000000000000216e-01
4.368666666666666809e-01
4.371333333333333182e-01
4.375999999999999890e-01
4.375333333333333297e-01
4.375333333333333297e-01
4.378666666666666818e-01
4.380000000000000004e-01
4.380666666666666598e-01
4.381333333333333191e-01
4.385333333333333306e-01
4.387333333333333085e-01
4.390000000000000013e-01
4.391999999999999793e-01
4.390666666666666607e-01
4.391999999999999793e-01
4.394666666666666721e-01
4.397333333333333094e-01
4.398666666666666836e-01
4.398000000000000242e-01
4.401333333333333209e-01
4.400666666666666615e-01
4.401999999999999802e-01
4.406666666666666510e-01
4.408666666666666845e-01
4.410000000000000031e-01
4.411999999999999811e-01
4.412666666666666404e-01
4.414000000000000146e-01
4.415999999999999925e-01
4.420000000000000040e-01
4.418000000000000260e-01
4.420000000000000040e-01
4.422666666666666413e-01
4.421999999999999820e-01
4.424000000000000155e-01
4.427333333333333121e-01
4.426666666666666528e-01
4.429333333333333456e-01
4.430000000000000049e-01
4.431999999999999829e-01
4.435333333333333350e-01
4.435999999999999943e-01
4.435999999999999943e-01
4.440000000000000058e-01
4.443333333333333579e-01
4.445333333333333359e-01
4.445999999999999952e-01
4.447999999999999732e-01
4.448666666666666880e-01
4.450666666666666660e-01
4.452666666666666440e-01
4.452666666666666440e-01
4.454000000000000181e-01
4.455333333333333368e-01
4.460000000000000075e-01
4.461999999999999855e-01
4.462666666666666448e-01
4.465333333333333377e-01
4.467333333333333156e-01
4.467333333333333156e-01
4.469333333333333491e-01
4.470000000000000084e-01
4.473333333333333606e-01
4.475999999999999979e-01
4.478666666666666907e-01
4.480666666666666687e-01
4.480000000000000093e-01
4.482666666666666466e-01
4.484666666666666801e-01
4.484666666666666801e-01
4.484666666666666801e-01
4.485999999999999988e-01
4.487333333333333174e-01
4.487999999999999767e-01
4.486666666666666581e-01
4.490000000000000102e-01
4.490000000000000102e-01
4.490000000000000102e-01
4.490666666666666695e-01
4.491999999999999882e-01
4.494000000000000217e-01
4.495333333333333403e-01
4.495999999999999996e-01
4.497999999999999776e-01
4.497333333333333183e-01
4.496666666666666590e-01
4.499333333333333518e-01
4.500666666666666704e-01
4.501999999999999891e-01
4.502666666666666484e-01
4.503333333333333077e-01
4.505333333333333412e-01
4.506000000000000005e-01
4.506000000000000005e-01
4.507999999999999785e-01
4.507333333333333192e-01
4.506000000000000005e-01
4.509333333333333527e-01
4.506666666666666599e-01
4.509333333333333527e-01
4.510000000000000120e-01
4.510666666666666713e-01
4.512666666666666493e-01
4.511333333333333306e-01
4.514000000000000234e-01
4.516666666666666607e-01
4.515333333333333421e-01
4.517333333333333201e-01
4.520000000000000129e-01
4.520666666666666722e-01
4.521333333333333315e-01
4.521333333333333315e-01
4.522666666666666502e-01
4.524666666666666837e-01
4.526666666666666616e-01
4.527333333333333210e-01
4.527999999999999803e-01
4.528666666666666396e-01
4.528666666666666396e-01
4.528666666666666396e-01
4.528666666666666396e-01
4.531999999999999917e-01
4.532666666666666511e-01
4.531333333333333324e-01
4.531999999999999917e-01
4.532666666666666511e-01
4.533333333333333104e-01
4.535333333333333439e-01
4.534666666666666845e-01
4.538666666666666405e-01
4.539333333333333553e-01
4.540000000000000147e-01
4.540666666666666740e-01
4.543333333333333113e-01
4.546000000000000041e-01
4.547333333333333227e-01
4.547999999999999821e-01
4.550000000000000155e-01
4.550000000000000155e-01
4.551333333333333342e-01
4.551999999999999935e-01
4.554666666666666863e-01
4.556666666666666643e-01
4.558666666666666423e-01
4.559333333333333571e-01
4.558666666666666423e-01
4.560666666666666758e-01
4.561999999999999944e-01
4.562666666666666537e-01
4.563333333333333131e-01
4.563999999999999724e-01
4.563999999999999724e-01
4.566666666666666652e-01
4.567999999999999838e-01
4.571333333333333360e-01
4.571333333333333360e-01
4.571333333333333360e-01
4.572666666666666546e-01
4.573333333333333139e-01
4.574666666666666881e-01
4.576000000000000068e-01
4.577333333333333254e-01
4.578666666666666440e-01
4.580000000000000182e-01
4.580666666666666775e-01
4.581999999999999962e-01
4.580666666666666775e-01
4.581999999999999962e-01
4.583999999999999742e-01
4.583333333333333148e-01
4.583999999999999742e-01
4.589333333333333598e-01
4.590000000000000191e-01
4.591999999999999971e-01
4.593999999999999750e-01
4.595333333333333492e-01
4.596666666666666679e-01
4.596000000000000085e-01
4.597999999999999865e-01
4.600000000000000200e-01
4.599333333333333607e-01
4.598666666666666458e-01
4.600000000000000200e-01
4.600666666666666793e-01
4.601999999999999980e-01
4.603333333333333166e-01
4.605333333333333501e-01
4.604666666666666908e-01
4.604666666666666908e-01
4.607333333333333281e-01
4.607999999999999874e-01
4.611999999999999988e-01
4.612666666666666582e-01
4.613999999999999768e-01
4.616666666666666696e-01
4.619333333333333069e-01
4.620000000000000218e-01
4.621999999999999997e-01
4.620000000000000218e-01
4.624666666666666925e-01
4.625333333333333519e-01
4.626666666666666705e-01
4.628666666666666485e-01
4.627999999999999892e-01
4.629333333333333078e-01
4.628666666666666485e-01
4.629333333333333078e-01
4.632000000000000006e-01
4.633999999999999786e-01
4.632666666666666599e-01
4.633999999999999786e-01
4.636000000000000121e-01
4.638666666666666494e-01
4.640000000000000235e-01
4.640000000000000235e-01
4.642666666666666608e-01
4.643333333333333202e-01
4.646666666666666723e-01
4.647333333333333316e-01
4.647999999999999909e-01
4.648666666666666503e-01
4.648666666666666503e-01
4.650666666666666837e-01
4.650000000000000244e-01
4.649333333333333096e-01
4.651333333333333431e-01
4.651333333333333431e-01
4.652000000000000024e-01
4.653333333333333210e-01
4.653333333333333210e-01
4.655333333333333545e-01
4.656666666666666732e-01
4.656666666666666732e-01
4.658666666666666512e-01
4.661333333333333440e-01
4.661333333333333440e-01
4.661333333333333440e-01
4.662666666666666626e-01
4.662666666666666626e-01
4.662666666666666626e-01
4.664666666666666406e-01
4.666000000000000147e-01
4.667333333333333334e-01
4.669333333333333114e-01
4.671333333333333449e-01
4.671333333333333449e-01
4.671333333333333449e-01
4.669333333333333114e-01
4.670000000000000262e-01
4.671333333333333449e-01
4.672666666666666635e-01
4.671333333333333449e-01
4.670666666666666855e-01
4.672666666666666635e-01
4.670666666666666855e-01
4.672666666666666635e-01
4.676000000000000156e-01
4.675333333333333563e-01
4.675333333333333563e-01
4.677333333333333343e-01
4.676000000000000156e-01
4.677999999999999936e-01
4.679333333333333123e-01
4.679333333333333123e-01
4.681333333333333457e-01
4.682000000000000051e-01
4.682000000000000051e-01
4.682666666666666644e-01
4.684666666666666424e-01
4.686000000000000165e-01
4.686666666666666758e-01
4.685333333333333572e-01
4.688666666666666538e-01
4.689333333333333131e-01
4.692000000000000060e-01
4.690666666666666873e-01
4.692000000000000060e-01
4.693999999999999839e-01
4.694666666666666432e-01
4.695333333333333581e-01
4.696666666666666767e-01
4.698666666666666547e-01
4.698666666666666547e-01
4.699333333333333140e-01
4.700666666666666882e-01
4.700666666666666882e-01
4.699333333333333140e-01
4.698666666666666547e-01
4.698666666666666547e-01
4.703333333333333255e-01
4.706000000000000183e-01
4.705333333333333590e-01
4.705333333333333590e-01
4.705333333333333590e-01
4.706666666666666776e-01
4.707333333333333369e-01
4.707333333333333369e-01
4.706666666666666776e-01
4.707999999999999963e-01
4.709333333333333149e-01
4.711333333333333484e-01
4.712666666666666671e-01
4.712666666666666671e-01
4.713333333333333264e-01
4.713999999999999857e-01
4.713999999999999857e-01
4.714666666666666450e-01
4.715333333333333599e-01
4.717333333333333378e-01
4.716666666666666785e-01
4.718666666666666565e-01
4.717999999999999972e-01
4.719333333333333158e-01
4.722000000000000086e-01
4.723999999999999866e-01
4.726666666666666794e-01
4.726666666666666794e-01
4.725333333333333607e-01
4.725333333333333607e-01
4.727999999999999980e-01
4.727999999999999980e-01
4.729333333333333167e-01
4.727999999999999980e-01
4.728666666666666574e-01
4.729999999999999760e-01
4.730666666666666909e-01
4.730666666666666909e-01
4.732666666666666688e-01
4.734666666666666468e-01
4.737333333333333396e-01
4.737333333333333396e-01
4.739333333333333176e-01
4.737999999999999989e-01
4.740666666666666917e-01
4.742666666666666697e-01
4.743333333333333290e-01
4.746000000000000218e-01
4.748666666666666591e-01
4.746666666666666812e-01
4.746000000000000218e-01
4.747999999999999998e-01
4.749999999999999778e-01
4.749999999999999778e-01
4.751333333333333520e-01
4.752666666666666706e-01
4.752000000000000113e-01
4.753333333333333299e-01
4.753999999999999893e-01
4.753333333333333299e-01
4.754666666666666486e-01
4.754666666666666486e-01
4.758000000000000007e-01
4.758000000000000007e-01
4.759999999999999787e-01
4.761333333333333528e-01
4.762000000000000122e-01
4.762000000000000122e-01
4.762666666666666715e-01
4.762666666666666715e-01
4.763333333333333308e-01
4.763999999999999901e-01
4.763999999999999901e-01
4.766666666666666829e-01
4.768000000000000016e-01
4.767333333333333423e-01
4.769999999999999796e-01
4.769999999999999796e-01
4.772666666666666724e-01
4.773999999999999910e-01
4.772000000000000131e-01
4.773999999999999910e-01
4.773999999999999910e-01
4.776666666666666838e-01
4.776666666666666838e-01
4.778000000000000025e-01
4.778000000000000025e-01
4.777333333333333432e-01
4.779999999999999805e-01
4.780666666666666398e-01
4.779999999999999805e-01
4.783333333333333326e-01
4.782666666666666733e-01
4.782000000000000139e-01
4.782666666666666733e-01
4.783333333333333326e-01
4.783333333333333326e-01
4.784666666666666512e-01
4.783999999999999919e-01
4.783999999999999919e-01
4.784666666666666512e-01
4.787333333333333441e-01
4.786000000000000254e-01
4.789333333333333220e-01
4.790666666666666407e-01
4.790666666666666407e-01
4.790666666666666407e-01
4.792000000000000148e-01
4.790666666666666407e-01
4.794666666666666521e-01
4.796000000000000263e-01
4.798000000000000043e-01
4.799333333333333229e-01
4.798666666666666636e-01
4.799333333333333229e-01
4.798666666666666636e-01
4.798000000000000043e-01
4.800666666666666416e-01
4.800666666666666416e-01
4.801333333333333564e-01
4.802666666666666750e-01
4.802666666666666750e-01
4.804666666666666530e-01
4.806666666666666865e-01
4.806000000000000272e-01
4.806666666666666865e-01
4.809333333333333238e-01
4.809999999999999831e-01
4.812000000000000166e-01
4.809333333333333238e-01
4.810666666666666424e-01
4.810666666666666424e-01
4.810666666666666424e-01
4.812666666666666759e-01
4.812000000000000166e-01
4.811333333333333573e-01
4.811333333333333573e-01
4.809999999999999831e-01
4.813333333333333353e-01
4.814666666666666539e-01
4.815333333333333132e-01
4.815999999999999726e-01
4.816666666666666874e-01
4.818666666666666654e-01
4.818666666666666654e-01
4.818000000000000060e-01
4.815333333333333132e-01
4.818000000000000060e-01
4.819999999999999840e-01
4.821333333333333582e-01
4.822666666666666768e-01
4.821333333333333582e-01
4.822666666666666768e-01
4.825333333333333141e-01
4.825999999999999734e-01
4.825333333333333141e-01
