3.697333333333333583e-01
3.705999999999999850e-01
3.710666666666666558e-01
3.714000000000000079e-01
3.718666666666666787e-01
3.725333333333333274e-01
3.726666666666666461e-01
3.726666666666666461e-01
3.729999999999999982e-01
3.734000000000000097e-01
3.733333333333333504e-01
3.738000000000000211e-01
3.739999999999999991e-01
3.743333333333333512e-01
3.745999999999999885e-01
3.747333333333333072e-01
3.752666666666666928e-01
3.754666666666666708e-01
3.759333333333333416e-01
3.765333333333333310e-01
3.768666666666666831e-01
3.771999999999999797e-01
3.779333333333333433e-01
3.781333333333333213e-01
3.785999999999999921e-01
3.788000000000000256e-01
3.790000000000000036e-01
3.790666666666666629e-01
3.798000000000000265e-01
3.799333333333333451e-01
3.804000000000000159e-01
3.804000000000000159e-01
3.810000000000000053e-01
3.813333333333333575e-01
3.817333333333333134e-01
3.819333333333333469e-01
3.818666666666666876e-01
3.824666666666666770e-01
3.826666666666666550e-01
3.827333333333333143e-01
3.831333333333333258e-01
3.831999999999999851e-01
3.837333333333333152e-01
3.841333333333333266e-01
3.841999999999999860e-01
3.845999999999999974e-01
3.849333333333333496e-01
3.851333333333333275e-01
3.855333333333333390e-01
3.857999999999999763e-01
3.861999999999999877e-01
3.865999999999999992e-01
3.870666666666666700e-01
3.874000000000000221e-01
3.877999999999999781e-01
3.873333333333333073e-01
3.881333333333333302e-01
3.886666666666666603e-01
3.890666666666666718e-01
3.892666666666666497e-01
3.900666666666666726e-01
3.901999999999999913e-01
3.903333333333333099e-01
3.906666666666666621e-01
3.907999999999999807e-01
3.912666666666666515e-01
3.917333333333333223e-01
3.920000000000000151e-01
3.924000000000000266e-01
3.927333333333333232e-01
3.929333333333333567e-01
3.931999999999999940e-01
3.937999999999999834e-01
3.940666666666666762e-01
3.941999999999999948e-01
3.946000000000000063e-01
3.947333333333333250e-01
3.953333333333333144e-01
3.955333333333333479e-01
3.956666666666666665e-01
3.957999999999999852e-01
3.961333333333333373e-01
3.964666666666666894e-01
3.967999999999999861e-01
3.973333333333333162e-01
3.977999999999999869e-01
3.981333333333333391e-01
3.981999999999999984e-01
3.983999999999999764e-01
3.986000000000000099e-01
3.986666666666666692e-01
3.989333333333333065e-01
3.990000000000000213e-01
3.992666666666666586e-01
3.994666666666666921e-01
4.001333333333333409e-01
4.007333333333333303e-01
4.009333333333333083e-01
4.014666666666666939e-01
4.017999999999999905e-01
4.019333333333333091e-01
4.017999999999999905e-01
4.023999999999999799e-01
4.024666666666666393e-01
4.027333333333333321e-01
4.032666666666666622e-01
4.030666666666666842e-01
4.034666666666666401e-01
4.037999999999999923e-01
4.040000000000000258e-01
4.042000000000000037e-01
4.037999999999999923e-01
4.045333333333333559e-01
4.047333333333333338e-01
4.052666666666666639e-01
4.055333333333333568e-01
4.056000000000000161e-01
4.059333333333333127e-01
4.062666666666666648e-01
4.065333333333333576e-01
4.066000000000000170e-01
4.067999999999999949e-01
4.069333333333333136e-01
4.073999999999999844e-01
4.076000000000000179e-01
4.076666666666666772e-01
4.080666666666666886e-01
4.080666666666666886e-01
4.085333333333333594e-01
4.089999999999999747e-01
4.091333333333333488e-01
4.093333333333333268e-01
4.094666666666666455e-01
4.095333333333333603e-01
4.096666666666666790e-01
4.099333333333333163e-01
4.101333333333333497e-01
4.103999999999999870e-01
4.104666666666666464e-01
4.103999999999999870e-01
4.109333333333333171e-01
4.109333333333333171e-01
4.112000000000000099e-01
4.112000000000000099e-01
4.116000000000000214e-01
4.117999999999999994e-01
4.119999999999999774e-01
4.123333333333333295e-01
4.122000000000000108e-01
4.124666666666666481e-01
4.128666666666666596e-01
4.131333333333333524e-01
4.134666666666666490e-01
4.134666666666666490e-01
4.140666666666666940e-01
4.143999999999999906e-01
4.146000000000000241e-01
4.148000000000000020e-01
4.148000000000000020e-01
4.146000000000000241e-01
4.146000000000000241e-01
4.149333333333333207e-01
4.152666666666666728e-01
4.155333333333333101e-01
4.158000000000000029e-01
4.157333333333333436e-01
4.158000000000000029e-01
4.156666666666666843e-01
4.163333333333333330e-01
4.166666666666666852e-01
4.166000000000000258e-01
4.166666666666666852e-01
4.169999999999999818e-01
4.171333333333333560e-01
4.172666666666666746e-01
4.177333333333333454e-01
4.179333333333333234e-01
4.183999999999999941e-01
4.186666666666666869e-01
4.189333333333333242e-01
4.192000000000000171e-01
4.190666666666666429e-01
4.193333333333333357e-01
4.192666666666666764e-01
4.195999999999999730e-01
4.199999999999999845e-01
4.202000000000000179e-01
4.203999999999999959e-01
4.205333333333333146e-01
4.209333333333333260e-01
4.208666666666666667e-01
4.213999999999999968e-01
4.215333333333333155e-01
4.219333333333333269e-01
4.221333333333333604e-01
4.221333333333333604e-01
4.223999999999999977e-01
4.225333333333333163e-01
4.229999999999999871e-01
4.231333333333333058e-01
4.229999999999999871e-01
4.231333333333333058e-01
4.233999999999999986e-01
4.236666666666666914e-01
4.237333333333333507e-01
4.239999999999999880e-01
4.240666666666666473e-01
4.242666666666666808e-01
4.241333333333333067e-01
4.243333333333333401e-01
4.245999999999999774e-01
4.249333333333333296e-01
4.249333333333333296e-01
4.249999999999999889e-01
4.252000000000000224e-01
4.252666666666666817e-01
4.252000000000000224e-01
4.255333333333333190e-01
4.261333333333333084e-01
4.263333333333333419e-01
4.267333333333333534e-01
4.264666666666666606e-01
4.265333333333333199e-01
4.267333333333333534e-01
4.272000000000000242e-01
4.276666666666666394e-01
4.279333333333333322e-01
4.281333333333333102e-01
4.285999999999999810e-01
4.290666666666666518e-01
4.290666666666666518e-01
4.293333333333333446e-01
4.294000000000000039e-01
4.299333333333333340e-01
4.299333333333333340e-01
4.300666666666666527e-01
4.302000000000000268e-01
4.303333333333333455e-01
4.306666666666666421e-01
4.306666666666666421e-01
4.306666666666666421e-01
4.309999999999999942e-01
4.309999999999999942e-01
4.314000000000000057e-01
4.316666666666666430e-01
4.321333333333333138e-01
4.322666666666666879e-01
4.325999999999999845e-01
4.327333333333333587e-01
4.328000000000000180e-01
4.330666666666666553e-01
4.328666666666666774e-01
4.330666666666666553e-01
4.331333333333333147e-01
4.335999999999999854e-01
4.334666666666666668e-01
4.337333333333333596e-01
4.337333333333333596e-01
4.338666666666666782e-01
4.341333333333333155e-01
4.341333333333333155e-01
4.341333333333333155e-01
4.345333333333333270e-01
4.345999999999999863e-01
4.346666666666666456e-01
4.346666666666666456e-01
4.349999999999999978e-01
4.349333333333333385e-01
4.351999999999999758e-01
4.354000000000000092e-01
4.356666666666666465e-01
4.359333333333333393e-01
4.359999999999999987e-01
4.363333333333333508e-01
4.367333333333333067e-01
4.365999999999999881e-01
4.368000000000000216e-01
4.369999999999999996e-01
4.371999999999999775e-01
4.372666666666666924e-01
4.374666666666666703e-01
4.378666666666666818e-01
4.378000000000000225e-01
4.378666666666666818e-01
4.381333333333333191e-01
4.381999999999999784e-01
4.385333333333333306e-01
4.389333333333333420e-01
4.391333333333333200e-01
4.391333333333333200e-01
4.392666666666666941e-01
4.394000000000000128e-01
4.395999999999999908e-01
4.396666666666666501e-01
4.400000000000000022e-01
4.400666666666666615e-01
4.401999999999999802e-01
4.403333333333333544e-01
4.403333333333333544e-01
4.405333333333333323e-01
4.408666666666666845e-01
4.414000000000000146e-01
4.414000000000000146e-01
4.415333333333333332e-01
4.415999999999999925e-01
4.416666666666666519e-01
4.418000000000000260e-01
4.418666666666666853e-01
4.420000000000000040e-01
4.420000000000000040e-01
4.422666666666666413e-01
4.421999999999999820e-01
4.424000000000000155e-01
4.423333333333333561e-01
4.426666666666666528e-01
4.428000000000000269e-01
4.431333333333333235e-01
4.431999999999999829e-01
4.434000000000000163e-01
4.437999999999999723e-01
4.440000000000000058e-01
4.443333333333333579e-01
4.445333333333333359e-01
4.445999999999999952e-01
4.447333333333333139e-01
4.449333333333333473e-01
4.450666666666666660e-01
4.451999999999999846e-01
4.450000000000000067e-01
4.454666666666666774e-01
4.455999999999999961e-01
4.456666666666666554e-01
4.461999999999999855e-01
4.460000000000000075e-01
4.462666666666666448e-01
4.462666666666666448e-01
4.465999999999999970e-01
4.470666666666666678e-01
4.471333333333333271e-01
4.471333333333333271e-01
4.471999999999999864e-01
4.475999999999999979e-01
4.478666666666666907e-01
4.478666666666666907e-01
4.481999999999999873e-01
4.484666666666666801e-01
4.483333333333333059e-01
4.481999999999999873e-01
4.484666666666666801e-01
4.483333333333333059e-01
4.484666666666666801e-01
4.486666666666666581e-01
4.485333333333333394e-01
4.490000000000000102e-01
4.491999999999999882e-01
4.491333333333333289e-01
4.492666666666666475e-01
4.494000000000000217e-01
4.495333333333333403e-01
4.499333333333333518e-01
4.497999999999999776e-01
4.497333333333333183e-01
4.499333333333333518e-01
4.495999999999999996e-01
4.498666666666666925e-01
4.502666666666666484e-01
4.501999999999999891e-01
4.502666666666666484e-01
4.504666666666666819e-01
4.503333333333333077e-01
4.504666666666666819e-01
4.506000000000000005e-01
4.507333333333333192e-01
4.506000000000000005e-01
4.508666666666666933e-01
4.510666666666666713e-01
4.511999999999999900e-01
4.510666666666666713e-01
4.511999999999999900e-01
4.511333333333333306e-01
4.514000000000000234e-01
4.514000000000000234e-01
4.515333333333333421e-01
4.517999999999999794e-01
4.516666666666666607e-01
4.517999999999999794e-01
4.520666666666666722e-01
4.521333333333333315e-01
4.523333333333333095e-01
4.524666666666666837e-01
4.526000000000000023e-01
4.524000000000000243e-01
4.526000000000000023e-01
4.526666666666666616e-01
4.526666666666666616e-01
4.527999999999999803e-01
4.529333333333333544e-01
4.532666666666666511e-01
4.531999999999999917e-01
4.531999999999999917e-01
4.534666666666666845e-01
4.534000000000000252e-01
4.536000000000000032e-01
4.535333333333333439e-01
4.536666666666666625e-01
4.537333333333333218e-01
4.539333333333333553e-01
4.540000000000000147e-01
4.540666666666666740e-01
4.544666666666666854e-01
4.544000000000000261e-01
4.545333333333333448e-01
4.546000000000000041e-01
4.550000000000000155e-01
4.551333333333333342e-01
4.551333333333333342e-01
4.554000000000000270e-01
4.554666666666666863e-01
4.554666666666666863e-01
4.553333333333333122e-01
4.557333333333333236e-01
4.558666666666666423e-01
4.561333333333333351e-01
4.560666666666666758e-01
4.561333333333333351e-01
4.561999999999999944e-01
4.563999999999999724e-01
4.563999999999999724e-01
4.567999999999999838e-01
4.569333333333333580e-01
4.570666666666666766e-01
4.570666666666666766e-01
4.573333333333333139e-01
4.572666666666666546e-01
4.574666666666666881e-01
4.574666666666666881e-01
4.575333333333333474e-01
4.575333333333333474e-01
4.576666666666666661e-01
4.576666666666666661e-01
4.576666666666666661e-01
4.579333333333333589e-01
4.580000000000000182e-01
4.580666666666666775e-01
4.581333333333333369e-01
4.580666666666666775e-01
4.581999999999999962e-01
4.581333333333333369e-01
4.583999999999999742e-01
4.588666666666666449e-01
4.591333333333333377e-01
4.592666666666666564e-01
4.592666666666666564e-01
4.595333333333333492e-01
4.596000000000000085e-01
4.597999999999999865e-01
4.600666666666666793e-01
4.600666666666666793e-01
4.600666666666666793e-01
4.597999999999999865e-01
4.601999999999999980e-01
4.604666666666666908e-01
4.604666666666666908e-01
4.606000000000000094e-01
4.603333333333333166e-01
4.605333333333333501e-01
4.607333333333333281e-01
4.608666666666666467e-01
4.611333333333333395e-01
4.613999999999999768e-01
4.614666666666666917e-01
4.616666666666666696e-01
4.620000000000000218e-01
4.621999999999999997e-01
4.622666666666666591e-01
4.620666666666666811e-01
4.625333333333333519e-01
4.625333333333333519e-01
4.627999999999999892e-01
4.628666666666666485e-01
4.632666666666666599e-01
4.633999999999999786e-01
4.632000000000000006e-01
4.632666666666666599e-01
4.636000000000000121e-01
4.633999999999999786e-01
4.635333333333333528e-01
4.637333333333333307e-01
4.637999999999999901e-01
4.639333333333333087e-01
4.642000000000000015e-01
4.643333333333333202e-01
4.644666666666666943e-01
4.647333333333333316e-01
4.647999999999999909e-01
4.647999999999999909e-01
4.650666666666666837e-01
4.652000000000000024e-01
4.652666666666666617e-01
4.654666666666666397e-01
4.653999999999999804e-01
4.654666666666666397e-01
4.654666666666666397e-01
4.653333333333333210e-01
4.653333333333333210e-01
4.653999999999999804e-01
4.655333333333333545e-01
4.657333333333333325e-01
4.659333333333333105e-01
4.660666666666666846e-01
4.660666666666666846e-01
4.662000000000000033e-01
4.663333333333333219e-01
4.661333333333333440e-01
4.663999999999999813e-01
4.664666666666666406e-01
4.667333333333333334e-01
4.669333333333333114e-01
4.667999999999999927e-01
4.668666666666666520e-01
4.670666666666666855e-01
4.672000000000000042e-01
4.672666666666666635e-01
4.671333333333333449e-01
4.671333333333333449e-01
4.673333333333333228e-01
4.672000000000000042e-01
4.672666666666666635e-01
4.672000000000000042e-01
4.672666666666666635e-01
4.672000000000000042e-01
4.671333333333333449e-01
4.673999999999999821e-01
4.673999999999999821e-01
4.675333333333333563e-01
4.676000000000000156e-01
4.676666666666666750e-01
4.680000000000000271e-01
4.679333333333333123e-01
4.679333333333333123e-01
4.680666666666666864e-01
4.685333333333333572e-01
4.686666666666666758e-01
4.686000000000000165e-01
4.687333333333333352e-01
4.686666666666666758e-01
4.689333333333333131e-01
4.689999999999999725e-01
4.691333333333333466e-01
4.690666666666666873e-01
4.689999999999999725e-01
4.691333333333333466e-01
4.691333333333333466e-01
4.693333333333333246e-01
4.693333333333333246e-01
4.696666666666666767e-01
4.694666666666666432e-01
4.696000000000000174e-01
4.696666666666666767e-01
4.696000000000000174e-01
4.698666666666666547e-01
4.697999999999999954e-01
4.701333333333333475e-01
4.702000000000000068e-01
4.702666666666666662e-01
4.703999999999999848e-01
4.703999999999999848e-01
4.703333333333333255e-01
4.705333333333333590e-01
4.706000000000000183e-01
4.707333333333333369e-01
4.707333333333333369e-01
4.707999999999999963e-01
4.709333333333333149e-01
4.710666666666666891e-01
4.711333333333333484e-01
4.712000000000000077e-01
4.712000000000000077e-01
4.714666666666666450e-01
4.716000000000000192e-01
4.714666666666666450e-01
4.716000000000000192e-01
4.715333333333333599e-01
4.716000000000000192e-01
4.716000000000000192e-01
4.718666666666666565e-01
4.719999999999999751e-01
4.719999999999999751e-01
4.722666666666666679e-01
4.722000000000000086e-01
4.724666666666666459e-01
4.725333333333333607e-01
4.726666666666666794e-01
4.723999999999999866e-01
4.727333333333333387e-01
4.727999999999999980e-01
4.729333333333333167e-01
4.729333333333333167e-01
4.732666666666666688e-01
4.733333333333333282e-01
4.733999999999999875e-01
4.733333333333333282e-01
4.735333333333333061e-01
4.735333333333333061e-01
4.737999999999999989e-01
4.737333333333333396e-01
4.739333333333333176e-01
4.740666666666666917e-01
4.740666666666666917e-01
4.739999999999999769e-01
4.743333333333333290e-01
4.743999999999999884e-01
4.743999999999999884e-01
4.746000000000000218e-01
4.747333333333333405e-01
4.746666666666666812e-01
4.749333333333333185e-01
4.747999999999999998e-01
4.750666666666666926e-01
4.752666666666666706e-01
4.753333333333333299e-01
4.752666666666666706e-01
4.753333333333333299e-01
4.753999999999999893e-01
4.753999999999999893e-01
4.752666666666666706e-01
4.755333333333333079e-01
4.758000000000000007e-01
4.758666666666666600e-01
4.760666666666666935e-01
4.760666666666666935e-01
4.761333333333333528e-01
4.759333333333333194e-01
4.762000000000000122e-01
4.763333333333333308e-01
4.766000000000000236e-01
4.766000000000000236e-01
4.766000000000000236e-01
4.769999999999999796e-01
4.768000000000000016e-01
4.769333333333333202e-01
4.768666666666666609e-01
4.769999999999999796e-01
4.770666666666666944e-01
4.773333333333333317e-01
4.773999999999999910e-01
4.774666666666666504e-01
4.775333333333333097e-01
4.778000000000000025e-01
4.778666666666666618e-01
4.779999999999999805e-01
4.781333333333333546e-01
4.781333333333333546e-01
4.782666666666666733e-01
4.782000000000000139e-01
4.782666666666666733e-01
4.783999999999999919e-01
4.783333333333333326e-01
4.783999999999999919e-01
4.782000000000000139e-01
4.781333333333333546e-01
4.782000000000000139e-01
4.781333333333333546e-01
4.782000000000000139e-01
4.782666666666666733e-01
4.784666666666666512e-01
4.786000000000000254e-01
4.786666666666666847e-01
4.787333333333333441e-01
4.787333333333333441e-01
4.788666666666666627e-01
4.788000000000000034e-01
4.791333333333333555e-01
4.792000000000000148e-01
4.793333333333333335e-01
4.796000000000000263e-01
4.795333333333333115e-01
4.795333333333333115e-01
4.796666666666666856e-01
4.798666666666666636e-01
4.799333333333333229e-01
4.799333333333333229e-01
4.800666666666666416e-01
4.800666666666666416e-01
4.799999999999999822e-01
4.803999999999999937e-01
4.805333333333333123e-01
4.804666666666666530e-01
4.806000000000000272e-01
4.807333333333333458e-01
4.807333333333333458e-01
4.808666666666666645e-01
4.809333333333333238e-01
4.809333333333333238e-01
4.809999999999999831e-01
4.809999999999999831e-01
4.808666666666666645e-01
4.811333333333333573e-01
4.811333333333333573e-01
4.809999999999999831e-01
4.810666666666666424e-01
4.811333333333333573e-01
4.811333333333333573e-01
4.814666666666666539e-01
4.815333333333333132e-01
4.812666666666666759e-01
4.814666666666666539e-01
4.815999999999999726e-01
4.819999999999999840e-01
4.818666666666666654e-01
4.819999999999999840e-01
4.818666666666666654e-01
4.819333333333333247e-01
4.818000000000000060e-01
4.818666666666666654e-01
4.819999999999999840e-01
4.822666666666666768e-01
4.822000000000000175e-01
4.823333333333333361e-01
4.824666666666666548e-01
4.823333333333333361e-01
4.823333333333333361e-01
4.827333333333333476e-01
4.825999999999999734e-01
4.828666666666666663e-01
4.829333333333333256e-01
4.830666666666666442e-01
4.828666666666666663e-01
4.829999999999999849e-01
4.829333333333333256e-01
