3.841999999999999860e-01
3.851333333333333275e-01
3.855999999999999983e-01
3.860000000000000098e-01
3.861333333333333284e-01
3.865333333333333399e-01
3.868666666666666920e-01
3.872666666666666480e-01
3.874000000000000221e-01
3.876000000000000001e-01
3.877999999999999781e-01
3.883333333333333082e-01
3.888666666666666938e-01
3.893333333333333091e-01
3.894000000000000239e-01
3.896666666666666612e-01
3.896666666666666612e-01
3.897999999999999798e-01
3.900000000000000133e-01
3.901333333333333320e-01
3.904666666666666841e-01
3.911333333333333329e-01
3.914000000000000257e-01
3.916666666666666630e-01
3.917333333333333223e-01
3.921999999999999931e-01
3.923333333333333117e-01
3.927333333333333232e-01
3.930666666666666753e-01
3.931999999999999940e-01
3.938666666666666427e-01
3.940666666666666762e-01
3.944666666666666877e-01
3.946000000000000063e-01
3.950000000000000178e-01
3.951333333333333364e-01
3.953999999999999737e-01
3.956000000000000072e-01
3.960666666666666780e-01
3.963333333333333153e-01
3.967333333333333267e-01
3.971999999999999975e-01
3.973333333333333162e-01
3.976000000000000090e-01
3.977999999999999869e-01
3.978666666666666463e-01
3.980000000000000204e-01
3.983999999999999764e-01
3.986000000000000099e-01
3.986000000000000099e-01
3.997333333333333294e-01
3.998666666666666480e-01
4.002000000000000002e-01
4.002666666666666595e-01
4.006000000000000116e-01
4.010666666666666824e-01
4.012666666666666604e-01
4.017999999999999905e-01
4.019333333333333091e-01
4.020000000000000240e-01
4.023999999999999799e-01
4.027333333333333321e-01
4.030666666666666842e-01
4.032000000000000028e-01
4.035333333333333550e-01
4.035333333333333550e-01
4.036666666666666736e-01
4.037999999999999923e-01
4.041333333333333444e-01
4.040666666666666851e-01
4.044666666666666410e-01
4.044666666666666410e-01
4.045333333333333559e-01
4.046666666666666745e-01
4.047999999999999932e-01
4.052666666666666639e-01
4.056000000000000161e-01
4.059333333333333127e-01
4.063333333333333242e-01
4.064666666666666428e-01
4.067999999999999949e-01
4.068666666666666543e-01
4.070666666666666877e-01
4.072000000000000064e-01
4.073333333333333250e-01
4.073999999999999844e-01
4.076000000000000179e-01
4.080666666666666886e-01
4.083999999999999853e-01
4.085333333333333594e-01
4.088666666666666560e-01
4.089999999999999747e-01
4.092000000000000082e-01
4.095333333333333603e-01
4.096000000000000196e-01
4.097999999999999976e-01
4.097999999999999976e-01
4.099333333333333163e-01
4.099333333333333163e-01
4.099999999999999756e-01
4.106666666666666798e-01
4.109333333333333171e-01
4.110666666666666913e-01
4.112000000000000099e-01
4.113999999999999879e-01
4.113999999999999879e-01
4.116666666666666807e-01
4.118666666666666587e-01
4.120666666666666922e-01
4.121333333333333515e-01
4.126000000000000223e-01
4.127333333333333409e-01
4.127333333333333409e-01
4.129333333333333189e-01
4.133333333333333304e-01
4.136000000000000232e-01
4.137333333333333418e-01
4.140666666666666940e-01
4.143333333333333313e-01
4.143999999999999906e-01
4.148000000000000020e-01
4.149999999999999800e-01
4.149999999999999800e-01
4.151333333333333542e-01
4.152000000000000135e-01
4.153333333333333321e-01
4.155333333333333101e-01
4.158000000000000029e-01
4.159333333333333216e-01
4.158666666666666623e-01
4.161333333333333551e-01
4.163999999999999924e-01
4.163333333333333330e-01
4.167333333333333445e-01
4.169333333333333225e-01
4.169999999999999818e-01
4.170666666666666411e-01
4.172000000000000153e-01
4.172666666666666746e-01
4.173999999999999932e-01
4.179999999999999827e-01
4.182000000000000162e-01
4.187333333333333463e-01
4.189999999999999836e-01
4.189999999999999836e-01
4.190666666666666429e-01
4.193333333333333357e-01
4.193333333333333357e-01
4.192666666666666764e-01
4.188666666666666649e-01
4.195999999999999730e-01
4.202000000000000179e-01
4.204666666666666552e-01
4.208000000000000074e-01
4.210666666666666447e-01
4.212666666666666782e-01
4.215999999999999748e-01
4.218666666666666676e-01
4.220666666666666456e-01
4.220666666666666456e-01
4.225999999999999757e-01
4.227333333333333498e-01
4.228666666666666685e-01
4.232000000000000206e-01
4.233999999999999986e-01
4.234666666666666579e-01
4.235333333333333172e-01
4.237333333333333507e-01
4.239333333333333287e-01
4.239999999999999880e-01
4.241333333333333067e-01
4.243333333333333401e-01
4.245333333333333181e-01
4.245999999999999774e-01
4.245999999999999774e-01
4.247333333333333516e-01
4.249999999999999889e-01
4.250666666666666482e-01
4.254000000000000004e-01
4.253333333333333410e-01
4.256666666666666932e-01
4.257333333333333525e-01
4.258666666666666711e-01
4.259999999999999898e-01
4.262000000000000233e-01
4.264000000000000012e-01
4.267333333333333534e-01
4.270666666666666500e-01
4.273333333333333428e-01
4.271333333333333093e-01
4.275999999999999801e-01
4.277333333333333543e-01
4.278666666666666729e-01
4.284000000000000030e-01
4.285333333333333217e-01
4.291333333333333111e-01
4.292000000000000259e-01
4.297333333333333560e-01
4.298000000000000154e-01
4.298000000000000154e-01
4.302666666666666861e-01
4.302666666666666861e-01
4.305333333333333234e-01
4.306666666666666421e-01
4.306666666666666421e-01
4.309999999999999942e-01
4.312000000000000277e-01
4.312000000000000277e-01
4.313333333333333464e-01
4.312666666666666870e-01
4.316666666666666430e-01
4.319333333333333358e-01
4.322666666666666879e-01
4.325999999999999845e-01
4.328000000000000180e-01
4.328000000000000180e-01
4.330666666666666553e-01
4.333333333333333481e-01
4.333333333333333481e-01
4.332666666666666888e-01
4.334666666666666668e-01
4.334000000000000075e-01
4.336666666666666448e-01
4.336666666666666448e-01
4.337333333333333596e-01
4.340666666666666562e-01
4.342666666666666897e-01
4.341333333333333155e-01
4.345333333333333270e-01
4.344000000000000083e-01
4.345999999999999863e-01
4.348000000000000198e-01
4.348666666666666791e-01
4.349999999999999978e-01
4.351333333333333164e-01
4.352666666666666906e-01
4.353333333333333499e-01
4.355333333333333279e-01
4.358000000000000207e-01
4.358666666666666800e-01
4.359999999999999987e-01
4.364000000000000101e-01
4.365999999999999881e-01
4.367333333333333067e-01
4.369333333333333402e-01
4.369999999999999996e-01
4.371333333333333182e-01
4.370666666666666589e-01
4.372666666666666924e-01
4.375333333333333297e-01
4.380000000000000004e-01
4.381333333333333191e-01
4.382666666666666933e-01
4.384000000000000119e-01
4.382666666666666933e-01
4.386666666666666492e-01
4.391333333333333200e-01
4.395333333333333314e-01
4.396666666666666501e-01
4.395999999999999908e-01
4.397333333333333094e-01
4.399333333333333429e-01
4.399333333333333429e-01
4.401999999999999802e-01
4.404666666666666730e-01
4.405999999999999917e-01
4.408000000000000251e-01
4.408000000000000251e-01
4.408000000000000251e-01
4.407333333333333103e-01
4.411333333333333218e-01
4.414666666666666739e-01
4.417333333333333112e-01
4.418000000000000260e-01
4.421333333333333226e-01
4.420666666666666633e-01
4.421999999999999820e-01
4.422666666666666413e-01
4.425999999999999934e-01
4.424666666666666748e-01
4.428666666666666862e-01
4.429333333333333456e-01
4.431999999999999829e-01
4.432666666666666422e-01
4.432666666666666422e-01
4.435999999999999943e-01
4.437333333333333130e-01
4.437333333333333130e-01
4.440000000000000058e-01
4.441999999999999837e-01
4.445333333333333359e-01
4.446666666666666545e-01
4.447999999999999732e-01
4.447999999999999732e-01
4.450666666666666660e-01
4.450000000000000067e-01
4.451333333333333253e-01
4.450666666666666660e-01
4.449333333333333473e-01
4.450666666666666660e-01
4.456666666666666554e-01
4.457333333333333147e-01
4.459333333333333482e-01
4.462666666666666448e-01
4.465999999999999970e-01
4.467999999999999750e-01
4.470000000000000084e-01
4.470666666666666678e-01
4.471333333333333271e-01
4.469333333333333491e-01
4.472666666666666457e-01
4.476666666666666572e-01
4.480000000000000093e-01
4.481333333333333280e-01
4.484000000000000208e-01
4.485999999999999988e-01
4.485999999999999988e-01
4.486666666666666581e-01
4.487999999999999767e-01
4.487999999999999767e-01
4.489333333333333509e-01
4.490666666666666695e-01
4.490666666666666695e-01
4.491999999999999882e-01
4.492666666666666475e-01
4.493333333333333068e-01
4.495333333333333403e-01
4.495999999999999996e-01
4.497333333333333183e-01
4.496666666666666590e-01
4.497333333333333183e-01
4.498666666666666925e-01
4.498666666666666925e-01
4.500666666666666704e-01
4.501333333333333298e-01
4.501999999999999891e-01
4.501999999999999891e-01
4.503333333333333077e-01
4.503333333333333077e-01
4.506000000000000005e-01
4.505333333333333412e-01
4.505333333333333412e-01
4.509333333333333527e-01
4.510000000000000120e-01
4.511333333333333306e-01
4.510666666666666713e-01
4.512666666666666493e-01
4.512666666666666493e-01
4.511999999999999900e-01
4.515333333333333421e-01
4.517333333333333201e-01
4.518666666666666942e-01
4.520666666666666722e-01
4.521999999999999909e-01
4.521333333333333315e-01
4.521999999999999909e-01
4.522666666666666502e-01
4.524000000000000243e-01
4.526000000000000023e-01
4.527333333333333210e-01
4.527333333333333210e-01
4.530666666666666731e-01
4.529333333333333544e-01
4.530000000000000138e-01
4.530666666666666731e-01
4.529333333333333544e-01
4.530000000000000138e-01
4.530000000000000138e-01
4.534000000000000252e-01
4.533333333333333104e-01
4.536000000000000032e-01
4.537333333333333218e-01
4.541333333333333333e-01
4.540666666666666740e-01
4.540666666666666740e-01
4.544000000000000261e-01
4.544666666666666854e-01
4.546666666666666634e-01
4.547333333333333227e-01
4.549333333333333562e-01
4.550000000000000155e-01
4.550666666666666749e-01
4.553333333333333122e-01
4.554666666666666863e-01
4.554666666666666863e-01
4.555333333333333456e-01
4.559333333333333571e-01
4.560666666666666758e-01
4.560666666666666758e-01
4.561333333333333351e-01
4.563333333333333131e-01
4.564666666666666872e-01
4.566000000000000059e-01
4.570000000000000173e-01
4.570000000000000173e-01
4.570666666666666766e-01
4.571333333333333360e-01
4.567999999999999838e-01
4.567333333333333245e-01
4.571333333333333360e-01
4.572666666666666546e-01
4.571999999999999953e-01
4.575333333333333474e-01
4.576000000000000068e-01
4.577333333333333254e-01
4.577999999999999847e-01
4.580000000000000182e-01
4.580666666666666775e-01
4.580000000000000182e-01
4.580000000000000182e-01
4.580000000000000182e-01
4.580666666666666775e-01
4.582666666666666555e-01
4.583999999999999742e-01
4.587333333333333263e-01
4.587333333333333263e-01
4.587999999999999856e-01
4.587333333333333263e-01
4.586666666666666670e-01
4.587999999999999856e-01
4.588666666666666449e-01
4.589333333333333598e-01
4.590666666666666784e-01
4.594666666666666899e-01
4.596666666666666679e-01
4.597999999999999865e-01
4.596666666666666679e-01
4.597999999999999865e-01
4.600666666666666793e-01
4.601999999999999980e-01
4.603999999999999759e-01
4.605333333333333501e-01
4.606000000000000094e-01
4.611999999999999988e-01
4.613333333333333175e-01
4.613999999999999768e-01
4.615333333333333510e-01
4.616000000000000103e-01
4.616000000000000103e-01
4.617333333333333290e-01
4.616666666666666696e-01
4.621999999999999997e-01
4.623333333333333184e-01
4.626000000000000112e-01
4.625333333333333519e-01
4.627333333333333298e-01
4.627333333333333298e-01
4.626000000000000112e-01
4.622666666666666591e-01
4.626666666666666705e-01
4.626666666666666705e-01
4.628666666666666485e-01
4.633999999999999786e-01
4.636000000000000121e-01
4.638666666666666494e-01
4.640000000000000235e-01
4.642000000000000015e-01
4.641333333333333422e-01
4.642666666666666608e-01
4.642000000000000015e-01
4.643999999999999795e-01
4.646666666666666723e-01
4.648666666666666503e-01
4.649333333333333096e-01
4.652666666666666617e-01
4.653333333333333210e-01
4.653999999999999804e-01
4.654666666666666397e-01
4.655333333333333545e-01
4.656000000000000139e-01
4.657333333333333325e-01
4.658666666666666512e-01
4.661333333333333440e-01
4.661333333333333440e-01
4.662000000000000033e-01
4.661333333333333440e-01
4.664666666666666406e-01
4.664666666666666406e-01
4.663333333333333219e-01
4.665333333333333554e-01
4.666666666666666741e-01
4.668666666666666520e-01
4.670000000000000262e-01
4.672000000000000042e-01
4.671333333333333449e-01
4.670666666666666855e-01
4.670000000000000262e-01
4.672000000000000042e-01
4.672666666666666635e-01
4.674666666666666415e-01
4.674666666666666415e-01
4.676000000000000156e-01
4.676666666666666750e-01
4.676666666666666750e-01
4.678666666666666529e-01
4.677333333333333343e-01
4.676666666666666750e-01
4.676666666666666750e-01
4.675333333333333563e-01
4.676000000000000156e-01
4.680000000000000271e-01
4.677999999999999936e-01
4.677999999999999936e-01
4.679333333333333123e-01
4.679333333333333123e-01
4.679333333333333123e-01
4.681333333333333457e-01
4.681333333333333457e-01
4.682000000000000051e-01
4.681333333333333457e-01
4.682666666666666644e-01
4.682666666666666644e-01
4.682666666666666644e-01
4.685333333333333572e-01
4.686666666666666758e-01
4.688666666666666538e-01
4.688666666666666538e-01
4.687999999999999945e-01
4.689999999999999725e-01
4.691333333333333466e-01
4.692000000000000060e-01
4.692000000000000060e-01
4.692666666666666653e-01
4.692000000000000060e-01
4.694666666666666432e-01
4.694666666666666432e-01
4.696000000000000174e-01
4.696000000000000174e-01
4.697999999999999954e-01
4.699333333333333140e-01
4.701333333333333475e-01
4.702666666666666662e-01
4.701333333333333475e-01
4.702666666666666662e-01
4.703333333333333255e-01
4.706000000000000183e-01
4.707999999999999963e-01
4.709333333333333149e-01
4.708666666666666556e-01
4.709333333333333149e-01
4.710666666666666891e-01
4.710666666666666891e-01
4.711333333333333484e-01
4.712666666666666671e-01
4.714666666666666450e-01
4.714666666666666450e-01
4.713999999999999857e-01
4.712666666666666671e-01
4.712666666666666671e-01
4.716666666666666785e-01
4.719333333333333158e-01
4.719999999999999751e-01
4.719999999999999751e-01
4.719999999999999751e-01
4.722000000000000086e-01
4.722666666666666679e-01
4.724666666666666459e-01
4.723999999999999866e-01
4.724666666666666459e-01
4.725333333333333607e-01
4.725333333333333607e-01
4.726666666666666794e-01
4.732000000000000095e-01
4.733999999999999875e-01
4.735333333333333061e-01
4.736666666666666803e-01
4.736666666666666803e-01
4.737333333333333396e-01
4.736000000000000210e-01
4.737999999999999989e-01
4.739333333333333176e-01
4.739999999999999769e-01
4.742000000000000104e-01
4.742666666666666697e-01
4.743333333333333290e-01
4.743333333333333290e-01
4.742666666666666697e-01
4.744666666666666477e-01
4.745333333333333070e-01
4.746000000000000218e-01
4.748666666666666591e-01
4.748666666666666591e-01
4.747999999999999998e-01
4.749999999999999778e-01
4.750666666666666926e-01
4.751333333333333520e-01
4.753333333333333299e-01
4.752666666666666706e-01
4.753333333333333299e-01
4.754666666666666486e-01
4.757333333333333414e-01
4.755333333333333079e-01
4.755333333333333079e-01
4.758000000000000007e-01
4.758000000000000007e-01
4.760666666666666935e-01
4.759999999999999787e-01
4.758000000000000007e-01
4.758000000000000007e-01
4.762000000000000122e-01
4.763999999999999901e-01
4.761333333333333528e-01
4.762000000000000122e-01
4.763999999999999901e-01
4.764666666666666495e-01
4.766000000000000236e-01
4.767333333333333423e-01
4.768000000000000016e-01
4.768000000000000016e-01
4.766666666666666829e-01
4.769333333333333202e-01
4.772000000000000131e-01
4.773333333333333317e-01
4.772666666666666724e-01
4.773333333333333317e-01
4.773999999999999910e-01
4.776000000000000245e-01
4.778000000000000025e-01
4.775333333333333097e-01
4.778666666666666618e-01
4.780666666666666398e-01
4.782666666666666733e-01
4.783999999999999919e-01
4.783333333333333326e-01
4.783999999999999919e-01
4.784666666666666512e-01
4.786000000000000254e-01
4.786000000000000254e-01
4.784666666666666512e-01
4.784666666666666512e-01
4.786000000000000254e-01
4.786666666666666847e-01
4.785333333333333106e-01
4.787333333333333441e-01
4.788000000000000034e-01
4.787333333333333441e-01
4.787333333333333441e-01
4.789333333333333220e-01
4.790666666666666407e-01
4.789333333333333220e-01
4.792000000000000148e-01
4.793333333333333335e-01
4.796666666666666856e-01
4.797333333333333449e-01
4.799333333333333229e-01
4.798000000000000043e-01
4.798000000000000043e-01
4.798666666666666636e-01
4.800666666666666416e-01
4.799333333333333229e-01
4.802666666666666750e-01
4.803333333333333344e-01
4.803333333333333344e-01
4.801333333333333564e-01
4.802666666666666750e-01
4.805333333333333123e-01
4.804666666666666530e-01
4.803999999999999937e-01
4.805333333333333123e-01
4.806000000000000272e-01
4.806666666666666865e-01
4.807333333333333458e-01
4.809999999999999831e-01
4.811333333333333573e-01
4.812666666666666759e-01
4.813333333333333353e-01
4.813333333333333353e-01
4.815333333333333132e-01
4.815999999999999726e-01
4.816666666666666874e-01
4.818666666666666654e-01
4.818666666666666654e-01
4.816666666666666874e-01
4.818000000000000060e-01
4.816666666666666874e-01
4.817333333333333467e-01
4.818000000000000060e-01
4.818000000000000060e-01
4.819333333333333247e-01
4.821333333333333582e-01
4.822000000000000175e-01
4.822000000000000175e-01
4.820666666666666433e-01
4.822000000000000175e-01
4.822666666666666768e-01
4.823333333333333361e-01
4.825999999999999734e-01
4.829333333333333256e-01
4.828666666666666663e-01
4.830666666666666442e-01
4.829333333333333256e-01
4.830666666666666442e-01
4.834666666666666557e-01
4.836666666666666892e-01
4.838000000000000078e-01
4.837333333333333485e-01
4.835999999999999743e-01
4.836666666666666892e-01
4.837333333333333485e-01
4.838000000000000078e-01
4.839333333333333265e-01
4.839999999999999858e-01
4.839999999999999858e-01
4.839999999999999858e-01
4.840666666666666451e-01
4.839333333333333265e-01
4.840666666666666451e-01
4.840666666666666451e-01
4.840666666666666451e-01
4.842000000000000193e-01
4.842000000000000193e-01
4.842666666666666786e-01
4.843999999999999972e-01
4.843999999999999972e-01
4.845333333333333159e-01
4.846666666666666901e-01
4.845999999999999752e-01
4.844666666666666566e-01
4.845333333333333159e-01
4.848000000000000087e-01
4.848666666666666680e-01
4.849999999999999867e-01
4.852000000000000202e-01
4.852000000000000202e-01
4.852666666666666795e-01
4.853333333333333388e-01
4.854666666666666575e-01
4.856666666666666909e-01
4.858000000000000096e-01
4.858000000000000096e-01
