3.681333333333333124e-01
3.687333333333333574e-01
3.696666666666666434e-01
3.697333333333333583e-01
3.704000000000000070e-01
3.708000000000000185e-01
3.710666666666666558e-01
3.715333333333333266e-01
3.716666666666666452e-01
3.721333333333333160e-01
3.726666666666666461e-01
3.728666666666666796e-01
3.729999999999999982e-01
3.730666666666666575e-01
3.735333333333333283e-01
3.736666666666666470e-01
3.738666666666666805e-01
3.743333333333333512e-01
3.745999999999999885e-01
3.749333333333333407e-01
3.754000000000000115e-01
3.757333333333333081e-01
3.759333333333333416e-01
3.763333333333333530e-01
3.767333333333333090e-01
3.771999999999999797e-01
3.775999999999999912e-01
3.781333333333333213e-01
3.785333333333333328e-01
3.789333333333333442e-01
3.791999999999999815e-01
3.795999999999999930e-01
3.799333333333333451e-01
3.800666666666666638e-01
3.803333333333333566e-01
3.806666666666666532e-01
3.810000000000000053e-01
3.814000000000000168e-01
3.816666666666666541e-01
3.820000000000000062e-01
3.821999999999999842e-01
3.822666666666666435e-01
3.827333333333333143e-01
3.828666666666666885e-01
3.830666666666666664e-01
3.833333333333333592e-01
3.837999999999999745e-01
3.841333333333333266e-01
3.843333333333333601e-01
3.845333333333333381e-01
3.849333333333333496e-01
3.855333333333333390e-01
3.858666666666666911e-01
3.860000000000000098e-01
3.864666666666666806e-01
3.867999999999999772e-01
3.873333333333333073e-01
3.876666666666666594e-01
3.878666666666666929e-01
3.881999999999999895e-01
3.884666666666666823e-01
3.888666666666666938e-01
3.893333333333333091e-01
3.896666666666666612e-01
3.903333333333333099e-01
3.904000000000000248e-01
3.906666666666666621e-01
3.909333333333333549e-01
3.913333333333333108e-01
3.917333333333333223e-01
3.920000000000000151e-01
3.922666666666666524e-01
3.927333333333333232e-01
3.927999999999999825e-01
3.932666666666666533e-01
3.936666666666666647e-01
3.940666666666666762e-01
3.944666666666666877e-01
3.945333333333333470e-01
3.948666666666666436e-01
3.951999999999999957e-01
3.953999999999999737e-01
3.957999999999999852e-01
3.957333333333333258e-01
3.960666666666666780e-01
3.963333333333333153e-01
3.967999999999999861e-01
3.971333333333333382e-01
3.976666666666666683e-01
3.978666666666666463e-01
3.981999999999999984e-01
3.983999999999999764e-01
3.987999999999999878e-01
3.988666666666666472e-01
3.990666666666666806e-01
3.991999999999999993e-01
3.993333333333333179e-01
3.996000000000000107e-01
4.001333333333333409e-01
4.004666666666666930e-01
4.009333333333333083e-01
4.012000000000000011e-01
4.017333333333333312e-01
4.017999999999999905e-01
4.017999999999999905e-01
4.022666666666666613e-01
4.022666666666666613e-01
4.026000000000000134e-01
4.025333333333333541e-01
4.030666666666666842e-01
4.032666666666666622e-01
4.037333333333333329e-01
4.040666666666666851e-01
4.042000000000000037e-01
4.044666666666666410e-01
4.047333333333333338e-01
4.047999999999999932e-01
4.052000000000000046e-01
4.055333333333333568e-01
4.054666666666666419e-01
4.058666666666666534e-01
4.065333333333333576e-01
4.066000000000000170e-01
4.067333333333333356e-01
4.068666666666666543e-01
4.067999999999999949e-01
4.073999999999999844e-01
4.076666666666666772e-01
4.076000000000000179e-01
4.079999999999999738e-01
4.083999999999999853e-01
4.086000000000000187e-01
4.089333333333333154e-01
4.090666666666666895e-01
4.091333333333333488e-01
4.092000000000000082e-01
4.094666666666666455e-01
4.096666666666666790e-01
4.099333333333333163e-01
4.102000000000000091e-01
4.103333333333333277e-01
4.104666666666666464e-01
4.106666666666666798e-01
4.109333333333333171e-01
4.110666666666666913e-01
4.111333333333333506e-01
4.112666666666666693e-01
4.116000000000000214e-01
4.117999999999999994e-01
4.119999999999999774e-01
4.119999999999999774e-01
4.123333333333333295e-01
4.126000000000000223e-01
4.129333333333333189e-01
4.131333333333333524e-01
4.136000000000000232e-01
4.138666666666666605e-01
4.141333333333333533e-01
4.144666666666666499e-01
4.144666666666666499e-01
4.145333333333333092e-01
4.145333333333333092e-01
4.145333333333333092e-01
4.147333333333333427e-01
4.150666666666666393e-01
4.153333333333333321e-01
4.155333333333333101e-01
4.157333333333333436e-01
4.157333333333333436e-01
4.158666666666666623e-01
4.162000000000000144e-01
4.162000000000000144e-01
4.166666666666666852e-01
4.167333333333333445e-01
4.169333333333333225e-01
4.169999999999999818e-01
4.171333333333333560e-01
4.174666666666666526e-01
4.177333333333333454e-01
4.181333333333333568e-01
4.185333333333333128e-01
4.183999999999999941e-01
4.186000000000000276e-01
4.191333333333333577e-01
4.191333333333333577e-01
4.193333333333333357e-01
4.192666666666666764e-01
4.197333333333333472e-01
4.199999999999999845e-01
4.202000000000000179e-01
4.203333333333333366e-01
4.208666666666666667e-01
4.209333333333333260e-01
4.212000000000000188e-01
4.213999999999999968e-01
4.217333333333333489e-01
4.219999999999999862e-01
4.221333333333333604e-01
4.223333333333333384e-01
4.223999999999999977e-01
4.225999999999999757e-01
4.228000000000000091e-01
4.231333333333333058e-01
4.232666666666666799e-01
4.233333333333333393e-01
4.235999999999999766e-01
4.236666666666666914e-01
4.238000000000000100e-01
4.240666666666666473e-01
4.240666666666666473e-01
4.240666666666666473e-01
4.242666666666666808e-01
4.245333333333333181e-01
4.245333333333333181e-01
4.247333333333333516e-01
4.248000000000000109e-01
4.248666666666666702e-01
4.248000000000000109e-01
4.252000000000000224e-01
4.252666666666666817e-01
4.257333333333333525e-01
4.262666666666666826e-01
4.262666666666666826e-01
4.265999999999999792e-01
4.265999999999999792e-01
4.268000000000000127e-01
4.271333333333333093e-01
4.275999999999999801e-01
4.278666666666666729e-01
4.279999999999999916e-01
4.282666666666666844e-01
4.286666666666666403e-01
4.293333333333333446e-01
4.294000000000000039e-01
4.294000000000000039e-01
4.296666666666666412e-01
4.300666666666666527e-01
4.299999999999999933e-01
4.301333333333333120e-01
4.303333333333333455e-01
4.305333333333333234e-01
4.306666666666666421e-01
4.307333333333333569e-01
4.305999999999999828e-01
4.308666666666666756e-01
4.310666666666666536e-01
4.317333333333333578e-01
4.319333333333333358e-01
4.320666666666666544e-01
4.324000000000000066e-01
4.325999999999999845e-01
4.327333333333333587e-01
4.329999999999999960e-01
4.330666666666666553e-01
4.329333333333333367e-01
4.330666666666666553e-01
4.334000000000000075e-01
4.335333333333333261e-01
4.335999999999999854e-01
4.335999999999999854e-01
4.335333333333333261e-01
4.337333333333333596e-01
4.339999999999999969e-01
4.340666666666666562e-01
4.344000000000000083e-01
4.345333333333333270e-01
4.344666666666666677e-01
4.345999999999999863e-01
4.348000000000000198e-01
4.348666666666666791e-01
4.349999999999999978e-01
4.351999999999999758e-01
4.354000000000000092e-01
4.357333333333333059e-01
4.361333333333333173e-01
4.360666666666666580e-01
4.365333333333333288e-01
4.365999999999999881e-01
4.365999999999999881e-01
4.368000000000000216e-01
4.369333333333333402e-01
4.374000000000000110e-01
4.373333333333333517e-01
4.376666666666666483e-01
4.379333333333333411e-01
4.380000000000000004e-01
4.381333333333333191e-01
4.381333333333333191e-01
4.385333333333333306e-01
4.388666666666666827e-01
4.390666666666666607e-01
4.390666666666666607e-01
4.391999999999999793e-01
4.393333333333333535e-01
4.394000000000000128e-01
4.395999999999999908e-01
4.400000000000000022e-01
4.399333333333333429e-01
4.400666666666666615e-01
4.401333333333333209e-01
4.404666666666666730e-01
4.404666666666666730e-01
4.407333333333333103e-01
4.412666666666666404e-01
4.413333333333333552e-01
4.414666666666666739e-01
4.415333333333333332e-01
4.414666666666666739e-01
4.417333333333333112e-01
4.420666666666666633e-01
4.419333333333333447e-01
4.420666666666666633e-01
4.422666666666666413e-01
4.421333333333333226e-01
4.424000000000000155e-01
4.424666666666666748e-01
4.425999999999999934e-01
4.428666666666666862e-01
4.430000000000000049e-01
4.430000000000000049e-01
4.434000000000000163e-01
4.437333333333333130e-01
4.436666666666666536e-01
4.441999999999999837e-01
4.441333333333333244e-01
4.442666666666666431e-01
4.443333333333333579e-01
4.445333333333333359e-01
4.448666666666666880e-01
4.450000000000000067e-01
4.450000000000000067e-01
4.454000000000000181e-01
4.455333333333333368e-01
4.455999999999999961e-01
4.459333333333333482e-01
4.460666666666666669e-01
4.461999999999999855e-01
4.465999999999999970e-01
4.466666666666666563e-01
4.467999999999999750e-01
4.470000000000000084e-01
4.472666666666666457e-01
4.471999999999999864e-01
4.475333333333333385e-01
4.478666666666666907e-01
4.480000000000000093e-01
4.480000000000000093e-01
4.483333333333333059e-01
4.484666666666666801e-01
4.484666666666666801e-01
4.484000000000000208e-01
4.484000000000000208e-01
4.484000000000000208e-01
4.486666666666666581e-01
4.485999999999999988e-01
4.489333333333333509e-01
4.490666666666666695e-01
4.491333333333333289e-01
4.493333333333333068e-01
4.494000000000000217e-01
4.494000000000000217e-01
4.495333333333333403e-01
4.497999999999999776e-01
4.497333333333333183e-01
4.497999999999999776e-01
4.499333333333333518e-01
4.499333333333333518e-01
4.501999999999999891e-01
4.503333333333333077e-01
4.502666666666666484e-01
4.504000000000000226e-01
4.504000000000000226e-01
4.506666666666666599e-01
4.507999999999999785e-01
4.506666666666666599e-01
4.507333333333333192e-01
4.507333333333333192e-01
4.507999999999999785e-01
4.511999999999999900e-01
4.509333333333333527e-01
4.509333333333333527e-01
4.510666666666666713e-01
4.514000000000000234e-01
4.514666666666666828e-01
4.514666666666666828e-01
4.516000000000000014e-01
4.517999999999999794e-01
4.518666666666666942e-01
4.520666666666666722e-01
4.518666666666666942e-01
4.524000000000000243e-01
4.522666666666666502e-01
4.525333333333333430e-01
4.526000000000000023e-01
4.526666666666666616e-01
4.527333333333333210e-01
4.527999999999999803e-01
4.529333333333333544e-01
4.530000000000000138e-01
4.531333333333333324e-01
4.530666666666666731e-01
4.530666666666666731e-01
4.534000000000000252e-01
4.534000000000000252e-01
4.535333333333333439e-01
4.535333333333333439e-01
4.536666666666666625e-01
4.537333333333333218e-01
4.536000000000000032e-01
4.540000000000000147e-01
4.540666666666666740e-01
4.542666666666666520e-01
4.544000000000000261e-01
4.545333333333333448e-01
4.545333333333333448e-01
4.547999999999999821e-01
4.552666666666666528e-01
4.550666666666666749e-01
4.552666666666666528e-01
4.555333333333333456e-01
4.556666666666666643e-01
4.556000000000000050e-01
4.555333333333333456e-01
4.557999999999999829e-01
4.561333333333333351e-01
4.560000000000000164e-01
4.560666666666666758e-01
4.560666666666666758e-01
4.561999999999999944e-01
4.564666666666666872e-01
4.566000000000000059e-01
4.565333333333333465e-01
4.567333333333333245e-01
4.570000000000000173e-01
4.570666666666666766e-01
4.568666666666666432e-01
4.570666666666666766e-01
4.572666666666666546e-01
4.572666666666666546e-01
4.576000000000000068e-01
4.577333333333333254e-01
4.576666666666666661e-01
4.577333333333333254e-01
4.578666666666666440e-01
4.580666666666666775e-01
4.578666666666666440e-01
4.581999999999999962e-01
4.581333333333333369e-01
4.582666666666666555e-01
4.583999999999999742e-01
4.586000000000000076e-01
4.587333333333333263e-01
4.590000000000000191e-01
4.590666666666666784e-01
4.593999999999999750e-01
4.593999999999999750e-01
4.596000000000000085e-01
4.597999999999999865e-01
4.599333333333333607e-01
4.599333333333333607e-01
4.601333333333333386e-01
4.600666666666666793e-01
4.600666666666666793e-01
4.602666666666666573e-01
4.603999999999999759e-01
4.606000000000000094e-01
4.606000000000000094e-01
4.604666666666666908e-01
4.607333333333333281e-01
4.607999999999999874e-01
4.610666666666666802e-01
4.613333333333333175e-01
4.616000000000000103e-01
4.614666666666666917e-01
4.616666666666666696e-01
4.621333333333333404e-01
4.622666666666666591e-01
4.623333333333333184e-01
4.623333333333333184e-01
4.624666666666666925e-01
4.627333333333333298e-01
4.630666666666666820e-01
4.632000000000000006e-01
4.633333333333333193e-01
4.633333333333333193e-01
4.633333333333333193e-01
4.636000000000000121e-01
4.636666666666666714e-01
4.634666666666666934e-01
4.633999999999999786e-01
4.634666666666666934e-01
4.637999999999999901e-01
4.640666666666666829e-01
4.642000000000000015e-01
4.643999999999999795e-01
4.644666666666666943e-01
4.647333333333333316e-01
4.647999999999999909e-01
4.650000000000000244e-01
4.652000000000000024e-01
4.650000000000000244e-01
4.652666666666666617e-01
4.655333333333333545e-01
4.655333333333333545e-01
4.653999999999999804e-01
4.654666666666666397e-01
4.654666666666666397e-01
4.655333333333333545e-01
4.655333333333333545e-01
4.656000000000000139e-01
4.656666666666666732e-01
4.657999999999999918e-01
4.657999999999999918e-01
4.660000000000000253e-01
4.662000000000000033e-01
4.663333333333333219e-01
4.661333333333333440e-01
4.662000000000000033e-01
4.663999999999999813e-01
4.665333333333333554e-01
4.666000000000000147e-01
4.669333333333333114e-01
4.672000000000000042e-01
4.670000000000000262e-01
4.672000000000000042e-01
4.671333333333333449e-01
4.670000000000000262e-01
4.670000000000000262e-01
4.672666666666666635e-01
4.673333333333333228e-01
4.673999999999999821e-01
4.673999999999999821e-01
4.673333333333333228e-01
4.673999999999999821e-01
4.673333333333333228e-01
4.674666666666666415e-01
4.674666666666666415e-01
4.673333333333333228e-01
4.676666666666666750e-01
4.677333333333333343e-01
4.677999999999999936e-01
4.677999999999999936e-01
4.677999999999999936e-01
4.679333333333333123e-01
4.678666666666666529e-01
4.681333333333333457e-01
4.684666666666666424e-01
4.685333333333333572e-01
4.686666666666666758e-01
4.689333333333333131e-01
4.688666666666666538e-01
4.689999999999999725e-01
4.690666666666666873e-01
4.691333333333333466e-01
4.689999999999999725e-01
4.692666666666666653e-01
4.691333333333333466e-01
4.694666666666666432e-01
4.693999999999999839e-01
4.697333333333333361e-01
4.699999999999999734e-01
4.699333333333333140e-01
4.697999999999999954e-01
4.699999999999999734e-01
4.698666666666666547e-01
4.699999999999999734e-01
4.702666666666666662e-01
4.702666666666666662e-01
4.704666666666666441e-01
4.702666666666666662e-01
4.703333333333333255e-01
4.703333333333333255e-01
4.703999999999999848e-01
4.708666666666666556e-01
4.707999999999999963e-01
4.708666666666666556e-01
4.709333333333333149e-01
4.710666666666666891e-01
4.712000000000000077e-01
4.712000000000000077e-01
4.713999999999999857e-01
4.716000000000000192e-01
4.715333333333333599e-01
4.715333333333333599e-01
4.715333333333333599e-01
4.716666666666666785e-01
4.716666666666666785e-01
4.717333333333333378e-01
4.718666666666666565e-01
4.721333333333333493e-01
4.722666666666666679e-01
4.723333333333333273e-01
4.723999999999999866e-01
4.723999999999999866e-01
4.726000000000000201e-01
4.726000000000000201e-01
4.727999999999999980e-01
4.728666666666666574e-01
4.728666666666666574e-01
4.728666666666666574e-01
4.731333333333333502e-01
4.732000000000000095e-01
4.731333333333333502e-01
4.732000000000000095e-01
4.733333333333333282e-01
4.734666666666666468e-01
4.735333333333333061e-01
4.737999999999999989e-01
4.737999999999999989e-01
4.737333333333333396e-01
4.740666666666666917e-01
4.741333333333333511e-01
4.742666666666666697e-01
4.742666666666666697e-01
4.743999999999999884e-01
4.745333333333333070e-01
4.746666666666666812e-01
4.746666666666666812e-01
4.747999999999999998e-01
4.748666666666666591e-01
4.750666666666666926e-01
4.751333333333333520e-01
4.752000000000000113e-01
4.752000000000000113e-01
4.752000000000000113e-01
4.752000000000000113e-01
4.751333333333333520e-01
4.753333333333333299e-01
4.752666666666666706e-01
4.755333333333333079e-01
4.758000000000000007e-01
4.758666666666666600e-01
4.758666666666666600e-01
4.761333333333333528e-01
4.762000000000000122e-01
4.762666666666666715e-01
4.762666666666666715e-01
4.764666666666666495e-01
4.763999999999999901e-01
4.766666666666666829e-01
4.767333333333333423e-01
4.768666666666666609e-01
4.769333333333333202e-01
4.769333333333333202e-01
4.769999999999999796e-01
4.771333333333333537e-01
4.769999999999999796e-01
4.771333333333333537e-01
4.772666666666666724e-01
4.774666666666666504e-01
4.776666666666666838e-01
4.776666666666666838e-01
4.775333333333333097e-01
4.776666666666666838e-01
4.778000000000000025e-01
4.779999999999999805e-01
4.779333333333333211e-01
4.782000000000000139e-01
4.783333333333333326e-01
4.783999999999999919e-01
4.783333333333333326e-01
4.783333333333333326e-01
4.782666666666666733e-01
4.782000000000000139e-01
4.783999999999999919e-01
4.781333333333333546e-01
4.782666666666666733e-01
4.782666666666666733e-01
4.786000000000000254e-01
4.786666666666666847e-01
4.786000000000000254e-01
4.788000000000000034e-01
4.789999999999999813e-01
4.789999999999999813e-01
4.788666666666666627e-01
4.792666666666666742e-01
4.795333333333333115e-01
4.795333333333333115e-01
4.797333333333333449e-01
4.796666666666666856e-01
4.796000000000000263e-01
4.798666666666666636e-01
4.799333333333333229e-01
4.798666666666666636e-01
4.799333333333333229e-01
4.800666666666666416e-01
4.801333333333333564e-01
4.802666666666666750e-01
4.802000000000000157e-01
4.802666666666666750e-01
4.808000000000000052e-01
4.808000000000000052e-01
4.807333333333333458e-01
4.808000000000000052e-01
4.809999999999999831e-01
4.810666666666666424e-01
4.811333333333333573e-01
4.809999999999999831e-01
4.809999999999999831e-01
4.811333333333333573e-01
4.810666666666666424e-01
4.811333333333333573e-01
4.812000000000000166e-01
4.812000000000000166e-01
4.810666666666666424e-01
4.811333333333333573e-01
4.814666666666666539e-01
4.813333333333333353e-01
4.814666666666666539e-01
4.815333333333333132e-01
4.816666666666666874e-01
4.818666666666666654e-01
4.818666666666666654e-01
4.818666666666666654e-01
4.819333333333333247e-01
4.818000000000000060e-01
4.819999999999999840e-01
4.819999999999999840e-01
4.822666666666666768e-01
4.823333333333333361e-01
4.823333333333333361e-01
4.824666666666666548e-01
4.824666666666666548e-01
4.824666666666666548e-01
4.828000000000000069e-01
4.827333333333333476e-01
4.828666666666666663e-01
4.829999999999999849e-01
4.832000000000000184e-01
4.831333333333333591e-01
