3.761333333333333195e-01
3.769333333333333425e-01
3.773333333333333539e-01
3.778000000000000247e-01
3.780666666666666620e-01
3.785999999999999921e-01
3.790000000000000036e-01
3.794000000000000150e-01
3.794000000000000150e-01
3.796666666666666523e-01
3.801333333333333231e-01
3.804666666666666752e-01
3.810666666666666647e-01
3.811999999999999833e-01
3.814000000000000168e-01
3.817999999999999727e-01
3.818666666666666876e-01
3.819333333333333469e-01
3.824000000000000177e-01
3.827333333333333143e-01
3.828666666666666885e-01
3.831999999999999851e-01
3.835333333333333372e-01
3.839333333333333487e-01
3.841999999999999860e-01
3.844000000000000195e-01
3.846666666666666567e-01
3.848666666666666902e-01
3.852666666666666462e-01
3.855999999999999983e-01
3.860000000000000098e-01
3.863333333333333064e-01
3.865333333333333399e-01
3.867999999999999772e-01
3.870000000000000107e-01
3.875333333333333408e-01
3.875333333333333408e-01
3.877333333333333187e-01
3.880000000000000115e-01
3.884000000000000230e-01
3.887333333333333196e-01
3.888666666666666938e-01
3.891999999999999904e-01
3.894000000000000239e-01
3.896000000000000019e-01
3.899333333333333540e-01
3.903333333333333099e-01
3.905333333333333434e-01
3.911999999999999922e-01
3.916000000000000036e-01
3.919333333333333558e-01
3.920666666666666744e-01
3.924666666666666859e-01
3.926666666666666639e-01
3.930666666666666753e-01
3.931333333333333346e-01
3.937333333333333241e-01
3.940666666666666762e-01
3.944666666666666877e-01
3.946666666666666656e-01
3.951333333333333364e-01
3.953999999999999737e-01
3.957333333333333258e-01
3.958666666666666445e-01
3.960666666666666780e-01
3.965333333333333488e-01
3.967333333333333267e-01
3.971333333333333382e-01
3.976666666666666683e-01
3.980000000000000204e-01
3.981333333333333391e-01
3.983333333333333171e-01
3.985333333333333505e-01
3.986000000000000099e-01
3.986666666666666692e-01
3.990666666666666806e-01
3.991333333333333400e-01
3.991999999999999993e-01
3.999333333333333074e-01
4.002666666666666595e-01
4.005333333333333523e-01
4.006666666666666710e-01
4.012666666666666604e-01
4.016666666666666718e-01
4.020000000000000240e-01
4.022000000000000020e-01
4.023999999999999799e-01
4.022666666666666613e-01
4.024666666666666393e-01
4.030000000000000249e-01
4.032666666666666622e-01
4.033333333333333215e-01
4.035333333333333550e-01
4.040666666666666851e-01
4.040666666666666851e-01
4.042666666666666631e-01
4.046000000000000152e-01
4.047333333333333338e-01
4.049333333333333118e-01
4.051333333333333453e-01
4.053333333333333233e-01
4.059333333333333127e-01
4.060666666666666869e-01
4.063333333333333242e-01
4.064666666666666428e-01
4.066000000000000170e-01
4.069333333333333136e-01
4.070666666666666877e-01
4.074666666666666437e-01
4.076000000000000179e-01
4.077999999999999958e-01
4.081333333333333480e-01
4.082000000000000073e-01
4.084666666666666446e-01
4.087999999999999967e-01
4.090666666666666895e-01
4.094666666666666455e-01
4.094666666666666455e-01
4.096000000000000196e-01
4.096000000000000196e-01
4.097999999999999976e-01
4.099333333333333163e-01
4.102000000000000091e-01
4.103999999999999870e-01
4.103999999999999870e-01
4.107333333333333392e-01
4.103333333333333277e-01
4.109333333333333171e-01
4.110666666666666913e-01
4.112666666666666693e-01
4.116000000000000214e-01
4.117333333333333401e-01
4.120666666666666922e-01
4.122666666666666702e-01
4.123999999999999888e-01
4.125333333333333075e-01
4.126666666666666816e-01
4.130666666666666931e-01
4.133333333333333304e-01
4.136666666666666825e-01
4.139999999999999791e-01
4.140666666666666940e-01
4.146000000000000241e-01
4.148000000000000020e-01
4.148000000000000020e-01
4.148000000000000020e-01
4.148666666666666614e-01
4.148666666666666614e-01
4.150666666666666393e-01
4.153999999999999915e-01
4.158666666666666623e-01
4.158666666666666623e-01
4.159999999999999809e-01
4.158666666666666623e-01
4.163333333333333330e-01
4.166000000000000258e-01
4.166666666666666852e-01
4.168000000000000038e-01
4.169999999999999818e-01
4.172000000000000153e-01
4.173333333333333339e-01
4.176000000000000267e-01
4.179999999999999827e-01
4.183333333333333348e-01
4.186666666666666869e-01
4.189999999999999836e-01
4.192000000000000171e-01
4.192666666666666764e-01
4.194666666666666544e-01
4.196666666666666878e-01
4.195999999999999730e-01
4.197333333333333472e-01
4.203999999999999959e-01
4.205333333333333146e-01
4.209333333333333260e-01
4.210666666666666447e-01
4.212666666666666782e-01
4.213999999999999968e-01
4.219333333333333269e-01
4.220666666666666456e-01
4.222666666666666790e-01
4.224666666666666570e-01
4.225999999999999757e-01
4.228666666666666685e-01
4.229999999999999871e-01
4.231333333333333058e-01
4.232000000000000206e-01
4.233999999999999986e-01
4.235999999999999766e-01
4.234666666666666579e-01
4.238666666666666694e-01
4.240666666666666473e-01
4.241333333333333067e-01
4.243999999999999995e-01
4.244666666666666588e-01
4.244666666666666588e-01
4.242000000000000215e-01
4.245999999999999774e-01
4.246666666666666923e-01
4.249333333333333296e-01
4.249333333333333296e-01
4.252666666666666817e-01
4.254666666666666597e-01
4.256666666666666932e-01
4.258000000000000118e-01
4.259999999999999898e-01
4.265333333333333199e-01
4.266666666666666941e-01
4.268666666666666720e-01
4.269333333333333313e-01
4.269333333333333313e-01
4.273333333333333428e-01
4.274666666666666615e-01
4.278000000000000136e-01
4.280666666666666509e-01
4.283333333333333437e-01
4.286666666666666403e-01
4.292666666666666853e-01
4.296666666666666412e-01
4.295999999999999819e-01
4.298000000000000154e-01
4.299999999999999933e-01
4.301333333333333120e-01
4.304000000000000048e-01
4.304666666666666641e-01
4.308000000000000163e-01
4.309999999999999942e-01
4.309999999999999942e-01
4.312666666666666870e-01
4.315333333333333243e-01
4.315333333333333243e-01
4.318000000000000171e-01
4.321333333333333138e-01
4.325333333333333252e-01
4.325999999999999845e-01
4.329333333333333367e-01
4.328666666666666774e-01
4.330666666666666553e-01
4.333333333333333481e-01
4.334000000000000075e-01
4.334666666666666668e-01
4.337333333333333596e-01
4.338666666666666782e-01
4.339333333333333376e-01
4.338000000000000189e-01
4.341333333333333155e-01
4.341333333333333155e-01
4.342666666666666897e-01
4.344000000000000083e-01
4.345333333333333270e-01
4.345333333333333270e-01
4.344666666666666677e-01
4.346666666666666456e-01
4.345333333333333270e-01
4.347333333333333605e-01
4.348666666666666791e-01
4.351999999999999758e-01
4.354666666666666686e-01
4.358000000000000207e-01
4.359999999999999987e-01
4.361999999999999766e-01
4.364000000000000101e-01
4.365999999999999881e-01
4.366666666666666474e-01
4.367333333333333067e-01
4.368666666666666809e-01
4.369333333333333402e-01
4.372666666666666924e-01
4.374666666666666703e-01
4.378666666666666818e-01
4.378666666666666818e-01
4.378666666666666818e-01
4.380666666666666598e-01
4.380000000000000004e-01
4.384000000000000119e-01
4.388666666666666827e-01
4.389333333333333420e-01
4.391999999999999793e-01
4.395333333333333314e-01
4.395333333333333314e-01
4.394666666666666721e-01
4.395999999999999908e-01
4.400000000000000022e-01
4.401999999999999802e-01
4.401333333333333209e-01
4.404666666666666730e-01
4.404000000000000137e-01
4.406666666666666510e-01
4.405999999999999917e-01
4.410666666666666624e-01
4.414666666666666739e-01
4.414000000000000146e-01
4.416666666666666519e-01
4.418000000000000260e-01
4.418666666666666853e-01
4.419333333333333447e-01
4.421999999999999820e-01
4.421999999999999820e-01
4.423333333333333561e-01
4.424000000000000155e-01
4.427333333333333121e-01
4.429333333333333456e-01
4.429333333333333456e-01
4.431999999999999829e-01
4.433333333333333570e-01
4.434000000000000163e-01
4.436666666666666536e-01
4.440000000000000058e-01
4.442666666666666431e-01
4.443333333333333579e-01
4.445999999999999952e-01
4.447999999999999732e-01
4.448666666666666880e-01
4.450666666666666660e-01
4.451999999999999846e-01
4.451333333333333253e-01
4.451333333333333253e-01
4.451999999999999846e-01
4.457999999999999741e-01
4.457333333333333147e-01
4.457999999999999741e-01
4.460666666666666669e-01
4.461999999999999855e-01
4.464666666666666783e-01
4.467999999999999750e-01
4.470000000000000084e-01
4.470000000000000084e-01
4.471333333333333271e-01
4.472666666666666457e-01
4.474666666666666792e-01
4.476666666666666572e-01
4.479333333333333500e-01
4.481333333333333280e-01
4.484000000000000208e-01
4.484666666666666801e-01
4.485999999999999988e-01
4.487333333333333174e-01
4.485999999999999988e-01
4.487999999999999767e-01
4.488666666666666916e-01
4.491333333333333289e-01
4.491333333333333289e-01
4.493333333333333068e-01
4.493333333333333068e-01
4.494000000000000217e-01
4.494666666666666810e-01
4.496666666666666590e-01
4.496666666666666590e-01
4.497999999999999776e-01
4.498666666666666925e-01
4.499333333333333518e-01
4.500000000000000111e-01
4.501999999999999891e-01
4.501999999999999891e-01
4.502666666666666484e-01
4.501999999999999891e-01
4.503333333333333077e-01
4.504000000000000226e-01
4.504666666666666819e-01
4.506000000000000005e-01
4.507333333333333192e-01
4.507999999999999785e-01
4.509333333333333527e-01
4.510000000000000120e-01
4.512666666666666493e-01
4.512666666666666493e-01
4.513333333333333086e-01
4.515333333333333421e-01
4.515333333333333421e-01
4.515333333333333421e-01
4.517999999999999794e-01
4.517999999999999794e-01
4.520666666666666722e-01
4.520666666666666722e-01
4.521333333333333315e-01
4.523333333333333095e-01
4.523333333333333095e-01
4.524666666666666837e-01
4.525333333333333430e-01
4.525333333333333430e-01
4.525333333333333430e-01
4.525333333333333430e-01
4.524666666666666837e-01
4.526666666666666616e-01
4.528666666666666396e-01
4.530666666666666731e-01
4.531333333333333324e-01
4.534000000000000252e-01
4.533333333333333104e-01
4.534000000000000252e-01
4.536000000000000032e-01
4.537333333333333218e-01
4.540000000000000147e-01
4.539333333333333553e-01
4.540666666666666740e-01
4.541999999999999926e-01
4.544666666666666854e-01
4.543333333333333113e-01
4.547333333333333227e-01
4.548666666666666414e-01
4.548666666666666414e-01
4.549333333333333562e-01
4.552666666666666528e-01
4.552666666666666528e-01
4.553333333333333122e-01
4.554000000000000270e-01
4.557333333333333236e-01
4.558666666666666423e-01
4.557999999999999829e-01
4.560666666666666758e-01
4.561999999999999944e-01
4.562666666666666537e-01
4.564666666666666872e-01
4.565333333333333465e-01
4.563999999999999724e-01
4.567999999999999838e-01
4.566000000000000059e-01
4.568666666666666432e-01
4.569333333333333580e-01
4.570666666666666766e-01
4.571333333333333360e-01
4.573333333333333139e-01
4.573999999999999733e-01
4.575333333333333474e-01
4.575333333333333474e-01
4.576000000000000068e-01
4.577333333333333254e-01
4.580000000000000182e-01
4.580000000000000182e-01
4.581333333333333369e-01
4.582666666666666555e-01
4.582666666666666555e-01
4.584666666666666890e-01
4.585333333333333483e-01
4.584666666666666890e-01
4.586000000000000076e-01
4.586666666666666670e-01
4.587333333333333263e-01
4.590000000000000191e-01
4.592666666666666564e-01
4.595333333333333492e-01
4.596666666666666679e-01
4.597333333333333272e-01
4.595333333333333492e-01
4.597999999999999865e-01
4.598666666666666458e-01
4.598666666666666458e-01
4.597999999999999865e-01
4.598666666666666458e-01
4.598666666666666458e-01
4.600000000000000200e-01
4.602666666666666573e-01
4.606000000000000094e-01
4.606666666666666687e-01
4.611333333333333395e-01
4.611999999999999988e-01
4.612666666666666582e-01
4.617333333333333290e-01
4.619333333333333069e-01
4.617333333333333290e-01
4.621333333333333404e-01
4.623999999999999777e-01
4.623999999999999777e-01
4.626000000000000112e-01
4.626666666666666705e-01
4.626666666666666705e-01
4.627333333333333298e-01
4.626000000000000112e-01
4.629333333333333078e-01
4.631333333333333413e-01
4.632000000000000006e-01
4.632000000000000006e-01
4.632666666666666599e-01
4.636000000000000121e-01
4.636666666666666714e-01
4.640000000000000235e-01
4.641333333333333422e-01
4.643333333333333202e-01
4.643333333333333202e-01
4.644666666666666943e-01
4.647333333333333316e-01
4.648666666666666503e-01
4.651333333333333431e-01
4.650666666666666837e-01
4.651333333333333431e-01
4.651333333333333431e-01
4.654666666666666397e-01
4.654666666666666397e-01
4.656000000000000139e-01
4.658666666666666512e-01
4.659333333333333105e-01
4.660000000000000253e-01
4.660000000000000253e-01
4.660666666666666846e-01
4.662666666666666626e-01
4.662666666666666626e-01
4.662000000000000033e-01
4.663333333333333219e-01
4.662000000000000033e-01
4.663333333333333219e-01
4.661333333333333440e-01
4.666000000000000147e-01
4.667333333333333334e-01
4.668666666666666520e-01
4.669333333333333114e-01
4.667999999999999927e-01
4.668666666666666520e-01
4.669333333333333114e-01
4.670666666666666855e-01
4.670000000000000262e-01
4.670666666666666855e-01
4.671333333333333449e-01
4.673333333333333228e-01
4.671333333333333449e-01
4.673333333333333228e-01
4.673999999999999821e-01
4.674666666666666415e-01
4.675333333333333563e-01
4.676000000000000156e-01
4.677999999999999936e-01
4.677333333333333343e-01
4.679333333333333123e-01
4.679333333333333123e-01
4.680000000000000271e-01
4.680000000000000271e-01
4.681333333333333457e-01
4.682000000000000051e-01
4.682666666666666644e-01
4.682000000000000051e-01
4.683999999999999830e-01
4.684666666666666424e-01
4.687333333333333352e-01
4.686000000000000165e-01
4.686666666666666758e-01
4.686666666666666758e-01
4.688666666666666538e-01
4.689999999999999725e-01
4.688666666666666538e-01
4.688666666666666538e-01
4.689333333333333131e-01
4.691333333333333466e-01
4.690666666666666873e-01
4.693333333333333246e-01
4.693333333333333246e-01
4.695333333333333581e-01
4.694666666666666432e-01
4.697333333333333361e-01
4.697333333333333361e-01
4.699999999999999734e-01
4.700666666666666882e-01
4.701333333333333475e-01
4.702666666666666662e-01
4.702666666666666662e-01
4.704666666666666441e-01
4.706000000000000183e-01
4.705333333333333590e-01
4.707333333333333369e-01
4.707999999999999963e-01
4.707999999999999963e-01
4.709333333333333149e-01
4.709333333333333149e-01
4.710666666666666891e-01
4.711333333333333484e-01
4.713333333333333264e-01
4.713333333333333264e-01
4.712666666666666671e-01
4.716000000000000192e-01
4.716000000000000192e-01
4.717333333333333378e-01
4.716000000000000192e-01
4.715333333333333599e-01
4.716666666666666785e-01
4.717333333333333378e-01
4.717333333333333378e-01
4.719999999999999751e-01
4.720666666666666900e-01
4.722666666666666679e-01
4.725333333333333607e-01
4.726000000000000201e-01
4.726666666666666794e-01
4.725333333333333607e-01
4.728666666666666574e-01
4.727999999999999980e-01
4.729333333333333167e-01
4.733333333333333282e-01
4.733999999999999875e-01
4.734666666666666468e-01
4.736666666666666803e-01
4.739999999999999769e-01
4.739999999999999769e-01
4.737999999999999989e-01
4.738666666666666583e-01
4.738666666666666583e-01
4.739333333333333176e-01
4.740666666666666917e-01
4.741333333333333511e-01
4.742000000000000104e-01
4.742000000000000104e-01
4.743333333333333290e-01
4.747333333333333405e-01
4.748666666666666591e-01
4.748666666666666591e-01
4.747999999999999998e-01
4.749333333333333185e-01
4.749999999999999778e-01
4.749999999999999778e-01
4.752666666666666706e-01
4.754666666666666486e-01
4.756000000000000227e-01
4.756666666666666821e-01
4.756000000000000227e-01
4.756666666666666821e-01
4.756000000000000227e-01
4.756666666666666821e-01
4.759999999999999787e-01
4.762000000000000122e-01
4.762000000000000122e-01
4.762666666666666715e-01
4.763333333333333308e-01
4.762666666666666715e-01
4.763999999999999901e-01
4.765333333333333088e-01
4.766000000000000236e-01
4.766666666666666829e-01
4.766000000000000236e-01
4.766000000000000236e-01
4.767333333333333423e-01
4.767333333333333423e-01
4.769333333333333202e-01
4.769999999999999796e-01
4.770666666666666944e-01
4.768666666666666609e-01
4.773333333333333317e-01
4.774666666666666504e-01
4.774666666666666504e-01
4.777333333333333432e-01
4.777333333333333432e-01
4.778000000000000025e-01
4.776666666666666838e-01
4.779999999999999805e-01
4.780666666666666398e-01
4.782000000000000139e-01
4.783333333333333326e-01
4.783333333333333326e-01
4.782000000000000139e-01
4.783333333333333326e-01
4.783999999999999919e-01
4.780666666666666398e-01
4.782000000000000139e-01
4.782666666666666733e-01
4.783333333333333326e-01
4.783999999999999919e-01
4.783999999999999919e-01
4.783999999999999919e-01
4.785333333333333106e-01
4.786666666666666847e-01
4.788000000000000034e-01
4.787333333333333441e-01
4.788666666666666627e-01
4.791333333333333555e-01
4.792666666666666742e-01
4.789999999999999813e-01
4.792666666666666742e-01
4.792666666666666742e-01
4.793999999999999928e-01
4.795333333333333115e-01
4.797333333333333449e-01
4.797333333333333449e-01
4.798666666666666636e-01
4.800666666666666416e-01
4.800666666666666416e-01
4.801333333333333564e-01
4.803333333333333344e-01
4.803333333333333344e-01
4.803333333333333344e-01
4.802666666666666750e-01
4.805333333333333123e-01
4.806666666666666865e-01
4.808666666666666645e-01
4.807333333333333458e-01
4.808666666666666645e-01
4.808000000000000052e-01
4.807333333333333458e-01
4.811333333333333573e-01
4.811333333333333573e-01
4.812666666666666759e-01
4.812000000000000166e-01
4.811333333333333573e-01
4.813999999999999946e-01
4.813333333333333353e-01
4.813333333333333353e-01
4.813999999999999946e-01
4.813999999999999946e-01
4.813999999999999946e-01
4.814666666666666539e-01
4.813999999999999946e-01
4.814666666666666539e-01
4.814666666666666539e-01
4.815333333333333132e-01
4.816666666666666874e-01
4.817333333333333467e-01
4.817333333333333467e-01
4.818000000000000060e-01
4.819333333333333247e-01
4.820666666666666433e-01
4.823333333333333361e-01
4.824666666666666548e-01
4.826666666666666883e-01
4.827333333333333476e-01
4.829999999999999849e-01
4.829999999999999849e-01
4.831333333333333591e-01
4.829333333333333256e-01
4.829999999999999849e-01
4.829333333333333256e-01
4.831333333333333591e-01
4.834666666666666557e-01
4.832666666666666777e-01
4.832666666666666777e-01
4.833999999999999964e-01
4.835333333333333150e-01
4.833999999999999964e-01
4.835999999999999743e-01
4.836666666666666892e-01
4.836666666666666892e-01
4.837333333333333485e-01
4.839999999999999858e-01
4.839999999999999858e-01
4.841333333333333599e-01
4.840666666666666451e-01
