3.837333333333333152e-01
3.845333333333333381e-01
3.851333333333333275e-01
3.855999999999999983e-01
3.856666666666666576e-01
3.860666666666666691e-01
3.865333333333333399e-01
3.869333333333333513e-01
3.871333333333333293e-01
3.874666666666666814e-01
3.875333333333333408e-01
3.877333333333333187e-01
3.881999999999999895e-01
3.885333333333333417e-01
3.889333333333333531e-01
3.894000000000000239e-01
3.896000000000000019e-01
3.897999999999999798e-01
3.896666666666666612e-01
3.900666666666666726e-01
3.901333333333333320e-01
3.904000000000000248e-01
3.910000000000000142e-01
3.911999999999999922e-01
3.916000000000000036e-01
3.917333333333333223e-01
3.920666666666666744e-01
3.921999999999999931e-01
3.925333333333333452e-01
3.930666666666666753e-01
3.934666666666666868e-01
3.936000000000000054e-01
3.941333333333333355e-01
3.943333333333333135e-01
3.945333333333333470e-01
3.946666666666666656e-01
3.947999999999999843e-01
3.952666666666666551e-01
3.956666666666666665e-01
3.958666666666666445e-01
3.964666666666666894e-01
3.966000000000000081e-01
3.971333333333333382e-01
3.973333333333333162e-01
3.974666666666666903e-01
3.975333333333333496e-01
3.976000000000000090e-01
3.978666666666666463e-01
3.981333333333333391e-01
3.982666666666666577e-01
3.990000000000000213e-01
3.993333333333333179e-01
3.997333333333333294e-01
4.002000000000000002e-01
4.001333333333333409e-01
4.004666666666666930e-01
4.006666666666666710e-01
4.013333333333333197e-01
4.015333333333333532e-01
4.017333333333333312e-01
4.021333333333333426e-01
4.023333333333333206e-01
4.027999999999999914e-01
4.030000000000000249e-01
4.030000000000000249e-01
4.033333333333333215e-01
4.033999999999999808e-01
4.036000000000000143e-01
4.036666666666666736e-01
4.039333333333333109e-01
4.040000000000000258e-01
4.043333333333333224e-01
4.043333333333333224e-01
4.043333333333333224e-01
4.047333333333333338e-01
4.048666666666666525e-01
4.049333333333333118e-01
4.055333333333333568e-01
4.059333333333333127e-01
4.062000000000000055e-01
4.063999999999999835e-01
4.066666666666666763e-01
4.067999999999999949e-01
4.070666666666666877e-01
4.070666666666666877e-01
4.072000000000000064e-01
4.074666666666666437e-01
4.076666666666666772e-01
4.078666666666666551e-01
4.083333333333333259e-01
4.085333333333333594e-01
4.086666666666666781e-01
4.090666666666666895e-01
4.091333333333333488e-01
4.093333333333333268e-01
4.095333333333333603e-01
4.095333333333333603e-01
4.096000000000000196e-01
4.097999999999999976e-01
4.099333333333333163e-01
4.102000000000000091e-01
4.106000000000000205e-01
4.107333333333333392e-01
4.111333333333333506e-01
4.111333333333333506e-01
4.112666666666666693e-01
4.112000000000000099e-01
4.115333333333333066e-01
4.116666666666666807e-01
4.118666666666666587e-01
4.119999999999999774e-01
4.122666666666666702e-01
4.127333333333333409e-01
4.128666666666666596e-01
4.129999999999999782e-01
4.132666666666666710e-01
4.134666666666666490e-01
4.137333333333333418e-01
4.139333333333333198e-01
4.142000000000000126e-01
4.145333333333333092e-01
4.148000000000000020e-01
4.149999999999999800e-01
4.150666666666666393e-01
4.149333333333333207e-01
4.152000000000000135e-01
4.152666666666666728e-01
4.155333333333333101e-01
4.156666666666666843e-01
4.157333333333333436e-01
4.159333333333333216e-01
4.159999999999999809e-01
4.162666666666666737e-01
4.163333333333333330e-01
4.168000000000000038e-01
4.168000000000000038e-01
4.168666666666666631e-01
4.170666666666666411e-01
4.170666666666666411e-01
4.172000000000000153e-01
4.174666666666666526e-01
4.179333333333333234e-01
4.182666666666666755e-01
4.186666666666666869e-01
4.188000000000000056e-01
4.188000000000000056e-01
4.188666666666666649e-01
4.188666666666666649e-01
4.187333333333333463e-01
4.192000000000000171e-01
4.193333333333333357e-01
4.196666666666666878e-01
4.203333333333333366e-01
4.202000000000000179e-01
4.206666666666666887e-01
4.209333333333333260e-01
4.211333333333333595e-01
4.216666666666666896e-01
4.219333333333333269e-01
4.218666666666666676e-01
4.222666666666666790e-01
4.226666666666666905e-01
4.227333333333333498e-01
4.227333333333333498e-01
4.229333333333333278e-01
4.232666666666666799e-01
4.234666666666666579e-01
4.233333333333333393e-01
4.235999999999999766e-01
4.237333333333333507e-01
4.240666666666666473e-01
4.240666666666666473e-01
4.243333333333333401e-01
4.243999999999999995e-01
4.245333333333333181e-01
4.245999999999999774e-01
4.245333333333333181e-01
4.247333333333333516e-01
4.249333333333333296e-01
4.252000000000000224e-01
4.253333333333333410e-01
4.255999999999999783e-01
4.255999999999999783e-01
4.257333333333333525e-01
4.258666666666666711e-01
4.258666666666666711e-01
4.264000000000000012e-01
4.266666666666666941e-01
4.270666666666666500e-01
4.272000000000000242e-01
4.272000000000000242e-01
4.274666666666666615e-01
4.276666666666666394e-01
4.277333333333333543e-01
4.282000000000000250e-01
4.284666666666666623e-01
4.289999999999999925e-01
4.291333333333333111e-01
4.295999999999999819e-01
4.298666666666666747e-01
4.299999999999999933e-01
4.301333333333333120e-01
4.304000000000000048e-01
4.305999999999999828e-01
4.305999999999999828e-01
4.305333333333333234e-01
4.309333333333333349e-01
4.310666666666666536e-01
4.312000000000000277e-01
4.313333333333333464e-01
4.314000000000000057e-01
4.316666666666666430e-01
4.319999999999999951e-01
4.322666666666666879e-01
4.325999999999999845e-01
4.326666666666666439e-01
4.328000000000000180e-01
4.330666666666666553e-01
4.331999999999999740e-01
4.331999999999999740e-01
4.334000000000000075e-01
4.331999999999999740e-01
4.332666666666666888e-01
4.335999999999999854e-01
4.335999999999999854e-01
4.338666666666666782e-01
4.340666666666666562e-01
4.341333333333333155e-01
4.341333333333333155e-01
4.344000000000000083e-01
4.344000000000000083e-01
4.345333333333333270e-01
4.347333333333333605e-01
4.347333333333333605e-01
4.349333333333333385e-01
4.350666666666666571e-01
4.353333333333333499e-01
4.354000000000000092e-01
4.355333333333333279e-01
4.357333333333333059e-01
4.356666666666666465e-01
4.359999999999999987e-01
4.361999999999999766e-01
4.364000000000000101e-01
4.367333333333333067e-01
4.367333333333333067e-01
4.367333333333333067e-01
4.369999999999999996e-01
4.369999999999999996e-01
4.375333333333333297e-01
4.378000000000000225e-01
4.379333333333333411e-01
4.380666666666666598e-01
4.381999999999999784e-01
4.381999999999999784e-01
4.383333333333333526e-01
4.388666666666666827e-01
4.390666666666666607e-01
4.395333333333333314e-01
4.393333333333333535e-01
4.395333333333333314e-01
4.398666666666666836e-01
4.398666666666666836e-01
4.400000000000000022e-01
4.401333333333333209e-01
4.404666666666666730e-01
4.404000000000000137e-01
4.405999999999999917e-01
4.407333333333333103e-01
4.406666666666666510e-01
4.407333333333333103e-01
4.410000000000000031e-01
4.414666666666666739e-01
4.414666666666666739e-01
4.416666666666666519e-01
4.419333333333333447e-01
4.420000000000000040e-01
4.421999999999999820e-01
4.421999999999999820e-01
4.425333333333333341e-01
4.425333333333333341e-01
4.426666666666666528e-01
4.427333333333333121e-01
4.431999999999999829e-01
4.431333333333333235e-01
4.433333333333333570e-01
4.434666666666666757e-01
4.437333333333333130e-01
4.437333333333333130e-01
4.438666666666666871e-01
4.441999999999999837e-01
4.445333333333333359e-01
4.445333333333333359e-01
4.445999999999999952e-01
4.446666666666666545e-01
4.447999999999999732e-01
4.447333333333333139e-01
4.446666666666666545e-01
4.450000000000000067e-01
4.450666666666666660e-01
4.456666666666666554e-01
4.457333333333333147e-01
4.455999999999999961e-01
4.460000000000000075e-01
4.461999999999999855e-01
4.464000000000000190e-01
4.467999999999999750e-01
4.470000000000000084e-01
4.469333333333333491e-01
4.470666666666666678e-01
4.471999999999999864e-01
4.473333333333333606e-01
4.475333333333333385e-01
4.479333333333333500e-01
4.481333333333333280e-01
4.483333333333333059e-01
4.485333333333333394e-01
4.484000000000000208e-01
4.485333333333333394e-01
4.487999999999999767e-01
4.487333333333333174e-01
4.487999999999999767e-01
4.490000000000000102e-01
4.490666666666666695e-01
4.491999999999999882e-01
4.491999999999999882e-01
4.493333333333333068e-01
4.494000000000000217e-01
4.494666666666666810e-01
4.495999999999999996e-01
4.496666666666666590e-01
4.496666666666666590e-01
4.495999999999999996e-01
4.496666666666666590e-01
4.497333333333333183e-01
4.500666666666666704e-01
4.501333333333333298e-01
4.501333333333333298e-01
4.502666666666666484e-01
4.503333333333333077e-01
4.503333333333333077e-01
4.504000000000000226e-01
4.505333333333333412e-01
4.507333333333333192e-01
4.507333333333333192e-01
4.510000000000000120e-01
4.511333333333333306e-01
4.512666666666666493e-01
4.512666666666666493e-01
4.511999999999999900e-01
4.516000000000000014e-01
4.516666666666666607e-01
4.520000000000000129e-01
4.521333333333333315e-01
4.520666666666666722e-01
4.520000000000000129e-01
4.520666666666666722e-01
4.521999999999999909e-01
4.524666666666666837e-01
4.525333333333333430e-01
4.526666666666666616e-01
4.526000000000000023e-01
4.530666666666666731e-01
4.529333333333333544e-01
4.529333333333333544e-01
4.529333333333333544e-01
4.530000000000000138e-01
4.528666666666666396e-01
4.531333333333333324e-01
4.533333333333333104e-01
4.532666666666666511e-01
4.534000000000000252e-01
4.536666666666666625e-01
4.540000000000000147e-01
4.541999999999999926e-01
4.541999999999999926e-01
4.543333333333333113e-01
4.543333333333333113e-01
4.546666666666666634e-01
4.545333333333333448e-01
4.549333333333333562e-01
4.548666666666666414e-01
4.551333333333333342e-01
4.553333333333333122e-01
4.554666666666666863e-01
4.553333333333333122e-01
4.555333333333333456e-01
4.557999999999999829e-01
4.557999999999999829e-01
4.557333333333333236e-01
4.561333333333333351e-01
4.561999999999999944e-01
4.563999999999999724e-01
4.566666666666666652e-01
4.568666666666666432e-01
4.569333333333333580e-01
4.569333333333333580e-01
4.567999999999999838e-01
4.568666666666666432e-01
4.570000000000000173e-01
4.571999999999999953e-01
4.571999999999999953e-01
4.571999999999999953e-01
4.573333333333333139e-01
4.576666666666666661e-01
4.577999999999999847e-01
4.578666666666666440e-01
4.579333333333333589e-01
4.577999999999999847e-01
4.578666666666666440e-01
4.580000000000000182e-01
4.580666666666666775e-01
4.581333333333333369e-01
4.582666666666666555e-01
4.585333333333333483e-01
4.585333333333333483e-01
4.585333333333333483e-01
4.586666666666666670e-01
4.587333333333333263e-01
4.587999999999999856e-01
4.587333333333333263e-01
4.587999999999999856e-01
4.588666666666666449e-01
4.590666666666666784e-01
4.594666666666666899e-01
4.596000000000000085e-01
4.596666666666666679e-01
4.596000000000000085e-01
4.599333333333333607e-01
4.600666666666666793e-01
4.601999999999999980e-01
4.601999999999999980e-01
4.603999999999999759e-01
4.606666666666666687e-01
4.610666666666666802e-01
4.610666666666666802e-01
4.613333333333333175e-01
4.613999999999999768e-01
4.614666666666666917e-01
4.616000000000000103e-01
4.616666666666666696e-01
4.618666666666666476e-01
4.620666666666666811e-01
4.621999999999999997e-01
4.622666666666666591e-01
4.622666666666666591e-01
4.621999999999999997e-01
4.624666666666666925e-01
4.626666666666666705e-01
4.625333333333333519e-01
4.627999999999999892e-01
4.627333333333333298e-01
4.629333333333333078e-01
4.633999999999999786e-01
4.636000000000000121e-01
4.637999999999999901e-01
4.640000000000000235e-01
4.641333333333333422e-01
4.642000000000000015e-01
4.642000000000000015e-01
4.643333333333333202e-01
4.643999999999999795e-01
4.644666666666666943e-01
4.647999999999999909e-01
4.649333333333333096e-01
4.652000000000000024e-01
4.652666666666666617e-01
4.653333333333333210e-01
4.653333333333333210e-01
4.654666666666666397e-01
4.656000000000000139e-01
4.656666666666666732e-01
4.658666666666666512e-01
4.661333333333333440e-01
4.660666666666666846e-01
4.662000000000000033e-01
4.661333333333333440e-01
4.663333333333333219e-01
4.662666666666666626e-01
4.664666666666666406e-01
4.666000000000000147e-01
4.664666666666666406e-01
4.666000000000000147e-01
4.667333333333333334e-01
4.670000000000000262e-01
4.668666666666666520e-01
4.668666666666666520e-01
4.670666666666666855e-01
4.671333333333333449e-01
4.673333333333333228e-01
4.673999999999999821e-01
4.673333333333333228e-01
4.673333333333333228e-01
4.673333333333333228e-01
4.676000000000000156e-01
4.677999999999999936e-01
4.677999999999999936e-01
4.676666666666666750e-01
4.675333333333333563e-01
4.677333333333333343e-01
4.677333333333333343e-01
4.677999999999999936e-01
4.677999999999999936e-01
4.678666666666666529e-01
4.677999999999999936e-01
4.678666666666666529e-01
4.680000000000000271e-01
4.681333333333333457e-01
4.680000000000000271e-01
4.682000000000000051e-01
4.680000000000000271e-01
4.682000000000000051e-01
4.682000000000000051e-01
4.681333333333333457e-01
4.683999999999999830e-01
4.685333333333333572e-01
4.687999999999999945e-01
4.689333333333333131e-01
4.687999999999999945e-01
4.687333333333333352e-01
4.690666666666666873e-01
4.689333333333333131e-01
4.690666666666666873e-01
4.692000000000000060e-01
4.692666666666666653e-01
4.693999999999999839e-01
4.695333333333333581e-01
4.695333333333333581e-01
4.696000000000000174e-01
4.698666666666666547e-01
4.698666666666666547e-01
4.701333333333333475e-01
4.701333333333333475e-01
4.700666666666666882e-01
4.701333333333333475e-01
4.701333333333333475e-01
4.706000000000000183e-01
4.707333333333333369e-01
4.707999999999999963e-01
4.707999999999999963e-01
4.707999999999999963e-01
4.710666666666666891e-01
4.709999999999999742e-01
4.709999999999999742e-01
4.712666666666666671e-01
4.713333333333333264e-01
4.713333333333333264e-01
4.713333333333333264e-01
4.713333333333333264e-01
4.716000000000000192e-01
4.717333333333333378e-01
4.719333333333333158e-01
4.718666666666666565e-01
4.719333333333333158e-01
4.719999999999999751e-01
4.723333333333333273e-01
4.722666666666666679e-01
4.723999999999999866e-01
4.723999999999999866e-01
4.725333333333333607e-01
4.726666666666666794e-01
4.726000000000000201e-01
4.729333333333333167e-01
4.731333333333333502e-01
4.733999999999999875e-01
4.734666666666666468e-01
4.734666666666666468e-01
4.736000000000000210e-01
4.736000000000000210e-01
4.734666666666666468e-01
4.738666666666666583e-01
4.737333333333333396e-01
4.738666666666666583e-01
4.740666666666666917e-01
4.742000000000000104e-01
4.741333333333333511e-01
4.743333333333333290e-01
4.742000000000000104e-01
4.743999999999999884e-01
4.744666666666666477e-01
4.745333333333333070e-01
4.747333333333333405e-01
4.747999999999999998e-01
4.747999999999999998e-01
4.747999999999999998e-01
4.749999999999999778e-01
4.751333333333333520e-01
4.752666666666666706e-01
4.752000000000000113e-01
4.753333333333333299e-01
4.754666666666666486e-01
4.754666666666666486e-01
4.755333333333333079e-01
4.753999999999999893e-01
4.753999999999999893e-01
4.753999999999999893e-01
4.758000000000000007e-01
4.758666666666666600e-01
4.758000000000000007e-01
4.758666666666666600e-01
4.762000000000000122e-01
4.763999999999999901e-01
4.763999999999999901e-01
4.761333333333333528e-01
4.763999999999999901e-01
4.764666666666666495e-01
4.765333333333333088e-01
4.767333333333333423e-01
4.767333333333333423e-01
4.768000000000000016e-01
4.768666666666666609e-01
4.768666666666666609e-01
4.772666666666666724e-01
4.772000000000000131e-01
4.772000000000000131e-01
4.773333333333333317e-01
4.775333333333333097e-01
4.774666666666666504e-01
4.777333333333333432e-01
4.778000000000000025e-01
4.780666666666666398e-01
4.779999999999999805e-01
4.782000000000000139e-01
4.782666666666666733e-01
4.782666666666666733e-01
4.783333333333333326e-01
4.783999999999999919e-01
4.784666666666666512e-01
4.784666666666666512e-01
4.784666666666666512e-01
4.782666666666666733e-01
4.783333333333333326e-01
4.783333333333333326e-01
4.784666666666666512e-01
4.786000000000000254e-01
4.786000000000000254e-01
4.786666666666666847e-01
4.787333333333333441e-01
4.787333333333333441e-01
4.789999999999999813e-01
4.789999999999999813e-01
4.789999999999999813e-01
4.794666666666666521e-01
4.793999999999999928e-01
4.795333333333333115e-01
4.797333333333333449e-01
4.796666666666666856e-01
4.796666666666666856e-01
4.798000000000000043e-01
4.799333333333333229e-01
4.800666666666666416e-01
4.802666666666666750e-01
4.802666666666666750e-01
4.802000000000000157e-01
4.802666666666666750e-01
4.803333333333333344e-01
4.804666666666666530e-01
4.803333333333333344e-01
4.803999999999999937e-01
4.805333333333333123e-01
4.808000000000000052e-01
4.806666666666666865e-01
4.807333333333333458e-01
4.809333333333333238e-01
4.809999999999999831e-01
4.811333333333333573e-01
4.812000000000000166e-01
4.813333333333333353e-01
4.812666666666666759e-01
4.813999999999999946e-01
4.815999999999999726e-01
4.818666666666666654e-01
4.817333333333333467e-01
4.816666666666666874e-01
4.815999999999999726e-01
4.818666666666666654e-01
4.816666666666666874e-01
4.817333333333333467e-01
4.817333333333333467e-01
4.818666666666666654e-01
4.819333333333333247e-01
4.821333333333333582e-01
4.820666666666666433e-01
4.819999999999999840e-01
4.822000000000000175e-01
4.823333333333333361e-01
4.825333333333333141e-01
4.825999999999999734e-01
4.827333333333333476e-01
4.828666666666666663e-01
4.828666666666666663e-01
4.829999999999999849e-01
4.830666666666666442e-01
4.833999999999999964e-01
4.835333333333333150e-01
4.836666666666666892e-01
4.835999999999999743e-01
4.836666666666666892e-01
4.836666666666666892e-01
4.838000000000000078e-01
4.838000000000000078e-01
4.838000000000000078e-01
4.838666666666666671e-01
4.839333333333333265e-01
4.839999999999999858e-01
4.839333333333333265e-01
4.839333333333333265e-01
4.839333333333333265e-01
4.839333333333333265e-01
4.841333333333333599e-01
4.842000000000000193e-01
4.841333333333333599e-01
4.839333333333333265e-01
4.842666666666666786e-01
4.842666666666666786e-01
4.845333333333333159e-01
4.845999999999999752e-01
4.845333333333333159e-01
4.843999999999999972e-01
4.845999999999999752e-01
4.845999999999999752e-01
4.847333333333333494e-01
4.848000000000000087e-01
4.852000000000000202e-01
4.852000000000000202e-01
4.852666666666666795e-01
4.853999999999999981e-01
4.853999999999999981e-01
4.854666666666666575e-01
4.855999999999999761e-01
