3.799333333333333451e-01
3.804000000000000159e-01
3.810666666666666647e-01
3.817999999999999727e-01
3.824666666666666770e-01
3.827999999999999736e-01
3.833333333333333592e-01
3.835333333333333372e-01
3.840000000000000080e-01
3.842666666666666453e-01
3.845999999999999974e-01
3.848666666666666902e-01
3.851333333333333275e-01
3.855333333333333390e-01
3.856666666666666576e-01
3.858666666666666911e-01
3.862666666666666471e-01
3.865333333333333399e-01
3.866666666666666585e-01
3.869333333333333513e-01
3.873333333333333073e-01
3.875333333333333408e-01
3.877333333333333187e-01
3.881333333333333302e-01
3.881333333333333302e-01
3.883333333333333082e-01
3.885333333333333417e-01
3.887999999999999790e-01
3.890000000000000124e-01
3.892666666666666497e-01
3.896000000000000019e-01
3.900666666666666726e-01
3.901999999999999913e-01
3.905333333333333434e-01
3.908666666666666401e-01
3.912666666666666515e-01
3.912666666666666515e-01
3.916000000000000036e-01
3.920000000000000151e-01
3.923333333333333117e-01
3.927999999999999825e-01
3.931999999999999940e-01
3.936000000000000054e-01
3.938666666666666427e-01
3.940000000000000169e-01
3.943333333333333135e-01
3.946000000000000063e-01
3.947999999999999843e-01
3.951333333333333364e-01
3.954666666666666885e-01
3.957999999999999852e-01
3.961333333333333373e-01
3.965333333333333488e-01
3.969333333333333602e-01
3.974666666666666903e-01
3.977333333333333276e-01
3.979333333333333056e-01
3.979333333333333056e-01
3.982666666666666577e-01
3.983333333333333171e-01
3.986666666666666692e-01
3.986000000000000099e-01
3.989333333333333065e-01
3.991333333333333400e-01
3.997333333333333294e-01
3.999333333333333074e-01
4.000666666666666815e-01
4.005333333333333523e-01
4.007999999999999896e-01
4.012666666666666604e-01
4.016000000000000125e-01
4.017999999999999905e-01
4.023333333333333206e-01
4.023333333333333206e-01
4.026666666666666727e-01
4.027333333333333321e-01
4.031333333333333435e-01
4.032666666666666622e-01
4.034666666666666401e-01
4.036000000000000143e-01
4.036666666666666736e-01
4.039333333333333109e-01
4.042000000000000037e-01
4.042000000000000037e-01
4.046000000000000152e-01
4.046666666666666745e-01
4.050666666666666860e-01
4.054666666666666419e-01
4.056666666666666754e-01
4.056666666666666754e-01
4.062000000000000055e-01
4.064666666666666428e-01
4.063333333333333242e-01
4.066000000000000170e-01
4.069333333333333136e-01
4.069999999999999729e-01
4.071333333333333471e-01
4.074666666666666437e-01
4.077333333333333365e-01
4.082000000000000073e-01
4.083333333333333259e-01
4.084666666666666446e-01
4.088666666666666560e-01
4.090666666666666895e-01
4.092000000000000082e-01
4.094666666666666455e-01
4.094666666666666455e-01
4.097333333333333383e-01
4.098666666666666569e-01
4.099333333333333163e-01
4.102000000000000091e-01
4.102666666666666684e-01
4.107999999999999985e-01
4.109999999999999765e-01
4.112000000000000099e-01
4.112000000000000099e-01
4.112666666666666693e-01
4.114666666666666472e-01
4.116000000000000214e-01
4.118666666666666587e-01
4.122666666666666702e-01
4.124666666666666481e-01
4.124666666666666481e-01
4.124666666666666481e-01
4.126666666666666816e-01
4.128666666666666596e-01
4.132000000000000117e-01
4.135333333333333083e-01
4.135333333333333083e-01
4.139333333333333198e-01
4.142000000000000126e-01
4.145333333333333092e-01
4.146000000000000241e-01
4.147333333333333427e-01
4.146000000000000241e-01
4.145333333333333092e-01
4.148000000000000020e-01
4.149333333333333207e-01
4.142666666666666719e-01
4.153333333333333321e-01
4.156000000000000250e-01
4.157333333333333436e-01
4.158666666666666623e-01
4.162666666666666737e-01
4.166666666666666852e-01
4.168000000000000038e-01
4.168666666666666631e-01
4.170666666666666411e-01
4.171333333333333560e-01
4.172666666666666746e-01
4.178000000000000047e-01
4.179999999999999827e-01
4.182666666666666755e-01
4.188000000000000056e-01
4.188666666666666649e-01
4.192000000000000171e-01
4.193333333333333357e-01
4.196666666666666878e-01
4.196666666666666878e-01
4.197333333333333472e-01
4.197333333333333472e-01
4.202000000000000179e-01
4.205999999999999739e-01
4.206666666666666887e-01
4.210666666666666447e-01
4.213999999999999968e-01
4.215333333333333155e-01
4.218666666666666676e-01
4.220666666666666456e-01
4.223333333333333384e-01
4.223999999999999977e-01
4.227333333333333498e-01
4.229333333333333278e-01
4.229999999999999871e-01
4.230666666666666464e-01
4.232666666666666799e-01
4.233333333333333393e-01
4.234666666666666579e-01
4.237333333333333507e-01
4.239999999999999880e-01
4.240666666666666473e-01
4.242666666666666808e-01
4.245999999999999774e-01
4.245333333333333181e-01
4.245333333333333181e-01
4.245333333333333181e-01
4.244666666666666588e-01
4.248666666666666702e-01
4.252000000000000224e-01
4.252666666666666817e-01
4.255999999999999783e-01
4.255333333333333190e-01
4.255333333333333190e-01
4.260666666666666491e-01
4.260666666666666491e-01
4.264000000000000012e-01
4.265333333333333199e-01
4.268000000000000127e-01
4.269999999999999907e-01
4.271333333333333093e-01
4.273333333333333428e-01
4.275333333333333208e-01
4.277333333333333543e-01
4.282000000000000250e-01
4.284000000000000030e-01
4.288000000000000145e-01
4.292000000000000259e-01
4.295999999999999819e-01
4.298666666666666747e-01
4.298000000000000154e-01
4.300666666666666527e-01
4.303333333333333455e-01
4.302666666666666861e-01
4.303333333333333455e-01
4.304666666666666641e-01
4.309333333333333349e-01
4.311333333333333129e-01
4.313333333333333464e-01
4.313333333333333464e-01
4.315333333333333243e-01
4.315999999999999837e-01
4.322666666666666879e-01
4.322666666666666879e-01
4.325999999999999845e-01
4.328000000000000180e-01
4.329999999999999960e-01
4.329999999999999960e-01
4.332666666666666888e-01
4.334000000000000075e-01
4.331999999999999740e-01
4.334000000000000075e-01
4.335999999999999854e-01
4.336666666666666448e-01
4.338000000000000189e-01
4.339999999999999969e-01
4.339333333333333376e-01
4.340666666666666562e-01
4.343333333333333490e-01
4.345333333333333270e-01
4.345999999999999863e-01
4.346666666666666456e-01
4.347333333333333605e-01
4.347333333333333605e-01
4.349999999999999978e-01
4.352666666666666906e-01
4.352666666666666906e-01
4.354666666666666686e-01
4.358666666666666800e-01
4.360666666666666580e-01
4.360666666666666580e-01
4.363333333333333508e-01
4.364666666666666694e-01
4.368666666666666809e-01
4.369999999999999996e-01
4.366666666666666474e-01
4.367333333333333067e-01
4.369999999999999996e-01
4.372666666666666924e-01
4.375999999999999890e-01
4.374666666666666703e-01
4.375333333333333297e-01
4.374000000000000110e-01
4.377333333333333076e-01
4.377333333333333076e-01
4.380666666666666598e-01
4.384666666666666712e-01
4.390000000000000013e-01
4.390000000000000013e-01
4.391999999999999793e-01
4.392666666666666941e-01
4.395999999999999908e-01
4.398000000000000242e-01
4.399333333333333429e-01
4.400000000000000022e-01
4.400000000000000022e-01
4.400666666666666615e-01
4.402666666666666395e-01
4.396666666666666501e-01
4.401333333333333209e-01
4.405333333333333323e-01
4.410000000000000031e-01
4.412666666666666404e-01
4.413333333333333552e-01
4.417333333333333112e-01
4.416666666666666519e-01
4.417333333333333112e-01
4.420666666666666633e-01
4.423333333333333561e-01
4.423333333333333561e-01
4.424666666666666748e-01
4.426666666666666528e-01
4.431333333333333235e-01
4.431333333333333235e-01
4.430666666666666642e-01
4.434666666666666757e-01
4.435333333333333350e-01
4.436666666666666536e-01
4.438666666666666871e-01
4.441999999999999837e-01
4.441999999999999837e-01
4.444666666666666766e-01
4.445999999999999952e-01
4.446666666666666545e-01
4.448666666666666880e-01
4.450000000000000067e-01
4.451999999999999846e-01
4.450666666666666660e-01
4.451333333333333253e-01
4.455333333333333368e-01
4.457333333333333147e-01
4.456666666666666554e-01
4.461333333333333262e-01
4.461333333333333262e-01
4.462666666666666448e-01
4.466666666666666563e-01
4.468666666666666898e-01
4.470000000000000084e-01
4.470000000000000084e-01
4.471333333333333271e-01
4.473333333333333606e-01
4.474666666666666792e-01
4.477333333333333165e-01
4.481333333333333280e-01
4.480666666666666687e-01
4.484000000000000208e-01
4.485333333333333394e-01
4.487333333333333174e-01
4.487999999999999767e-01
4.488666666666666916e-01
4.488666666666666916e-01
4.488666666666666916e-01
4.491333333333333289e-01
4.492666666666666475e-01
4.493333333333333068e-01
4.493333333333333068e-01
4.492666666666666475e-01
4.493333333333333068e-01
4.494000000000000217e-01
4.494666666666666810e-01
4.496666666666666590e-01
4.497333333333333183e-01
4.497999999999999776e-01
4.497999999999999776e-01
4.499333333333333518e-01
4.500000000000000111e-01
4.501333333333333298e-01
4.501333333333333298e-01
4.500666666666666704e-01
4.504666666666666819e-01
4.505333333333333412e-01
4.506000000000000005e-01
4.507999999999999785e-01
4.507999999999999785e-01
4.507333333333333192e-01
4.510000000000000120e-01
4.510000000000000120e-01
4.514000000000000234e-01
4.514666666666666828e-01
4.515333333333333421e-01
4.516000000000000014e-01
4.517999999999999794e-01
4.520000000000000129e-01
4.520666666666666722e-01
4.524666666666666837e-01
4.522666666666666502e-01
4.524000000000000243e-01
4.525333333333333430e-01
4.527333333333333210e-01
4.526000000000000023e-01
4.527333333333333210e-01
4.527999999999999803e-01
4.526000000000000023e-01
4.528666666666666396e-01
4.530666666666666731e-01
4.530666666666666731e-01
4.531999999999999917e-01
4.531999999999999917e-01
4.531333333333333324e-01
4.533333333333333104e-01
4.535333333333333439e-01
4.537333333333333218e-01
4.539333333333333553e-01
4.539333333333333553e-01
4.540000000000000147e-01
4.541333333333333333e-01
4.544000000000000261e-01
4.544000000000000261e-01
4.546666666666666634e-01
4.546666666666666634e-01
4.546000000000000041e-01
4.547999999999999821e-01
4.548666666666666414e-01
4.550000000000000155e-01
4.550000000000000155e-01
4.552666666666666528e-01
4.556000000000000050e-01
4.555333333333333456e-01
4.557333333333333236e-01
4.557333333333333236e-01
4.557999999999999829e-01
4.554666666666666863e-01
4.562666666666666537e-01
4.563999999999999724e-01
4.567333333333333245e-01
4.566000000000000059e-01
4.566666666666666652e-01
4.568666666666666432e-01
4.570666666666666766e-01
4.571999999999999953e-01
4.571333333333333360e-01
4.572666666666666546e-01
4.573333333333333139e-01
4.573333333333333139e-01
4.573999999999999733e-01
4.576666666666666661e-01
4.573999999999999733e-01
4.571333333333333360e-01
4.572666666666666546e-01
4.576666666666666661e-01
4.577333333333333254e-01
4.577999999999999847e-01
4.580666666666666775e-01
4.581333333333333369e-01
4.581999999999999962e-01
4.584666666666666890e-01
4.586000000000000076e-01
4.586000000000000076e-01
4.587333333333333263e-01
4.587999999999999856e-01
4.589333333333333598e-01
4.591999999999999971e-01
4.596000000000000085e-01
4.595333333333333492e-01
4.596000000000000085e-01
4.597999999999999865e-01
4.598666666666666458e-01
4.598666666666666458e-01
4.600000000000000200e-01
4.601999999999999980e-01
4.601999999999999980e-01
4.601999999999999980e-01
4.605333333333333501e-01
4.607999999999999874e-01
4.609333333333333060e-01
4.612666666666666582e-01
4.611333333333333395e-01
4.613999999999999768e-01
4.615333333333333510e-01
4.614666666666666917e-01
4.617333333333333290e-01
4.621333333333333404e-01
4.621999999999999997e-01
4.624666666666666925e-01
4.627999999999999892e-01
4.628666666666666485e-01
4.628666666666666485e-01
4.627999999999999892e-01
4.629333333333333078e-01
4.629333333333333078e-01
4.630666666666666820e-01
4.633999999999999786e-01
4.635333333333333528e-01
4.634666666666666934e-01
4.636666666666666714e-01
4.639333333333333087e-01
4.641333333333333422e-01
4.643999999999999795e-01
4.640666666666666829e-01
4.643333333333333202e-01
4.643999999999999795e-01
4.645333333333333536e-01
4.647333333333333316e-01
4.648666666666666503e-01
4.648666666666666503e-01
4.650000000000000244e-01
4.653999999999999804e-01
4.653999999999999804e-01
4.655333333333333545e-01
4.657333333333333325e-01
4.657333333333333325e-01
4.660666666666666846e-01
4.660666666666666846e-01
4.660666666666666846e-01
4.660666666666666846e-01
4.660666666666666846e-01
4.662000000000000033e-01
4.662000000000000033e-01
4.661333333333333440e-01
4.665333333333333554e-01
4.666666666666666741e-01
4.664666666666666406e-01
4.666666666666666741e-01
4.667999999999999927e-01
4.671333333333333449e-01
4.672000000000000042e-01
4.672666666666666635e-01
4.672000000000000042e-01
4.672666666666666635e-01
4.673333333333333228e-01
4.673999999999999821e-01
4.674666666666666415e-01
4.673999999999999821e-01
4.677333333333333343e-01
4.677333333333333343e-01
4.676666666666666750e-01
4.676666666666666750e-01
4.676666666666666750e-01
4.676666666666666750e-01
4.676666666666666750e-01
4.675333333333333563e-01
4.676000000000000156e-01
4.677999999999999936e-01
4.678666666666666529e-01
4.677333333333333343e-01
4.677999999999999936e-01
4.678666666666666529e-01
4.678666666666666529e-01
4.681333333333333457e-01
4.682000000000000051e-01
4.680666666666666864e-01
4.681333333333333457e-01
4.680666666666666864e-01
4.682666666666666644e-01
4.684666666666666424e-01
4.686666666666666758e-01
4.685333333333333572e-01
4.684666666666666424e-01
4.686000000000000165e-01
4.685333333333333572e-01
4.685333333333333572e-01
4.687333333333333352e-01
4.688666666666666538e-01
4.689333333333333131e-01
4.689999999999999725e-01
4.693333333333333246e-01
4.692666666666666653e-01
4.693999999999999839e-01
4.693333333333333246e-01
4.693999999999999839e-01
4.696666666666666767e-01
4.699999999999999734e-01
4.702666666666666662e-01
4.702000000000000068e-01
4.702666666666666662e-01
4.703999999999999848e-01
4.704666666666666441e-01
4.703999999999999848e-01
4.707333333333333369e-01
4.707999999999999963e-01
4.706666666666666776e-01
4.707333333333333369e-01
4.709333333333333149e-01
4.711333333333333484e-01
4.712000000000000077e-01
4.711333333333333484e-01
4.707333333333333369e-01
4.709999999999999742e-01
4.712666666666666671e-01
4.714666666666666450e-01
4.716000000000000192e-01
4.715333333333333599e-01
4.715333333333333599e-01
4.717333333333333378e-01
4.716666666666666785e-01
4.719333333333333158e-01
4.722000000000000086e-01
4.719333333333333158e-01
4.722666666666666679e-01
4.725333333333333607e-01
4.727333333333333387e-01
4.729999999999999760e-01
4.729333333333333167e-01
4.729999999999999760e-01
4.732000000000000095e-01
4.732000000000000095e-01
4.733999999999999875e-01
4.735333333333333061e-01
4.736000000000000210e-01
4.737333333333333396e-01
4.739333333333333176e-01
4.740666666666666917e-01
4.741333333333333511e-01
4.739333333333333176e-01
4.741333333333333511e-01
4.741333333333333511e-01
4.742000000000000104e-01
4.743999999999999884e-01
4.743999999999999884e-01
4.746000000000000218e-01
4.747999999999999998e-01
4.747333333333333405e-01
4.748666666666666591e-01
4.749999999999999778e-01
4.749333333333333185e-01
4.749999999999999778e-01
4.749999999999999778e-01
4.752000000000000113e-01
4.752666666666666706e-01
4.754666666666666486e-01
4.756000000000000227e-01
4.758000000000000007e-01
4.757333333333333414e-01
4.757333333333333414e-01
4.758666666666666600e-01
4.759999999999999787e-01
4.760666666666666935e-01
4.760666666666666935e-01
4.762000000000000122e-01
4.762000000000000122e-01
4.762666666666666715e-01
4.763999999999999901e-01
4.766000000000000236e-01
4.765333333333333088e-01
4.763333333333333308e-01
4.766000000000000236e-01
4.765333333333333088e-01
4.765333333333333088e-01
4.767333333333333423e-01
4.767333333333333423e-01
4.769999999999999796e-01
4.769999999999999796e-01
4.770666666666666944e-01
4.773999999999999910e-01
4.773999999999999910e-01
4.773999999999999910e-01
4.776000000000000245e-01
4.775333333333333097e-01
4.777333333333333432e-01
4.778000000000000025e-01
4.778666666666666618e-01
4.781333333333333546e-01
4.781333333333333546e-01
4.782666666666666733e-01
4.783999999999999919e-01
4.785333333333333106e-01
4.783333333333333326e-01
4.783333333333333326e-01
4.782666666666666733e-01
4.783999999999999919e-01
4.783999999999999919e-01
4.785333333333333106e-01
4.784666666666666512e-01
4.785333333333333106e-01
4.786000000000000254e-01
4.786666666666666847e-01
4.786666666666666847e-01
4.786666666666666847e-01
4.788666666666666627e-01
4.787333333333333441e-01
4.789999999999999813e-01
4.791333333333333555e-01
4.793999999999999928e-01
4.793999999999999928e-01
4.794666666666666521e-01
4.794666666666666521e-01
4.793999999999999928e-01
4.798666666666666636e-01
4.798666666666666636e-01
4.797333333333333449e-01
4.800666666666666416e-01
4.800666666666666416e-01
4.802000000000000157e-01
4.800666666666666416e-01
4.802000000000000157e-01
4.802666666666666750e-01
4.802666666666666750e-01
4.804666666666666530e-01
4.806000000000000272e-01
4.804666666666666530e-01
4.804666666666666530e-01
4.807333333333333458e-01
4.806000000000000272e-01
4.808000000000000052e-01
4.807333333333333458e-01
4.808666666666666645e-01
4.809999999999999831e-01
4.810666666666666424e-01
4.812000000000000166e-01
4.813333333333333353e-01
4.815333333333333132e-01
4.815333333333333132e-01
4.817333333333333467e-01
4.817333333333333467e-01
4.815999999999999726e-01
4.816666666666666874e-01
4.816666666666666874e-01
4.816666666666666874e-01
4.815333333333333132e-01
4.815333333333333132e-01
4.817333333333333467e-01
4.819333333333333247e-01
4.819333333333333247e-01
4.818666666666666654e-01
4.822000000000000175e-01
4.821333333333333582e-01
4.821333333333333582e-01
4.823333333333333361e-01
4.824666666666666548e-01
4.827333333333333476e-01
4.827333333333333476e-01
4.825999999999999734e-01
4.828666666666666663e-01
4.828000000000000069e-01
4.829999999999999849e-01
4.832666666666666777e-01
4.832000000000000184e-01
4.831333333333333591e-01
4.831333333333333591e-01
4.832666666666666777e-01
4.835999999999999743e-01
4.837333333333333485e-01
4.837333333333333485e-01
4.839333333333333265e-01
4.838666666666666671e-01
4.838666666666666671e-01
4.840666666666666451e-01
4.839999999999999858e-01
4.840666666666666451e-01
4.840666666666666451e-01
4.842000000000000193e-01
4.842666666666666786e-01
4.843999999999999972e-01
4.844666666666666566e-01
4.845333333333333159e-01
4.845333333333333159e-01
4.845999999999999752e-01
4.847333333333333494e-01
4.846666666666666901e-01
4.849333333333333274e-01
4.849333333333333274e-01
