3.712666666666666893e-01
3.720666666666666567e-01
3.725999999999999868e-01
3.728000000000000203e-01
3.729999999999999982e-01
3.734666666666666690e-01
3.739333333333333398e-01
3.744000000000000106e-01
3.745333333333333292e-01
3.750000000000000000e-01
3.751333333333333186e-01
3.753333333333333521e-01
3.758000000000000229e-01
3.761333333333333195e-01
3.766666666666666496e-01
3.768666666666666831e-01
3.776666666666666505e-01
3.780666666666666620e-01
3.782666666666666400e-01
3.785333333333333328e-01
3.785333333333333328e-01
3.791333333333333222e-01
3.793333333333333557e-01
3.797333333333333116e-01
3.800666666666666638e-01
3.802666666666666417e-01
3.805333333333333345e-01
3.808000000000000274e-01
3.810000000000000053e-01
3.817333333333333134e-01
3.820000000000000062e-01
3.820666666666666655e-01
3.824000000000000177e-01
3.827999999999999736e-01
3.827999999999999736e-01
3.831999999999999851e-01
3.834666666666666779e-01
3.836666666666666559e-01
3.840000000000000080e-01
3.844000000000000195e-01
3.845333333333333381e-01
3.847999999999999754e-01
3.851999999999999869e-01
3.852666666666666462e-01
3.857333333333333170e-01
3.860666666666666691e-01
3.865333333333333399e-01
3.868666666666666920e-01
3.872666666666666480e-01
3.876000000000000001e-01
3.878666666666666929e-01
3.880000000000000115e-01
3.883333333333333082e-01
3.887999999999999790e-01
3.890000000000000124e-01
3.892666666666666497e-01
3.896666666666666612e-01
3.894666666666666832e-01
3.901999999999999913e-01
3.906666666666666621e-01
3.911999999999999922e-01
3.915333333333333443e-01
3.917333333333333223e-01
3.921999999999999931e-01
3.924666666666666859e-01
3.927333333333333232e-01
3.929333333333333567e-01
3.935333333333333461e-01
3.937999999999999834e-01
3.942666666666666542e-01
3.942666666666666542e-01
3.946666666666666656e-01
3.951333333333333364e-01
3.956666666666666665e-01
3.956666666666666665e-01
3.956000000000000072e-01
3.960000000000000187e-01
3.962666666666666559e-01
3.966000000000000081e-01
3.971999999999999975e-01
3.975333333333333496e-01
3.978666666666666463e-01
3.981333333333333391e-01
3.981999999999999984e-01
3.983333333333333171e-01
3.987333333333333285e-01
3.986000000000000099e-01
3.988666666666666472e-01
3.991999999999999993e-01
3.995333333333333514e-01
3.997333333333333294e-01
4.003333333333333188e-01
4.007333333333333303e-01
4.009333333333333083e-01
4.015333333333333532e-01
4.019333333333333091e-01
4.020666666666666833e-01
4.022000000000000020e-01
4.023333333333333206e-01
4.025333333333333541e-01
4.027999999999999914e-01
4.031333333333333435e-01
4.032666666666666622e-01
4.035333333333333550e-01
4.037999999999999923e-01
4.040000000000000258e-01
4.043999999999999817e-01
4.046000000000000152e-01
4.047333333333333338e-01
4.047999999999999932e-01
4.050666666666666860e-01
4.052666666666666639e-01
4.053333333333333233e-01
4.056000000000000161e-01
4.059333333333333127e-01
4.059333333333333127e-01
4.063333333333333242e-01
4.068666666666666543e-01
4.070666666666666877e-01
4.073333333333333250e-01
4.074666666666666437e-01
4.076666666666666772e-01
4.079333333333333145e-01
4.079999999999999738e-01
4.084666666666666446e-01
4.087999999999999967e-01
4.091333333333333488e-01
4.091333333333333488e-01
4.093333333333333268e-01
4.093999999999999861e-01
4.095333333333333603e-01
4.097999999999999976e-01
4.100666666666666904e-01
4.103999999999999870e-01
4.105333333333333057e-01
4.106000000000000205e-01
4.106666666666666798e-01
4.110666666666666913e-01
4.112000000000000099e-01
4.112000000000000099e-01
4.117333333333333401e-01
4.117999999999999994e-01
4.118666666666666587e-01
4.123333333333333295e-01
4.123333333333333295e-01
4.126000000000000223e-01
4.128000000000000003e-01
4.130666666666666931e-01
4.133999999999999897e-01
4.136666666666666825e-01
4.138666666666666605e-01
4.143333333333333313e-01
4.144666666666666499e-01
4.146666666666666834e-01
4.146666666666666834e-01
4.147333333333333427e-01
4.148000000000000020e-01
4.149999999999999800e-01
4.151333333333333542e-01
4.153333333333333321e-01
4.159333333333333216e-01
4.158000000000000029e-01
4.158000000000000029e-01
4.158666666666666623e-01
4.163999999999999924e-01
4.166000000000000258e-01
4.166666666666666852e-01
4.168000000000000038e-01
4.168666666666666631e-01
4.169999999999999818e-01
4.171333333333333560e-01
4.173999999999999932e-01
4.178000000000000047e-01
4.179999999999999827e-01
4.185333333333333128e-01
4.187333333333333463e-01
4.192000000000000171e-01
4.193999999999999950e-01
4.193333333333333357e-01
4.195333333333333137e-01
4.195333333333333137e-01
4.199999999999999845e-01
4.202000000000000179e-01
4.202666666666666773e-01
4.207333333333333480e-01
4.209333333333333260e-01
4.209333333333333260e-01
4.212000000000000188e-01
4.214666666666666561e-01
4.218000000000000083e-01
4.219333333333333269e-01
4.222000000000000197e-01
4.223333333333333384e-01
4.223999999999999977e-01
4.226666666666666905e-01
4.230666666666666464e-01
4.230666666666666464e-01
4.232000000000000206e-01
4.233999999999999986e-01
4.235333333333333172e-01
4.235999999999999766e-01
4.238666666666666694e-01
4.239333333333333287e-01
4.239999999999999880e-01
4.243333333333333401e-01
4.244666666666666588e-01
4.245333333333333181e-01
4.246666666666666923e-01
4.249999999999999889e-01
4.249999999999999889e-01
4.251333333333333075e-01
4.252666666666666817e-01
4.253333333333333410e-01
4.255999999999999783e-01
4.257333333333333525e-01
4.261333333333333084e-01
4.264000000000000012e-01
4.265333333333333199e-01
4.266666666666666941e-01
4.268000000000000127e-01
4.271333333333333093e-01
4.273333333333333428e-01
4.276666666666666394e-01
4.279333333333333322e-01
4.282666666666666844e-01
4.287333333333333552e-01
4.290666666666666518e-01
4.291333333333333111e-01
4.292000000000000259e-01
4.294666666666666632e-01
4.298666666666666747e-01
4.295333333333333226e-01
4.298000000000000154e-01
4.299999999999999933e-01
4.305999999999999828e-01
4.307333333333333569e-01
4.305999999999999828e-01
4.308666666666666756e-01
4.310666666666666536e-01
4.314000000000000057e-01
4.316666666666666430e-01
4.318000000000000171e-01
4.321999999999999731e-01
4.320666666666666544e-01
4.325999999999999845e-01
4.325333333333333252e-01
4.328000000000000180e-01
4.330666666666666553e-01
4.331999999999999740e-01
4.331999999999999740e-01
4.335333333333333261e-01
4.335333333333333261e-01
4.336666666666666448e-01
4.338000000000000189e-01
4.338666666666666782e-01
4.340666666666666562e-01
4.342666666666666897e-01
4.340666666666666562e-01
4.341999999999999749e-01
4.344000000000000083e-01
4.343333333333333490e-01
4.345333333333333270e-01
4.345333333333333270e-01
4.349999999999999978e-01
4.349333333333333385e-01
4.350666666666666571e-01
4.354000000000000092e-01
4.355333333333333279e-01
4.358000000000000207e-01
4.361333333333333173e-01
4.364000000000000101e-01
4.367333333333333067e-01
4.368000000000000216e-01
4.368666666666666809e-01
4.369999999999999996e-01
4.371333333333333182e-01
4.374666666666666703e-01
4.374666666666666703e-01
4.377333333333333076e-01
4.377333333333333076e-01
4.378666666666666818e-01
4.381333333333333191e-01
4.381999999999999784e-01
4.385999999999999899e-01
4.389333333333333420e-01
4.391333333333333200e-01
4.390666666666666607e-01
4.391333333333333200e-01
4.394000000000000128e-01
4.394000000000000128e-01
4.394666666666666721e-01
4.398666666666666836e-01
4.402666666666666395e-01
4.404000000000000137e-01
4.404666666666666730e-01
4.405333333333333323e-01
4.407333333333333103e-01
4.410666666666666624e-01
4.414000000000000146e-01
4.412666666666666404e-01
4.414000000000000146e-01
4.415333333333333332e-01
4.416666666666666519e-01
4.418000000000000260e-01
4.419333333333333447e-01
4.420666666666666633e-01
4.421999999999999820e-01
4.424000000000000155e-01
4.424666666666666748e-01
4.424000000000000155e-01
4.425999999999999934e-01
4.427333333333333121e-01
4.430000000000000049e-01
4.431333333333333235e-01
4.431999999999999829e-01
4.435999999999999943e-01
4.437999999999999723e-01
4.441333333333333244e-01
4.441999999999999837e-01
4.442666666666666431e-01
4.445333333333333359e-01
4.449333333333333473e-01
4.451999999999999846e-01
4.451999999999999846e-01
4.452666666666666440e-01
4.451999999999999846e-01
4.454666666666666774e-01
4.457333333333333147e-01
4.459333333333333482e-01
4.461333333333333262e-01
4.461999999999999855e-01
4.464000000000000190e-01
4.465999999999999970e-01
4.467999999999999750e-01
4.471333333333333271e-01
4.469333333333333491e-01
4.470000000000000084e-01
4.471999999999999864e-01
4.474666666666666792e-01
4.478666666666666907e-01
4.480000000000000093e-01
4.481333333333333280e-01
4.481333333333333280e-01
4.481999999999999873e-01
4.482666666666666466e-01
4.482666666666666466e-01
4.484000000000000208e-01
4.481999999999999873e-01
4.487999999999999767e-01
4.485999999999999988e-01
4.490000000000000102e-01
4.493333333333333068e-01
4.494666666666666810e-01
4.494000000000000217e-01
4.494666666666666810e-01
4.497333333333333183e-01
4.497333333333333183e-01
4.495333333333333403e-01
4.497333333333333183e-01
4.495999999999999996e-01
4.500000000000000111e-01
4.500000000000000111e-01
4.501333333333333298e-01
4.502666666666666484e-01
4.503333333333333077e-01
4.504000000000000226e-01
4.503333333333333077e-01
4.504666666666666819e-01
4.505333333333333412e-01
4.506000000000000005e-01
4.505333333333333412e-01
4.510000000000000120e-01
4.510000000000000120e-01
4.510000000000000120e-01
4.508666666666666933e-01
4.511333333333333306e-01
4.511999999999999900e-01
4.514000000000000234e-01
4.513333333333333086e-01
4.515333333333333421e-01
4.516666666666666607e-01
4.516666666666666607e-01
4.519333333333333536e-01
4.521333333333333315e-01
4.521999999999999909e-01
4.524000000000000243e-01
4.525333333333333430e-01
4.524666666666666837e-01
4.525333333333333430e-01
4.526000000000000023e-01
4.526666666666666616e-01
4.527999999999999803e-01
4.529333333333333544e-01
4.528666666666666396e-01
4.529333333333333544e-01
4.531333333333333324e-01
4.531333333333333324e-01
4.534000000000000252e-01
4.534666666666666845e-01
4.537333333333333218e-01
4.537999999999999812e-01
4.538666666666666405e-01
4.537999999999999812e-01
4.537999999999999812e-01
4.540666666666666740e-01
4.541333333333333333e-01
4.544000000000000261e-01
4.544666666666666854e-01
4.546000000000000041e-01
4.548666666666666414e-01
4.548666666666666414e-01
4.551333333333333342e-01
4.553333333333333122e-01
4.553333333333333122e-01
4.555333333333333456e-01
4.554000000000000270e-01
4.556666666666666643e-01
4.556000000000000050e-01
4.557999999999999829e-01
4.560666666666666758e-01
4.560000000000000164e-01
4.561999999999999944e-01
4.563999999999999724e-01
4.567333333333333245e-01
4.568666666666666432e-01
4.567999999999999838e-01
4.570000000000000173e-01
4.568666666666666432e-01
4.570666666666666766e-01
4.573999999999999733e-01
4.574666666666666881e-01
4.574666666666666881e-01
4.573999999999999733e-01
4.574666666666666881e-01
4.573333333333333139e-01
4.573999999999999733e-01
4.573999999999999733e-01
4.577333333333333254e-01
4.580666666666666775e-01
4.581333333333333369e-01
4.581333333333333369e-01
4.581333333333333369e-01
4.583333333333333148e-01
4.585333333333333483e-01
4.586000000000000076e-01
4.586666666666666670e-01
4.588666666666666449e-01
4.591999999999999971e-01
4.592666666666666564e-01
4.594666666666666899e-01
4.595333333333333492e-01
4.596000000000000085e-01
4.597999999999999865e-01
4.598666666666666458e-01
4.598666666666666458e-01
4.600000000000000200e-01
4.599333333333333607e-01
4.598666666666666458e-01
4.601333333333333386e-01
4.603333333333333166e-01
4.603333333333333166e-01
4.606666666666666687e-01
4.606000000000000094e-01
4.607333333333333281e-01
4.610666666666666802e-01
4.613999999999999768e-01
4.613999999999999768e-01
4.617333333333333290e-01
4.620000000000000218e-01
4.620666666666666811e-01
4.623333333333333184e-01
4.623999999999999777e-01
4.623999999999999777e-01
4.624666666666666925e-01
4.626666666666666705e-01
4.626000000000000112e-01
4.629333333333333078e-01
4.631333333333333413e-01
4.630666666666666820e-01
4.632000000000000006e-01
4.632666666666666599e-01
4.633333333333333193e-01
4.636000000000000121e-01
4.636000000000000121e-01
4.637999999999999901e-01
4.639333333333333087e-01
4.639333333333333087e-01
4.642666666666666608e-01
4.643333333333333202e-01
4.643999999999999795e-01
4.643333333333333202e-01
4.646666666666666723e-01
4.648666666666666503e-01
4.649333333333333096e-01
4.650000000000000244e-01
4.651333333333333431e-01
4.654666666666666397e-01
4.656000000000000139e-01
4.656666666666666732e-01
4.656000000000000139e-01
4.657333333333333325e-01
4.657333333333333325e-01
4.657999999999999918e-01
4.659333333333333105e-01
4.658666666666666512e-01
4.659333333333333105e-01
4.660666666666666846e-01
4.659333333333333105e-01
4.661333333333333440e-01
4.661333333333333440e-01
4.662666666666666626e-01
4.664666666666666406e-01
4.665333333333333554e-01
4.668666666666666520e-01
4.667333333333333334e-01
4.666666666666666741e-01
4.668666666666666520e-01
4.671333333333333449e-01
4.671333333333333449e-01
4.670000000000000262e-01
4.668666666666666520e-01
4.670000000000000262e-01
4.670000000000000262e-01
4.672000000000000042e-01
4.673333333333333228e-01
4.673333333333333228e-01
4.673333333333333228e-01
4.673999999999999821e-01
4.676000000000000156e-01
4.674666666666666415e-01
4.675333333333333563e-01
4.677333333333333343e-01
4.677999999999999936e-01
4.677333333333333343e-01
4.680000000000000271e-01
4.682000000000000051e-01
4.681333333333333457e-01
4.684666666666666424e-01
4.686000000000000165e-01
4.687333333333333352e-01
4.687333333333333352e-01
4.687333333333333352e-01
4.688666666666666538e-01
4.688666666666666538e-01
4.689999999999999725e-01
4.690666666666666873e-01
4.690666666666666873e-01
4.691333333333333466e-01
4.689333333333333131e-01
4.690666666666666873e-01
4.689999999999999725e-01
4.690666666666666873e-01
4.693333333333333246e-01
4.697333333333333361e-01
4.697999999999999954e-01
4.698666666666666547e-01
4.696666666666666767e-01
4.698666666666666547e-01
4.699999999999999734e-01
4.700666666666666882e-01
4.702666666666666662e-01
4.703999999999999848e-01
4.703333333333333255e-01
4.703999999999999848e-01
4.703999999999999848e-01
4.704666666666666441e-01
4.707333333333333369e-01
4.706666666666666776e-01
4.707333333333333369e-01
4.709999999999999742e-01
4.709333333333333149e-01
4.709333333333333149e-01
4.710666666666666891e-01
4.709999999999999742e-01
4.713333333333333264e-01
4.713999999999999857e-01
4.715333333333333599e-01
4.715333333333333599e-01
4.713999999999999857e-01
4.712666666666666671e-01
4.713999999999999857e-01
4.715333333333333599e-01
4.716000000000000192e-01
4.717333333333333378e-01
4.719999999999999751e-01
4.721333333333333493e-01
4.723333333333333273e-01
4.726666666666666794e-01
4.725333333333333607e-01
4.726666666666666794e-01
4.726666666666666794e-01
4.727999999999999980e-01
4.728666666666666574e-01
4.728666666666666574e-01
4.728666666666666574e-01
4.731333333333333502e-01
4.732666666666666688e-01
4.733999999999999875e-01
4.734666666666666468e-01
4.736000000000000210e-01
4.737333333333333396e-01
4.737999999999999989e-01
4.738666666666666583e-01
4.740666666666666917e-01
4.740666666666666917e-01
4.741333333333333511e-01
4.739999999999999769e-01
4.742666666666666697e-01
4.744666666666666477e-01
4.743999999999999884e-01
4.746000000000000218e-01
4.746000000000000218e-01
4.747333333333333405e-01
4.748666666666666591e-01
4.751333333333333520e-01
4.752666666666666706e-01
4.753999999999999893e-01
4.752666666666666706e-01
4.752666666666666706e-01
4.752000000000000113e-01
4.753999999999999893e-01
4.753999999999999893e-01
4.754666666666666486e-01
4.755333333333333079e-01
4.757333333333333414e-01
4.758000000000000007e-01
4.759999999999999787e-01
4.761333333333333528e-01
4.760666666666666935e-01
4.762000000000000122e-01
4.762666666666666715e-01
4.763333333333333308e-01
4.765333333333333088e-01
4.765333333333333088e-01
4.768666666666666609e-01
4.768000000000000016e-01
4.766666666666666829e-01
4.768666666666666609e-01
4.768000000000000016e-01
4.769999999999999796e-01
4.772666666666666724e-01
4.773999999999999910e-01
4.773333333333333317e-01
4.776666666666666838e-01
4.778000000000000025e-01
4.778666666666666618e-01
4.779999999999999805e-01
4.780666666666666398e-01
4.782000000000000139e-01
4.780666666666666398e-01
4.782666666666666733e-01
4.782666666666666733e-01
4.782000000000000139e-01
4.783999999999999919e-01
4.783333333333333326e-01
4.783333333333333326e-01
4.781333333333333546e-01
4.782000000000000139e-01
4.780666666666666398e-01
4.781333333333333546e-01
4.782666666666666733e-01
4.785333333333333106e-01
4.786000000000000254e-01
4.786000000000000254e-01
4.785333333333333106e-01
4.787333333333333441e-01
4.787333333333333441e-01
4.789333333333333220e-01
4.790666666666666407e-01
4.792000000000000148e-01
4.793333333333333335e-01
4.795333333333333115e-01
4.795333333333333115e-01
4.794666666666666521e-01
4.796666666666666856e-01
4.795333333333333115e-01
4.798666666666666636e-01
4.798000000000000043e-01
4.798000000000000043e-01
4.800666666666666416e-01
4.802666666666666750e-01
4.802666666666666750e-01
4.802666666666666750e-01
4.804666666666666530e-01
4.806000000000000272e-01
4.806666666666666865e-01
4.805333333333333123e-01
4.804666666666666530e-01
4.806000000000000272e-01
4.808666666666666645e-01
4.807333333333333458e-01
4.808666666666666645e-01
4.808666666666666645e-01
4.807333333333333458e-01
4.807333333333333458e-01
4.809999999999999831e-01
4.809999999999999831e-01
4.811333333333333573e-01
4.813333333333333353e-01
4.813333333333333353e-01
4.813999999999999946e-01
4.815333333333333132e-01
4.815333333333333132e-01
4.817333333333333467e-01
4.818000000000000060e-01
4.817333333333333467e-01
4.819333333333333247e-01
4.818000000000000060e-01
4.818666666666666654e-01
4.818666666666666654e-01
4.816666666666666874e-01
4.818000000000000060e-01
4.819333333333333247e-01
4.821333333333333582e-01
4.822000000000000175e-01
4.820666666666666433e-01
4.821333333333333582e-01
4.822000000000000175e-01
4.823999999999999955e-01
4.828000000000000069e-01
4.828666666666666663e-01
4.829333333333333256e-01
4.827333333333333476e-01
4.829333333333333256e-01
4.828666666666666663e-01
4.827333333333333476e-01
4.829999999999999849e-01
4.832666666666666777e-01
4.833999999999999964e-01
4.835333333333333150e-01
