3.663333333333333441e-01
3.674000000000000044e-01
3.681333333333333124e-01
3.690666666666666540e-01
3.694000000000000061e-01
3.698000000000000176e-01
3.702666666666666884e-01
3.705333333333333257e-01
3.709999999999999964e-01
3.711333333333333151e-01
3.715333333333333266e-01
3.716666666666666452e-01
3.721333333333333160e-01
3.728000000000000203e-01
3.730666666666666575e-01
3.730666666666666575e-01
3.732666666666666910e-01
3.734000000000000097e-01
3.738666666666666805e-01
3.741333333333333178e-01
3.744000000000000106e-01
3.746666666666666479e-01
3.751999999999999780e-01
3.755333333333333301e-01
3.758666666666666822e-01
3.761333333333333195e-01
3.764000000000000123e-01
3.769333333333333425e-01
3.772666666666666391e-01
3.776666666666666505e-01
3.783333333333333548e-01
3.788666666666666849e-01
3.794000000000000150e-01
3.794000000000000150e-01
3.798000000000000265e-01
3.800666666666666638e-01
3.801333333333333231e-01
3.807333333333333125e-01
3.809333333333333460e-01
3.812666666666666426e-01
3.815333333333333354e-01
3.817999999999999727e-01
3.821999999999999842e-01
3.821999999999999842e-01
3.826666666666666550e-01
3.827999999999999736e-01
3.830666666666666664e-01
3.832666666666666444e-01
3.837333333333333152e-01
3.840000000000000080e-01
3.841999999999999860e-01
3.845333333333333381e-01
3.850666666666666682e-01
3.852666666666666462e-01
3.855333333333333390e-01
3.860666666666666691e-01
3.861333333333333284e-01
3.869333333333333513e-01
3.871333333333333293e-01
3.876000000000000001e-01
3.878666666666666929e-01
3.882666666666666488e-01
3.885333333333333417e-01
3.888666666666666938e-01
3.894666666666666832e-01
3.897333333333333205e-01
3.902666666666666506e-01
3.902666666666666506e-01
3.907333333333333214e-01
3.909333333333333549e-01
3.913333333333333108e-01
3.916666666666666630e-01
3.919333333333333558e-01
3.922666666666666524e-01
3.927999999999999825e-01
3.929333333333333567e-01
3.930000000000000160e-01
3.937999999999999834e-01
3.940000000000000169e-01
3.943999999999999728e-01
3.945333333333333470e-01
3.943999999999999728e-01
3.949333333333333584e-01
3.951999999999999957e-01
3.956000000000000072e-01
3.957333333333333258e-01
3.959333333333333593e-01
3.963333333333333153e-01
3.966666666666666674e-01
3.973999999999999755e-01
3.976666666666666683e-01
3.977999999999999869e-01
3.981999999999999984e-01
3.983333333333333171e-01
3.986666666666666692e-01
3.987999999999999878e-01
3.990666666666666806e-01
3.991999999999999993e-01
3.992666666666666586e-01
3.996000000000000107e-01
4.000666666666666815e-01
4.003999999999999782e-01
4.007333333333333303e-01
4.012666666666666604e-01
4.016000000000000125e-01
4.017999999999999905e-01
4.010666666666666824e-01
4.019333333333333091e-01
4.022000000000000020e-01
4.026666666666666727e-01
4.030000000000000249e-01
4.031333333333333435e-01
4.036666666666666736e-01
4.038666666666666516e-01
4.042666666666666631e-01
4.043999999999999817e-01
4.044666666666666410e-01
4.047999999999999932e-01
4.046666666666666745e-01
4.052000000000000046e-01
4.053999999999999826e-01
4.056000000000000161e-01
4.059333333333333127e-01
4.066000000000000170e-01
4.064666666666666428e-01
4.066666666666666763e-01
4.069999999999999729e-01
4.069333333333333136e-01
4.073999999999999844e-01
4.076666666666666772e-01
4.076000000000000179e-01
4.080666666666666886e-01
4.084666666666666446e-01
4.085333333333333594e-01
4.087999999999999967e-01
4.089333333333333154e-01
4.090666666666666895e-01
4.092000000000000082e-01
4.093999999999999861e-01
4.096666666666666790e-01
4.098666666666666569e-01
4.101333333333333497e-01
4.103333333333333277e-01
4.103999999999999870e-01
4.107333333333333392e-01
4.110666666666666913e-01
4.110666666666666913e-01
4.112000000000000099e-01
4.114666666666666472e-01
4.116000000000000214e-01
4.117999999999999994e-01
4.121333333333333515e-01
4.123333333333333295e-01
4.125333333333333075e-01
4.123999999999999888e-01
4.128000000000000003e-01
4.132666666666666710e-01
4.136000000000000232e-01
4.138000000000000012e-01
4.142000000000000126e-01
4.144666666666666499e-01
4.146000000000000241e-01
4.145333333333333092e-01
4.143999999999999906e-01
4.146000000000000241e-01
4.149999999999999800e-01
4.152000000000000135e-01
4.153999999999999915e-01
4.155333333333333101e-01
4.157333333333333436e-01
4.156666666666666843e-01
4.158000000000000029e-01
4.163333333333333330e-01
4.163333333333333330e-01
4.166666666666666852e-01
4.166000000000000258e-01
4.169999999999999818e-01
4.170666666666666411e-01
4.172666666666666746e-01
4.176000000000000267e-01
4.176666666666666861e-01
4.179999999999999827e-01
4.184666666666666535e-01
4.183999999999999941e-01
4.186666666666666869e-01
4.191333333333333577e-01
4.191333333333333577e-01
4.192000000000000171e-01
4.191333333333333577e-01
4.196666666666666878e-01
4.198666666666666658e-01
4.202666666666666773e-01
4.205999999999999739e-01
4.209333333333333260e-01
4.209333333333333260e-01
4.212666666666666782e-01
4.213333333333333375e-01
4.216666666666666896e-01
4.219999999999999862e-01
4.222000000000000197e-01
4.223999999999999977e-01
4.224666666666666570e-01
4.227333333333333498e-01
4.230666666666666464e-01
4.231333333333333058e-01
4.233333333333333393e-01
4.232666666666666799e-01
4.233999999999999986e-01
4.236666666666666914e-01
4.237333333333333507e-01
4.239999999999999880e-01
4.240666666666666473e-01
4.241333333333333067e-01
4.236666666666666914e-01
4.242666666666666808e-01
4.245999999999999774e-01
4.245999999999999774e-01
4.249999999999999889e-01
4.248000000000000109e-01
4.251333333333333075e-01
4.252666666666666817e-01
4.255333333333333190e-01
4.262666666666666826e-01
4.263333333333333419e-01
4.265333333333333199e-01
4.266666666666666941e-01
4.268666666666666720e-01
4.272000000000000242e-01
4.272666666666666835e-01
4.275999999999999801e-01
4.279333333333333322e-01
4.280666666666666509e-01
4.285333333333333217e-01
4.287333333333333552e-01
4.292000000000000259e-01
4.294000000000000039e-01
4.295333333333333226e-01
4.294666666666666632e-01
4.299999999999999933e-01
4.299333333333333340e-01
4.300666666666666527e-01
4.304000000000000048e-01
4.304666666666666641e-01
4.304666666666666641e-01
4.306666666666666421e-01
4.307333333333333569e-01
4.309999999999999942e-01
4.313333333333333464e-01
4.315999999999999837e-01
4.319333333333333358e-01
4.321333333333333138e-01
4.325999999999999845e-01
4.326666666666666439e-01
4.328666666666666774e-01
4.329999999999999960e-01
4.329999999999999960e-01
4.329999999999999960e-01
4.330666666666666553e-01
4.333333333333333481e-01
4.336666666666666448e-01
4.336666666666666448e-01
4.335333333333333261e-01
4.337333333333333596e-01
4.339333333333333376e-01
4.339999999999999969e-01
4.340666666666666562e-01
4.341999999999999749e-01
4.343333333333333490e-01
4.344666666666666677e-01
4.345999999999999863e-01
4.349999999999999978e-01
4.348666666666666791e-01
4.352666666666666906e-01
4.354666666666666686e-01
4.355333333333333279e-01
4.359999999999999987e-01
4.361999999999999766e-01
4.363333333333333508e-01
4.365999999999999881e-01
4.367333333333333067e-01
4.366666666666666474e-01
4.368666666666666809e-01
4.373333333333333517e-01
4.374000000000000110e-01
4.376666666666666483e-01
4.376666666666666483e-01
4.378666666666666818e-01
4.379333333333333411e-01
4.380666666666666598e-01
4.383333333333333526e-01
4.384666666666666712e-01
4.389333333333333420e-01
4.391999999999999793e-01
4.392666666666666941e-01
4.394000000000000128e-01
4.393333333333333535e-01
4.392666666666666941e-01
4.397333333333333094e-01
4.400000000000000022e-01
4.398666666666666836e-01
4.401999999999999802e-01
4.401999999999999802e-01
4.401999999999999802e-01
4.404666666666666730e-01
4.410000000000000031e-01
4.412666666666666404e-01
4.411333333333333218e-01
4.415333333333333332e-01
4.414000000000000146e-01
4.415999999999999925e-01
4.420000000000000040e-01
4.421333333333333226e-01
4.420666666666666633e-01
4.421333333333333226e-01
4.421999999999999820e-01
4.423333333333333561e-01
4.423333333333333561e-01
4.424666666666666748e-01
4.425999999999999934e-01
4.428000000000000269e-01
4.426666666666666528e-01
4.429333333333333456e-01
4.434000000000000163e-01
4.434666666666666757e-01
4.437333333333333130e-01
4.440000000000000058e-01
4.442666666666666431e-01
4.444000000000000172e-01
4.447333333333333139e-01
4.447999999999999732e-01
4.450666666666666660e-01
4.450000000000000067e-01
4.450666666666666660e-01
4.454666666666666774e-01
4.455999999999999961e-01
4.457333333333333147e-01
4.460666666666666669e-01
4.461999999999999855e-01
4.463333333333333597e-01
4.466666666666666563e-01
4.466666666666666563e-01
4.468666666666666898e-01
4.468666666666666898e-01
4.471333333333333271e-01
4.471333333333333271e-01
4.475999999999999979e-01
4.479333333333333500e-01
4.479333333333333500e-01
4.483333333333333059e-01
4.483333333333333059e-01
4.484666666666666801e-01
4.484666666666666801e-01
4.483333333333333059e-01
4.485999999999999988e-01
4.485999999999999988e-01
4.487333333333333174e-01
4.485999999999999988e-01
4.489333333333333509e-01
4.491333333333333289e-01
4.491999999999999882e-01
4.494000000000000217e-01
4.494000000000000217e-01
4.494666666666666810e-01
4.495999999999999996e-01
4.497999999999999776e-01
4.497333333333333183e-01
4.497999999999999776e-01
4.499333333333333518e-01
4.496666666666666590e-01
4.502666666666666484e-01
4.502666666666666484e-01
4.504000000000000226e-01
4.504000000000000226e-01
4.505333333333333412e-01
4.506000000000000005e-01
4.507333333333333192e-01
4.507333333333333192e-01
4.506666666666666599e-01
4.507333333333333192e-01
4.509333333333333527e-01
4.510666666666666713e-01
4.510666666666666713e-01
4.511999999999999900e-01
4.512666666666666493e-01
4.512666666666666493e-01
4.514666666666666828e-01
4.516666666666666607e-01
4.516666666666666607e-01
4.517999999999999794e-01
4.518666666666666942e-01
4.521333333333333315e-01
4.522666666666666502e-01
4.525333333333333430e-01
4.525333333333333430e-01
4.526000000000000023e-01
4.526000000000000023e-01
4.526666666666666616e-01
4.526666666666666616e-01
4.528666666666666396e-01
4.528666666666666396e-01
4.530000000000000138e-01
4.531333333333333324e-01
4.533333333333333104e-01
4.531999999999999917e-01
4.533333333333333104e-01
4.532666666666666511e-01
4.534000000000000252e-01
4.536000000000000032e-01
4.536000000000000032e-01
4.534666666666666845e-01
4.537333333333333218e-01
4.540000000000000147e-01
4.541999999999999926e-01
4.542666666666666520e-01
4.545333333333333448e-01
4.543333333333333113e-01
4.547333333333333227e-01
4.548666666666666414e-01
4.550666666666666749e-01
4.551999999999999935e-01
4.554000000000000270e-01
4.555333333333333456e-01
4.555333333333333456e-01
4.555333333333333456e-01
4.555333333333333456e-01
4.560000000000000164e-01
4.561999999999999944e-01
4.557999999999999829e-01
4.558666666666666423e-01
4.561333333333333351e-01
4.563333333333333131e-01
4.563333333333333131e-01
4.563999999999999724e-01
4.566000000000000059e-01
4.567333333333333245e-01
4.569333333333333580e-01
4.571999999999999953e-01
4.571999999999999953e-01
4.572666666666666546e-01
4.572666666666666546e-01
4.576000000000000068e-01
4.577333333333333254e-01
4.577999999999999847e-01
4.577333333333333254e-01
4.578666666666666440e-01
4.580000000000000182e-01
4.581333333333333369e-01
4.582666666666666555e-01
4.581333333333333369e-01
4.581333333333333369e-01
4.583333333333333148e-01
4.583333333333333148e-01
4.585333333333333483e-01
4.590666666666666784e-01
4.591333333333333377e-01
4.593333333333333157e-01
4.595333333333333492e-01
4.593999999999999750e-01
4.596000000000000085e-01
4.596666666666666679e-01
4.600666666666666793e-01
4.601999999999999980e-01
4.601999999999999980e-01
4.597333333333333272e-01
4.600000000000000200e-01
4.602666666666666573e-01
4.606666666666666687e-01
4.606666666666666687e-01
4.605333333333333501e-01
4.604666666666666908e-01
4.607999999999999874e-01
4.609333333333333060e-01
4.611333333333333395e-01
4.612666666666666582e-01
4.616000000000000103e-01
4.611999999999999988e-01
4.619333333333333069e-01
4.621999999999999997e-01
4.622666666666666591e-01
4.623333333333333184e-01
4.621999999999999997e-01
4.624666666666666925e-01
4.626666666666666705e-01
4.630000000000000226e-01
4.632666666666666599e-01
4.632000000000000006e-01
4.631333333333333413e-01
4.632000000000000006e-01
4.634666666666666934e-01
4.633999999999999786e-01
4.633999999999999786e-01
4.634666666666666934e-01
4.636000000000000121e-01
4.638666666666666494e-01
4.640666666666666829e-01
4.643333333333333202e-01
4.645333333333333536e-01
4.646000000000000130e-01
4.646666666666666723e-01
4.647999999999999909e-01
4.647999999999999909e-01
4.650000000000000244e-01
4.651333333333333431e-01
4.652000000000000024e-01
4.653333333333333210e-01
4.653333333333333210e-01
4.652000000000000024e-01
4.653333333333333210e-01
4.653999999999999804e-01
4.654666666666666397e-01
4.654666666666666397e-01
4.656000000000000139e-01
4.655333333333333545e-01
4.656666666666666732e-01
4.658666666666666512e-01
4.661333333333333440e-01
4.660000000000000253e-01
4.661333333333333440e-01
4.662000000000000033e-01
4.663333333333333219e-01
4.662666666666666626e-01
4.666000000000000147e-01
4.666000000000000147e-01
4.668666666666666520e-01
4.670666666666666855e-01
4.670000000000000262e-01
4.672000000000000042e-01
4.672000000000000042e-01
4.672000000000000042e-01
4.672666666666666635e-01
4.672666666666666635e-01
4.673333333333333228e-01
4.673333333333333228e-01
4.672666666666666635e-01
4.670666666666666855e-01
4.672666666666666635e-01
4.673333333333333228e-01
4.673999999999999821e-01
4.674666666666666415e-01
4.673333333333333228e-01
4.676000000000000156e-01
4.677999999999999936e-01
4.677999999999999936e-01
4.679333333333333123e-01
4.679333333333333123e-01
4.680666666666666864e-01
4.680000000000000271e-01
4.682666666666666644e-01
4.686000000000000165e-01
4.686666666666666758e-01
4.687333333333333352e-01
4.688666666666666538e-01
4.688666666666666538e-01
4.690666666666666873e-01
4.691333333333333466e-01
4.689999999999999725e-01
4.691333333333333466e-01
4.691333333333333466e-01
4.693333333333333246e-01
4.693999999999999839e-01
4.697999999999999954e-01
4.699999999999999734e-01
4.699999999999999734e-01
4.699999999999999734e-01
4.699999999999999734e-01
4.700666666666666882e-01
4.699999999999999734e-01
4.700666666666666882e-01
4.702000000000000068e-01
4.702666666666666662e-01
4.702666666666666662e-01
4.702666666666666662e-01
4.704666666666666441e-01
4.703999999999999848e-01
4.705333333333333590e-01
4.707333333333333369e-01
4.706666666666666776e-01
4.708666666666666556e-01
4.709333333333333149e-01
4.710666666666666891e-01
4.712666666666666671e-01
4.713999999999999857e-01
4.712000000000000077e-01
4.716000000000000192e-01
4.715333333333333599e-01
4.716666666666666785e-01
4.717333333333333378e-01
4.716000000000000192e-01
4.716000000000000192e-01
4.717999999999999972e-01
4.719999999999999751e-01
4.720666666666666900e-01
4.722666666666666679e-01
4.722666666666666679e-01
4.722666666666666679e-01
4.725333333333333607e-01
4.726000000000000201e-01
4.727333333333333387e-01
4.727333333333333387e-01
4.727999999999999980e-01
4.729333333333333167e-01
4.729999999999999760e-01
4.732000000000000095e-01
4.731333333333333502e-01
4.732000000000000095e-01
4.732666666666666688e-01
4.729999999999999760e-01
4.733333333333333282e-01
4.735333333333333061e-01
4.736666666666666803e-01
4.737333333333333396e-01
4.738666666666666583e-01
4.740666666666666917e-01
4.741333333333333511e-01
4.742666666666666697e-01
4.743999999999999884e-01
4.744666666666666477e-01
4.744666666666666477e-01
4.746666666666666812e-01
4.746000000000000218e-01
4.746666666666666812e-01
4.749999999999999778e-01
4.751333333333333520e-01
4.751333333333333520e-01
4.752000000000000113e-01
4.752666666666666706e-01
4.753333333333333299e-01
4.752000000000000113e-01
4.751333333333333520e-01
4.751333333333333520e-01
4.753999999999999893e-01
4.755333333333333079e-01
4.758000000000000007e-01
4.758666666666666600e-01
4.760666666666666935e-01
4.762000000000000122e-01
4.762666666666666715e-01
4.762666666666666715e-01
4.763333333333333308e-01
4.763333333333333308e-01
4.763999999999999901e-01
4.764666666666666495e-01
4.767333333333333423e-01
4.766666666666666829e-01
4.767333333333333423e-01
4.769333333333333202e-01
4.768000000000000016e-01
4.767333333333333423e-01
4.769333333333333202e-01
4.772000000000000131e-01
4.773333333333333317e-01
4.773333333333333317e-01
4.775333333333333097e-01
4.774666666666666504e-01
4.777333333333333432e-01
4.776666666666666838e-01
4.779999999999999805e-01
4.781333333333333546e-01
4.780666666666666398e-01
4.779999999999999805e-01
4.782666666666666733e-01
4.782666666666666733e-01
4.782666666666666733e-01
4.782000000000000139e-01
4.783999999999999919e-01
4.782666666666666733e-01
4.783999999999999919e-01
4.782000000000000139e-01
4.783333333333333326e-01
4.783333333333333326e-01
4.783999999999999919e-01
4.785333333333333106e-01
4.787333333333333441e-01
4.789333333333333220e-01
4.788666666666666627e-01
4.788666666666666627e-01
4.789999999999999813e-01
4.791333333333333555e-01
4.793999999999999928e-01
4.795333333333333115e-01
4.796000000000000263e-01
4.796000000000000263e-01
4.798000000000000043e-01
4.799999999999999822e-01
4.799999999999999822e-01
4.799999999999999822e-01
4.799999999999999822e-01
4.800666666666666416e-01
4.800666666666666416e-01
4.799999999999999822e-01
4.803999999999999937e-01
4.805333333333333123e-01
4.808000000000000052e-01
4.808666666666666645e-01
4.808666666666666645e-01
4.809333333333333238e-01
4.809333333333333238e-01
4.812000000000000166e-01
4.811333333333333573e-01
4.811333333333333573e-01
4.811333333333333573e-01
4.810666666666666424e-01
4.811333333333333573e-01
4.812666666666666759e-01
4.813999999999999946e-01
4.812666666666666759e-01
4.811333333333333573e-01
4.813333333333333353e-01
4.813999999999999946e-01
4.814666666666666539e-01
4.815999999999999726e-01
4.816666666666666874e-01
4.817333333333333467e-01
4.818000000000000060e-01
4.818666666666666654e-01
4.819333333333333247e-01
4.818666666666666654e-01
4.819333333333333247e-01
4.818000000000000060e-01
4.822666666666666768e-01
4.823333333333333361e-01
4.822666666666666768e-01
4.824666666666666548e-01
4.823999999999999955e-01
4.823999999999999955e-01
4.824666666666666548e-01
4.826666666666666883e-01
4.827333333333333476e-01
4.828666666666666663e-01
4.830666666666666442e-01
