3.831333333333333258e-01
3.840666666666666673e-01
3.848666666666666902e-01
3.850666666666666682e-01
3.853333333333333610e-01
3.855999999999999983e-01
3.861333333333333284e-01
3.864000000000000212e-01
3.866666666666666585e-01
3.870666666666666700e-01
3.871333333333333293e-01
3.873333333333333073e-01
3.877333333333333187e-01
3.877999999999999781e-01
3.881999999999999895e-01
3.884666666666666823e-01
3.886000000000000010e-01
3.891333333333333311e-01
3.896000000000000019e-01
3.896666666666666612e-01
3.897999999999999798e-01
3.897333333333333205e-01
3.901999999999999913e-01
3.904666666666666841e-01
3.905333333333333434e-01
3.910666666666666735e-01
3.912666666666666515e-01
3.914000000000000257e-01
3.917999999999999816e-01
3.920666666666666744e-01
3.926000000000000045e-01
3.928666666666666418e-01
3.932666666666666533e-01
3.936666666666666647e-01
3.940666666666666762e-01
3.944666666666666877e-01
3.945333333333333470e-01
3.947999999999999843e-01
3.949333333333333584e-01
3.951333333333333364e-01
3.956000000000000072e-01
3.957999999999999852e-01
3.962666666666666559e-01
3.963333333333333153e-01
3.966666666666666674e-01
3.973999999999999755e-01
3.975333333333333496e-01
3.973999999999999755e-01
3.976000000000000090e-01
3.980666666666666798e-01
3.981333333333333391e-01
3.986000000000000099e-01
3.987333333333333285e-01
3.991999999999999993e-01
3.997999999999999887e-01
3.999333333333333074e-01
4.002000000000000002e-01
4.003999999999999782e-01
4.006000000000000116e-01
4.012000000000000011e-01
4.014666666666666939e-01
4.017999999999999905e-01
4.020000000000000240e-01
4.023333333333333206e-01
4.025333333333333541e-01
4.029333333333333100e-01
4.032000000000000028e-01
4.033333333333333215e-01
4.034666666666666401e-01
4.035333333333333550e-01
4.037333333333333329e-01
4.038666666666666516e-01
4.040000000000000258e-01
4.042000000000000037e-01
4.044666666666666410e-01
4.045333333333333559e-01
4.047333333333333338e-01
4.050000000000000266e-01
4.050666666666666860e-01
4.055333333333333568e-01
4.058666666666666534e-01
4.061333333333333462e-01
4.063333333333333242e-01
4.064666666666666428e-01
4.066666666666666763e-01
4.067999999999999949e-01
4.071333333333333471e-01
4.073333333333333250e-01
4.073999999999999844e-01
4.076666666666666772e-01
4.077999999999999958e-01
4.083999999999999853e-01
4.084666666666666446e-01
4.088666666666666560e-01
4.089999999999999747e-01
4.089999999999999747e-01
4.092666666666666675e-01
4.091333333333333488e-01
4.094666666666666455e-01
4.096666666666666790e-01
4.098666666666666569e-01
4.098666666666666569e-01
4.102000000000000091e-01
4.103999999999999870e-01
4.107999999999999985e-01
4.110666666666666913e-01
4.112000000000000099e-01
4.112000000000000099e-01
4.112666666666666693e-01
4.116000000000000214e-01
4.117999999999999994e-01
4.118666666666666587e-01
4.120666666666666922e-01
4.125333333333333075e-01
4.126000000000000223e-01
4.128000000000000003e-01
4.129333333333333189e-01
4.129999999999999782e-01
4.132000000000000117e-01
4.136666666666666825e-01
4.139333333333333198e-01
4.142000000000000126e-01
4.144666666666666499e-01
4.149333333333333207e-01
4.151333333333333542e-01
4.149999999999999800e-01
4.150666666666666393e-01
4.152000000000000135e-01
4.152666666666666728e-01
4.152666666666666728e-01
4.155333333333333101e-01
4.158000000000000029e-01
4.159333333333333216e-01
4.161333333333333551e-01
4.162000000000000144e-01
4.163999999999999924e-01
4.167333333333333445e-01
4.169333333333333225e-01
4.169333333333333225e-01
4.171333333333333560e-01
4.169999999999999818e-01
4.172666666666666746e-01
4.176000000000000267e-01
4.178000000000000047e-01
4.183333333333333348e-01
4.186000000000000276e-01
4.181333333333333568e-01
4.186666666666666869e-01
4.189999999999999836e-01
4.193333333333333357e-01
4.196666666666666878e-01
4.197333333333333472e-01
4.195333333333333137e-01
4.198000000000000065e-01
4.205333333333333146e-01
4.205999999999999739e-01
4.209999999999999853e-01
4.210666666666666447e-01
4.212666666666666782e-01
4.215999999999999748e-01
4.219333333333333269e-01
4.221333333333333604e-01
4.222666666666666790e-01
4.224666666666666570e-01
4.228666666666666685e-01
4.230666666666666464e-01
4.232000000000000206e-01
4.233333333333333393e-01
4.234666666666666579e-01
4.233333333333333393e-01
4.236666666666666914e-01
4.238000000000000100e-01
4.241333333333333067e-01
4.242666666666666808e-01
4.243333333333333401e-01
4.245333333333333181e-01
4.244666666666666588e-01
4.246666666666666923e-01
4.246666666666666923e-01
4.249999999999999889e-01
4.249999999999999889e-01
4.252666666666666817e-01
4.254000000000000004e-01
4.255333333333333190e-01
4.257333333333333525e-01
4.259999999999999898e-01
4.259999999999999898e-01
4.261333333333333084e-01
4.264000000000000012e-01
4.268000000000000127e-01
4.270666666666666500e-01
4.272000000000000242e-01
4.273333333333333428e-01
4.274000000000000021e-01
4.276666666666666394e-01
4.276666666666666394e-01
4.283333333333333437e-01
4.284000000000000030e-01
4.289333333333333331e-01
4.292666666666666853e-01
4.298000000000000154e-01
4.300666666666666527e-01
4.299999999999999933e-01
4.303333333333333455e-01
4.305333333333333234e-01
4.305999999999999828e-01
4.304666666666666641e-01
4.304000000000000048e-01
4.307333333333333569e-01
4.310666666666666536e-01
4.312666666666666870e-01
4.314000000000000057e-01
4.316666666666666430e-01
4.317333333333333578e-01
4.321999999999999731e-01
4.324000000000000066e-01
4.325999999999999845e-01
4.326666666666666439e-01
4.329999999999999960e-01
4.329999999999999960e-01
4.331999999999999740e-01
4.334666666666666668e-01
4.335999999999999854e-01
4.335333333333333261e-01
4.336666666666666448e-01
4.336666666666666448e-01
4.337333333333333596e-01
4.338666666666666782e-01
4.339999999999999969e-01
4.341333333333333155e-01
4.341999999999999749e-01
4.344666666666666677e-01
4.345999999999999863e-01
4.347333333333333605e-01
4.348000000000000198e-01
4.348666666666666791e-01
4.351333333333333164e-01
4.351333333333333164e-01
4.353333333333333499e-01
4.351999999999999758e-01
4.357333333333333059e-01
4.359333333333333393e-01
4.356666666666666465e-01
4.359333333333333393e-01
4.360666666666666580e-01
4.362666666666666915e-01
4.368000000000000216e-01
4.368666666666666809e-01
4.368666666666666809e-01
4.370666666666666589e-01
4.374666666666666703e-01
4.375999999999999890e-01
4.377333333333333076e-01
4.380666666666666598e-01
4.380000000000000004e-01
4.383333333333333526e-01
4.381999999999999784e-01
4.384666666666666712e-01
4.388666666666666827e-01
4.391999999999999793e-01
4.394666666666666721e-01
4.394666666666666721e-01
4.395999999999999908e-01
4.398000000000000242e-01
4.398666666666666836e-01
4.398666666666666836e-01
4.402666666666666395e-01
4.404666666666666730e-01
4.404000000000000137e-01
4.405999999999999917e-01
4.407333333333333103e-01
4.406666666666666510e-01
4.407333333333333103e-01
4.411999999999999811e-01
4.415999999999999925e-01
4.416666666666666519e-01
4.416666666666666519e-01
4.419333333333333447e-01
4.421999999999999820e-01
4.422666666666666413e-01
4.424000000000000155e-01
4.424666666666666748e-01
4.426666666666666528e-01
4.428000000000000269e-01
4.430000000000000049e-01
4.430666666666666642e-01
4.430666666666666642e-01
4.434666666666666757e-01
4.435999999999999943e-01
4.436666666666666536e-01
4.438666666666666871e-01
4.440000000000000058e-01
4.441999999999999837e-01
4.438666666666666871e-01
4.445999999999999952e-01
4.445333333333333359e-01
4.449333333333333473e-01
4.450666666666666660e-01
4.451333333333333253e-01
4.451999999999999846e-01
4.452666666666666440e-01
4.454000000000000181e-01
4.457333333333333147e-01
4.460666666666666669e-01
4.460000000000000075e-01
4.461999999999999855e-01
4.463333333333333597e-01
4.464666666666666783e-01
4.467333333333333156e-01
4.470666666666666678e-01
4.469333333333333491e-01
4.471333333333333271e-01
4.473333333333333606e-01
4.475333333333333385e-01
4.476666666666666572e-01
4.479333333333333500e-01
4.479333333333333500e-01
4.481333333333333280e-01
4.485333333333333394e-01
4.485999999999999988e-01
4.487333333333333174e-01
4.487333333333333174e-01
4.489333333333333509e-01
4.488666666666666916e-01
4.490666666666666695e-01
4.490666666666666695e-01
4.493333333333333068e-01
4.493333333333333068e-01
4.494000000000000217e-01
4.495333333333333403e-01
4.495333333333333403e-01
4.496666666666666590e-01
4.497333333333333183e-01
4.497333333333333183e-01
4.497999999999999776e-01
4.497999999999999776e-01
4.498666666666666925e-01
4.500666666666666704e-01
4.502666666666666484e-01
4.502666666666666484e-01
4.500666666666666704e-01
4.501333333333333298e-01
4.501999999999999891e-01
4.504000000000000226e-01
4.506666666666666599e-01
4.507333333333333192e-01
4.508666666666666933e-01
4.508666666666666933e-01
4.511333333333333306e-01
4.512666666666666493e-01
4.514000000000000234e-01
4.513333333333333086e-01
4.515333333333333421e-01
4.516666666666666607e-01
4.519333333333333536e-01
4.519333333333333536e-01
4.520666666666666722e-01
4.521999999999999909e-01
4.521999999999999909e-01
4.523333333333333095e-01
4.526666666666666616e-01
4.525333333333333430e-01
4.527999999999999803e-01
4.527333333333333210e-01
4.531333333333333324e-01
4.531333333333333324e-01
4.530000000000000138e-01
4.529333333333333544e-01
4.530666666666666731e-01
4.531333333333333324e-01
4.530666666666666731e-01
4.534000000000000252e-01
4.535333333333333439e-01
4.536000000000000032e-01
4.536000000000000032e-01
4.540000000000000147e-01
4.540000000000000147e-01
4.541999999999999926e-01
4.542666666666666520e-01
4.544000000000000261e-01
4.545333333333333448e-01
4.546666666666666634e-01
4.549333333333333562e-01
4.549333333333333562e-01
4.551333333333333342e-01
4.552666666666666528e-01
4.554666666666666863e-01
4.554666666666666863e-01
4.556666666666666643e-01
4.556666666666666643e-01
4.556000000000000050e-01
4.556666666666666643e-01
4.559333333333333571e-01
4.563333333333333131e-01
4.564666666666666872e-01
4.567333333333333245e-01
4.568666666666666432e-01
4.570666666666666766e-01
4.569333333333333580e-01
4.567999999999999838e-01
4.571333333333333360e-01
4.572666666666666546e-01
4.572666666666666546e-01
4.570000000000000173e-01
4.573333333333333139e-01
4.575333333333333474e-01
4.577333333333333254e-01
4.577999999999999847e-01
4.580000000000000182e-01
4.580000000000000182e-01
4.580666666666666775e-01
4.580000000000000182e-01
4.579333333333333589e-01
4.580666666666666775e-01
4.581333333333333369e-01
4.583333333333333148e-01
4.583999999999999742e-01
4.586000000000000076e-01
4.584666666666666890e-01
4.586666666666666670e-01
4.586666666666666670e-01
4.588666666666666449e-01
4.590000000000000191e-01
4.589333333333333598e-01
4.591999999999999971e-01
4.593999999999999750e-01
4.596000000000000085e-01
4.597333333333333272e-01
4.598666666666666458e-01
4.596666666666666679e-01
4.599333333333333607e-01
4.600000000000000200e-01
4.603333333333333166e-01
4.603333333333333166e-01
4.604666666666666908e-01
4.610666666666666802e-01
4.610666666666666802e-01
4.612666666666666582e-01
4.611999999999999988e-01
4.613999999999999768e-01
4.610666666666666802e-01
4.616000000000000103e-01
4.617333333333333290e-01
4.619333333333333069e-01
4.621999999999999997e-01
4.624666666666666925e-01
4.626000000000000112e-01
4.626000000000000112e-01
4.628666666666666485e-01
4.627999999999999892e-01
4.628666666666666485e-01
4.630000000000000226e-01
4.629333333333333078e-01
4.630666666666666820e-01
4.633333333333333193e-01
4.636000000000000121e-01
4.639333333333333087e-01
4.638666666666666494e-01
4.642666666666666608e-01
4.641333333333333422e-01
4.642000000000000015e-01
4.643333333333333202e-01
4.642666666666666608e-01
4.642666666666666608e-01
4.647333333333333316e-01
4.648666666666666503e-01
4.650000000000000244e-01
4.653999999999999804e-01
4.654666666666666397e-01
4.654666666666666397e-01
4.655333333333333545e-01
4.656000000000000139e-01
4.656666666666666732e-01
4.657333333333333325e-01
4.658666666666666512e-01
4.661333333333333440e-01
4.662000000000000033e-01
4.662000000000000033e-01
4.661333333333333440e-01
4.663333333333333219e-01
4.662000000000000033e-01
4.663333333333333219e-01
4.666666666666666741e-01
4.667999999999999927e-01
4.667999999999999927e-01
4.670000000000000262e-01
4.670000000000000262e-01
4.670000000000000262e-01
4.669333333333333114e-01
4.667999999999999927e-01
4.672666666666666635e-01
4.673999999999999821e-01
4.672666666666666635e-01
4.675333333333333563e-01
4.676000000000000156e-01
4.676000000000000156e-01
4.678666666666666529e-01
4.677999999999999936e-01
4.677333333333333343e-01
4.677999999999999936e-01
4.678666666666666529e-01
4.676666666666666750e-01
4.677333333333333343e-01
4.678666666666666529e-01
4.677999999999999936e-01
4.678666666666666529e-01
4.677999999999999936e-01
4.677999999999999936e-01
4.678666666666666529e-01
4.681333333333333457e-01
4.681333333333333457e-01
4.682666666666666644e-01
4.681333333333333457e-01
4.682000000000000051e-01
4.682000000000000051e-01
4.682000000000000051e-01
4.687333333333333352e-01
4.686666666666666758e-01
4.687999999999999945e-01
4.687999999999999945e-01
4.689333333333333131e-01
4.690666666666666873e-01
4.690666666666666873e-01
4.689999999999999725e-01
4.691333333333333466e-01
4.692000000000000060e-01
4.694666666666666432e-01
4.693999999999999839e-01
4.694666666666666432e-01
4.696666666666666767e-01
4.698666666666666547e-01
4.699999999999999734e-01
4.699999999999999734e-01
4.702666666666666662e-01
4.700666666666666882e-01
4.701333333333333475e-01
4.700666666666666882e-01
4.702000000000000068e-01
4.703999999999999848e-01
4.706666666666666776e-01
4.708666666666666556e-01
4.708666666666666556e-01
4.709333333333333149e-01
4.711333333333333484e-01
4.710666666666666891e-01
4.712000000000000077e-01
4.711333333333333484e-01
4.712666666666666671e-01
4.714666666666666450e-01
4.714666666666666450e-01
4.712666666666666671e-01
4.716666666666666785e-01
4.719333333333333158e-01
4.718666666666666565e-01
4.719333333333333158e-01
4.719999999999999751e-01
4.722000000000000086e-01
4.722666666666666679e-01
4.723999999999999866e-01
4.723999999999999866e-01
4.724666666666666459e-01
4.726000000000000201e-01
4.726000000000000201e-01
4.727333333333333387e-01
4.729999999999999760e-01
4.732000000000000095e-01
4.732666666666666688e-01
4.734666666666666468e-01
4.736000000000000210e-01
4.736666666666666803e-01
4.736000000000000210e-01
4.736666666666666803e-01
4.737333333333333396e-01
4.738666666666666583e-01
4.740666666666666917e-01
4.739999999999999769e-01
4.739999999999999769e-01
4.742000000000000104e-01
4.742666666666666697e-01
4.743333333333333290e-01
4.743333333333333290e-01
4.745333333333333070e-01
4.747999999999999998e-01
4.747999999999999998e-01
4.747333333333333405e-01
4.747999999999999998e-01
4.747999999999999998e-01
4.748666666666666591e-01
4.750666666666666926e-01
4.751333333333333520e-01
4.751333333333333520e-01
4.751333333333333520e-01
4.755333333333333079e-01
4.756000000000000227e-01
4.756666666666666821e-01
4.758000000000000007e-01
4.756666666666666821e-01
4.759999999999999787e-01
4.759999999999999787e-01
4.759999999999999787e-01
4.760666666666666935e-01
4.761333333333333528e-01
4.762666666666666715e-01
4.763999999999999901e-01
4.762000000000000122e-01
4.765333333333333088e-01
4.764666666666666495e-01
4.765333333333333088e-01
4.767333333333333423e-01
4.768666666666666609e-01
4.768000000000000016e-01
4.769333333333333202e-01
4.769999999999999796e-01
4.771333333333333537e-01
4.773333333333333317e-01
4.772666666666666724e-01
4.772666666666666724e-01
4.773333333333333317e-01
4.776000000000000245e-01
4.778000000000000025e-01
4.779333333333333211e-01
4.778666666666666618e-01
4.780666666666666398e-01
4.782000000000000139e-01
4.783999999999999919e-01
4.783999999999999919e-01
4.783999999999999919e-01
4.784666666666666512e-01
4.783999999999999919e-01
4.785333333333333106e-01
4.787333333333333441e-01
4.787333333333333441e-01
4.784666666666666512e-01
4.783999999999999919e-01
4.783999999999999919e-01
4.783999999999999919e-01
4.783999999999999919e-01
4.784666666666666512e-01
4.785333333333333106e-01
4.787333333333333441e-01
4.786666666666666847e-01
4.789333333333333220e-01
4.790666666666666407e-01
4.790666666666666407e-01
4.792666666666666742e-01
4.793333333333333335e-01
4.797333333333333449e-01
4.797333333333333449e-01
4.796666666666666856e-01
4.796666666666666856e-01
4.800666666666666416e-01
4.801333333333333564e-01
4.801333333333333564e-01
4.802666666666666750e-01
4.800666666666666416e-01
4.802000000000000157e-01
4.803333333333333344e-01
4.803999999999999937e-01
4.804666666666666530e-01
4.803999999999999937e-01
4.802666666666666750e-01
4.803999999999999937e-01
4.804666666666666530e-01
4.805333333333333123e-01
4.809333333333333238e-01
4.809999999999999831e-01
4.809333333333333238e-01
4.811333333333333573e-01
4.810666666666666424e-01
4.813999999999999946e-01
4.814666666666666539e-01
4.816666666666666874e-01
4.816666666666666874e-01
4.818666666666666654e-01
4.818666666666666654e-01
4.817333333333333467e-01
4.816666666666666874e-01
4.818666666666666654e-01
4.817333333333333467e-01
4.818666666666666654e-01
4.818000000000000060e-01
4.818000000000000060e-01
4.817333333333333467e-01
4.819999999999999840e-01
4.822000000000000175e-01
4.822000000000000175e-01
4.822000000000000175e-01
4.822666666666666768e-01
4.825999999999999734e-01
4.825333333333333141e-01
4.827333333333333476e-01
4.829333333333333256e-01
4.829999999999999849e-01
4.832000000000000184e-01
4.832000000000000184e-01
4.836666666666666892e-01
4.838000000000000078e-01
4.838666666666666671e-01
4.838000000000000078e-01
4.838000000000000078e-01
4.837333333333333485e-01
4.838666666666666671e-01
4.838000000000000078e-01
4.839999999999999858e-01
4.839999999999999858e-01
4.840666666666666451e-01
4.840666666666666451e-01
4.842666666666666786e-01
4.842666666666666786e-01
4.841333333333333599e-01
4.839333333333333265e-01
4.841333333333333599e-01
4.841333333333333599e-01
4.843999999999999972e-01
4.843999999999999972e-01
4.843333333333333379e-01
4.845333333333333159e-01
4.845333333333333159e-01
4.845999999999999752e-01
4.845999999999999752e-01
4.845333333333333159e-01
4.846666666666666901e-01
4.848666666666666680e-01
4.849333333333333274e-01
4.850666666666666460e-01
4.852000000000000202e-01
4.852000000000000202e-01
4.853333333333333388e-01
4.856666666666666909e-01
4.855999999999999761e-01
