3.722666666666666901e-01
3.734000000000000097e-01
3.737333333333333063e-01
3.742666666666666919e-01
3.744666666666666699e-01
3.745999999999999885e-01
3.750666666666666593e-01
3.757333333333333081e-01
3.760000000000000009e-01
3.763333333333333530e-01
3.765333333333333310e-01
3.771999999999999797e-01
3.778666666666666840e-01
3.780000000000000027e-01
3.781999999999999806e-01
3.784666666666666734e-01
3.783333333333333548e-01
3.788666666666666849e-01
3.793333333333333557e-01
3.795333333333333337e-01
3.800666666666666638e-01
3.802666666666666417e-01
3.808000000000000274e-01
3.809333333333333460e-01
3.814000000000000168e-01
3.816666666666666541e-01
3.816666666666666541e-01
3.820666666666666655e-01
3.824000000000000177e-01
3.825333333333333363e-01
3.827333333333333143e-01
3.830666666666666664e-01
3.834666666666666779e-01
3.834666666666666779e-01
3.838666666666666893e-01
3.841333333333333266e-01
3.844666666666666788e-01
3.846666666666666567e-01
3.850666666666666682e-01
3.853333333333333610e-01
3.853333333333333610e-01
3.857333333333333170e-01
3.864000000000000212e-01
3.866666666666666585e-01
3.868666666666666920e-01
3.874000000000000221e-01
3.877999999999999781e-01
3.879333333333333522e-01
3.878666666666666929e-01
3.884666666666666823e-01
3.886666666666666603e-01
3.891333333333333311e-01
3.895333333333333425e-01
3.897333333333333205e-01
3.900666666666666726e-01
3.901999999999999913e-01
3.910000000000000142e-01
3.913333333333333108e-01
3.914000000000000257e-01
3.917999999999999816e-01
3.920666666666666744e-01
3.924000000000000266e-01
3.927333333333333232e-01
3.930666666666666753e-01
3.933333333333333126e-01
3.938666666666666427e-01
3.941333333333333355e-01
3.943999999999999728e-01
3.948666666666666436e-01
3.951999999999999957e-01
3.954666666666666885e-01
3.954666666666666885e-01
3.956666666666666665e-01
3.962666666666666559e-01
3.963333333333333153e-01
3.968666666666666454e-01
3.971999999999999975e-01
3.976000000000000090e-01
3.980000000000000204e-01
3.981999999999999984e-01
3.982666666666666577e-01
3.983333333333333171e-01
3.984666666666666912e-01
3.987999999999999878e-01
3.989333333333333065e-01
3.992666666666666586e-01
3.995333333333333514e-01
3.997333333333333294e-01
4.001333333333333409e-01
4.006000000000000116e-01
4.010000000000000231e-01
4.015333333333333532e-01
4.019333333333333091e-01
4.020000000000000240e-01
4.020000000000000240e-01
4.023333333333333206e-01
4.024666666666666393e-01
4.029333333333333100e-01
4.034666666666666401e-01
4.034666666666666401e-01
4.034666666666666401e-01
4.036666666666666736e-01
4.040666666666666851e-01
4.043999999999999817e-01
4.044666666666666410e-01
4.048666666666666525e-01
4.046000000000000152e-01
4.050666666666666860e-01
4.053333333333333233e-01
4.056000000000000161e-01
4.060000000000000275e-01
4.062000000000000055e-01
4.063999999999999835e-01
4.065333333333333576e-01
4.069333333333333136e-01
4.070666666666666877e-01
4.072666666666666657e-01
4.075333333333333585e-01
4.066666666666666763e-01
4.078666666666666551e-01
4.079333333333333145e-01
4.084666666666666446e-01
4.087333333333333374e-01
4.090666666666666895e-01
4.092000000000000082e-01
4.093333333333333268e-01
4.097333333333333383e-01
4.096666666666666790e-01
4.097999999999999976e-01
4.099999999999999756e-01
4.102666666666666684e-01
4.106000000000000205e-01
4.106000000000000205e-01
4.108666666666666578e-01
4.110666666666666913e-01
4.109333333333333171e-01
4.109999999999999765e-01
4.114666666666666472e-01
4.117333333333333401e-01
4.119333333333333180e-01
4.123333333333333295e-01
4.123999999999999888e-01
4.126000000000000223e-01
4.126000000000000223e-01
4.129999999999999782e-01
4.133333333333333304e-01
4.133333333333333304e-01
4.139999999999999791e-01
4.143333333333333313e-01
4.145333333333333092e-01
4.148000000000000020e-01
4.147333333333333427e-01
4.146000000000000241e-01
4.148000000000000020e-01
4.148666666666666614e-01
4.151333333333333542e-01
4.153999999999999915e-01
4.157333333333333436e-01
4.157333333333333436e-01
4.157333333333333436e-01
4.158000000000000029e-01
4.162000000000000144e-01
4.165333333333333110e-01
4.167333333333333445e-01
4.168666666666666631e-01
4.167333333333333445e-01
4.169999999999999818e-01
4.170666666666666411e-01
4.172000000000000153e-01
4.177333333333333454e-01
4.180666666666666420e-01
4.183999999999999941e-01
4.187333333333333463e-01
4.190666666666666429e-01
4.190666666666666429e-01
4.194666666666666544e-01
4.195999999999999730e-01
4.195333333333333137e-01
4.194666666666666544e-01
4.202000000000000179e-01
4.203333333333333366e-01
4.205999999999999739e-01
4.211333333333333595e-01
4.208666666666666667e-01
4.211333333333333595e-01
4.215333333333333155e-01
4.216666666666666896e-01
4.218666666666666676e-01
4.221333333333333604e-01
4.223333333333333384e-01
4.222666666666666790e-01
4.223999999999999977e-01
4.230666666666666464e-01
4.232000000000000206e-01
4.230666666666666464e-01
4.231333333333333058e-01
4.235333333333333172e-01
4.235999999999999766e-01
4.238000000000000100e-01
4.239999999999999880e-01
4.239333333333333287e-01
4.239999999999999880e-01
4.242666666666666808e-01
4.243333333333333401e-01
4.245999999999999774e-01
4.248666666666666702e-01
4.248666666666666702e-01
4.250666666666666482e-01
4.249999999999999889e-01
4.251333333333333075e-01
4.255999999999999783e-01
4.258000000000000118e-01
4.259999999999999898e-01
4.262000000000000233e-01
4.263333333333333419e-01
4.267333333333333534e-01
4.267333333333333534e-01
4.269333333333333313e-01
4.272666666666666835e-01
4.272000000000000242e-01
4.276666666666666394e-01
4.280666666666666509e-01
4.284000000000000030e-01
4.286666666666666403e-01
4.293333333333333446e-01
4.293333333333333446e-01
4.295999999999999819e-01
4.297333333333333560e-01
4.300666666666666527e-01
4.301333333333333120e-01
4.300666666666666527e-01
4.304000000000000048e-01
4.304666666666666641e-01
4.306666666666666421e-01
4.307333333333333569e-01
4.308000000000000163e-01
4.311333333333333129e-01
4.304666666666666641e-01
4.316666666666666430e-01
4.321333333333333138e-01
4.321999999999999731e-01
4.326666666666666439e-01
4.325999999999999845e-01
4.329333333333333367e-01
4.328000000000000180e-01
4.330666666666666553e-01
4.329999999999999960e-01
4.334000000000000075e-01
4.335333333333333261e-01
4.335333333333333261e-01
4.339999999999999969e-01
4.338666666666666782e-01
4.339999999999999969e-01
4.339999999999999969e-01
4.340666666666666562e-01
4.339333333333333376e-01
4.344000000000000083e-01
4.344666666666666677e-01
4.344666666666666677e-01
4.346666666666666456e-01
4.348000000000000198e-01
4.349333333333333385e-01
4.347333333333333605e-01
4.352666666666666906e-01
4.354666666666666686e-01
4.356666666666666465e-01
4.361333333333333173e-01
4.362666666666666915e-01
4.365999999999999881e-01
4.367333333333333067e-01
4.365999999999999881e-01
4.366666666666666474e-01
4.367333333333333067e-01
4.371999999999999775e-01
4.374000000000000110e-01
4.378666666666666818e-01
4.378000000000000225e-01
4.378000000000000225e-01
4.381333333333333191e-01
4.379333333333333411e-01
4.381333333333333191e-01
4.385333333333333306e-01
4.390000000000000013e-01
4.391999999999999793e-01
4.391333333333333200e-01
4.394666666666666721e-01
4.395333333333333314e-01
4.394000000000000128e-01
4.397333333333333094e-01
4.401999999999999802e-01
4.401333333333333209e-01
4.401999999999999802e-01
4.405333333333333323e-01
4.404666666666666730e-01
4.407333333333333103e-01
4.412666666666666404e-01
4.410666666666666624e-01
4.412666666666666404e-01
4.414666666666666739e-01
4.417333333333333112e-01
4.416666666666666519e-01
4.420666666666666633e-01
4.420000000000000040e-01
4.421999999999999820e-01
4.421999999999999820e-01
4.423333333333333561e-01
4.424666666666666748e-01
4.426666666666666528e-01
4.425333333333333341e-01
4.428666666666666862e-01
4.431333333333333235e-01
4.432666666666666422e-01
4.434666666666666757e-01
4.437333333333333130e-01
4.439333333333333464e-01
4.441333333333333244e-01
4.444000000000000172e-01
4.445333333333333359e-01
4.448666666666666880e-01
4.446666666666666545e-01
4.447999999999999732e-01
4.451333333333333253e-01
4.450666666666666660e-01
4.452666666666666440e-01
4.455999999999999961e-01
4.458666666666666889e-01
4.458666666666666889e-01
4.460666666666666669e-01
4.461999999999999855e-01
4.464000000000000190e-01
4.467333333333333156e-01
4.469333333333333491e-01
4.467999999999999750e-01
4.470000000000000084e-01
4.471999999999999864e-01
4.472666666666666457e-01
4.475333333333333385e-01
4.474666666666666792e-01
4.478666666666666907e-01
4.481999999999999873e-01
4.481999999999999873e-01
4.484000000000000208e-01
4.484000000000000208e-01
4.484666666666666801e-01
4.484000000000000208e-01
4.487333333333333174e-01
4.489333333333333509e-01
4.490666666666666695e-01
4.494666666666666810e-01
4.493333333333333068e-01
4.494000000000000217e-01
4.494666666666666810e-01
4.494666666666666810e-01
4.494666666666666810e-01
4.496666666666666590e-01
4.495333333333333403e-01
4.487999999999999767e-01
4.496666666666666590e-01
4.499333333333333518e-01
4.501333333333333298e-01
4.501333333333333298e-01
4.501999999999999891e-01
4.501999999999999891e-01
4.501999999999999891e-01
4.505333333333333412e-01
4.506000000000000005e-01
4.505333333333333412e-01
4.507333333333333192e-01
4.507999999999999785e-01
4.510666666666666713e-01
4.510000000000000120e-01
4.511333333333333306e-01
4.511999999999999900e-01
4.511333333333333306e-01
4.512666666666666493e-01
4.516000000000000014e-01
4.516666666666666607e-01
4.517333333333333201e-01
4.518666666666666942e-01
4.519333333333333536e-01
4.520000000000000129e-01
4.521999999999999909e-01
4.521999999999999909e-01
4.521333333333333315e-01
4.524666666666666837e-01
4.525333333333333430e-01
4.526000000000000023e-01
4.526666666666666616e-01
4.527333333333333210e-01
4.526000000000000023e-01
4.528666666666666396e-01
4.526000000000000023e-01
4.527999999999999803e-01
4.531333333333333324e-01
4.531333333333333324e-01
4.537333333333333218e-01
4.537333333333333218e-01
4.537333333333333218e-01
4.536000000000000032e-01
4.537333333333333218e-01
4.538666666666666405e-01
4.539333333333333553e-01
4.543333333333333113e-01
4.544000000000000261e-01
4.547333333333333227e-01
4.546666666666666634e-01
4.546666666666666634e-01
4.546000000000000041e-01
4.548666666666666414e-01
4.550000000000000155e-01
4.552666666666666528e-01
4.553333333333333122e-01
4.554666666666666863e-01
4.556000000000000050e-01
4.557333333333333236e-01
4.555333333333333456e-01
4.559333333333333571e-01
4.560000000000000164e-01
4.562666666666666537e-01
4.563999999999999724e-01
4.566000000000000059e-01
4.567999999999999838e-01
4.569333333333333580e-01
4.569333333333333580e-01
4.567999999999999838e-01
4.570000000000000173e-01
4.570666666666666766e-01
4.571999999999999953e-01
4.573999999999999733e-01
4.574666666666666881e-01
4.574666666666666881e-01
4.574666666666666881e-01
4.575333333333333474e-01
4.575333333333333474e-01
4.577999999999999847e-01
4.577999999999999847e-01
4.580000000000000182e-01
4.581333333333333369e-01
4.581999999999999962e-01
4.581999999999999962e-01
4.581999999999999962e-01
4.583999999999999742e-01
4.586000000000000076e-01
4.587333333333333263e-01
4.590666666666666784e-01
4.591333333333333377e-01
4.593999999999999750e-01
4.595333333333333492e-01
4.596000000000000085e-01
4.598666666666666458e-01
4.596666666666666679e-01
4.594666666666666899e-01
4.599333333333333607e-01
4.597999999999999865e-01
4.600666666666666793e-01
4.600666666666666793e-01
4.600000000000000200e-01
4.601999999999999980e-01
4.606000000000000094e-01
4.607999999999999874e-01
4.610000000000000209e-01
4.612666666666666582e-01
4.613333333333333175e-01
4.613999999999999768e-01
4.617999999999999883e-01
4.620000000000000218e-01
4.621333333333333404e-01
4.622666666666666591e-01
4.622666666666666591e-01
4.622666666666666591e-01
4.626666666666666705e-01
4.627999999999999892e-01
4.626666666666666705e-01
4.628666666666666485e-01
4.628666666666666485e-01
4.625333333333333519e-01
4.632000000000000006e-01
4.632666666666666599e-01
4.633333333333333193e-01
4.633999999999999786e-01
4.635333333333333528e-01
4.636000000000000121e-01
4.636666666666666714e-01
4.642000000000000015e-01
4.642666666666666608e-01
4.643999999999999795e-01
4.646666666666666723e-01
4.646000000000000130e-01
4.647999999999999909e-01
4.650666666666666837e-01
4.651333333333333431e-01
4.652666666666666617e-01
4.652000000000000024e-01
4.653333333333333210e-01
4.656000000000000139e-01
4.656666666666666732e-01
4.656000000000000139e-01
4.657999999999999918e-01
4.655333333333333545e-01
4.658666666666666512e-01
4.658666666666666512e-01
4.658666666666666512e-01
4.657333333333333325e-01
4.660000000000000253e-01
4.659333333333333105e-01
4.661333333333333440e-01
4.662666666666666626e-01
4.663333333333333219e-01
4.662000000000000033e-01
4.666000000000000147e-01
4.665333333333333554e-01
4.665333333333333554e-01
4.667333333333333334e-01
4.667999999999999927e-01
4.669333333333333114e-01
4.672000000000000042e-01
4.669333333333333114e-01
4.670666666666666855e-01
4.670666666666666855e-01
4.669333333333333114e-01
4.670666666666666855e-01
4.672666666666666635e-01
4.671333333333333449e-01
4.673333333333333228e-01
4.673999999999999821e-01
4.674666666666666415e-01
4.675333333333333563e-01
4.677999999999999936e-01
4.677333333333333343e-01
4.676666666666666750e-01
4.680666666666666864e-01
4.681333333333333457e-01
4.682000000000000051e-01
4.682666666666666644e-01
4.680666666666666864e-01
4.684666666666666424e-01
4.685333333333333572e-01
4.687999999999999945e-01
4.687333333333333352e-01
4.687333333333333352e-01
4.686666666666666758e-01
4.689999999999999725e-01
4.688666666666666538e-01
4.687999999999999945e-01
4.688666666666666538e-01
4.687999999999999945e-01
4.689999999999999725e-01
4.690666666666666873e-01
4.691333333333333466e-01
4.691333333333333466e-01
4.696000000000000174e-01
4.697333333333333361e-01
4.696666666666666767e-01
4.699333333333333140e-01
4.698666666666666547e-01
4.699999999999999734e-01
4.701333333333333475e-01
4.701333333333333475e-01
4.701333333333333475e-01
4.703999999999999848e-01
4.703999999999999848e-01
4.705333333333333590e-01
4.705333333333333590e-01
4.706666666666666776e-01
4.706666666666666776e-01
4.706666666666666776e-01
4.709333333333333149e-01
4.712000000000000077e-01
4.712666666666666671e-01
4.710666666666666891e-01
4.709333333333333149e-01
4.713333333333333264e-01
4.714666666666666450e-01
4.716000000000000192e-01
4.716666666666666785e-01
4.715333333333333599e-01
4.715333333333333599e-01
4.714666666666666450e-01
4.717333333333333378e-01
4.717333333333333378e-01
4.718666666666666565e-01
4.717999999999999972e-01
4.719999999999999751e-01
4.722000000000000086e-01
4.725333333333333607e-01
4.727333333333333387e-01
4.726666666666666794e-01
4.723999999999999866e-01
4.726666666666666794e-01
4.729333333333333167e-01
4.729999999999999760e-01
4.730666666666666909e-01
4.732666666666666688e-01
4.734666666666666468e-01
4.730666666666666909e-01
4.735333333333333061e-01
4.736000000000000210e-01
4.738666666666666583e-01
4.738666666666666583e-01
4.738666666666666583e-01
4.741333333333333511e-01
4.739999999999999769e-01
4.741333333333333511e-01
4.742000000000000104e-01
4.742000000000000104e-01
4.744666666666666477e-01
4.747333333333333405e-01
4.747333333333333405e-01
4.747999999999999998e-01
4.747333333333333405e-01
4.748666666666666591e-01
4.748666666666666591e-01
4.751333333333333520e-01
4.751333333333333520e-01
4.752666666666666706e-01
4.752666666666666706e-01
4.754666666666666486e-01
4.756666666666666821e-01
4.754666666666666486e-01
4.755333333333333079e-01
4.757333333333333414e-01
4.756000000000000227e-01
4.759333333333333194e-01
4.758666666666666600e-01
4.761333333333333528e-01
4.761333333333333528e-01
4.762666666666666715e-01
4.763999999999999901e-01
4.763333333333333308e-01
4.763333333333333308e-01
4.762666666666666715e-01
4.766000000000000236e-01
4.766000000000000236e-01
4.769333333333333202e-01
4.769333333333333202e-01
4.768000000000000016e-01
4.772000000000000131e-01
4.771333333333333537e-01
4.769999999999999796e-01
4.770666666666666944e-01
4.773999999999999910e-01
4.774666666666666504e-01
4.777333333333333432e-01
4.778666666666666618e-01
4.780666666666666398e-01
4.780666666666666398e-01
4.782666666666666733e-01
4.782000000000000139e-01
4.780666666666666398e-01
4.782000000000000139e-01
4.784666666666666512e-01
4.782666666666666733e-01
4.783333333333333326e-01
4.779999999999999805e-01
4.782000000000000139e-01
4.779999999999999805e-01
4.782666666666666733e-01
4.782000000000000139e-01
4.784666666666666512e-01
4.783333333333333326e-01
4.783999999999999919e-01
4.786666666666666847e-01
4.786000000000000254e-01
4.787333333333333441e-01
4.788666666666666627e-01
4.788666666666666627e-01
4.790666666666666407e-01
4.792000000000000148e-01
4.792666666666666742e-01
4.794666666666666521e-01
4.794666666666666521e-01
4.793999999999999928e-01
4.794666666666666521e-01
4.796000000000000263e-01
4.800666666666666416e-01
4.799999999999999822e-01
4.801333333333333564e-01
4.801333333333333564e-01
4.800666666666666416e-01
4.799999999999999822e-01
4.802000000000000157e-01
4.804666666666666530e-01
4.804666666666666530e-01
4.803333333333333344e-01
4.804666666666666530e-01
4.806000000000000272e-01
4.807333333333333458e-01
4.808666666666666645e-01
4.808000000000000052e-01
4.807333333333333458e-01
4.809333333333333238e-01
4.809333333333333238e-01
4.812666666666666759e-01
4.813999999999999946e-01
4.813333333333333353e-01
4.813999999999999946e-01
4.813999999999999946e-01
4.815333333333333132e-01
4.814666666666666539e-01
4.815999999999999726e-01
4.815333333333333132e-01
4.816666666666666874e-01
4.816666666666666874e-01
4.816666666666666874e-01
4.818666666666666654e-01
4.818666666666666654e-01
4.814666666666666539e-01
4.816666666666666874e-01
4.817333333333333467e-01
4.816666666666666874e-01
4.818666666666666654e-01
4.818000000000000060e-01
4.819333333333333247e-01
4.818000000000000060e-01
4.823333333333333361e-01
4.823333333333333361e-01
4.825333333333333141e-01
4.828666666666666663e-01
4.828666666666666663e-01
4.829333333333333256e-01
4.827333333333333476e-01
4.829999999999999849e-01
4.829999999999999849e-01
4.830666666666666442e-01
4.832666666666666777e-01
4.833999999999999964e-01
4.834666666666666557e-01
4.835999999999999743e-01
4.834666666666666557e-01
4.835333333333333150e-01
