3.692666666666666875e-01
3.702666666666666884e-01
3.708666666666666778e-01
3.712666666666666893e-01
3.713333333333333486e-01
3.716666666666666452e-01
3.722666666666666901e-01
3.728666666666666796e-01
3.729999999999999982e-01
3.729333333333333389e-01
3.731999999999999762e-01
3.735333333333333283e-01
3.735333333333333283e-01
3.738666666666666805e-01
3.741999999999999771e-01
3.748000000000000220e-01
3.747333333333333072e-01
3.751999999999999780e-01
3.753333333333333521e-01
3.758666666666666822e-01
3.762666666666666937e-01
3.766666666666666496e-01
3.771999999999999797e-01
3.776666666666666505e-01
3.781333333333333213e-01
3.783333333333333548e-01
3.788000000000000256e-01
3.790000000000000036e-01
3.794000000000000150e-01
3.795999999999999930e-01
3.798666666666666858e-01
3.802666666666666417e-01
3.805999999999999939e-01
3.808000000000000274e-01
3.811999999999999833e-01
3.817333333333333134e-01
3.817999999999999727e-01
3.820666666666666655e-01
3.824000000000000177e-01
3.825999999999999956e-01
3.827999999999999736e-01
3.830666666666666664e-01
3.832666666666666444e-01
3.835999999999999965e-01
3.840000000000000080e-01
3.841999999999999860e-01
3.845999999999999974e-01
3.848666666666666902e-01
3.851333333333333275e-01
3.853333333333333610e-01
3.857333333333333170e-01
3.861333333333333284e-01
3.867333333333333178e-01
3.870000000000000107e-01
3.873333333333333073e-01
3.877333333333333187e-01
3.879333333333333522e-01
3.883333333333333082e-01
3.887333333333333196e-01
3.888666666666666938e-01
3.894000000000000239e-01
3.899333333333333540e-01
3.902666666666666506e-01
3.904000000000000248e-01
3.907333333333333214e-01
3.906000000000000028e-01
3.911999999999999922e-01
3.916666666666666630e-01
3.920000000000000151e-01
3.923333333333333117e-01
3.927333333333333232e-01
3.928666666666666418e-01
3.934000000000000274e-01
3.937333333333333241e-01
3.940000000000000169e-01
3.942666666666666542e-01
3.945333333333333470e-01
3.949333333333333584e-01
3.951999999999999957e-01
3.956000000000000072e-01
3.956666666666666665e-01
3.957333333333333258e-01
3.961333333333333373e-01
3.963999999999999746e-01
3.967999999999999861e-01
3.971999999999999975e-01
3.978666666666666463e-01
3.980666666666666798e-01
3.981333333333333391e-01
3.984666666666666912e-01
3.986000000000000099e-01
3.987999999999999878e-01
3.990000000000000213e-01
3.991999999999999993e-01
3.991333333333333400e-01
3.994666666666666921e-01
4.001333333333333409e-01
4.006000000000000116e-01
4.009333333333333083e-01
4.014666666666666939e-01
4.017333333333333312e-01
4.020000000000000240e-01
4.019333333333333091e-01
4.022666666666666613e-01
4.025333333333333541e-01
4.027999999999999914e-01
4.030666666666666842e-01
4.032666666666666622e-01
4.033333333333333215e-01
4.036666666666666736e-01
4.033999999999999808e-01
4.042000000000000037e-01
4.043999999999999817e-01
4.047333333333333338e-01
4.048666666666666525e-01
4.052666666666666639e-01
4.055333333333333568e-01
4.057333333333333347e-01
4.059333333333333127e-01
4.063999999999999835e-01
4.065333333333333576e-01
4.066666666666666763e-01
4.068666666666666543e-01
4.067999999999999949e-01
4.073333333333333250e-01
4.075333333333333585e-01
4.077333333333333365e-01
4.080666666666666886e-01
4.082000000000000073e-01
4.084666666666666446e-01
4.089999999999999747e-01
4.092000000000000082e-01
4.093333333333333268e-01
4.096000000000000196e-01
4.097333333333333383e-01
4.097999999999999976e-01
4.098666666666666569e-01
4.102666666666666684e-01
4.103333333333333277e-01
4.103999999999999870e-01
4.106000000000000205e-01
4.109333333333333171e-01
4.110666666666666913e-01
4.112000000000000099e-01
4.112666666666666693e-01
4.115333333333333066e-01
4.118666666666666587e-01
4.119999999999999774e-01
4.121333333333333515e-01
4.123999999999999888e-01
4.127333333333333409e-01
4.129333333333333189e-01
4.132666666666666710e-01
4.133333333333333304e-01
4.136666666666666825e-01
4.139333333333333198e-01
4.144666666666666499e-01
4.146000000000000241e-01
4.147333333333333427e-01
4.146000000000000241e-01
4.146666666666666834e-01
4.147333333333333427e-01
4.149999999999999800e-01
4.153999999999999915e-01
4.156000000000000250e-01
4.158000000000000029e-01
4.156000000000000250e-01
4.158000000000000029e-01
4.162000000000000144e-01
4.164666666666666517e-01
4.166000000000000258e-01
4.166666666666666852e-01
4.168666666666666631e-01
4.170666666666666411e-01
4.172000000000000153e-01
4.173999999999999932e-01
4.175333333333333119e-01
4.178000000000000047e-01
4.182666666666666755e-01
4.187333333333333463e-01
4.188666666666666649e-01
4.189333333333333242e-01
4.191333333333333577e-01
4.193333333333333357e-01
4.193333333333333357e-01
4.194666666666666544e-01
4.199999999999999845e-01
4.202666666666666773e-01
4.203999999999999959e-01
4.207333333333333480e-01
4.209999999999999853e-01
4.210666666666666447e-01
4.213333333333333375e-01
4.215999999999999748e-01
4.218666666666666676e-01
4.220666666666666456e-01
4.223333333333333384e-01
4.224666666666666570e-01
4.225999999999999757e-01
4.229999999999999871e-01
4.231333333333333058e-01
4.229333333333333278e-01
4.232000000000000206e-01
4.234666666666666579e-01
4.236666666666666914e-01
4.236666666666666914e-01
4.239333333333333287e-01
4.239999999999999880e-01
4.242666666666666808e-01
4.243333333333333401e-01
4.244666666666666588e-01
4.245333333333333181e-01
4.248000000000000109e-01
4.248666666666666702e-01
4.252000000000000224e-01
4.250666666666666482e-01
4.253333333333333410e-01
4.253333333333333410e-01
4.255333333333333190e-01
4.262000000000000233e-01
4.261333333333333084e-01
4.262666666666666826e-01
4.265333333333333199e-01
4.267333333333333534e-01
4.271333333333333093e-01
4.272666666666666835e-01
4.278000000000000136e-01
4.279333333333333322e-01
4.282666666666666844e-01
4.284666666666666623e-01
4.292666666666666853e-01
4.292666666666666853e-01
4.294000000000000039e-01
4.295333333333333226e-01
4.297333333333333560e-01
4.299999999999999933e-01
4.301333333333333120e-01
4.302000000000000268e-01
4.304666666666666641e-01
4.307333333333333569e-01
4.306666666666666421e-01
4.308000000000000163e-01
4.309999999999999942e-01
4.311333333333333129e-01
4.315333333333333243e-01
4.319333333333333358e-01
4.320666666666666544e-01
4.323333333333333472e-01
4.325999999999999845e-01
4.326666666666666439e-01
4.328000000000000180e-01
4.329999999999999960e-01
4.330666666666666553e-01
4.331333333333333147e-01
4.331999999999999740e-01
4.335999999999999854e-01
4.335999999999999854e-01
4.337333333333333596e-01
4.337333333333333596e-01
4.335999999999999854e-01
4.340666666666666562e-01
4.341999999999999749e-01
4.343333333333333490e-01
4.344666666666666677e-01
4.345999999999999863e-01
4.345999999999999863e-01
4.347333333333333605e-01
4.349333333333333385e-01
4.349999999999999978e-01
4.351999999999999758e-01
4.355333333333333279e-01
4.357333333333333059e-01
4.359333333333333393e-01
4.361999999999999766e-01
4.364666666666666694e-01
4.366666666666666474e-01
4.365999999999999881e-01
4.368666666666666809e-01
4.369333333333333402e-01
4.372666666666666924e-01
4.374666666666666703e-01
4.375999999999999890e-01
4.377333333333333076e-01
4.379333333333333411e-01
4.379333333333333411e-01
4.381999999999999784e-01
4.383333333333333526e-01
4.385333333333333306e-01
4.389333333333333420e-01
4.390000000000000013e-01
4.393333333333333535e-01
4.393333333333333535e-01
4.394000000000000128e-01
4.395333333333333314e-01
4.398000000000000242e-01
4.399333333333333429e-01
4.400666666666666615e-01
4.401999999999999802e-01
4.404666666666666730e-01
4.405999999999999917e-01
4.406666666666666510e-01
4.410666666666666624e-01
4.413333333333333552e-01
4.414666666666666739e-01
4.415333333333333332e-01
4.415999999999999925e-01
4.417333333333333112e-01
4.418666666666666853e-01
4.419333333333333447e-01
4.419333333333333447e-01
4.420000000000000040e-01
4.421333333333333226e-01
4.420666666666666633e-01
4.423333333333333561e-01
4.424666666666666748e-01
4.427333333333333121e-01
4.428000000000000269e-01
4.430000000000000049e-01
4.431999999999999829e-01
4.435999999999999943e-01
4.437333333333333130e-01
4.441333333333333244e-01
4.444000000000000172e-01
4.444666666666666766e-01
4.445333333333333359e-01
4.447333333333333139e-01
4.448666666666666880e-01
4.449333333333333473e-01
4.451333333333333253e-01
4.453333333333333588e-01
4.454000000000000181e-01
4.455333333333333368e-01
4.455999999999999961e-01
4.460000000000000075e-01
4.461999999999999855e-01
4.462666666666666448e-01
4.467333333333333156e-01
4.467999999999999750e-01
4.470666666666666678e-01
4.471999999999999864e-01
4.472666666666666457e-01
4.474000000000000199e-01
4.475999999999999979e-01
4.479333333333333500e-01
4.480000000000000093e-01
4.482666666666666466e-01
4.484666666666666801e-01
4.484666666666666801e-01
4.484000000000000208e-01
4.484666666666666801e-01
4.484666666666666801e-01
4.485333333333333394e-01
4.487333333333333174e-01
4.487333333333333174e-01
4.491333333333333289e-01
4.491333333333333289e-01
4.494000000000000217e-01
4.492666666666666475e-01
4.492666666666666475e-01
4.495333333333333403e-01
4.497999999999999776e-01
4.497999999999999776e-01
4.497333333333333183e-01
4.498666666666666925e-01
4.498666666666666925e-01
4.499333333333333518e-01
4.503333333333333077e-01
4.503333333333333077e-01
4.503333333333333077e-01
4.504000000000000226e-01
4.503333333333333077e-01
4.504666666666666819e-01
4.506666666666666599e-01
4.507333333333333192e-01
4.507333333333333192e-01
4.509333333333333527e-01
4.510666666666666713e-01
4.511999999999999900e-01
4.510000000000000120e-01
4.511333333333333306e-01
4.514000000000000234e-01
4.514666666666666828e-01
4.515333333333333421e-01
4.516666666666666607e-01
4.517999999999999794e-01
4.516666666666666607e-01
4.519333333333333536e-01
4.520666666666666722e-01
4.523333333333333095e-01
4.522666666666666502e-01
4.524000000000000243e-01
4.525333333333333430e-01
4.525333333333333430e-01
4.527333333333333210e-01
4.527333333333333210e-01
4.527333333333333210e-01
4.530666666666666731e-01
4.530000000000000138e-01
4.531333333333333324e-01
4.530666666666666731e-01
4.532666666666666511e-01
4.535333333333333439e-01
4.536000000000000032e-01
4.536000000000000032e-01
4.536000000000000032e-01
4.537999999999999812e-01
4.537999999999999812e-01
4.537999999999999812e-01
4.539333333333333553e-01
4.542666666666666520e-01
4.544666666666666854e-01
4.544000000000000261e-01
4.547333333333333227e-01
4.547333333333333227e-01
4.551999999999999935e-01
4.551999999999999935e-01
4.551333333333333342e-01
4.555333333333333456e-01
4.554000000000000270e-01
4.556000000000000050e-01
4.556000000000000050e-01
4.557333333333333236e-01
4.560666666666666758e-01
4.561333333333333351e-01
4.560666666666666758e-01
4.560666666666666758e-01
4.561999999999999944e-01
4.564666666666666872e-01
4.566000000000000059e-01
4.567333333333333245e-01
4.570000000000000173e-01
4.571999999999999953e-01
4.573333333333333139e-01
4.571999999999999953e-01
4.572666666666666546e-01
4.573333333333333139e-01
4.573999999999999733e-01
4.573999999999999733e-01
4.576000000000000068e-01
4.576000000000000068e-01
4.576666666666666661e-01
4.576666666666666661e-01
4.580000000000000182e-01
4.577333333333333254e-01
4.581333333333333369e-01
4.581999999999999962e-01
4.580666666666666775e-01
4.584666666666666890e-01
4.586000000000000076e-01
4.586666666666666670e-01
4.589333333333333598e-01
4.591333333333333377e-01
4.593999999999999750e-01
4.594666666666666899e-01
4.594666666666666899e-01
4.597333333333333272e-01
4.598666666666666458e-01
4.600666666666666793e-01
4.601333333333333386e-01
4.599333333333333607e-01
4.601333333333333386e-01
4.602666666666666573e-01
4.604666666666666908e-01
4.603999999999999759e-01
4.603999999999999759e-01
4.603999999999999759e-01
4.606000000000000094e-01
4.606666666666666687e-01
4.610666666666666802e-01
4.610666666666666802e-01
4.615333333333333510e-01
4.616666666666666696e-01
4.617333333333333290e-01
4.620000000000000218e-01
4.619333333333333069e-01
4.621333333333333404e-01
4.624666666666666925e-01
4.625333333333333519e-01
4.626000000000000112e-01
4.630000000000000226e-01
4.630666666666666820e-01
4.632000000000000006e-01
4.632666666666666599e-01
4.632666666666666599e-01
4.636000000000000121e-01
4.635333333333333528e-01
4.636000000000000121e-01
4.636000000000000121e-01
4.636666666666666714e-01
4.637999999999999901e-01
4.640000000000000235e-01
4.642000000000000015e-01
4.643333333333333202e-01
4.646000000000000130e-01
4.647999999999999909e-01
4.647999999999999909e-01
4.648666666666666503e-01
4.650666666666666837e-01
4.652000000000000024e-01
4.652666666666666617e-01
4.652666666666666617e-01
4.653999999999999804e-01
4.654666666666666397e-01
4.654666666666666397e-01
4.654666666666666397e-01
4.654666666666666397e-01
4.654666666666666397e-01
4.656000000000000139e-01
4.657999999999999918e-01
4.657333333333333325e-01
4.660000000000000253e-01
4.659333333333333105e-01
4.663333333333333219e-01
4.663999999999999813e-01
4.662666666666666626e-01
4.663333333333333219e-01
4.666000000000000147e-01
4.666666666666666741e-01
4.667999999999999927e-01
4.666000000000000147e-01
4.669333333333333114e-01
4.670000000000000262e-01
4.671333333333333449e-01
4.672000000000000042e-01
4.671333333333333449e-01
4.672666666666666635e-01
4.671333333333333449e-01
4.672666666666666635e-01
4.673333333333333228e-01
4.673333333333333228e-01
4.671333333333333449e-01
4.672666666666666635e-01
4.672666666666666635e-01
4.673333333333333228e-01
4.673333333333333228e-01
4.675333333333333563e-01
4.675333333333333563e-01
4.677999999999999936e-01
4.679333333333333123e-01
4.680000000000000271e-01
4.679333333333333123e-01
4.680666666666666864e-01
4.682666666666666644e-01
4.686000000000000165e-01
4.684666666666666424e-01
4.687333333333333352e-01
4.687333333333333352e-01
4.688666666666666538e-01
4.689999999999999725e-01
4.690666666666666873e-01
4.691333333333333466e-01
4.691333333333333466e-01
4.692000000000000060e-01
4.690666666666666873e-01
4.691333333333333466e-01
4.693333333333333246e-01
4.696000000000000174e-01
4.696000000000000174e-01
4.697333333333333361e-01
4.697999999999999954e-01
4.698666666666666547e-01
4.699333333333333140e-01
4.697999999999999954e-01
4.701333333333333475e-01
4.702000000000000068e-01
4.702666666666666662e-01
4.705333333333333590e-01
4.702666666666666662e-01
4.703333333333333255e-01
4.704666666666666441e-01
4.705333333333333590e-01
4.707333333333333369e-01
4.707999999999999963e-01
4.708666666666666556e-01
4.708666666666666556e-01
4.711333333333333484e-01
4.710666666666666891e-01
4.713999999999999857e-01
4.713333333333333264e-01
4.715333333333333599e-01
4.713999999999999857e-01
4.716000000000000192e-01
4.717333333333333378e-01
4.716000000000000192e-01
4.716000000000000192e-01
4.713999999999999857e-01
4.717999999999999972e-01
4.719999999999999751e-01
4.722000000000000086e-01
4.722000000000000086e-01
4.723999999999999866e-01
4.725333333333333607e-01
4.724666666666666459e-01
4.725333333333333607e-01
4.726000000000000201e-01
4.728666666666666574e-01
4.729333333333333167e-01
4.729999999999999760e-01
4.730666666666666909e-01
4.732666666666666688e-01
4.732000000000000095e-01
4.732666666666666688e-01
4.734666666666666468e-01
4.736000000000000210e-01
4.735333333333333061e-01
4.737999999999999989e-01
4.737999999999999989e-01
4.738666666666666583e-01
4.740666666666666917e-01
4.740666666666666917e-01
4.741333333333333511e-01
4.742666666666666697e-01
4.743333333333333290e-01
4.744666666666666477e-01
4.746666666666666812e-01
4.746000000000000218e-01
4.749333333333333185e-01
4.748666666666666591e-01
4.749999999999999778e-01
4.750666666666666926e-01
4.751333333333333520e-01
4.752666666666666706e-01
4.752000000000000113e-01
4.753999999999999893e-01
4.753333333333333299e-01
4.753333333333333299e-01
4.753333333333333299e-01
4.756000000000000227e-01
4.758666666666666600e-01
4.758000000000000007e-01
4.757333333333333414e-01
4.759333333333333194e-01
4.762000000000000122e-01
4.763333333333333308e-01
4.762666666666666715e-01
4.763333333333333308e-01
4.766000000000000236e-01
4.766666666666666829e-01
4.768000000000000016e-01
4.769333333333333202e-01
4.769333333333333202e-01
4.767333333333333423e-01
4.770666666666666944e-01
4.769999999999999796e-01
4.772000000000000131e-01
4.773333333333333317e-01
4.773333333333333317e-01
4.775333333333333097e-01
4.775333333333333097e-01
4.778666666666666618e-01
4.779333333333333211e-01
4.778666666666666618e-01
4.781333333333333546e-01
4.781333333333333546e-01
4.781333333333333546e-01
4.782000000000000139e-01
4.782666666666666733e-01
4.782666666666666733e-01
4.784666666666666512e-01
4.783999999999999919e-01
4.783333333333333326e-01
4.782000000000000139e-01
4.782666666666666733e-01
4.781333333333333546e-01
4.781333333333333546e-01
4.780666666666666398e-01
4.783999999999999919e-01
4.786000000000000254e-01
4.786000000000000254e-01
4.786666666666666847e-01
4.788000000000000034e-01
4.788666666666666627e-01
4.789999999999999813e-01
4.793333333333333335e-01
4.793333333333333335e-01
4.794666666666666521e-01
4.796000000000000263e-01
4.797333333333333449e-01
4.796000000000000263e-01
4.798666666666666636e-01
4.798666666666666636e-01
4.799333333333333229e-01
4.800666666666666416e-01
4.800666666666666416e-01
4.801333333333333564e-01
4.800666666666666416e-01
4.803333333333333344e-01
4.803999999999999937e-01
4.803999999999999937e-01
4.806666666666666865e-01
4.808000000000000052e-01
4.806666666666666865e-01
4.809333333333333238e-01
4.809333333333333238e-01
4.810666666666666424e-01
4.810666666666666424e-01
4.809333333333333238e-01
4.809999999999999831e-01
4.811333333333333573e-01
4.811333333333333573e-01
4.811333333333333573e-01
4.812000000000000166e-01
4.810666666666666424e-01
4.812000000000000166e-01
4.813333333333333353e-01
4.815333333333333132e-01
4.814666666666666539e-01
4.815999999999999726e-01
4.816666666666666874e-01
4.818666666666666654e-01
4.819999999999999840e-01
4.818000000000000060e-01
4.819333333333333247e-01
4.819333333333333247e-01
4.819999999999999840e-01
4.818666666666666654e-01
4.821333333333333582e-01
4.823333333333333361e-01
4.823999999999999955e-01
4.823999999999999955e-01
4.825333333333333141e-01
4.823999999999999955e-01
4.825999999999999734e-01
4.827333333333333476e-01
4.826666666666666883e-01
4.829333333333333256e-01
4.829999999999999849e-01
4.831333333333333591e-01
4.830666666666666442e-01
4.830666666666666442e-01
