2.733999999999999764e-01
2.748666666666666480e-01
2.775333333333333541e-01
2.796666666666666745e-01
2.822000000000000064e-01
2.843333333333333268e-01
2.857333333333333392e-01
2.873999999999999888e-01
2.889999999999999791e-01
2.910666666666666402e-01
2.923999999999999932e-01
2.944666666666666544e-01
2.962666666666666782e-01
2.973999999999999977e-01
2.996666666666666923e-01
3.014666666666666606e-01
3.028666666666666729e-01
3.046666666666666412e-01
3.058666666666666756e-01
3.075999999999999845e-01
3.089333333333333376e-01
3.108000000000000207e-01
3.119999999999999996e-01
3.128666666666666818e-01
3.140000000000000013e-01
3.155333333333333323e-01
3.167333333333333112e-01
3.178000000000000269e-01
3.191999999999999837e-01
3.206666666666666554e-01
3.217999999999999750e-01
3.224000000000000199e-01
3.238666666666666916e-01
3.250666666666666704e-01
3.261333333333333306e-01
3.270000000000000129e-01
3.277333333333333210e-01
3.287333333333333218e-01
3.296000000000000041e-01
3.312666666666666537e-01
3.320666666666666766e-01
3.330666666666666775e-01
3.336666666666666670e-01
3.346000000000000085e-01
3.353999999999999759e-01
3.363333333333333175e-01
3.373333333333333184e-01
3.378666666666666485e-01
3.382000000000000006e-01
3.392666666666666608e-01
3.400666666666666837e-01
3.410000000000000253e-01
3.421333333333333449e-01
3.426666666666666750e-01
3.437999999999999945e-01
3.442666666666666653e-01
3.450666666666666882e-01
3.464666666666666450e-01
3.470666666666666900e-01
3.473333333333333273e-01
3.479333333333333167e-01
3.488666666666666583e-01
3.491333333333333511e-01
3.499333333333333185e-01
3.505333333333333079e-01
3.513999999999999901e-01
3.521333333333333537e-01
3.528000000000000025e-01
3.532000000000000139e-01
3.535333333333333106e-01
3.542666666666666742e-01
3.548666666666666636e-01
3.553999999999999937e-01
3.557333333333333458e-01
3.564666666666666539e-01
3.569999999999999840e-01
3.574666666666666548e-01
3.578000000000000069e-01
3.585999999999999743e-01
3.588000000000000078e-01
3.596666666666666901e-01
3.602000000000000202e-01
3.606666666666666909e-01
3.609999999999999876e-01
3.615333333333333177e-01
3.623333333333333406e-01
3.629333333333333300e-01
3.635333333333333194e-01
3.637333333333333529e-01
3.644666666666666610e-01
3.647333333333333538e-01
3.652666666666666839e-01
3.659333333333333327e-01
3.664000000000000035e-01
3.665333333333333221e-01
3.669999999999999929e-01
3.672000000000000264e-01
3.676666666666666416e-01
3.682666666666666866e-01
3.688000000000000167e-01
3.696666666666666434e-01
3.700666666666666549e-01
3.705333333333333257e-01
3.711999999999999744e-01
3.714000000000000079e-01
3.725333333333333274e-01
3.729333333333333389e-01
3.732666666666666910e-01
3.735333333333333283e-01
3.740666666666666584e-01
3.745333333333333292e-01
3.748000000000000220e-01
3.752666666666666928e-01
3.753333333333333521e-01
3.757333333333333081e-01
3.761999999999999789e-01
3.769333333333333425e-01
3.775333333333333319e-01
3.779333333333333433e-01
3.783333333333333548e-01
3.784000000000000141e-01
3.787333333333333107e-01
3.791999999999999815e-01
3.795333333333333337e-01
3.801999999999999824e-01
3.805333333333333345e-01
3.809333333333333460e-01
3.813333333333333575e-01
3.815333333333333354e-01
3.820000000000000062e-01
3.825333333333333363e-01
3.830666666666666664e-01
3.831333333333333258e-01
3.834666666666666779e-01
3.836666666666666559e-01
3.840000000000000080e-01
3.843333333333333601e-01
3.850000000000000089e-01
3.854000000000000203e-01
3.854666666666666797e-01
3.856666666666666576e-01
3.860666666666666691e-01
3.865999999999999992e-01
3.868666666666666920e-01
3.874000000000000221e-01
3.876000000000000001e-01
3.877333333333333187e-01
3.882666666666666488e-01
3.887999999999999790e-01
3.891333333333333311e-01
3.896000000000000019e-01
3.899333333333333540e-01
3.904000000000000248e-01
3.906666666666666621e-01
3.906666666666666621e-01
3.911999999999999922e-01
3.914000000000000257e-01
3.916666666666666630e-01
3.922666666666666524e-01
3.926666666666666639e-01
3.929333333333333567e-01
3.931333333333333346e-01
3.933333333333333126e-01
3.936666666666666647e-01
3.941333333333333355e-01
3.946666666666666656e-01
3.952666666666666551e-01
3.955333333333333479e-01
3.960666666666666780e-01
3.961999999999999966e-01
3.963333333333333153e-01
3.966666666666666674e-01
3.973333333333333162e-01
3.976666666666666683e-01
3.978666666666666463e-01
3.981999999999999984e-01
3.985333333333333505e-01
3.991999999999999993e-01
3.993999999999999773e-01
3.999333333333333074e-01
4.005333333333333523e-01
4.005333333333333523e-01
4.010000000000000231e-01
4.012666666666666604e-01
4.013999999999999790e-01
4.017999999999999905e-01
4.022666666666666613e-01
4.027999999999999914e-01
4.028666666666666507e-01
4.031333333333333435e-01
4.030666666666666842e-01
4.033999999999999808e-01
4.036000000000000143e-01
4.038666666666666516e-01
4.040666666666666851e-01
4.043999999999999817e-01
4.046666666666666745e-01
4.048666666666666525e-01
4.048666666666666525e-01
4.051333333333333453e-01
4.057333333333333347e-01
4.059333333333333127e-01
4.060000000000000275e-01
4.062666666666666648e-01
4.067999999999999949e-01
4.069333333333333136e-01
4.070666666666666877e-01
4.070666666666666877e-01
4.070666666666666877e-01
4.073333333333333250e-01
4.075333333333333585e-01
4.078666666666666551e-01
4.079333333333333145e-01
4.082000000000000073e-01
4.084666666666666446e-01
4.083333333333333259e-01
4.086000000000000187e-01
4.087999999999999967e-01
4.089999999999999747e-01
4.091333333333333488e-01
4.094666666666666455e-01
4.099999999999999756e-01
4.102000000000000091e-01
4.100666666666666904e-01
4.103333333333333277e-01
4.107999999999999985e-01
4.107333333333333392e-01
4.111333333333333506e-01
4.112666666666666693e-01
4.115333333333333066e-01
4.116666666666666807e-01
4.120666666666666922e-01
4.119333333333333180e-01
4.124666666666666481e-01
4.125333333333333075e-01
4.126666666666666816e-01
4.129999999999999782e-01
4.131333333333333524e-01
4.134666666666666490e-01
4.135333333333333083e-01
4.140666666666666940e-01
4.141333333333333533e-01
4.142000000000000126e-01
4.146666666666666834e-01
4.148000000000000020e-01
4.152000000000000135e-01
4.153999999999999915e-01
4.156000000000000250e-01
4.158000000000000029e-01
4.158666666666666623e-01
4.159999999999999809e-01
4.161333333333333551e-01
4.159999999999999809e-01
4.160666666666666402e-01
4.161333333333333551e-01
4.163999999999999924e-01
4.166000000000000258e-01
4.166000000000000258e-01
4.166666666666666852e-01
4.168000000000000038e-01
4.172666666666666746e-01
4.175333333333333119e-01
4.180666666666666420e-01
4.184666666666666535e-01
4.185333333333333128e-01
4.189999999999999836e-01
4.193333333333333357e-01
4.190666666666666429e-01
4.193999999999999950e-01
4.196666666666666878e-01
4.195333333333333137e-01
4.197333333333333472e-01
4.195333333333333137e-01
4.199333333333333251e-01
4.200666666666666438e-01
4.199333333333333251e-01
4.205333333333333146e-01
4.210666666666666447e-01
4.212666666666666782e-01
4.212666666666666782e-01
4.214666666666666561e-01
4.213999999999999968e-01
4.217333333333333489e-01
4.219999999999999862e-01
4.222000000000000197e-01
4.222000000000000197e-01
4.222000000000000197e-01
4.228666666666666685e-01
4.230666666666666464e-01
4.232000000000000206e-01
4.235999999999999766e-01
4.238666666666666694e-01
4.242000000000000215e-01
4.245333333333333181e-01
4.247333333333333516e-01
4.248000000000000109e-01
4.255333333333333190e-01
4.256666666666666932e-01
4.258666666666666711e-01
4.264666666666666606e-01
4.263333333333333419e-01
4.269999999999999907e-01
4.269999999999999907e-01
4.272000000000000242e-01
4.272666666666666835e-01
4.274000000000000021e-01
4.277333333333333543e-01
4.277333333333333543e-01
4.279999999999999916e-01
4.282000000000000250e-01
4.284000000000000030e-01
4.284000000000000030e-01
4.284666666666666623e-01
4.288666666666666738e-01
4.288666666666666738e-01
4.292000000000000259e-01
4.292000000000000259e-01
4.294666666666666632e-01
4.294666666666666632e-01
4.294666666666666632e-01
4.294000000000000039e-01
4.294666666666666632e-01
4.298666666666666747e-01
4.298666666666666747e-01
4.297333333333333560e-01
4.300666666666666527e-01
4.301333333333333120e-01
4.302000000000000268e-01
4.304000000000000048e-01
4.308000000000000163e-01
4.308666666666666756e-01
4.311333333333333129e-01
4.314666666666666650e-01
4.315999999999999837e-01
4.321333333333333138e-01
4.323333333333333472e-01
4.325999999999999845e-01
4.329999999999999960e-01
4.330666666666666553e-01
4.330666666666666553e-01
4.334000000000000075e-01
4.340666666666666562e-01
4.340666666666666562e-01
4.344000000000000083e-01
4.345999999999999863e-01
4.346666666666666456e-01
4.346666666666666456e-01
4.348000000000000198e-01
4.348666666666666791e-01
4.351333333333333164e-01
4.353333333333333499e-01
4.354666666666666686e-01
4.355999999999999872e-01
4.355999999999999872e-01
4.359333333333333393e-01
4.362666666666666915e-01
4.364666666666666694e-01
4.366666666666666474e-01
4.369333333333333402e-01
4.370666666666666589e-01
4.369999999999999996e-01
4.373333333333333517e-01
4.374000000000000110e-01
4.378000000000000225e-01
4.378666666666666818e-01
4.378000000000000225e-01
4.378666666666666818e-01
4.380666666666666598e-01
4.380666666666666598e-01
4.384666666666666712e-01
4.384666666666666712e-01
4.385999999999999899e-01
4.388000000000000234e-01
4.390000000000000013e-01
4.390666666666666607e-01
4.390000000000000013e-01
4.393333333333333535e-01
4.394000000000000128e-01
4.401333333333333209e-01
4.400000000000000022e-01
4.401999999999999802e-01
4.401333333333333209e-01
4.404000000000000137e-01
4.406666666666666510e-01
4.405999999999999917e-01
4.407333333333333103e-01
4.409333333333333438e-01
4.408000000000000251e-01
4.409333333333333438e-01
4.409333333333333438e-01
4.414000000000000146e-01
4.412666666666666404e-01
4.417333333333333112e-01
4.418000000000000260e-01
4.420666666666666633e-01
4.427333333333333121e-01
4.429333333333333456e-01
4.431333333333333235e-01
4.434000000000000163e-01
4.437333333333333130e-01
4.437999999999999723e-01
4.437999999999999723e-01
4.443333333333333579e-01
4.441333333333333244e-01
4.441333333333333244e-01
4.444666666666666766e-01
4.447999999999999732e-01
4.451333333333333253e-01
4.453333333333333588e-01
4.453333333333333588e-01
4.455999999999999961e-01
4.455999999999999961e-01
4.455333333333333368e-01
4.458666666666666889e-01
4.461999999999999855e-01
4.465333333333333377e-01
4.466666666666666563e-01
4.466666666666666563e-01
4.467333333333333156e-01
4.468666666666666898e-01
4.469333333333333491e-01
4.470000000000000084e-01
4.467999999999999750e-01
4.471333333333333271e-01
4.471999999999999864e-01
4.475999999999999979e-01
4.475999999999999979e-01
4.477333333333333165e-01
4.477333333333333165e-01
4.477333333333333165e-01
4.479333333333333500e-01
4.476666666666666572e-01
4.476666666666666572e-01
4.477333333333333165e-01
4.479333333333333500e-01
4.479333333333333500e-01
4.479333333333333500e-01
4.480000000000000093e-01
4.481999999999999873e-01
4.482666666666666466e-01
4.482666666666666466e-01
4.484666666666666801e-01
4.484666666666666801e-01
4.489333333333333509e-01
4.491999999999999882e-01
4.494666666666666810e-01
4.494000000000000217e-01
4.496666666666666590e-01
4.496666666666666590e-01
4.495333333333333403e-01
4.495999999999999996e-01
4.497333333333333183e-01
4.498666666666666925e-01
4.497333333333333183e-01
4.497999999999999776e-01
4.499333333333333518e-01
4.501999999999999891e-01
4.502666666666666484e-01
4.503333333333333077e-01
4.504000000000000226e-01
4.502666666666666484e-01
4.504666666666666819e-01
4.507333333333333192e-01
4.507333333333333192e-01
4.509333333333333527e-01
4.511999999999999900e-01
4.511333333333333306e-01
4.510666666666666713e-01
4.511999999999999900e-01
4.516000000000000014e-01
4.517999999999999794e-01
4.520000000000000129e-01
4.521999999999999909e-01
4.522666666666666502e-01
4.523333333333333095e-01
4.522666666666666502e-01
4.524000000000000243e-01
4.525333333333333430e-01
4.525333333333333430e-01
4.526000000000000023e-01
4.527333333333333210e-01
4.527333333333333210e-01
4.527333333333333210e-01
4.527999999999999803e-01
4.527999999999999803e-01
4.530000000000000138e-01
4.533333333333333104e-01
4.534666666666666845e-01
4.534666666666666845e-01
4.534666666666666845e-01
4.534666666666666845e-01
4.537999999999999812e-01
4.537999999999999812e-01
4.541333333333333333e-01
4.540666666666666740e-01
4.544666666666666854e-01
4.544666666666666854e-01
4.547333333333333227e-01
4.544000000000000261e-01
4.544000000000000261e-01
4.546666666666666634e-01
4.546000000000000041e-01
4.547333333333333227e-01
4.550000000000000155e-01
4.554000000000000270e-01
4.554000000000000270e-01
4.553333333333333122e-01
4.554666666666666863e-01
4.555333333333333456e-01
4.556666666666666643e-01
4.557333333333333236e-01
4.560000000000000164e-01
4.563333333333333131e-01
4.564666666666666872e-01
4.566666666666666652e-01
4.567999999999999838e-01
4.568666666666666432e-01
4.571999999999999953e-01
4.573333333333333139e-01
4.576000000000000068e-01
4.576666666666666661e-01
4.576666666666666661e-01
4.578666666666666440e-01
4.580000000000000182e-01
4.580666666666666775e-01
4.581999999999999962e-01
4.580666666666666775e-01
4.583999999999999742e-01
4.583999999999999742e-01
4.583999999999999742e-01
4.586666666666666670e-01
4.587333333333333263e-01
4.588666666666666449e-01
4.591333333333333377e-01
4.590000000000000191e-01
4.591999999999999971e-01
4.592666666666666564e-01
4.594666666666666899e-01
4.593999999999999750e-01
4.597333333333333272e-01
4.596666666666666679e-01
4.597999999999999865e-01
4.598666666666666458e-01
4.600000000000000200e-01
4.598666666666666458e-01
4.598666666666666458e-01
4.601333333333333386e-01
4.603333333333333166e-01
4.603333333333333166e-01
4.603999999999999759e-01
4.606666666666666687e-01
4.607999999999999874e-01
4.610000000000000209e-01
4.612666666666666582e-01
4.611999999999999988e-01
4.610000000000000209e-01
4.611999999999999988e-01
4.616000000000000103e-01
4.616666666666666696e-01
4.619333333333333069e-01
4.618666666666666476e-01
4.621333333333333404e-01
4.619333333333333069e-01
4.618666666666666476e-01
4.620666666666666811e-01
4.620000000000000218e-01
4.623333333333333184e-01
4.623333333333333184e-01
4.623333333333333184e-01
4.623999999999999777e-01
4.626000000000000112e-01
4.623333333333333184e-01
4.624666666666666925e-01
4.626000000000000112e-01
4.627333333333333298e-01
4.629333333333333078e-01
4.630000000000000226e-01
4.632000000000000006e-01
4.633999999999999786e-01
4.632666666666666599e-01
4.633999999999999786e-01
4.636000000000000121e-01
4.636000000000000121e-01
4.637333333333333307e-01
4.638666666666666494e-01
4.639333333333333087e-01
4.637999999999999901e-01
4.639333333333333087e-01
4.640666666666666829e-01
4.640000000000000235e-01
4.640666666666666829e-01
4.644666666666666943e-01
4.643333333333333202e-01
4.643333333333333202e-01
4.642666666666666608e-01
4.643333333333333202e-01
4.643999999999999795e-01
4.645333333333333536e-01
4.643333333333333202e-01
4.647999999999999909e-01
4.648666666666666503e-01
4.652000000000000024e-01
4.651333333333333431e-01
4.653333333333333210e-01
4.654666666666666397e-01
4.656666666666666732e-01
4.656000000000000139e-01
4.657999999999999918e-01
4.660000000000000253e-01
4.659333333333333105e-01
4.659333333333333105e-01
4.662000000000000033e-01
4.662666666666666626e-01
4.663999999999999813e-01
4.662666666666666626e-01
4.663999999999999813e-01
4.663999999999999813e-01
4.663999999999999813e-01
4.664666666666666406e-01
4.664666666666666406e-01
4.666666666666666741e-01
4.664666666666666406e-01
4.668666666666666520e-01
4.667333333333333334e-01
4.667999999999999927e-01
4.669333333333333114e-01
4.667333333333333334e-01
4.670000000000000262e-01
4.669333333333333114e-01
4.672000000000000042e-01
4.672666666666666635e-01
4.671333333333333449e-01
4.671333333333333449e-01
4.669333333333333114e-01
4.672000000000000042e-01
4.671333333333333449e-01
4.672666666666666635e-01
4.671333333333333449e-01
4.672000000000000042e-01
4.674666666666666415e-01
4.672666666666666635e-01
4.676000000000000156e-01
4.673999999999999821e-01
4.677999999999999936e-01
4.681333333333333457e-01
4.678666666666666529e-01
4.680000000000000271e-01
4.680000000000000271e-01
4.682000000000000051e-01
4.682666666666666644e-01
4.682666666666666644e-01
4.685333333333333572e-01
4.684666666666666424e-01
4.686666666666666758e-01
4.686666666666666758e-01
4.689999999999999725e-01
4.690666666666666873e-01
4.692666666666666653e-01
4.692666666666666653e-01
4.692666666666666653e-01
4.693333333333333246e-01
4.692666666666666653e-01
4.692666666666666653e-01
4.692666666666666653e-01
4.690666666666666873e-01
4.689999999999999725e-01
4.690666666666666873e-01
4.689333333333333131e-01
4.694666666666666432e-01
4.693333333333333246e-01
4.692000000000000060e-01
4.692666666666666653e-01
4.693999999999999839e-01
4.694666666666666432e-01
4.696000000000000174e-01
4.695333333333333581e-01
4.697333333333333361e-01
4.696666666666666767e-01
4.700666666666666882e-01
4.698666666666666547e-01
4.700666666666666882e-01
4.699999999999999734e-01
4.701333333333333475e-01
4.700666666666666882e-01
4.702000000000000068e-01
4.702666666666666662e-01
4.704666666666666441e-01
4.705333333333333590e-01
4.706666666666666776e-01
4.707333333333333369e-01
4.707333333333333369e-01
4.709333333333333149e-01
4.712000000000000077e-01
4.712000000000000077e-01
4.712000000000000077e-01
4.712000000000000077e-01
4.713999999999999857e-01
4.713333333333333264e-01
4.717999999999999972e-01
4.719333333333333158e-01
4.717999999999999972e-01
4.716666666666666785e-01
4.721333333333333493e-01
4.723333333333333273e-01
4.722666666666666679e-01
4.723333333333333273e-01
4.725333333333333607e-01
4.724666666666666459e-01
4.725333333333333607e-01
4.724666666666666459e-01
4.724666666666666459e-01
4.726666666666666794e-01
4.729333333333333167e-01
4.728666666666666574e-01
4.727999999999999980e-01
4.729999999999999760e-01
4.729999999999999760e-01
4.730666666666666909e-01
4.730666666666666909e-01
4.733333333333333282e-01
4.732666666666666688e-01
4.733333333333333282e-01
4.736666666666666803e-01
4.736666666666666803e-01
4.738666666666666583e-01
4.741333333333333511e-01
4.741333333333333511e-01
4.743999999999999884e-01
4.745333333333333070e-01
4.747333333333333405e-01
