3.784000000000000141e-01
3.786666666666666514e-01
3.793333333333333557e-01
3.798000000000000265e-01
3.808000000000000274e-01
3.810666666666666647e-01
3.819333333333333469e-01
3.823333333333333584e-01
3.822666666666666435e-01
3.826666666666666550e-01
3.830000000000000071e-01
3.833333333333333592e-01
3.835333333333333372e-01
3.839333333333333487e-01
3.840666666666666673e-01
3.844000000000000195e-01
3.849333333333333496e-01
3.852666666666666462e-01
3.855333333333333390e-01
3.856666666666666576e-01
3.858666666666666911e-01
3.860666666666666691e-01
3.865333333333333399e-01
3.866666666666666585e-01
3.870000000000000107e-01
3.872666666666666480e-01
3.874000000000000221e-01
3.876666666666666594e-01
3.878666666666666929e-01
3.881999999999999895e-01
3.883333333333333082e-01
3.886000000000000010e-01
3.886666666666666603e-01
3.890666666666666718e-01
3.893333333333333091e-01
3.896000000000000019e-01
3.897999999999999798e-01
3.904000000000000248e-01
3.906000000000000028e-01
3.907999999999999807e-01
3.912666666666666515e-01
3.915333333333333443e-01
3.919333333333333558e-01
3.922666666666666524e-01
3.924000000000000266e-01
3.927999999999999825e-01
3.934666666666666868e-01
3.934000000000000274e-01
3.936666666666666647e-01
3.943333333333333135e-01
3.946666666666666656e-01
3.948666666666666436e-01
3.950666666666666771e-01
3.953999999999999737e-01
3.955333333333333479e-01
3.960666666666666780e-01
3.963999999999999746e-01
3.967333333333333267e-01
3.970666666666666789e-01
3.976666666666666683e-01
3.978666666666666463e-01
3.981333333333333391e-01
3.981333333333333391e-01
3.983999999999999764e-01
3.985333333333333505e-01
3.986666666666666692e-01
3.986000000000000099e-01
3.989333333333333065e-01
3.993333333333333179e-01
3.996000000000000107e-01
3.997999999999999887e-01
4.004666666666666930e-01
4.004666666666666930e-01
4.012666666666666604e-01
4.014666666666666939e-01
4.018666666666666498e-01
4.022000000000000020e-01
4.022666666666666613e-01
4.023999999999999799e-01
4.026666666666666727e-01
4.029333333333333100e-01
4.030666666666666842e-01
4.033999999999999808e-01
4.035333333333333550e-01
4.036666666666666736e-01
4.039333333333333109e-01
4.040666666666666851e-01
4.042000000000000037e-01
4.044666666666666410e-01
4.044666666666666410e-01
4.047999999999999932e-01
4.052666666666666639e-01
4.056000000000000161e-01
4.057999999999999940e-01
4.060666666666666869e-01
4.064666666666666428e-01
4.066000000000000170e-01
4.066000000000000170e-01
4.067999999999999949e-01
4.069333333333333136e-01
4.073333333333333250e-01
4.076000000000000179e-01
4.076666666666666772e-01
4.082000000000000073e-01
4.082666666666666666e-01
4.084666666666666446e-01
4.087999999999999967e-01
4.091333333333333488e-01
4.092000000000000082e-01
4.094666666666666455e-01
4.097333333333333383e-01
4.096000000000000196e-01
4.098666666666666569e-01
4.099333333333333163e-01
4.102000000000000091e-01
4.102666666666666684e-01
4.107333333333333392e-01
4.109333333333333171e-01
4.110666666666666913e-01
4.112666666666666693e-01
4.112666666666666693e-01
4.112000000000000099e-01
4.117999999999999994e-01
4.117999999999999994e-01
4.121333333333333515e-01
4.124666666666666481e-01
4.125333333333333075e-01
4.128000000000000003e-01
4.128666666666666596e-01
4.129999999999999782e-01
4.132000000000000117e-01
4.133333333333333304e-01
4.135333333333333083e-01
4.135333333333333083e-01
4.136000000000000232e-01
4.144666666666666499e-01
4.143999999999999906e-01
4.145333333333333092e-01
4.143333333333333313e-01
4.147333333333333427e-01
4.151333333333333542e-01
4.153333333333333321e-01
4.155333333333333101e-01
4.157333333333333436e-01
4.158666666666666623e-01
4.159333333333333216e-01
4.160666666666666402e-01
4.165333333333333110e-01
4.168666666666666631e-01
4.168666666666666631e-01
4.168666666666666631e-01
4.169999999999999818e-01
4.172000000000000153e-01
4.173333333333333339e-01
4.179333333333333234e-01
4.180666666666666420e-01
4.184666666666666535e-01
4.188000000000000056e-01
4.189999999999999836e-01
4.191333333333333577e-01
4.193333333333333357e-01
4.195999999999999730e-01
4.197333333333333472e-01
4.196666666666666878e-01
4.198000000000000065e-01
4.203999999999999959e-01
4.205999999999999739e-01
4.208666666666666667e-01
4.211333333333333595e-01
4.213999999999999968e-01
4.215999999999999748e-01
4.220666666666666456e-01
4.222000000000000197e-01
4.223333333333333384e-01
4.225333333333333163e-01
4.228000000000000091e-01
4.229999999999999871e-01
4.231333333333333058e-01
4.232666666666666799e-01
4.232000000000000206e-01
4.233999999999999986e-01
4.235999999999999766e-01
4.238666666666666694e-01
4.239333333333333287e-01
4.242666666666666808e-01
4.243999999999999995e-01
4.246666666666666923e-01
4.245333333333333181e-01
4.245333333333333181e-01
4.245333333333333181e-01
4.247333333333333516e-01
4.248000000000000109e-01
4.250666666666666482e-01
4.252000000000000224e-01
4.254666666666666597e-01
4.254666666666666597e-01
4.256666666666666932e-01
4.261333333333333084e-01
4.261333333333333084e-01
4.265333333333333199e-01
4.265333333333333199e-01
4.268666666666666720e-01
4.269999999999999907e-01
4.270666666666666500e-01
4.274000000000000021e-01
4.275333333333333208e-01
4.280666666666666509e-01
4.283333333333333437e-01
4.285999999999999810e-01
4.291333333333333111e-01
4.294666666666666632e-01
4.295999999999999819e-01
4.299333333333333340e-01
4.299999999999999933e-01
4.300666666666666527e-01
4.304000000000000048e-01
4.304000000000000048e-01
4.305333333333333234e-01
4.307333333333333569e-01
4.308000000000000163e-01
4.311333333333333129e-01
4.314000000000000057e-01
4.314000000000000057e-01
4.315999999999999837e-01
4.315999999999999837e-01
4.323333333333333472e-01
4.323333333333333472e-01
4.327333333333333587e-01
4.328666666666666774e-01
4.329333333333333367e-01
4.331999999999999740e-01
4.333333333333333481e-01
4.331999999999999740e-01
4.333333333333333481e-01
4.335999999999999854e-01
4.336666666666666448e-01
4.338000000000000189e-01
4.339999999999999969e-01
4.340666666666666562e-01
4.341999999999999749e-01
4.342666666666666897e-01
4.344000000000000083e-01
4.344666666666666677e-01
4.345999999999999863e-01
4.348000000000000198e-01
4.348000000000000198e-01
4.348000000000000198e-01
4.349999999999999978e-01
4.354000000000000092e-01
4.354000000000000092e-01
4.357333333333333059e-01
4.360666666666666580e-01
4.360666666666666580e-01
4.361999999999999766e-01
4.364666666666666694e-01
4.365999999999999881e-01
4.365999999999999881e-01
4.365999999999999881e-01
4.367333333333333067e-01
4.368666666666666809e-01
4.372666666666666924e-01
4.375999999999999890e-01
4.375333333333333297e-01
4.378000000000000225e-01
4.378666666666666818e-01
4.378666666666666818e-01
4.379333333333333411e-01
4.379333333333333411e-01
4.380666666666666598e-01
4.382666666666666933e-01
4.387333333333333085e-01
4.387333333333333085e-01
4.390000000000000013e-01
4.391333333333333200e-01
4.393333333333333535e-01
4.397333333333333094e-01
4.401999999999999802e-01
4.401333333333333209e-01
4.401999999999999802e-01
4.404000000000000137e-01
4.403333333333333544e-01
4.405333333333333323e-01
4.407333333333333103e-01
4.410000000000000031e-01
4.414000000000000146e-01
4.415333333333333332e-01
4.415333333333333332e-01
4.417333333333333112e-01
4.419333333333333447e-01
4.421333333333333226e-01
4.421999999999999820e-01
4.422666666666666413e-01
4.424666666666666748e-01
4.425333333333333341e-01
4.428666666666666862e-01
4.430000000000000049e-01
4.431333333333333235e-01
4.434000000000000163e-01
4.435333333333333350e-01
4.435333333333333350e-01
4.436666666666666536e-01
4.439333333333333464e-01
4.441999999999999837e-01
4.444666666666666766e-01
4.445999999999999952e-01
4.446666666666666545e-01
4.448666666666666880e-01
4.450000000000000067e-01
4.451333333333333253e-01
4.450666666666666660e-01
4.449333333333333473e-01
4.454000000000000181e-01
4.455999999999999961e-01
4.455999999999999961e-01
4.457333333333333147e-01
4.461999999999999855e-01
4.463333333333333597e-01
4.465333333333333377e-01
4.469333333333333491e-01
4.470666666666666678e-01
4.471333333333333271e-01
4.472666666666666457e-01
4.473333333333333606e-01
4.474666666666666792e-01
4.476666666666666572e-01
4.480666666666666687e-01
4.481333333333333280e-01
4.484666666666666801e-01
4.484666666666666801e-01
4.486666666666666581e-01
4.487999999999999767e-01
4.488666666666666916e-01
4.488666666666666916e-01
4.490000000000000102e-01
4.493333333333333068e-01
4.491999999999999882e-01
4.491999999999999882e-01
4.493333333333333068e-01
4.494666666666666810e-01
4.495333333333333403e-01
4.494666666666666810e-01
4.495333333333333403e-01
4.495333333333333403e-01
4.498666666666666925e-01
4.499333333333333518e-01
4.499333333333333518e-01
4.500666666666666704e-01
4.501999999999999891e-01
4.501999999999999891e-01
4.500666666666666704e-01
4.501999999999999891e-01
4.503333333333333077e-01
4.506000000000000005e-01
4.507333333333333192e-01
4.507333333333333192e-01
4.508666666666666933e-01
4.510000000000000120e-01
4.511999999999999900e-01
4.511333333333333306e-01
4.510666666666666713e-01
4.511999999999999900e-01
4.513333333333333086e-01
4.516000000000000014e-01
4.517333333333333201e-01
4.520000000000000129e-01
4.520666666666666722e-01
4.521999999999999909e-01
4.521999999999999909e-01
4.523333333333333095e-01
4.524000000000000243e-01
4.527333333333333210e-01
4.527333333333333210e-01
4.527999999999999803e-01
4.527999999999999803e-01
4.530000000000000138e-01
4.529333333333333544e-01
4.530000000000000138e-01
4.531333333333333324e-01
4.532666666666666511e-01
4.533333333333333104e-01
4.533333333333333104e-01
4.533333333333333104e-01
4.532666666666666511e-01
4.537333333333333218e-01
4.539333333333333553e-01
4.541333333333333333e-01
4.540666666666666740e-01
4.541999999999999926e-01
4.541999999999999926e-01
4.542666666666666520e-01
4.544666666666666854e-01
4.544000000000000261e-01
4.545333333333333448e-01
4.547333333333333227e-01
4.546666666666666634e-01
4.547333333333333227e-01
4.550000000000000155e-01
4.552666666666666528e-01
4.553333333333333122e-01
4.555333333333333456e-01
4.556000000000000050e-01
4.558666666666666423e-01
4.558666666666666423e-01
4.557999999999999829e-01
4.557333333333333236e-01
4.561333333333333351e-01
4.564666666666666872e-01
4.563333333333333131e-01
4.563999999999999724e-01
4.566000000000000059e-01
4.568666666666666432e-01
4.570666666666666766e-01
4.571333333333333360e-01
4.571999999999999953e-01
4.574666666666666881e-01
4.573999999999999733e-01
4.576666666666666661e-01
4.577333333333333254e-01
4.576000000000000068e-01
4.577333333333333254e-01
4.576666666666666661e-01
4.577999999999999847e-01
4.577999999999999847e-01
4.578666666666666440e-01
4.581333333333333369e-01
4.581999999999999962e-01
4.583333333333333148e-01
4.583333333333333148e-01
4.585333333333333483e-01
4.586000000000000076e-01
4.586666666666666670e-01
4.586666666666666670e-01
4.590000000000000191e-01
4.594666666666666899e-01
4.596000000000000085e-01
4.596666666666666679e-01
4.595333333333333492e-01
4.596666666666666679e-01
4.598666666666666458e-01
4.599333333333333607e-01
4.599333333333333607e-01
4.600000000000000200e-01
4.600666666666666793e-01
4.601999999999999980e-01
4.604666666666666908e-01
4.605333333333333501e-01
4.608666666666666467e-01
4.611333333333333395e-01
4.611333333333333395e-01
4.612666666666666582e-01
4.614666666666666917e-01
4.617333333333333290e-01
4.616000000000000103e-01
4.620666666666666811e-01
4.622666666666666591e-01
4.625333333333333519e-01
4.627333333333333298e-01
4.627999999999999892e-01
4.628666666666666485e-01
4.627333333333333298e-01
4.628666666666666485e-01
4.629333333333333078e-01
4.633333333333333193e-01
4.633333333333333193e-01
4.634666666666666934e-01
4.636666666666666714e-01
4.635333333333333528e-01
4.637333333333333307e-01
4.637333333333333307e-01
4.642000000000000015e-01
4.643333333333333202e-01
4.642666666666666608e-01
4.643999999999999795e-01
4.643999999999999795e-01
4.647333333333333316e-01
4.646666666666666723e-01
4.649333333333333096e-01
4.648666666666666503e-01
4.651333333333333431e-01
4.651333333333333431e-01
4.653999999999999804e-01
4.656000000000000139e-01
4.657333333333333325e-01
4.660666666666666846e-01
4.661333333333333440e-01
4.660666666666666846e-01
4.660666666666666846e-01
4.660666666666666846e-01
4.661333333333333440e-01
4.662000000000000033e-01
4.662000000000000033e-01
4.663999999999999813e-01
4.667333333333333334e-01
4.667333333333333334e-01
4.666000000000000147e-01
4.670000000000000262e-01
4.671333333333333449e-01
4.672000000000000042e-01
4.672000000000000042e-01
4.672666666666666635e-01
4.671333333333333449e-01
4.671333333333333449e-01
4.673999999999999821e-01
4.673333333333333228e-01
4.673999999999999821e-01
4.673999999999999821e-01
4.673999999999999821e-01
4.673999999999999821e-01
4.676000000000000156e-01
4.677333333333333343e-01
4.677333333333333343e-01
4.677333333333333343e-01
4.677999999999999936e-01
4.676666666666666750e-01
4.680000000000000271e-01
4.680000000000000271e-01
4.677999999999999936e-01
4.678666666666666529e-01
4.677999999999999936e-01
4.680666666666666864e-01
4.679333333333333123e-01
4.682000000000000051e-01
4.681333333333333457e-01
4.682000000000000051e-01
4.682000000000000051e-01
4.683333333333333237e-01
4.683999999999999830e-01
4.683999999999999830e-01
4.686000000000000165e-01
4.687333333333333352e-01
4.686666666666666758e-01
4.687333333333333352e-01
4.687333333333333352e-01
4.685333333333333572e-01
4.691333333333333466e-01
4.692000000000000060e-01
4.692666666666666653e-01
4.692000000000000060e-01
4.693999999999999839e-01
4.693333333333333246e-01
4.693999999999999839e-01
4.696000000000000174e-01
4.698666666666666547e-01
4.699999999999999734e-01
4.699333333333333140e-01
4.700666666666666882e-01
4.699999999999999734e-01
4.702666666666666662e-01
4.703999999999999848e-01
4.706000000000000183e-01
4.706000000000000183e-01
4.708666666666666556e-01
4.707999999999999963e-01
4.709333333333333149e-01
4.710666666666666891e-01
4.712666666666666671e-01
4.713333333333333264e-01
4.713999999999999857e-01
4.713333333333333264e-01
4.713333333333333264e-01
4.713333333333333264e-01
4.716000000000000192e-01
4.714666666666666450e-01
4.716000000000000192e-01
4.716000000000000192e-01
4.716666666666666785e-01
4.717999999999999972e-01
4.719333333333333158e-01
4.720666666666666900e-01
4.722666666666666679e-01
4.723333333333333273e-01
4.722000000000000086e-01
4.724666666666666459e-01
4.727333333333333387e-01
4.727999999999999980e-01
4.728666666666666574e-01
4.729333333333333167e-01
4.731333333333333502e-01
4.732000000000000095e-01
4.735333333333333061e-01
4.735333333333333061e-01
4.737333333333333396e-01
4.738666666666666583e-01
4.739333333333333176e-01
4.739999999999999769e-01
4.739333333333333176e-01
4.738666666666666583e-01
4.739999999999999769e-01
4.740666666666666917e-01
4.741333333333333511e-01
4.746000000000000218e-01
4.746000000000000218e-01
4.747333333333333405e-01
4.747333333333333405e-01
4.748666666666666591e-01
4.751333333333333520e-01
4.750666666666666926e-01
4.751333333333333520e-01
4.751333333333333520e-01
4.752666666666666706e-01
4.752666666666666706e-01
4.753999999999999893e-01
4.756000000000000227e-01
4.754666666666666486e-01
4.756000000000000227e-01
4.758000000000000007e-01
4.759333333333333194e-01
4.759333333333333194e-01
4.760666666666666935e-01
4.762666666666666715e-01
4.762000000000000122e-01
4.762000000000000122e-01
4.762666666666666715e-01
4.764666666666666495e-01
4.764666666666666495e-01
4.764666666666666495e-01
4.763999999999999901e-01
4.765333333333333088e-01
4.767333333333333423e-01
4.766000000000000236e-01
4.766666666666666829e-01
4.768000000000000016e-01
4.769333333333333202e-01
4.768666666666666609e-01
4.772000000000000131e-01
4.771333333333333537e-01
4.773333333333333317e-01
4.775333333333333097e-01
4.776000000000000245e-01
4.776666666666666838e-01
4.776666666666666838e-01
4.776000000000000245e-01
4.778000000000000025e-01
4.779999999999999805e-01
4.782000000000000139e-01
4.783333333333333326e-01
4.786666666666666847e-01
4.786666666666666847e-01
4.786000000000000254e-01
4.784666666666666512e-01
4.783999999999999919e-01
4.783999999999999919e-01
4.784666666666666512e-01
4.783999999999999919e-01
4.783333333333333326e-01
4.784666666666666512e-01
4.783333333333333326e-01
4.784666666666666512e-01
4.784666666666666512e-01
4.786000000000000254e-01
4.787333333333333441e-01
4.789333333333333220e-01
4.790666666666666407e-01
4.791333333333333555e-01
4.791333333333333555e-01
4.793333333333333335e-01
4.793999999999999928e-01
4.793999999999999928e-01
4.794666666666666521e-01
4.796000000000000263e-01
4.795333333333333115e-01
4.797333333333333449e-01
4.798000000000000043e-01
4.799333333333333229e-01
4.800666666666666416e-01
4.799333333333333229e-01
4.799999999999999822e-01
4.800666666666666416e-01
4.800666666666666416e-01
4.803999999999999937e-01
4.804666666666666530e-01
4.806000000000000272e-01
4.804666666666666530e-01
4.806666666666666865e-01
4.805333333333333123e-01
4.806000000000000272e-01
4.807333333333333458e-01
4.806666666666666865e-01
4.809333333333333238e-01
4.812000000000000166e-01
4.812000000000000166e-01
4.809999999999999831e-01
4.812666666666666759e-01
4.815333333333333132e-01
4.815333333333333132e-01
4.817333333333333467e-01
4.816666666666666874e-01
4.816666666666666874e-01
4.817333333333333467e-01
4.818000000000000060e-01
4.817333333333333467e-01
4.817333333333333467e-01
4.818666666666666654e-01
4.818666666666666654e-01
4.819333333333333247e-01
4.820666666666666433e-01
4.821333333333333582e-01
4.823333333333333361e-01
4.824666666666666548e-01
4.823999999999999955e-01
4.822666666666666768e-01
4.824666666666666548e-01
4.827333333333333476e-01
4.828000000000000069e-01
4.828666666666666663e-01
4.828000000000000069e-01
4.827333333333333476e-01
4.832666666666666777e-01
4.833333333333333370e-01
4.832666666666666777e-01
4.832666666666666777e-01
4.834666666666666557e-01
4.833999999999999964e-01
4.834666666666666557e-01
4.835999999999999743e-01
4.835333333333333150e-01
4.837333333333333485e-01
4.838666666666666671e-01
4.839333333333333265e-01
4.839333333333333265e-01
4.838000000000000078e-01
4.838666666666666671e-01
4.838666666666666671e-01
4.838000000000000078e-01
4.841333333333333599e-01
4.842000000000000193e-01
4.843333333333333379e-01
4.843333333333333379e-01
4.845333333333333159e-01
4.845333333333333159e-01
