3.778666666666666840e-01
3.784666666666666734e-01
3.786666666666666514e-01
3.796666666666666523e-01
3.802666666666666417e-01
3.806666666666666532e-01
3.811333333333333240e-01
3.820000000000000062e-01
3.820666666666666655e-01
3.823333333333333584e-01
3.827333333333333143e-01
3.829333333333333478e-01
3.833333333333333592e-01
3.836666666666666559e-01
3.837999999999999745e-01
3.841333333333333266e-01
3.842666666666666453e-01
3.847999999999999754e-01
3.850000000000000089e-01
3.854666666666666797e-01
3.855999999999999983e-01
3.857999999999999763e-01
3.861333333333333284e-01
3.864000000000000212e-01
3.867999999999999772e-01
3.871333333333333293e-01
3.871333333333333293e-01
3.872666666666666480e-01
3.876000000000000001e-01
3.879333333333333522e-01
3.881999999999999895e-01
3.882666666666666488e-01
3.884666666666666823e-01
3.885333333333333417e-01
3.890666666666666718e-01
3.893333333333333091e-01
3.896666666666666612e-01
3.899333333333333540e-01
3.903333333333333099e-01
3.907333333333333214e-01
3.907999999999999807e-01
3.911999999999999922e-01
3.914000000000000257e-01
3.917333333333333223e-01
3.921333333333333337e-01
3.925333333333333452e-01
3.927333333333333232e-01
3.934000000000000274e-01
3.936000000000000054e-01
3.938666666666666427e-01
3.940666666666666762e-01
3.946000000000000063e-01
3.947999999999999843e-01
3.950666666666666771e-01
3.953999999999999737e-01
3.957333333333333258e-01
3.961999999999999966e-01
3.963999999999999746e-01
3.967333333333333267e-01
3.967999999999999861e-01
3.976000000000000090e-01
3.980000000000000204e-01
3.980666666666666798e-01
3.981333333333333391e-01
3.983999999999999764e-01
3.983333333333333171e-01
3.981999999999999984e-01
3.987333333333333285e-01
3.989333333333333065e-01
3.991333333333333400e-01
3.996000000000000107e-01
3.999333333333333074e-01
4.003999999999999782e-01
4.006000000000000116e-01
4.012000000000000011e-01
4.014666666666666939e-01
4.020000000000000240e-01
4.020000000000000240e-01
4.022000000000000020e-01
4.023333333333333206e-01
4.025333333333333541e-01
4.027999999999999914e-01
4.032000000000000028e-01
4.034666666666666401e-01
4.035333333333333550e-01
4.036666666666666736e-01
4.039333333333333109e-01
4.040000000000000258e-01
4.040666666666666851e-01
4.044666666666666410e-01
4.047333333333333338e-01
4.049333333333333118e-01
4.053333333333333233e-01
4.056000000000000161e-01
4.058666666666666534e-01
4.060666666666666869e-01
4.064666666666666428e-01
4.066000000000000170e-01
4.067333333333333356e-01
4.067333333333333356e-01
4.067999999999999949e-01
4.073999999999999844e-01
4.076000000000000179e-01
4.077999999999999958e-01
4.082000000000000073e-01
4.083333333333333259e-01
4.084666666666666446e-01
4.087999999999999967e-01
4.089999999999999747e-01
4.093999999999999861e-01
4.096000000000000196e-01
4.097333333333333383e-01
4.096666666666666790e-01
4.097999999999999976e-01
4.097999999999999976e-01
4.102000000000000091e-01
4.102000000000000091e-01
4.107333333333333392e-01
4.109333333333333171e-01
4.110666666666666913e-01
4.112666666666666693e-01
4.113333333333333286e-01
4.113999999999999879e-01
4.117333333333333401e-01
4.118666666666666587e-01
4.122000000000000108e-01
4.123333333333333295e-01
4.124666666666666481e-01
4.126666666666666816e-01
4.128666666666666596e-01
4.129333333333333189e-01
4.132666666666666710e-01
4.130666666666666931e-01
4.129999999999999782e-01
4.136666666666666825e-01
4.140666666666666940e-01
4.146000000000000241e-01
4.146000000000000241e-01
4.146666666666666834e-01
4.145333333333333092e-01
4.146666666666666834e-01
4.150666666666666393e-01
4.152666666666666728e-01
4.155333333333333101e-01
4.157333333333333436e-01
4.159333333333333216e-01
4.158000000000000029e-01
4.160666666666666402e-01
4.166000000000000258e-01
4.168666666666666631e-01
4.168666666666666631e-01
4.169333333333333225e-01
4.169999999999999818e-01
4.172000000000000153e-01
4.172666666666666746e-01
4.179333333333333234e-01
4.181333333333333568e-01
4.185333333333333128e-01
4.189333333333333242e-01
4.190666666666666429e-01
4.191333333333333577e-01
4.192666666666666764e-01
4.194666666666666544e-01
4.196666666666666878e-01
4.197333333333333472e-01
4.198666666666666658e-01
4.202666666666666773e-01
4.206666666666666887e-01
4.208666666666666667e-01
4.212000000000000188e-01
4.213999999999999968e-01
4.216666666666666896e-01
4.221333333333333604e-01
4.222666666666666790e-01
4.223999999999999977e-01
4.224666666666666570e-01
4.227333333333333498e-01
4.228000000000000091e-01
4.232000000000000206e-01
4.233999999999999986e-01
4.232666666666666799e-01
4.233999999999999986e-01
4.235999999999999766e-01
4.240666666666666473e-01
4.241333333333333067e-01
4.242666666666666808e-01
4.243333333333333401e-01
4.246666666666666923e-01
4.244666666666666588e-01
4.244666666666666588e-01
4.245999999999999774e-01
4.248666666666666702e-01
4.248000000000000109e-01
4.249999999999999889e-01
4.252666666666666817e-01
4.254000000000000004e-01
4.255333333333333190e-01
4.255999999999999783e-01
4.260666666666666491e-01
4.261333333333333084e-01
4.263333333333333419e-01
4.265333333333333199e-01
4.269333333333333313e-01
4.269999999999999907e-01
4.272000000000000242e-01
4.275333333333333208e-01
4.276666666666666394e-01
4.280666666666666509e-01
4.282666666666666844e-01
4.287333333333333552e-01
4.291333333333333111e-01
4.295999999999999819e-01
4.298000000000000154e-01
4.298666666666666747e-01
4.299333333333333340e-01
4.299999999999999933e-01
4.304000000000000048e-01
4.305333333333333234e-01
4.306666666666666421e-01
4.308666666666666756e-01
4.309333333333333349e-01
4.310666666666666536e-01
4.312666666666666870e-01
4.314000000000000057e-01
4.314666666666666650e-01
4.319333333333333358e-01
4.322666666666666879e-01
4.323333333333333472e-01
4.326666666666666439e-01
4.329333333333333367e-01
4.329333333333333367e-01
4.330666666666666553e-01
4.332666666666666888e-01
4.332666666666666888e-01
4.333333333333333481e-01
4.335333333333333261e-01
4.337333333333333596e-01
4.338666666666666782e-01
4.340666666666666562e-01
4.341333333333333155e-01
4.341999999999999749e-01
4.342666666666666897e-01
4.344000000000000083e-01
4.344666666666666677e-01
4.347333333333333605e-01
4.348000000000000198e-01
4.348666666666666791e-01
4.350666666666666571e-01
4.351999999999999758e-01
4.354000000000000092e-01
4.354000000000000092e-01
4.357333333333333059e-01
4.360666666666666580e-01
4.360666666666666580e-01
4.361999999999999766e-01
4.364666666666666694e-01
4.367333333333333067e-01
4.367333333333333067e-01
4.367333333333333067e-01
4.367333333333333067e-01
4.368000000000000216e-01
4.371999999999999775e-01
4.375999999999999890e-01
4.377333333333333076e-01
4.378666666666666818e-01
4.376666666666666483e-01
4.376666666666666483e-01
4.375333333333333297e-01
4.380666666666666598e-01
4.382666666666666933e-01
4.389333333333333420e-01
4.389333333333333420e-01
4.389333333333333420e-01
4.391999999999999793e-01
4.391333333333333200e-01
4.393333333333333535e-01
4.398666666666666836e-01
4.401333333333333209e-01
4.402666666666666395e-01
4.403333333333333544e-01
4.403333333333333544e-01
4.403333333333333544e-01
4.405333333333333323e-01
4.408666666666666845e-01
4.411333333333333218e-01
4.413333333333333552e-01
4.413333333333333552e-01
4.415999999999999925e-01
4.415999999999999925e-01
4.420000000000000040e-01
4.421333333333333226e-01
4.421999999999999820e-01
4.421999999999999820e-01
4.424666666666666748e-01
4.424666666666666748e-01
4.428000000000000269e-01
4.428666666666666862e-01
4.431333333333333235e-01
4.435333333333333350e-01
4.435333333333333350e-01
4.435333333333333350e-01
4.438666666666666871e-01
4.439333333333333464e-01
4.441999999999999837e-01
4.445999999999999952e-01
4.445333333333333359e-01
4.447333333333333139e-01
4.449333333333333473e-01
4.450000000000000067e-01
4.450666666666666660e-01
4.449333333333333473e-01
4.448666666666666880e-01
4.453333333333333588e-01
4.456666666666666554e-01
4.456666666666666554e-01
4.458666666666666889e-01
4.461333333333333262e-01
4.462666666666666448e-01
4.467999999999999750e-01
4.470000000000000084e-01
4.470666666666666678e-01
4.470666666666666678e-01
4.472666666666666457e-01
4.473333333333333606e-01
4.475333333333333385e-01
4.477333333333333165e-01
4.480666666666666687e-01
4.481999999999999873e-01
4.484666666666666801e-01
4.485333333333333394e-01
4.485999999999999988e-01
4.487333333333333174e-01
4.486666666666666581e-01
4.487333333333333174e-01
4.487999999999999767e-01
4.491999999999999882e-01
4.492666666666666475e-01
4.493333333333333068e-01
4.494000000000000217e-01
4.495333333333333403e-01
4.495999999999999996e-01
4.495333333333333403e-01
4.495333333333333403e-01
4.496666666666666590e-01
4.498666666666666925e-01
4.500666666666666704e-01
4.500000000000000111e-01
4.501333333333333298e-01
4.502666666666666484e-01
4.501333333333333298e-01
4.501333333333333298e-01
4.501999999999999891e-01
4.504666666666666819e-01
4.506000000000000005e-01
4.507999999999999785e-01
4.507999999999999785e-01
4.509333333333333527e-01
4.508666666666666933e-01
4.510000000000000120e-01
4.510666666666666713e-01
4.512666666666666493e-01
4.510666666666666713e-01
4.512666666666666493e-01
4.515333333333333421e-01
4.517333333333333201e-01
4.519333333333333536e-01
4.520666666666666722e-01
4.521333333333333315e-01
4.521333333333333315e-01
4.522666666666666502e-01
4.524666666666666837e-01
4.527333333333333210e-01
4.527333333333333210e-01
4.528666666666666396e-01
4.527333333333333210e-01
4.529333333333333544e-01
4.530000000000000138e-01
4.530000000000000138e-01
4.530666666666666731e-01
4.531999999999999917e-01
4.533333333333333104e-01
4.532666666666666511e-01
4.534666666666666845e-01
4.535333333333333439e-01
4.537333333333333218e-01
4.539333333333333553e-01
4.540000000000000147e-01
4.540000000000000147e-01
4.540666666666666740e-01
4.541333333333333333e-01
4.543333333333333113e-01
4.545333333333333448e-01
4.545333333333333448e-01
4.547999999999999821e-01
4.548666666666666414e-01
4.546666666666666634e-01
4.548666666666666414e-01
4.550000000000000155e-01
4.551999999999999935e-01
4.552666666666666528e-01
4.551999999999999935e-01
4.552666666666666528e-01
4.557999999999999829e-01
4.558666666666666423e-01
4.559333333333333571e-01
4.561333333333333351e-01
4.562666666666666537e-01
4.563999999999999724e-01
4.564666666666666872e-01
4.565333333333333465e-01
4.567333333333333245e-01
4.568666666666666432e-01
4.569333333333333580e-01
4.571333333333333360e-01
4.571999999999999953e-01
4.575333333333333474e-01
4.576000000000000068e-01
4.577333333333333254e-01
4.577333333333333254e-01
4.577333333333333254e-01
4.576666666666666661e-01
4.577333333333333254e-01
4.578666666666666440e-01
4.579333333333333589e-01
4.579333333333333589e-01
4.581333333333333369e-01
4.581999999999999962e-01
4.581999999999999962e-01
4.583333333333333148e-01
4.584666666666666890e-01
4.586000000000000076e-01
4.586666666666666670e-01
4.586666666666666670e-01
4.591333333333333377e-01
4.593333333333333157e-01
4.596000000000000085e-01
4.596666666666666679e-01
4.595333333333333492e-01
4.596666666666666679e-01
4.597999999999999865e-01
4.598666666666666458e-01
4.598666666666666458e-01
4.600000000000000200e-01
4.600000000000000200e-01
4.601999999999999980e-01
4.603999999999999759e-01
4.605333333333333501e-01
4.609333333333333060e-01
4.611333333333333395e-01
4.612666666666666582e-01
4.613999999999999768e-01
4.614666666666666917e-01
4.617333333333333290e-01
4.618666666666666476e-01
4.621999999999999997e-01
4.622666666666666591e-01
4.625333333333333519e-01
4.626666666666666705e-01
4.627999999999999892e-01
4.628666666666666485e-01
4.627999999999999892e-01
4.626666666666666705e-01
4.629333333333333078e-01
4.632000000000000006e-01
4.632666666666666599e-01
4.634666666666666934e-01
4.634666666666666934e-01
4.633999999999999786e-01
4.636000000000000121e-01
4.637999999999999901e-01
4.640666666666666829e-01
4.642666666666666608e-01
4.643999999999999795e-01
4.645333333333333536e-01
4.645333333333333536e-01
4.647333333333333316e-01
4.648666666666666503e-01
4.650000000000000244e-01
4.649333333333333096e-01
4.652000000000000024e-01
4.652666666666666617e-01
4.656000000000000139e-01
4.656666666666666732e-01
4.656666666666666732e-01
4.660666666666666846e-01
4.660000000000000253e-01
4.660666666666666846e-01
4.661333333333333440e-01
4.662000000000000033e-01
4.662000000000000033e-01
4.662666666666666626e-01
4.662000000000000033e-01
4.663333333333333219e-01
4.666666666666666741e-01
4.667333333333333334e-01
4.667333333333333334e-01
4.670000000000000262e-01
4.671333333333333449e-01
4.670000000000000262e-01
4.671333333333333449e-01
4.672666666666666635e-01
4.670666666666666855e-01
4.671333333333333449e-01
4.673999999999999821e-01
4.672666666666666635e-01
4.673333333333333228e-01
4.672000000000000042e-01
4.674666666666666415e-01
4.674666666666666415e-01
4.676000000000000156e-01
4.676000000000000156e-01
4.677333333333333343e-01
4.677999999999999936e-01
4.676000000000000156e-01
4.678666666666666529e-01
4.678666666666666529e-01
4.680000000000000271e-01
4.679333333333333123e-01
4.678666666666666529e-01
4.680666666666666864e-01
4.682000000000000051e-01
4.680666666666666864e-01
4.682666666666666644e-01
4.682666666666666644e-01
4.682666666666666644e-01
4.682666666666666644e-01
4.683999999999999830e-01
4.685333333333333572e-01
4.684666666666666424e-01
4.686666666666666758e-01
4.687999999999999945e-01
4.687333333333333352e-01
4.686666666666666758e-01
4.685333333333333572e-01
4.685333333333333572e-01
4.689999999999999725e-01
4.691333333333333466e-01
4.692000000000000060e-01
4.693999999999999839e-01
4.695333333333333581e-01
4.693999999999999839e-01
4.695333333333333581e-01
4.698666666666666547e-01
4.699333333333333140e-01
4.700666666666666882e-01
4.699999999999999734e-01
4.701333333333333475e-01
4.701333333333333475e-01
4.702666666666666662e-01
4.703999999999999848e-01
4.706000000000000183e-01
4.706666666666666776e-01
4.708666666666666556e-01
4.707999999999999963e-01
4.709333333333333149e-01
4.710666666666666891e-01
4.712666666666666671e-01
4.713999999999999857e-01
4.713333333333333264e-01
4.714666666666666450e-01
4.713999999999999857e-01
4.713333333333333264e-01
4.716000000000000192e-01
4.715333333333333599e-01
4.716000000000000192e-01
4.716000000000000192e-01
4.716666666666666785e-01
4.717333333333333378e-01
4.717999999999999972e-01
4.719333333333333158e-01
4.721333333333333493e-01
4.723333333333333273e-01
4.725333333333333607e-01
4.725333333333333607e-01
4.727333333333333387e-01
4.726666666666666794e-01
4.727333333333333387e-01
4.730666666666666909e-01
4.730666666666666909e-01
4.731333333333333502e-01
4.735333333333333061e-01
4.736000000000000210e-01
4.737999999999999989e-01
4.738666666666666583e-01
4.738666666666666583e-01
4.739333333333333176e-01
4.739333333333333176e-01
4.739333333333333176e-01
4.739999999999999769e-01
4.742666666666666697e-01
4.742666666666666697e-01
4.745333333333333070e-01
4.746000000000000218e-01
4.747333333333333405e-01
4.747333333333333405e-01
4.747999999999999998e-01
4.751333333333333520e-01
4.751333333333333520e-01
4.749333333333333185e-01
4.749999999999999778e-01
4.751333333333333520e-01
4.753333333333333299e-01
4.755333333333333079e-01
4.753999999999999893e-01
4.755333333333333079e-01
4.755333333333333079e-01
4.757333333333333414e-01
4.759333333333333194e-01
4.759999999999999787e-01
4.760666666666666935e-01
4.761333333333333528e-01
4.761333333333333528e-01
4.762000000000000122e-01
4.762666666666666715e-01
4.762666666666666715e-01
4.763999999999999901e-01
4.763999999999999901e-01
4.764666666666666495e-01
4.766000000000000236e-01
4.767333333333333423e-01
4.768000000000000016e-01
4.766666666666666829e-01
4.769999999999999796e-01
4.768000000000000016e-01
4.769999999999999796e-01
4.771333333333333537e-01
4.772000000000000131e-01
4.774666666666666504e-01
4.776000000000000245e-01
4.776666666666666838e-01
4.776666666666666838e-01
4.778000000000000025e-01
4.778666666666666618e-01
4.778666666666666618e-01
4.780666666666666398e-01
4.781333333333333546e-01
4.783999999999999919e-01
4.786000000000000254e-01
4.786666666666666847e-01
4.785333333333333106e-01
4.782666666666666733e-01
4.784666666666666512e-01
4.783999999999999919e-01
4.784666666666666512e-01
4.782666666666666733e-01
4.782666666666666733e-01
4.783999999999999919e-01
4.783999999999999919e-01
4.784666666666666512e-01
4.786000000000000254e-01
4.784666666666666512e-01
4.786666666666666847e-01
4.789999999999999813e-01
4.789999999999999813e-01
4.790666666666666407e-01
4.792000000000000148e-01
4.794666666666666521e-01
4.794666666666666521e-01
4.795333333333333115e-01
4.796000000000000263e-01
4.797333333333333449e-01
4.794666666666666521e-01
4.798000000000000043e-01
4.798666666666666636e-01
4.799333333333333229e-01
4.799333333333333229e-01
4.799999999999999822e-01
4.798666666666666636e-01
4.799333333333333229e-01
4.802000000000000157e-01
4.802666666666666750e-01
4.803999999999999937e-01
4.804666666666666530e-01
4.808000000000000052e-01
4.807333333333333458e-01
4.806666666666666865e-01
4.806666666666666865e-01
4.807333333333333458e-01
4.808666666666666645e-01
4.810666666666666424e-01
4.812666666666666759e-01
4.812000000000000166e-01
4.812666666666666759e-01
4.813333333333333353e-01
4.814666666666666539e-01
4.815333333333333132e-01
4.817333333333333467e-01
4.816666666666666874e-01
4.817333333333333467e-01
4.817333333333333467e-01
4.817333333333333467e-01
4.818000000000000060e-01
4.816666666666666874e-01
4.818666666666666654e-01
4.818000000000000060e-01
4.819333333333333247e-01
4.821333333333333582e-01
4.822000000000000175e-01
4.822666666666666768e-01
4.823999999999999955e-01
4.824666666666666548e-01
4.822666666666666768e-01
4.824666666666666548e-01
4.827333333333333476e-01
4.828000000000000069e-01
4.828666666666666663e-01
4.828000000000000069e-01
4.829999999999999849e-01
4.833333333333333370e-01
4.832000000000000184e-01
4.833999999999999964e-01
4.834666666666666557e-01
4.833999999999999964e-01
4.834666666666666557e-01
4.834666666666666557e-01
4.836666666666666892e-01
4.837333333333333485e-01
4.837333333333333485e-01
4.838666666666666671e-01
4.839999999999999858e-01
4.839999999999999858e-01
4.839999999999999858e-01
4.838666666666666671e-01
4.840666666666666451e-01
4.840666666666666451e-01
4.842000000000000193e-01
4.843333333333333379e-01
4.843333333333333379e-01
4.843333333333333379e-01
4.845333333333333159e-01
