2.759333333333333083e-01
2.783999999999999808e-01
2.806666666666666754e-01
2.829333333333333145e-01
2.848666666666666569e-01
2.861333333333333506e-01
2.877333333333333409e-01
2.890666666666666940e-01
2.911333333333333551e-01
2.926666666666666861e-01
2.945333333333333137e-01
2.965333333333333155e-01
2.980666666666666464e-01
2.995333333333333181e-01
3.012666666666666826e-01
3.028666666666666729e-01
3.045999999999999819e-01
3.058666666666666756e-01
3.071999999999999731e-01
3.091999999999999749e-01
3.106666666666666465e-01
3.118666666666666809e-01
3.128666666666666818e-01
3.137333333333333085e-01
3.151999999999999802e-01
3.167333333333333112e-01
3.180000000000000049e-01
3.191333333333333244e-01
3.200666666666666660e-01
3.216666666666666563e-01
3.224000000000000199e-01
3.235999999999999988e-01
3.249333333333333518e-01
3.260666666666666713e-01
3.267999999999999794e-01
3.277333333333333210e-01
3.281999999999999917e-01
3.293333333333333113e-01
3.309333333333333571e-01
3.322666666666666546e-01
3.333333333333333148e-01
3.337999999999999856e-01
3.345333333333333492e-01
3.351333333333333386e-01
3.360666666666666802e-01
3.370666666666666811e-01
3.377333333333333298e-01
3.382666666666666599e-01
3.390666666666666829e-01
3.397999999999999909e-01
3.409333333333333105e-01
3.419333333333333114e-01
3.423333333333333228e-01
3.432666666666666644e-01
3.444666666666666432e-01
3.450666666666666882e-01
3.462000000000000077e-01
3.469999999999999751e-01
3.472666666666666679e-01
3.476000000000000201e-01
3.487999999999999989e-01
3.492666666666666697e-01
3.498666666666666591e-01
3.503333333333333299e-01
3.512000000000000122e-01
3.520666666666666944e-01
3.526666666666666838e-01
3.529333333333333211e-01
3.534666666666666512e-01
3.543999999999999928e-01
3.548666666666666636e-01
3.553999999999999937e-01
3.558000000000000052e-01
3.560666666666666424e-01
3.565999999999999726e-01
3.575999999999999734e-01
3.577333333333333476e-01
3.584666666666666557e-01
3.588666666666666671e-01
3.592666666666666786e-01
3.599333333333333274e-01
3.603999999999999981e-01
3.609999999999999876e-01
3.617333333333333512e-01
3.622000000000000219e-01
3.629333333333333300e-01
3.633333333333333415e-01
3.635999999999999788e-01
3.640666666666666496e-01
3.645333333333333203e-01
3.650666666666666504e-01
3.657333333333333547e-01
3.663333333333333441e-01
3.663333333333333441e-01
3.669999999999999929e-01
3.669999999999999929e-01
3.675999999999999823e-01
3.680666666666666531e-01
3.689333333333333353e-01
3.694666666666666655e-01
3.701333333333333142e-01
3.704000000000000070e-01
3.709333333333333371e-01
3.714666666666666672e-01
3.723333333333333495e-01
3.729333333333333389e-01
3.729999999999999982e-01
3.734666666666666690e-01
3.740666666666666584e-01
3.744000000000000106e-01
3.748000000000000220e-01
3.751333333333333186e-01
3.753333333333333521e-01
3.757333333333333081e-01
3.761999999999999789e-01
3.765333333333333310e-01
3.772666666666666391e-01
3.778666666666666840e-01
3.781333333333333213e-01
3.781999999999999806e-01
3.785999999999999921e-01
3.792666666666666409e-01
3.795999999999999930e-01
3.802666666666666417e-01
3.808666666666666867e-01
3.809333333333333460e-01
3.811999999999999833e-01
3.814666666666666761e-01
3.820666666666666655e-01
3.824666666666666770e-01
3.830000000000000071e-01
3.831999999999999851e-01
3.835333333333333372e-01
3.837999999999999745e-01
3.841999999999999860e-01
3.841999999999999860e-01
3.849333333333333496e-01
3.850666666666666682e-01
3.855999999999999983e-01
3.859333333333333504e-01
3.860666666666666691e-01
3.862666666666666471e-01
3.867999999999999772e-01
3.873333333333333073e-01
3.875333333333333408e-01
3.877999999999999781e-01
3.880666666666666709e-01
3.887333333333333196e-01
3.889333333333333531e-01
3.895333333333333425e-01
3.898666666666666392e-01
3.902666666666666506e-01
3.907999999999999807e-01
3.908666666666666401e-01
3.911999999999999922e-01
3.913333333333333108e-01
3.916000000000000036e-01
3.921999999999999931e-01
3.924000000000000266e-01
3.927999999999999825e-01
3.931999999999999940e-01
3.935333333333333461e-01
3.936000000000000054e-01
3.939333333333333576e-01
3.946000000000000063e-01
3.951999999999999957e-01
3.957333333333333258e-01
3.961333333333333373e-01
3.960666666666666780e-01
3.964666666666666894e-01
3.966000000000000081e-01
3.969333333333333602e-01
3.976000000000000090e-01
3.977333333333333276e-01
3.981999999999999984e-01
3.985333333333333505e-01
3.991333333333333400e-01
3.993333333333333179e-01
3.996000000000000107e-01
4.003333333333333188e-01
4.007333333333333303e-01
4.010666666666666824e-01
4.014666666666666939e-01
4.013333333333333197e-01
4.017999999999999905e-01
4.022000000000000020e-01
4.026000000000000134e-01
4.030000000000000249e-01
4.030000000000000249e-01
4.031333333333333435e-01
4.031333333333333435e-01
4.033333333333333215e-01
4.038666666666666516e-01
4.040666666666666851e-01
4.044666666666666410e-01
4.046000000000000152e-01
4.048666666666666525e-01
4.048666666666666525e-01
4.051333333333333453e-01
4.055333333333333568e-01
4.060000000000000275e-01
4.060666666666666869e-01
4.062666666666666648e-01
4.063999999999999835e-01
4.067999999999999949e-01
4.069999999999999729e-01
4.069333333333333136e-01
4.071333333333333471e-01
4.074666666666666437e-01
4.076666666666666772e-01
4.077333333333333365e-01
4.080666666666666886e-01
4.083333333333333259e-01
4.084666666666666446e-01
4.085333333333333594e-01
4.086000000000000187e-01
4.086666666666666781e-01
4.090666666666666895e-01
4.093999999999999861e-01
4.096000000000000196e-01
4.101333333333333497e-01
4.100666666666666904e-01
4.101333333333333497e-01
4.104666666666666464e-01
4.106666666666666798e-01
4.108666666666666578e-01
4.108666666666666578e-01
4.112666666666666693e-01
4.116000000000000214e-01
4.117999999999999994e-01
4.122000000000000108e-01
4.119999999999999774e-01
4.123333333333333295e-01
4.123999999999999888e-01
4.126000000000000223e-01
4.129333333333333189e-01
4.131333333333333524e-01
4.135333333333333083e-01
4.136666666666666825e-01
4.139999999999999791e-01
4.144666666666666499e-01
4.144666666666666499e-01
4.146666666666666834e-01
4.149333333333333207e-01
4.151333333333333542e-01
4.152666666666666728e-01
4.156666666666666843e-01
4.156666666666666843e-01
4.158000000000000029e-01
4.161333333333333551e-01
4.162666666666666737e-01
4.159999999999999809e-01
4.162666666666666737e-01
4.162000000000000144e-01
4.163999999999999924e-01
4.167333333333333445e-01
4.168000000000000038e-01
4.169333333333333225e-01
4.168000000000000038e-01
4.170666666666666411e-01
4.176000000000000267e-01
4.182000000000000162e-01
4.183999999999999941e-01
4.186000000000000276e-01
4.190666666666666429e-01
4.192666666666666764e-01
4.193999999999999950e-01
4.193999999999999950e-01
4.195999999999999730e-01
4.195333333333333137e-01
4.198000000000000065e-01
4.197333333333333472e-01
4.198666666666666658e-01
4.198666666666666658e-01
4.202000000000000179e-01
4.205333333333333146e-01
4.208000000000000074e-01
4.210666666666666447e-01
4.212000000000000188e-01
4.215999999999999748e-01
4.216666666666666896e-01
4.219999999999999862e-01
4.218000000000000083e-01
4.222666666666666790e-01
4.225333333333333163e-01
4.226666666666666905e-01
4.230666666666666464e-01
4.231333333333333058e-01
4.233333333333333393e-01
4.237333333333333507e-01
4.239999999999999880e-01
4.244666666666666588e-01
4.245333333333333181e-01
4.248000000000000109e-01
4.251333333333333075e-01
4.255333333333333190e-01
4.257333333333333525e-01
4.259333333333333305e-01
4.264000000000000012e-01
4.265999999999999792e-01
4.269999999999999907e-01
4.272666666666666835e-01
4.275333333333333208e-01
4.275999999999999801e-01
4.274666666666666615e-01
4.278000000000000136e-01
4.279333333333333322e-01
4.281333333333333102e-01
4.284000000000000030e-01
4.284666666666666623e-01
4.285333333333333217e-01
4.287333333333333552e-01
4.288666666666666738e-01
4.290666666666666518e-01
4.292666666666666853e-01
4.295333333333333226e-01
4.295999999999999819e-01
4.297333333333333560e-01
4.295999999999999819e-01
4.295333333333333226e-01
4.296666666666666412e-01
4.296666666666666412e-01
4.299333333333333340e-01
4.299999999999999933e-01
4.301333333333333120e-01
4.302000000000000268e-01
4.304666666666666641e-01
4.306666666666666421e-01
4.310666666666666536e-01
4.311333333333333129e-01
4.313333333333333464e-01
4.314666666666666650e-01
4.316666666666666430e-01
4.320666666666666544e-01
4.324000000000000066e-01
4.325999999999999845e-01
4.330666666666666553e-01
4.332666666666666888e-01
4.331999999999999740e-01
4.334000000000000075e-01
4.338666666666666782e-01
4.343333333333333490e-01
4.344000000000000083e-01
4.344000000000000083e-01
4.345999999999999863e-01
4.347333333333333605e-01
4.348666666666666791e-01
4.349999999999999978e-01
4.353333333333333499e-01
4.352666666666666906e-01
4.352666666666666906e-01
4.356666666666666465e-01
4.358000000000000207e-01
4.360666666666666580e-01
4.361333333333333173e-01
4.364666666666666694e-01
4.365999999999999881e-01
4.368666666666666809e-01
4.368000000000000216e-01
4.371333333333333182e-01
4.374000000000000110e-01
4.374666666666666703e-01
4.375333333333333297e-01
4.378000000000000225e-01
4.378666666666666818e-01
4.380000000000000004e-01
4.381333333333333191e-01
4.381333333333333191e-01
4.383333333333333526e-01
4.385333333333333306e-01
4.385999999999999899e-01
4.388000000000000234e-01
4.390000000000000013e-01
4.388666666666666827e-01
4.391333333333333200e-01
4.394666666666666721e-01
4.395999999999999908e-01
4.398666666666666836e-01
4.399333333333333429e-01
4.400000000000000022e-01
4.401999999999999802e-01
4.404666666666666730e-01
4.405999999999999917e-01
4.405999999999999917e-01
4.405333333333333323e-01
4.409333333333333438e-01
4.409333333333333438e-01
4.409333333333333438e-01
4.411999999999999811e-01
4.415999999999999925e-01
4.415999999999999925e-01
4.419333333333333447e-01
4.418000000000000260e-01
4.421333333333333226e-01
4.428666666666666862e-01
4.431333333333333235e-01
4.431999999999999829e-01
4.435999999999999943e-01
4.435999999999999943e-01
4.435999999999999943e-01
4.438666666666666871e-01
4.442666666666666431e-01
4.443333333333333579e-01
4.443333333333333579e-01
4.444666666666666766e-01
4.447333333333333139e-01
4.450666666666666660e-01
4.454666666666666774e-01
4.454666666666666774e-01
4.455333333333333368e-01
4.455999999999999961e-01
4.459333333333333482e-01
4.461999999999999855e-01
4.464000000000000190e-01
4.466666666666666563e-01
4.467999999999999750e-01
4.467999999999999750e-01
4.470666666666666678e-01
4.470000000000000084e-01
4.471999999999999864e-01
4.472666666666666457e-01
4.471333333333333271e-01
4.471333333333333271e-01
4.472666666666666457e-01
4.475333333333333385e-01
4.476666666666666572e-01
4.477999999999999758e-01
4.477999999999999758e-01
4.480666666666666687e-01
4.479333333333333500e-01
4.479333333333333500e-01
4.477333333333333165e-01
4.479333333333333500e-01
4.481999999999999873e-01
4.481333333333333280e-01
4.483333333333333059e-01
4.483333333333333059e-01
4.483333333333333059e-01
4.484000000000000208e-01
4.486666666666666581e-01
4.485333333333333394e-01
4.487333333333333174e-01
4.489333333333333509e-01
4.494666666666666810e-01
4.495333333333333403e-01
4.497333333333333183e-01
4.496666666666666590e-01
4.497999999999999776e-01
4.498666666666666925e-01
4.498666666666666925e-01
4.497999999999999776e-01
4.499333333333333518e-01
4.498666666666666925e-01
4.499333333333333518e-01
4.497999999999999776e-01
4.500666666666666704e-01
4.504000000000000226e-01
4.504666666666666819e-01
4.504666666666666819e-01
4.503333333333333077e-01
4.506000000000000005e-01
4.508666666666666933e-01
4.510000000000000120e-01
4.511333333333333306e-01
4.511333333333333306e-01
4.511333333333333306e-01
4.511333333333333306e-01
4.511999999999999900e-01
4.514000000000000234e-01
4.516666666666666607e-01
4.521333333333333315e-01
4.521999999999999909e-01
4.521999999999999909e-01
4.524000000000000243e-01
4.521999999999999909e-01
4.525333333333333430e-01
4.527333333333333210e-01
4.526666666666666616e-01
4.527333333333333210e-01
4.526000000000000023e-01
4.527999999999999803e-01
4.527999999999999803e-01
4.528666666666666396e-01
4.530000000000000138e-01
4.531999999999999917e-01
4.533333333333333104e-01
4.534000000000000252e-01
4.535333333333333439e-01
4.536000000000000032e-01
4.536000000000000032e-01
4.537999999999999812e-01
4.539333333333333553e-01
4.539333333333333553e-01
4.540666666666666740e-01
4.544666666666666854e-01
4.544000000000000261e-01
4.546000000000000041e-01
4.544000000000000261e-01
4.544000000000000261e-01
4.544666666666666854e-01
4.546666666666666634e-01
4.549333333333333562e-01
4.551333333333333342e-01
4.551333333333333342e-01
4.556000000000000050e-01
4.553333333333333122e-01
4.555333333333333456e-01
4.554666666666666863e-01
4.556666666666666643e-01
4.558666666666666423e-01
4.562666666666666537e-01
4.563333333333333131e-01
4.565333333333333465e-01
4.566000000000000059e-01
4.569333333333333580e-01
4.570666666666666766e-01
4.573333333333333139e-01
4.575333333333333474e-01
4.576000000000000068e-01
4.577999999999999847e-01
4.577333333333333254e-01
4.577333333333333254e-01
4.578666666666666440e-01
4.580666666666666775e-01
4.581999999999999962e-01
4.581999999999999962e-01
4.583999999999999742e-01
4.585333333333333483e-01
4.583999999999999742e-01
4.589333333333333598e-01
4.587999999999999856e-01
4.589333333333333598e-01
4.588666666666666449e-01
4.590000000000000191e-01
4.590666666666666784e-01
4.592666666666666564e-01
4.592666666666666564e-01
4.595333333333333492e-01
4.595333333333333492e-01
4.596666666666666679e-01
4.597999999999999865e-01
4.600000000000000200e-01
4.600666666666666793e-01
4.598666666666666458e-01
4.599333333333333607e-01
4.601333333333333386e-01
4.603333333333333166e-01
4.605333333333333501e-01
4.609333333333333060e-01
4.610000000000000209e-01
4.606666666666666687e-01
4.610666666666666802e-01
4.611333333333333395e-01
4.613333333333333175e-01
4.613999999999999768e-01
4.613333333333333175e-01
4.616000000000000103e-01
4.617333333333333290e-01
4.617999999999999883e-01
4.619333333333333069e-01
4.620000000000000218e-01
4.620000000000000218e-01
4.620666666666666811e-01
4.622666666666666591e-01
4.624666666666666925e-01
4.620000000000000218e-01
4.623333333333333184e-01
4.623333333333333184e-01
4.625333333333333519e-01
4.625333333333333519e-01
4.623333333333333184e-01
4.626666666666666705e-01
4.626000000000000112e-01
4.626666666666666705e-01
4.628666666666666485e-01
4.632000000000000006e-01
4.633333333333333193e-01
4.634666666666666934e-01
4.635333333333333528e-01
4.634666666666666934e-01
4.634666666666666934e-01
4.637333333333333307e-01
4.636666666666666714e-01
4.638666666666666494e-01
4.640000000000000235e-01
4.639333333333333087e-01
4.640000000000000235e-01
4.640666666666666829e-01
4.640000000000000235e-01
4.640000000000000235e-01
4.643999999999999795e-01
4.643333333333333202e-01
4.643333333333333202e-01
4.644666666666666943e-01
4.642000000000000015e-01
4.643333333333333202e-01
4.643999999999999795e-01
4.645333333333333536e-01
4.648666666666666503e-01
4.649333333333333096e-01
4.652666666666666617e-01
4.652666666666666617e-01
4.654666666666666397e-01
4.653999999999999804e-01
4.657333333333333325e-01
4.655333333333333545e-01
4.656666666666666732e-01
4.660666666666666846e-01
4.660666666666666846e-01
4.660000000000000253e-01
4.662000000000000033e-01
4.662666666666666626e-01
4.663333333333333219e-01
4.663999999999999813e-01
4.663999999999999813e-01
4.664666666666666406e-01
4.664666666666666406e-01
4.665333333333333554e-01
4.666000000000000147e-01
4.666666666666666741e-01
4.667333333333333334e-01
4.668666666666666520e-01
4.667999999999999927e-01
4.666666666666666741e-01
4.669333333333333114e-01
4.671333333333333449e-01
4.671333333333333449e-01
4.671333333333333449e-01
4.671333333333333449e-01
4.672666666666666635e-01
4.672000000000000042e-01
4.671333333333333449e-01
4.672000000000000042e-01
4.670666666666666855e-01
4.672000000000000042e-01
4.673333333333333228e-01
4.671333333333333449e-01
4.673333333333333228e-01
4.674666666666666415e-01
4.674666666666666415e-01
4.676000000000000156e-01
4.676666666666666750e-01
4.677333333333333343e-01
4.680666666666666864e-01
4.678666666666666529e-01
4.679333333333333123e-01
4.679333333333333123e-01
4.680000000000000271e-01
4.680666666666666864e-01
4.684666666666666424e-01
4.685333333333333572e-01
4.685333333333333572e-01
4.687333333333333352e-01
4.687999999999999945e-01
4.689333333333333131e-01
4.691333333333333466e-01
4.692666666666666653e-01
4.693333333333333246e-01
4.693999999999999839e-01
4.696000000000000174e-01
4.692000000000000060e-01
4.692666666666666653e-01
4.692666666666666653e-01
4.689999999999999725e-01
4.692666666666666653e-01
4.692666666666666653e-01
4.690666666666666873e-01
4.693999999999999839e-01
4.695333333333333581e-01
4.694666666666666432e-01
4.694666666666666432e-01
4.693999999999999839e-01
4.694666666666666432e-01
4.697333333333333361e-01
4.695333333333333581e-01
4.697333333333333361e-01
4.698666666666666547e-01
4.698666666666666547e-01
4.701333333333333475e-01
4.701333333333333475e-01
4.700666666666666882e-01
4.700666666666666882e-01
4.703333333333333255e-01
4.704666666666666441e-01
4.703999999999999848e-01
4.706666666666666776e-01
4.706666666666666776e-01
4.707999999999999963e-01
4.707333333333333369e-01
4.708666666666666556e-01
4.708666666666666556e-01
4.713999999999999857e-01
4.713999999999999857e-01
4.713999999999999857e-01
4.714666666666666450e-01
4.714666666666666450e-01
4.716666666666666785e-01
4.716666666666666785e-01
4.719333333333333158e-01
4.719333333333333158e-01
4.721333333333333493e-01
4.722000000000000086e-01
4.725333333333333607e-01
4.725333333333333607e-01
4.725333333333333607e-01
4.726000000000000201e-01
4.727333333333333387e-01
4.727333333333333387e-01
4.727999999999999980e-01
4.725333333333333607e-01
4.727999999999999980e-01
4.729999999999999760e-01
4.732666666666666688e-01
4.732000000000000095e-01
4.731333333333333502e-01
4.730666666666666909e-01
4.730666666666666909e-01
4.733333333333333282e-01
4.733999999999999875e-01
4.734666666666666468e-01
4.733999999999999875e-01
4.737333333333333396e-01
4.737333333333333396e-01
4.739999999999999769e-01
4.743333333333333290e-01
4.746000000000000218e-01
4.748666666666666591e-01
4.749333333333333185e-01
4.747999999999999998e-01
4.749999999999999778e-01
