3.715999999999999859e-01
3.724666666666666681e-01
3.725999999999999868e-01
3.729999999999999982e-01
3.736666666666666470e-01
3.741333333333333178e-01
3.744666666666666699e-01
3.745999999999999885e-01
3.750000000000000000e-01
3.753333333333333521e-01
3.755999999999999894e-01
3.761333333333333195e-01
3.765333333333333310e-01
3.766666666666666496e-01
3.774000000000000132e-01
3.778666666666666840e-01
3.781333333333333213e-01
3.784000000000000141e-01
3.785999999999999921e-01
3.788666666666666849e-01
3.792666666666666409e-01
3.792666666666666409e-01
3.799333333333333451e-01
3.801333333333333231e-01
3.804666666666666752e-01
3.807333333333333125e-01
3.811333333333333240e-01
3.812666666666666426e-01
3.817999999999999727e-01
3.819333333333333469e-01
3.821999999999999842e-01
3.824666666666666770e-01
3.827999999999999736e-01
3.828666666666666885e-01
3.833333333333333592e-01
3.835999999999999965e-01
3.840000000000000080e-01
3.840666666666666673e-01
3.843333333333333601e-01
3.846666666666666567e-01
3.848666666666666902e-01
3.852666666666666462e-01
3.855333333333333390e-01
3.857999999999999763e-01
3.861999999999999877e-01
3.866666666666666585e-01
3.867999999999999772e-01
3.871333333333333293e-01
3.876000000000000001e-01
3.878666666666666929e-01
3.879333333333333522e-01
3.883333333333333082e-01
3.887333333333333196e-01
3.891333333333333311e-01
3.894666666666666832e-01
3.896666666666666612e-01
3.900000000000000133e-01
3.901999999999999913e-01
3.906000000000000028e-01
3.911333333333333329e-01
3.915333333333333443e-01
3.918666666666666409e-01
3.921999999999999931e-01
3.924666666666666859e-01
3.927999999999999825e-01
3.930666666666666753e-01
3.934666666666666868e-01
3.937999999999999834e-01
3.943333333333333135e-01
3.943999999999999728e-01
3.947999999999999843e-01
3.951999999999999957e-01
3.956666666666666665e-01
3.956666666666666665e-01
3.956000000000000072e-01
3.960666666666666780e-01
3.963333333333333153e-01
3.967999999999999861e-01
3.971999999999999975e-01
3.974666666666666903e-01
3.979333333333333056e-01
3.981333333333333391e-01
3.982666666666666577e-01
3.983999999999999764e-01
3.986666666666666692e-01
3.987999999999999878e-01
3.990000000000000213e-01
3.991999999999999993e-01
3.994666666666666921e-01
3.997999999999999887e-01
4.002000000000000002e-01
4.006666666666666710e-01
4.009333333333333083e-01
4.016000000000000125e-01
4.018666666666666498e-01
4.020666666666666833e-01
4.021333333333333426e-01
4.024666666666666393e-01
4.025333333333333541e-01
4.030000000000000249e-01
4.031333333333333435e-01
4.033333333333333215e-01
4.034666666666666401e-01
4.039333333333333109e-01
4.040000000000000258e-01
4.043333333333333224e-01
4.045333333333333559e-01
4.047333333333333338e-01
4.047333333333333338e-01
4.050666666666666860e-01
4.053999999999999826e-01
4.056666666666666754e-01
4.058666666666666534e-01
4.062666666666666648e-01
4.063999999999999835e-01
4.063999999999999835e-01
4.062666666666666648e-01
4.069999999999999729e-01
4.072000000000000064e-01
4.075333333333333585e-01
4.076666666666666772e-01
4.080666666666666886e-01
4.081333333333333480e-01
4.084666666666666446e-01
4.087333333333333374e-01
4.092000000000000082e-01
4.092000000000000082e-01
4.093999999999999861e-01
4.096666666666666790e-01
4.096666666666666790e-01
4.097333333333333383e-01
4.099999999999999756e-01
4.103333333333333277e-01
4.105333333333333057e-01
4.106000000000000205e-01
4.109999999999999765e-01
4.110666666666666913e-01
4.111333333333333506e-01
4.112000000000000099e-01
4.117333333333333401e-01
4.119333333333333180e-01
4.118666666666666587e-01
4.123999999999999888e-01
4.124666666666666481e-01
4.124666666666666481e-01
4.127333333333333409e-01
4.129999999999999782e-01
4.134666666666666490e-01
4.136666666666666825e-01
4.139333333333333198e-01
4.143333333333333313e-01
4.145333333333333092e-01
4.146666666666666834e-01
4.148000000000000020e-01
4.147333333333333427e-01
4.149333333333333207e-01
4.149999999999999800e-01
4.151333333333333542e-01
4.155333333333333101e-01
4.158666666666666623e-01
4.158000000000000029e-01
4.158666666666666623e-01
4.160666666666666402e-01
4.163999999999999924e-01
4.163333333333333330e-01
4.167333333333333445e-01
4.168000000000000038e-01
4.168666666666666631e-01
4.170666666666666411e-01
4.172000000000000153e-01
4.174666666666666526e-01
4.177333333333333454e-01
4.179999999999999827e-01
4.184666666666666535e-01
4.187333333333333463e-01
4.192000000000000171e-01
4.192000000000000171e-01
4.193999999999999950e-01
4.195333333333333137e-01
4.195999999999999730e-01
4.198000000000000065e-01
4.202666666666666773e-01
4.203333333333333366e-01
4.206666666666666887e-01
4.210666666666666447e-01
4.210666666666666447e-01
4.212666666666666782e-01
4.215999999999999748e-01
4.218666666666666676e-01
4.219999999999999862e-01
4.220666666666666456e-01
4.221333333333333604e-01
4.223999999999999977e-01
4.226666666666666905e-01
4.231333333333333058e-01
4.230666666666666464e-01
4.230666666666666464e-01
4.233333333333333393e-01
4.235999999999999766e-01
4.236666666666666914e-01
4.238000000000000100e-01
4.239999999999999880e-01
4.242000000000000215e-01
4.243333333333333401e-01
4.243999999999999995e-01
4.244666666666666588e-01
4.246666666666666923e-01
4.249333333333333296e-01
4.249333333333333296e-01
4.252000000000000224e-01
4.252000000000000224e-01
4.253333333333333410e-01
4.254000000000000004e-01
4.257333333333333525e-01
4.261333333333333084e-01
4.264000000000000012e-01
4.265333333333333199e-01
4.265333333333333199e-01
4.266666666666666941e-01
4.270666666666666500e-01
4.272000000000000242e-01
4.275999999999999801e-01
4.277333333333333543e-01
4.281333333333333102e-01
4.287333333333333552e-01
4.289333333333333331e-01
4.293333333333333446e-01
4.295999999999999819e-01
4.296666666666666412e-01
4.298000000000000154e-01
4.298666666666666747e-01
4.299999999999999933e-01
4.299999999999999933e-01
4.299999999999999933e-01
4.307333333333333569e-01
4.306666666666666421e-01
4.307333333333333569e-01
4.309999999999999942e-01
4.313333333333333464e-01
4.315999999999999837e-01
4.319333333333333358e-01
4.321999999999999731e-01
4.324666666666666659e-01
4.325333333333333252e-01
4.325999999999999845e-01
4.329999999999999960e-01
4.330666666666666553e-01
4.330666666666666553e-01
4.332666666666666888e-01
4.335333333333333261e-01
4.335999999999999854e-01
4.338000000000000189e-01
4.338666666666666782e-01
4.338666666666666782e-01
4.340666666666666562e-01
4.341999999999999749e-01
4.342666666666666897e-01
4.341999999999999749e-01
4.344000000000000083e-01
4.345333333333333270e-01
4.346666666666666456e-01
4.345333333333333270e-01
4.349333333333333385e-01
4.349333333333333385e-01
4.351333333333333164e-01
4.355333333333333279e-01
4.355999999999999872e-01
4.358666666666666800e-01
4.360666666666666580e-01
4.364000000000000101e-01
4.367333333333333067e-01
4.368000000000000216e-01
4.367333333333333067e-01
4.369999999999999996e-01
4.371333333333333182e-01
4.372666666666666924e-01
4.374000000000000110e-01
4.377333333333333076e-01
4.378000000000000225e-01
4.380000000000000004e-01
4.381999999999999784e-01
4.381333333333333191e-01
4.385999999999999899e-01
4.388000000000000234e-01
4.391333333333333200e-01
4.391999999999999793e-01
4.392666666666666941e-01
4.393333333333333535e-01
4.393333333333333535e-01
4.394666666666666721e-01
4.400666666666666615e-01
4.401999999999999802e-01
4.404000000000000137e-01
4.405333333333333323e-01
4.404000000000000137e-01
4.406666666666666510e-01
4.410000000000000031e-01
4.413333333333333552e-01
4.414000000000000146e-01
4.414000000000000146e-01
4.416666666666666519e-01
4.417333333333333112e-01
4.418666666666666853e-01
4.421333333333333226e-01
4.421999999999999820e-01
4.420666666666666633e-01
4.423333333333333561e-01
4.423333333333333561e-01
4.425333333333333341e-01
4.426666666666666528e-01
4.427333333333333121e-01
4.430000000000000049e-01
4.432666666666666422e-01
4.430666666666666642e-01
4.436666666666666536e-01
4.437999999999999723e-01
4.440666666666666651e-01
4.443333333333333579e-01
4.442666666666666431e-01
4.445333333333333359e-01
4.450000000000000067e-01
4.450666666666666660e-01
4.451999999999999846e-01
4.453333333333333588e-01
4.452666666666666440e-01
4.454000000000000181e-01
4.457333333333333147e-01
4.459333333333333482e-01
4.460000000000000075e-01
4.461333333333333262e-01
4.462666666666666448e-01
4.465333333333333377e-01
4.467999999999999750e-01
4.470666666666666678e-01
4.467333333333333156e-01
4.469333333333333491e-01
4.472666666666666457e-01
4.475999999999999979e-01
4.475999999999999979e-01
4.479333333333333500e-01
4.481999999999999873e-01
4.484000000000000208e-01
4.484000000000000208e-01
4.484666666666666801e-01
4.484666666666666801e-01
4.483333333333333059e-01
4.484000000000000208e-01
4.488666666666666916e-01
4.487333333333333174e-01
4.488666666666666916e-01
4.490666666666666695e-01
4.495333333333333403e-01
4.494666666666666810e-01
4.492666666666666475e-01
4.495333333333333403e-01
4.495999999999999996e-01
4.497999999999999776e-01
4.497333333333333183e-01
4.497999999999999776e-01
4.498666666666666925e-01
4.499333333333333518e-01
4.501333333333333298e-01
4.504000000000000226e-01
4.503333333333333077e-01
4.503333333333333077e-01
4.504000000000000226e-01
4.504666666666666819e-01
4.505333333333333412e-01
4.506666666666666599e-01
4.505333333333333412e-01
4.507999999999999785e-01
4.510666666666666713e-01
4.510000000000000120e-01
4.510666666666666713e-01
4.511333333333333306e-01
4.514000000000000234e-01
4.514000000000000234e-01
4.515333333333333421e-01
4.514666666666666828e-01
4.516666666666666607e-01
4.517999999999999794e-01
4.519333333333333536e-01
4.520666666666666722e-01
4.521333333333333315e-01
4.521999999999999909e-01
4.524666666666666837e-01
4.524666666666666837e-01
4.526000000000000023e-01
4.526666666666666616e-01
4.526666666666666616e-01
4.528666666666666396e-01
4.527333333333333210e-01
4.527333333333333210e-01
4.529333333333333544e-01
4.531333333333333324e-01
4.532666666666666511e-01
4.533333333333333104e-01
4.536666666666666625e-01
4.537999999999999812e-01
4.538666666666666405e-01
4.537333333333333218e-01
4.538666666666666405e-01
4.539333333333333553e-01
4.540666666666666740e-01
4.542666666666666520e-01
4.544666666666666854e-01
4.544666666666666854e-01
4.546000000000000041e-01
4.547333333333333227e-01
4.550000000000000155e-01
4.551333333333333342e-01
4.553333333333333122e-01
4.553333333333333122e-01
4.555333333333333456e-01
4.555333333333333456e-01
4.556666666666666643e-01
4.557999999999999829e-01
4.558666666666666423e-01
4.561333333333333351e-01
4.562666666666666537e-01
4.561999999999999944e-01
4.563333333333333131e-01
4.566666666666666652e-01
4.569333333333333580e-01
4.568666666666666432e-01
4.570666666666666766e-01
4.570000000000000173e-01
4.571333333333333360e-01
4.571999999999999953e-01
4.573333333333333139e-01
4.575333333333333474e-01
4.573999999999999733e-01
4.574666666666666881e-01
4.574666666666666881e-01
4.576000000000000068e-01
4.576000000000000068e-01
4.577333333333333254e-01
4.578666666666666440e-01
4.580666666666666775e-01
4.581999999999999962e-01
4.582666666666666555e-01
4.583999999999999742e-01
4.583999999999999742e-01
4.585333333333333483e-01
4.586666666666666670e-01
4.586666666666666670e-01
4.591333333333333377e-01
4.591333333333333377e-01
4.593999999999999750e-01
4.595333333333333492e-01
4.594666666666666899e-01
4.595333333333333492e-01
4.597999999999999865e-01
4.599333333333333607e-01
4.599333333333333607e-01
4.599333333333333607e-01
4.600666666666666793e-01
4.602666666666666573e-01
4.604666666666666908e-01
4.605333333333333501e-01
4.607333333333333281e-01
4.606666666666666687e-01
4.607999999999999874e-01
4.610000000000000209e-01
4.613333333333333175e-01
4.612666666666666582e-01
4.617333333333333290e-01
4.616666666666666696e-01
4.621333333333333404e-01
4.623333333333333184e-01
4.623333333333333184e-01
4.624666666666666925e-01
4.626000000000000112e-01
4.626000000000000112e-01
4.626666666666666705e-01
4.629333333333333078e-01
4.632000000000000006e-01
4.632000000000000006e-01
4.632000000000000006e-01
4.633333333333333193e-01
4.635333333333333528e-01
4.635333333333333528e-01
4.635333333333333528e-01
4.638666666666666494e-01
4.638666666666666494e-01
4.640666666666666829e-01
4.641333333333333422e-01
4.642666666666666608e-01
4.643999999999999795e-01
4.644666666666666943e-01
4.646666666666666723e-01
4.647999999999999909e-01
4.650000000000000244e-01
4.650666666666666837e-01
4.652666666666666617e-01
4.652000000000000024e-01
4.653999999999999804e-01
4.656000000000000139e-01
4.655333333333333545e-01
4.657333333333333325e-01
4.657999999999999918e-01
4.656000000000000139e-01
4.657999999999999918e-01
4.659333333333333105e-01
4.658666666666666512e-01
4.660000000000000253e-01
4.661333333333333440e-01
4.662000000000000033e-01
4.660000000000000253e-01
4.663333333333333219e-01
4.663999999999999813e-01
4.666666666666666741e-01
4.667999999999999927e-01
4.667999999999999927e-01
4.667999999999999927e-01
4.667999999999999927e-01
4.670000000000000262e-01
4.671333333333333449e-01
4.670000000000000262e-01
4.669333333333333114e-01
4.670000000000000262e-01
4.671333333333333449e-01
4.672666666666666635e-01
4.672666666666666635e-01
4.673333333333333228e-01
4.673999999999999821e-01
4.673999999999999821e-01
4.676000000000000156e-01
4.676666666666666750e-01
4.676000000000000156e-01
4.677999999999999936e-01
4.677333333333333343e-01
4.680000000000000271e-01
4.682000000000000051e-01
4.682000000000000051e-01
4.682666666666666644e-01
4.683999999999999830e-01
4.684666666666666424e-01
4.686000000000000165e-01
4.688666666666666538e-01
4.687333333333333352e-01
4.688666666666666538e-01
4.690666666666666873e-01
4.689999999999999725e-01
4.689333333333333131e-01
4.689999999999999725e-01
4.691333333333333466e-01
4.689999999999999725e-01
4.690666666666666873e-01
4.690666666666666873e-01
4.692666666666666653e-01
4.693333333333333246e-01
4.697333333333333361e-01
4.697999999999999954e-01
4.697999999999999954e-01
4.697999999999999954e-01
4.697999999999999954e-01
4.699333333333333140e-01
4.701333333333333475e-01
4.701333333333333475e-01
4.702666666666666662e-01
4.703333333333333255e-01
4.705333333333333590e-01
4.705333333333333590e-01
4.703999999999999848e-01
4.707333333333333369e-01
4.706666666666666776e-01
4.706000000000000183e-01
4.707999999999999963e-01
4.711333333333333484e-01
4.711333333333333484e-01
4.712666666666666671e-01
4.712000000000000077e-01
4.713333333333333264e-01
4.714666666666666450e-01
4.715333333333333599e-01
4.712666666666666671e-01
4.713999999999999857e-01
4.714666666666666450e-01
4.715333333333333599e-01
4.716000000000000192e-01
4.716000000000000192e-01
4.715333333333333599e-01
4.719333333333333158e-01
4.721333333333333493e-01
4.723999999999999866e-01
4.726666666666666794e-01
4.726666666666666794e-01
4.727333333333333387e-01
4.726666666666666794e-01
4.727333333333333387e-01
4.729333333333333167e-01
4.728666666666666574e-01
4.729999999999999760e-01
4.731333333333333502e-01
4.732000000000000095e-01
4.733999999999999875e-01
4.734666666666666468e-01
4.737333333333333396e-01
4.739333333333333176e-01
4.738666666666666583e-01
4.741333333333333511e-01
4.741333333333333511e-01
4.740666666666666917e-01
4.741333333333333511e-01
4.741333333333333511e-01
4.742000000000000104e-01
4.744666666666666477e-01
4.746666666666666812e-01
4.747333333333333405e-01
4.747333333333333405e-01
4.745333333333333070e-01
4.747333333333333405e-01
4.750666666666666926e-01
4.752666666666666706e-01
4.752666666666666706e-01
4.752666666666666706e-01
4.751333333333333520e-01
4.753333333333333299e-01
4.755333333333333079e-01
4.756000000000000227e-01
4.755333333333333079e-01
4.757333333333333414e-01
4.757333333333333414e-01
4.759333333333333194e-01
4.758666666666666600e-01
4.760666666666666935e-01
4.759333333333333194e-01
4.763333333333333308e-01
4.762666666666666715e-01
4.764666666666666495e-01
4.765333333333333088e-01
4.765333333333333088e-01
4.768666666666666609e-01
4.768666666666666609e-01
4.766666666666666829e-01
4.768666666666666609e-01
4.769333333333333202e-01
4.771333333333333537e-01
4.773333333333333317e-01
4.772666666666666724e-01
4.773999999999999910e-01
4.775333333333333097e-01
4.778000000000000025e-01
4.778666666666666618e-01
4.781333333333333546e-01
4.781333333333333546e-01
4.781333333333333546e-01
4.783333333333333326e-01
4.783333333333333326e-01
4.782666666666666733e-01
4.782666666666666733e-01
4.783999999999999919e-01
4.783333333333333326e-01
4.783333333333333326e-01
4.782666666666666733e-01
4.782666666666666733e-01
4.781333333333333546e-01
4.781333333333333546e-01
4.783333333333333326e-01
4.785333333333333106e-01
4.784666666666666512e-01
4.784666666666666512e-01
4.786000000000000254e-01
4.786000000000000254e-01
4.786666666666666847e-01
4.788666666666666627e-01
4.789999999999999813e-01
4.791333333333333555e-01
4.793333333333333335e-01
4.792666666666666742e-01
4.795333333333333115e-01
4.796000000000000263e-01
4.793333333333333335e-01
4.796000000000000263e-01
4.799333333333333229e-01
4.799999999999999822e-01
4.799999999999999822e-01
4.800666666666666416e-01
4.802666666666666750e-01
4.801333333333333564e-01
4.802000000000000157e-01
4.802666666666666750e-01
4.806000000000000272e-01
4.804666666666666530e-01
4.803999999999999937e-01
4.807333333333333458e-01
4.808000000000000052e-01
4.808666666666666645e-01
4.808666666666666645e-01
4.809333333333333238e-01
4.809333333333333238e-01
4.807333333333333458e-01
4.807333333333333458e-01
4.812000000000000166e-01
4.812000000000000166e-01
4.813333333333333353e-01
4.813333333333333353e-01
4.813333333333333353e-01
4.813999999999999946e-01
4.815333333333333132e-01
4.815333333333333132e-01
4.816666666666666874e-01
4.817333333333333467e-01
4.818000000000000060e-01
4.819333333333333247e-01
4.818666666666666654e-01
4.818666666666666654e-01
4.819333333333333247e-01
4.819333333333333247e-01
4.818000000000000060e-01
4.818000000000000060e-01
4.818666666666666654e-01
4.822000000000000175e-01
4.821333333333333582e-01
4.822000000000000175e-01
4.822000000000000175e-01
4.823333333333333361e-01
4.828666666666666663e-01
4.828666666666666663e-01
4.829333333333333256e-01
4.827333333333333476e-01
4.829333333333333256e-01
4.829999999999999849e-01
4.830666666666666442e-01
4.831333333333333591e-01
4.833333333333333370e-01
4.833333333333333370e-01
4.832666666666666777e-01
4.833999999999999964e-01
