2.677333333333333232e-01
2.694666666666666877e-01
2.717333333333333267e-01
2.739333333333333065e-01
2.760666666666666824e-01
2.786000000000000143e-01
2.812666666666666648e-01
2.836000000000000187e-01
2.856000000000000205e-01
2.872000000000000108e-01
2.890666666666666940e-01
2.906000000000000250e-01
2.923999999999999932e-01
2.944666666666666544e-01
2.961333333333333595e-01
2.979999999999999871e-01
2.999999999999999889e-01
3.013333333333333419e-01
3.032666666666666844e-01
3.049333333333333340e-01
3.061333333333333129e-01
3.080666666666666553e-01
3.094000000000000083e-01
3.109999999999999987e-01
3.119333333333333402e-01
3.130666666666666598e-01
3.144666666666666721e-01
3.158666666666666845e-01
3.171999999999999820e-01
3.182666666666666422e-01
3.198666666666666880e-01
3.213333333333333597e-01
3.220000000000000084e-01
3.228666666666666907e-01
3.241999999999999882e-01
3.254666666666666819e-01
3.265333333333333421e-01
3.274000000000000243e-01
3.281333333333333324e-01
3.291999999999999926e-01
3.307333333333333236e-01
3.315333333333333465e-01
3.325333333333333474e-01
3.331999999999999962e-01
3.341333333333333377e-01
3.346000000000000085e-01
3.356000000000000094e-01
3.366000000000000103e-01
3.373999999999999777e-01
3.380000000000000226e-01
3.387333333333333307e-01
3.395333333333333536e-01
3.403999999999999804e-01
3.417333333333333334e-01
3.423999999999999821e-01
3.429333333333333123e-01
3.442666666666666653e-01
3.448666666666666547e-01
3.459333333333333149e-01
3.466000000000000192e-01
3.471333333333333493e-01
3.476666666666666794e-01
3.484666666666666468e-01
3.489999999999999769e-01
3.495333333333333070e-01
3.502000000000000113e-01
3.509999999999999787e-01
3.518000000000000016e-01
3.526666666666666838e-01
3.529999999999999805e-01
3.533333333333333326e-01
3.542000000000000148e-01
3.546666666666666856e-01
3.551333333333333564e-01
3.555333333333333123e-01
3.559999999999999831e-01
3.567333333333333467e-01
3.573333333333333361e-01
3.577333333333333476e-01
3.583333333333333370e-01
3.584666666666666557e-01
3.590666666666666451e-01
3.600666666666666460e-01
3.603333333333333388e-01
3.609999999999999876e-01
3.612666666666666804e-01
3.619333333333333291e-01
3.625999999999999779e-01
3.631333333333333080e-01
3.635333333333333194e-01
3.642000000000000237e-01
3.645333333333333203e-01
3.651333333333333098e-01
3.655999999999999805e-01
3.658666666666666734e-01
3.665999999999999814e-01
3.669333333333333336e-01
3.671333333333333115e-01
3.674666666666666637e-01
3.682666666666666866e-01
3.688666666666666760e-01
3.694000000000000061e-01
3.699333333333333362e-01
3.702666666666666884e-01
3.708000000000000185e-01
3.713333333333333486e-01
3.719333333333333380e-01
3.728000000000000203e-01
3.728666666666666796e-01
3.734666666666666690e-01
3.737333333333333063e-01
3.741999999999999771e-01
3.746666666666666479e-01
3.752666666666666928e-01
3.755999999999999894e-01
3.758000000000000229e-01
3.760666666666666602e-01
3.765999999999999903e-01
3.771999999999999797e-01
3.779333333333333433e-01
3.779333333333333433e-01
3.781333333333333213e-01
3.784000000000000141e-01
3.792666666666666409e-01
3.796666666666666523e-01
3.800000000000000044e-01
3.805333333333333345e-01
3.806666666666666532e-01
3.811333333333333240e-01
3.815333333333333354e-01
3.817333333333333134e-01
3.821999999999999842e-01
3.828666666666666885e-01
3.832666666666666444e-01
3.835999999999999965e-01
3.840000000000000080e-01
3.840000000000000080e-01
3.842666666666666453e-01
3.845999999999999974e-01
3.848666666666666902e-01
3.854000000000000203e-01
3.857999999999999763e-01
3.860000000000000098e-01
3.863333333333333064e-01
3.866666666666666585e-01
3.870666666666666700e-01
3.873333333333333073e-01
3.877333333333333187e-01
3.880666666666666709e-01
3.885333333333333417e-01
3.890000000000000124e-01
3.893333333333333091e-01
3.896000000000000019e-01
3.900666666666666726e-01
3.906000000000000028e-01
3.906666666666666621e-01
3.911333333333333329e-01
3.913333333333333108e-01
3.917333333333333223e-01
3.918666666666666409e-01
3.922666666666666524e-01
3.926000000000000045e-01
3.927999999999999825e-01
3.931999999999999940e-01
3.933333333333333126e-01
3.937333333333333241e-01
3.941999999999999948e-01
3.948666666666666436e-01
3.950666666666666771e-01
3.955333333333333479e-01
3.958666666666666445e-01
3.959333333333333593e-01
3.964666666666666894e-01
3.967333333333333267e-01
3.974666666666666903e-01
3.977999999999999869e-01
3.980000000000000204e-01
3.985333333333333505e-01
3.988666666666666472e-01
3.992666666666666586e-01
3.991999999999999993e-01
4.002000000000000002e-01
4.003999999999999782e-01
4.002666666666666595e-01
4.007333333333333303e-01
4.010666666666666824e-01
4.013999999999999790e-01
4.016666666666666718e-01
4.021333333333333426e-01
4.026000000000000134e-01
4.030000000000000249e-01
4.031333333333333435e-01
4.033333333333333215e-01
4.035333333333333550e-01
4.036666666666666736e-01
4.040000000000000258e-01
4.045333333333333559e-01
4.046666666666666745e-01
4.047333333333333338e-01
4.050666666666666860e-01
4.050000000000000266e-01
4.053333333333333233e-01
4.059333333333333127e-01
4.061333333333333462e-01
4.060000000000000275e-01
4.066000000000000170e-01
4.067999999999999949e-01
4.069333333333333136e-01
4.072666666666666657e-01
4.071333333333333471e-01
4.071333333333333471e-01
4.076000000000000179e-01
4.077999999999999958e-01
4.076666666666666772e-01
4.079333333333333145e-01
4.081333333333333480e-01
4.085333333333333594e-01
4.086666666666666781e-01
4.087999999999999967e-01
4.087999999999999967e-01
4.088666666666666560e-01
4.094666666666666455e-01
4.096000000000000196e-01
4.100666666666666904e-01
4.099999999999999756e-01
4.101333333333333497e-01
4.107333333333333392e-01
4.108666666666666578e-01
4.109999999999999765e-01
4.112000000000000099e-01
4.112000000000000099e-01
4.113333333333333286e-01
4.117999999999999994e-01
4.118666666666666587e-01
4.122000000000000108e-01
4.123999999999999888e-01
4.126000000000000223e-01
4.128000000000000003e-01
4.129999999999999782e-01
4.132000000000000117e-01
4.134666666666666490e-01
4.137333333333333418e-01
4.140666666666666940e-01
4.140666666666666940e-01
4.142000000000000126e-01
4.146666666666666834e-01
4.149999999999999800e-01
4.152000000000000135e-01
4.154666666666666508e-01
4.156666666666666843e-01
4.158000000000000029e-01
4.157333333333333436e-01
4.158000000000000029e-01
4.161333333333333551e-01
4.159999999999999809e-01
4.159333333333333216e-01
4.162000000000000144e-01
4.161333333333333551e-01
4.164666666666666517e-01
4.167333333333333445e-01
4.166666666666666852e-01
4.171333333333333560e-01
4.172666666666666746e-01
4.176000000000000267e-01
4.181333333333333568e-01
4.183333333333333348e-01
4.188000000000000056e-01
4.188000000000000056e-01
4.192000000000000171e-01
4.192666666666666764e-01
4.193999999999999950e-01
4.195333333333333137e-01
4.195999999999999730e-01
4.197333333333333472e-01
4.197333333333333472e-01
4.198666666666666658e-01
4.199999999999999845e-01
4.201333333333333586e-01
4.206666666666666887e-01
4.208666666666666667e-01
4.211333333333333595e-01
4.209333333333333260e-01
4.212666666666666782e-01
4.213333333333333375e-01
4.215333333333333155e-01
4.218666666666666676e-01
4.221333333333333604e-01
4.222666666666666790e-01
4.225999999999999757e-01
4.228666666666666685e-01
4.231333333333333058e-01
4.233333333333333393e-01
4.235999999999999766e-01
4.238666666666666694e-01
4.239333333333333287e-01
4.242666666666666808e-01
4.243999999999999995e-01
4.248000000000000109e-01
4.250666666666666482e-01
4.252000000000000224e-01
4.259333333333333305e-01
4.262666666666666826e-01
4.266666666666666941e-01
4.266666666666666941e-01
4.267333333333333534e-01
4.269333333333333313e-01
4.268666666666666720e-01
4.272000000000000242e-01
4.272666666666666835e-01
4.276666666666666394e-01
4.278666666666666729e-01
4.279999999999999916e-01
4.282000000000000250e-01
4.284666666666666623e-01
4.285333333333333217e-01
4.287333333333333552e-01
4.288666666666666738e-01
4.292000000000000259e-01
4.292666666666666853e-01
4.292666666666666853e-01
4.289999999999999925e-01
4.288666666666666738e-01
4.291333333333333111e-01
4.293333333333333446e-01
4.297333333333333560e-01
4.298000000000000154e-01
4.297333333333333560e-01
4.303333333333333455e-01
4.302000000000000268e-01
4.304666666666666641e-01
4.305333333333333234e-01
4.307333333333333569e-01
4.307333333333333569e-01
4.310666666666666536e-01
4.313333333333333464e-01
4.317333333333333578e-01
4.319999999999999951e-01
4.320666666666666544e-01
4.324666666666666659e-01
4.326666666666666439e-01
4.329999999999999960e-01
4.330666666666666553e-01
4.334000000000000075e-01
4.335999999999999854e-01
4.336666666666666448e-01
4.341333333333333155e-01
4.342666666666666897e-01
4.342666666666666897e-01
4.345333333333333270e-01
4.343333333333333490e-01
4.345999999999999863e-01
4.349333333333333385e-01
4.351999999999999758e-01
4.352666666666666906e-01
4.355333333333333279e-01
4.355999999999999872e-01
4.356666666666666465e-01
4.361999999999999766e-01
4.364000000000000101e-01
4.365333333333333288e-01
4.368000000000000216e-01
4.366666666666666474e-01
4.369999999999999996e-01
4.372666666666666924e-01
4.373333333333333517e-01
4.376666666666666483e-01
4.375999999999999890e-01
4.376666666666666483e-01
4.378000000000000225e-01
4.380000000000000004e-01
4.382666666666666933e-01
4.381333333333333191e-01
4.383333333333333526e-01
4.385333333333333306e-01
4.388666666666666827e-01
4.390000000000000013e-01
4.390666666666666607e-01
4.391333333333333200e-01
4.391999999999999793e-01
4.395333333333333314e-01
4.398000000000000242e-01
4.399333333333333429e-01
4.399333333333333429e-01
4.403333333333333544e-01
4.405333333333333323e-01
4.404000000000000137e-01
4.405333333333333323e-01
4.405999999999999917e-01
4.405999999999999917e-01
4.408000000000000251e-01
4.407333333333333103e-01
4.410000000000000031e-01
4.413333333333333552e-01
4.415999999999999925e-01
4.418000000000000260e-01
4.417333333333333112e-01
4.422666666666666413e-01
4.424666666666666748e-01
4.428000000000000269e-01
4.431333333333333235e-01
4.434000000000000163e-01
4.436666666666666536e-01
4.437999999999999723e-01
4.437333333333333130e-01
4.438666666666666871e-01
4.440000000000000058e-01
4.441999999999999837e-01
4.445333333333333359e-01
4.447999999999999732e-01
4.449333333333333473e-01
4.453333333333333588e-01
4.454666666666666774e-01
4.454000000000000181e-01
4.454666666666666774e-01
4.457333333333333147e-01
4.457999999999999741e-01
4.460000000000000075e-01
4.462666666666666448e-01
4.464666666666666783e-01
4.464000000000000190e-01
4.466666666666666563e-01
4.465999999999999970e-01
4.466666666666666563e-01
4.469333333333333491e-01
4.469333333333333491e-01
4.469333333333333491e-01
4.471999999999999864e-01
4.473333333333333606e-01
4.475333333333333385e-01
4.474666666666666792e-01
4.475333333333333385e-01
4.475333333333333385e-01
4.475999999999999979e-01
4.475999999999999979e-01
4.476666666666666572e-01
4.475999999999999979e-01
4.475333333333333385e-01
4.476666666666666572e-01
4.477999999999999758e-01
4.477999999999999758e-01
4.477999999999999758e-01
4.479333333333333500e-01
4.480666666666666687e-01
4.481999999999999873e-01
4.481999999999999873e-01
4.486666666666666581e-01
4.491333333333333289e-01
4.491999999999999882e-01
4.492666666666666475e-01
4.491333333333333289e-01
4.492666666666666475e-01
4.493333333333333068e-01
4.495333333333333403e-01
4.497999999999999776e-01
4.499333333333333518e-01
4.497333333333333183e-01
4.497333333333333183e-01
4.499333333333333518e-01
4.500666666666666704e-01
4.501999999999999891e-01
4.500000000000000111e-01
4.501999999999999891e-01
4.504000000000000226e-01
4.504666666666666819e-01
4.506000000000000005e-01
4.508666666666666933e-01
4.511999999999999900e-01
4.513333333333333086e-01
4.511333333333333306e-01
4.511333333333333306e-01
4.513333333333333086e-01
4.517333333333333201e-01
4.517999999999999794e-01
4.520000000000000129e-01
4.521333333333333315e-01
4.521999999999999909e-01
4.521999999999999909e-01
4.522666666666666502e-01
4.524000000000000243e-01
4.526666666666666616e-01
4.525333333333333430e-01
4.526000000000000023e-01
4.528666666666666396e-01
4.527333333333333210e-01
4.526666666666666616e-01
4.528666666666666396e-01
4.527333333333333210e-01
4.530666666666666731e-01
4.530666666666666731e-01
4.530666666666666731e-01
4.532666666666666511e-01
4.534000000000000252e-01
4.531999999999999917e-01
4.536000000000000032e-01
4.537333333333333218e-01
4.540000000000000147e-01
4.544000000000000261e-01
4.544000000000000261e-01
4.544000000000000261e-01
4.543333333333333113e-01
4.542666666666666520e-01
4.540666666666666740e-01
4.544000000000000261e-01
4.544000000000000261e-01
4.546000000000000041e-01
4.550000000000000155e-01
4.552666666666666528e-01
4.554000000000000270e-01
4.554666666666666863e-01
4.554666666666666863e-01
4.555333333333333456e-01
4.556000000000000050e-01
4.557333333333333236e-01
4.557999999999999829e-01
4.560666666666666758e-01
4.561999999999999944e-01
4.563333333333333131e-01
4.564666666666666872e-01
4.567333333333333245e-01
4.568666666666666432e-01
4.568666666666666432e-01
4.569333333333333580e-01
4.570000000000000173e-01
4.573999999999999733e-01
4.575333333333333474e-01
4.576666666666666661e-01
4.577333333333333254e-01
4.578666666666666440e-01
4.581333333333333369e-01
4.583333333333333148e-01
4.585333333333333483e-01
4.583999999999999742e-01
4.586000000000000076e-01
4.586666666666666670e-01
4.586000000000000076e-01
4.589333333333333598e-01
4.590000000000000191e-01
4.591999999999999971e-01
4.592666666666666564e-01
4.592666666666666564e-01
4.593999999999999750e-01
4.596000000000000085e-01
4.596000000000000085e-01
4.595333333333333492e-01
4.595333333333333492e-01
4.597333333333333272e-01
4.597333333333333272e-01
4.599333333333333607e-01
4.599333333333333607e-01
4.603999999999999759e-01
4.603999999999999759e-01
4.605333333333333501e-01
4.604666666666666908e-01
4.606666666666666687e-01
4.610000000000000209e-01
4.610666666666666802e-01
4.611333333333333395e-01
4.610000000000000209e-01
4.611999999999999988e-01
4.613999999999999768e-01
4.617333333333333290e-01
4.619333333333333069e-01
4.619333333333333069e-01
4.621333333333333404e-01
4.617333333333333290e-01
4.619333333333333069e-01
4.620000000000000218e-01
4.618666666666666476e-01
4.621999999999999997e-01
4.621999999999999997e-01
4.623333333333333184e-01
4.624666666666666925e-01
4.626000000000000112e-01
4.626666666666666705e-01
4.624666666666666925e-01
4.626000000000000112e-01
4.624666666666666925e-01
4.627999999999999892e-01
4.627999999999999892e-01
4.632000000000000006e-01
4.633333333333333193e-01
4.633999999999999786e-01
4.633333333333333193e-01
4.636000000000000121e-01
4.637333333333333307e-01
4.637333333333333307e-01
4.638666666666666494e-01
4.638666666666666494e-01
4.636666666666666714e-01
4.639333333333333087e-01
4.640000000000000235e-01
4.642000000000000015e-01
4.642666666666666608e-01
4.644666666666666943e-01
4.640666666666666829e-01
4.643999999999999795e-01
4.642666666666666608e-01
4.643333333333333202e-01
4.643333333333333202e-01
4.642000000000000015e-01
4.646000000000000130e-01
4.646000000000000130e-01
4.647333333333333316e-01
4.648666666666666503e-01
4.649333333333333096e-01
4.651333333333333431e-01
4.653333333333333210e-01
4.657333333333333325e-01
4.656000000000000139e-01
4.656000000000000139e-01
4.657333333333333325e-01
4.657333333333333325e-01
4.660000000000000253e-01
4.662000000000000033e-01
4.662666666666666626e-01
4.662666666666666626e-01
4.662666666666666626e-01
4.662666666666666626e-01
4.661333333333333440e-01
4.660666666666666846e-01
4.662666666666666626e-01
4.663333333333333219e-01
4.663333333333333219e-01
4.662666666666666626e-01
4.663333333333333219e-01
4.665333333333333554e-01
4.666666666666666741e-01
4.667333333333333334e-01
4.667999999999999927e-01
4.666000000000000147e-01
4.667333333333333334e-01
4.667333333333333334e-01
4.669333333333333114e-01
4.667333333333333334e-01
4.666666666666666741e-01
4.664666666666666406e-01
4.666666666666666741e-01
4.667999999999999927e-01
4.666666666666666741e-01
4.669333333333333114e-01
4.670000000000000262e-01
4.667333333333333334e-01
4.671333333333333449e-01
4.670666666666666855e-01
4.672666666666666635e-01
4.672000000000000042e-01
4.676000000000000156e-01
4.673999999999999821e-01
4.674666666666666415e-01
4.676000000000000156e-01
4.676666666666666750e-01
4.681333333333333457e-01
4.683333333333333237e-01
4.682666666666666644e-01
4.683333333333333237e-01
4.685333333333333572e-01
4.687333333333333352e-01
4.689999999999999725e-01
4.691333333333333466e-01
4.689999999999999725e-01
4.689333333333333131e-01
4.690666666666666873e-01
4.689333333333333131e-01
4.692000000000000060e-01
4.690666666666666873e-01
4.689999999999999725e-01
4.689999999999999725e-01
4.690666666666666873e-01
4.689333333333333131e-01
4.689333333333333131e-01
4.691333333333333466e-01
4.689999999999999725e-01
4.692000000000000060e-01
4.689333333333333131e-01
4.692000000000000060e-01
4.692666666666666653e-01
4.696000000000000174e-01
4.694666666666666432e-01
4.696000000000000174e-01
4.697999999999999954e-01
4.699333333333333140e-01
4.698666666666666547e-01
4.697999999999999954e-01
4.696666666666666767e-01
4.697333333333333361e-01
4.700666666666666882e-01
4.701333333333333475e-01
4.702666666666666662e-01
4.703999999999999848e-01
4.703999999999999848e-01
4.704666666666666441e-01
4.705333333333333590e-01
4.706000000000000183e-01
4.707333333333333369e-01
4.706666666666666776e-01
4.709999999999999742e-01
4.709333333333333149e-01
4.710666666666666891e-01
4.708666666666666556e-01
4.709999999999999742e-01
4.713999999999999857e-01
4.713999999999999857e-01
4.714666666666666450e-01
4.715333333333333599e-01
4.716666666666666785e-01
4.722000000000000086e-01
4.722000000000000086e-01
4.723999999999999866e-01
4.723999999999999866e-01
4.722000000000000086e-01
4.722000000000000086e-01
4.723333333333333273e-01
4.722666666666666679e-01
4.725333333333333607e-01
4.725333333333333607e-01
4.727333333333333387e-01
4.729333333333333167e-01
4.727333333333333387e-01
4.726000000000000201e-01
4.729333333333333167e-01
4.731333333333333502e-01
4.731333333333333502e-01
4.730666666666666909e-01
4.732666666666666688e-01
4.733999999999999875e-01
4.735333333333333061e-01
4.736666666666666803e-01
4.739999999999999769e-01
4.739999999999999769e-01
4.739333333333333176e-01
