3.622666666666666813e-01
3.632000000000000228e-01
3.636666666666666936e-01
3.647333333333333538e-01
3.650666666666666504e-01
3.654666666666666619e-01
3.662000000000000255e-01
3.667333333333333556e-01
3.668666666666666742e-01
3.671333333333333115e-01
3.675333333333333230e-01
3.681333333333333124e-01
3.683333333333333459e-01
3.688666666666666760e-01
3.695333333333333248e-01
3.698000000000000176e-01
3.701333333333333142e-01
3.703333333333333477e-01
3.706666666666666443e-01
3.705333333333333257e-01
3.714666666666666672e-01
3.718000000000000194e-01
3.722666666666666901e-01
3.725999999999999868e-01
3.731333333333333169e-01
3.734000000000000097e-01
3.738666666666666805e-01
3.739999999999999991e-01
3.745333333333333292e-01
3.744666666666666699e-01
3.747333333333333072e-01
3.750666666666666593e-01
3.755333333333333301e-01
3.760000000000000009e-01
3.761999999999999789e-01
3.766666666666666496e-01
3.769333333333333425e-01
3.775333333333333319e-01
3.781999999999999806e-01
3.784666666666666734e-01
3.790000000000000036e-01
3.794000000000000150e-01
3.794666666666666743e-01
3.798666666666666858e-01
3.799333333333333451e-01
3.802666666666666417e-01
3.807333333333333125e-01
3.809333333333333460e-01
3.811999999999999833e-01
3.811999999999999833e-01
3.818666666666666876e-01
3.822666666666666435e-01
3.825999999999999956e-01
3.830000000000000071e-01
3.830666666666666664e-01
3.834000000000000186e-01
3.835333333333333372e-01
3.838666666666666893e-01
3.845333333333333381e-01
3.846666666666666567e-01
3.850000000000000089e-01
3.855999999999999983e-01
3.856666666666666576e-01
3.861333333333333284e-01
3.861999999999999877e-01
3.867999999999999772e-01
3.871333333333333293e-01
3.877999999999999781e-01
3.882666666666666488e-01
3.884000000000000230e-01
3.888666666666666938e-01
3.891333333333333311e-01
3.894666666666666832e-01
3.898666666666666392e-01
3.904666666666666841e-01
3.906666666666666621e-01
3.910000000000000142e-01
3.910666666666666735e-01
3.914000000000000257e-01
3.916666666666666630e-01
3.920666666666666744e-01
3.925333333333333452e-01
3.929333333333333567e-01
3.931333333333333346e-01
3.936666666666666647e-01
3.940000000000000169e-01
3.942666666666666542e-01
3.944666666666666877e-01
3.945333333333333470e-01
3.947999999999999843e-01
3.951333333333333364e-01
3.953999999999999737e-01
3.955333333333333479e-01
3.956666666666666665e-01
3.957999999999999852e-01
3.961999999999999966e-01
3.968666666666666454e-01
3.972666666666666568e-01
3.973999999999999755e-01
3.968666666666666454e-01
3.980000000000000204e-01
3.983333333333333171e-01
3.986666666666666692e-01
3.990000000000000213e-01
3.987999999999999878e-01
3.991999999999999993e-01
3.996000000000000107e-01
4.001333333333333409e-01
4.003999999999999782e-01
4.007999999999999896e-01
4.012666666666666604e-01
4.016666666666666718e-01
4.017999999999999905e-01
4.020000000000000240e-01
4.022666666666666613e-01
4.022666666666666613e-01
4.028666666666666507e-01
4.030666666666666842e-01
4.032666666666666622e-01
4.033999999999999808e-01
4.036666666666666736e-01
4.039333333333333109e-01
4.040666666666666851e-01
4.044666666666666410e-01
4.047999999999999932e-01
4.047333333333333338e-01
4.052666666666666639e-01
4.054666666666666419e-01
4.056666666666666754e-01
4.060000000000000275e-01
4.065333333333333576e-01
4.064666666666666428e-01
4.067333333333333356e-01
4.067333333333333356e-01
4.071333333333333471e-01
4.075333333333333585e-01
4.075333333333333585e-01
4.077999999999999958e-01
4.082000000000000073e-01
4.082666666666666666e-01
4.088666666666666560e-01
4.087999999999999967e-01
4.089333333333333154e-01
4.091333333333333488e-01
4.093999999999999861e-01
4.095333333333333603e-01
4.094666666666666455e-01
4.098666666666666569e-01
4.101333333333333497e-01
4.100666666666666904e-01
4.104666666666666464e-01
4.108666666666666578e-01
4.108666666666666578e-01
4.109999999999999765e-01
4.111333333333333506e-01
4.112666666666666693e-01
4.114666666666666472e-01
4.118666666666666587e-01
4.122666666666666702e-01
4.121333333333333515e-01
4.123999999999999888e-01
4.125333333333333075e-01
4.128666666666666596e-01
4.132666666666666710e-01
4.136000000000000232e-01
4.140666666666666940e-01
4.143333333333333313e-01
4.146666666666666834e-01
4.146000000000000241e-01
4.146000000000000241e-01
4.147333333333333427e-01
4.149999999999999800e-01
4.151333333333333542e-01
4.153333333333333321e-01
4.156666666666666843e-01
4.155333333333333101e-01
4.156666666666666843e-01
4.157333333333333436e-01
4.161333333333333551e-01
4.161333333333333551e-01
4.162666666666666737e-01
4.161333333333333551e-01
4.167333333333333445e-01
4.168000000000000038e-01
4.169999999999999818e-01
4.173999999999999932e-01
4.174666666666666526e-01
4.177333333333333454e-01
4.181333333333333568e-01
4.182666666666666755e-01
4.183999999999999941e-01
4.186000000000000276e-01
4.189333333333333242e-01
4.188000000000000056e-01
4.188666666666666649e-01
4.192000000000000171e-01
4.194666666666666544e-01
4.199999999999999845e-01
4.199999999999999845e-01
4.195999999999999730e-01
4.203333333333333366e-01
4.206666666666666887e-01
4.212000000000000188e-01
4.213333333333333375e-01
4.215333333333333155e-01
4.216666666666666896e-01
4.223333333333333384e-01
4.225333333333333163e-01
4.225999999999999757e-01
4.226666666666666905e-01
4.229333333333333278e-01
4.232000000000000206e-01
4.233999999999999986e-01
4.234666666666666579e-01
4.237333333333333507e-01
4.237333333333333507e-01
4.238666666666666694e-01
4.239333333333333287e-01
4.241333333333333067e-01
4.242000000000000215e-01
4.243999999999999995e-01
4.247333333333333516e-01
4.248666666666666702e-01
4.249999999999999889e-01
4.250666666666666482e-01
4.252666666666666817e-01
4.254000000000000004e-01
4.256666666666666932e-01
4.260666666666666491e-01
4.262000000000000233e-01
4.267333333333333534e-01
4.265999999999999792e-01
4.269999999999999907e-01
4.272666666666666835e-01
4.273333333333333428e-01
4.278666666666666729e-01
4.277333333333333543e-01
4.282666666666666844e-01
4.287333333333333552e-01
4.288666666666666738e-01
4.289333333333333331e-01
4.289333333333333331e-01
4.290666666666666518e-01
4.294000000000000039e-01
4.295999999999999819e-01
4.298666666666666747e-01
4.298666666666666747e-01
4.302666666666666861e-01
4.301333333333333120e-01
4.302000000000000268e-01
4.307333333333333569e-01
4.308666666666666756e-01
4.311333333333333129e-01
4.314666666666666650e-01
4.315333333333333243e-01
4.320666666666666544e-01
4.321333333333333138e-01
4.322666666666666879e-01
4.325999999999999845e-01
4.326666666666666439e-01
4.328666666666666774e-01
4.328666666666666774e-01
4.329333333333333367e-01
4.331333333333333147e-01
4.332666666666666888e-01
4.333333333333333481e-01
4.334666666666666668e-01
4.334000000000000075e-01
4.335333333333333261e-01
4.336666666666666448e-01
4.340666666666666562e-01
4.340666666666666562e-01
4.341999999999999749e-01
4.344000000000000083e-01
4.345333333333333270e-01
4.346666666666666456e-01
4.348000000000000198e-01
4.351333333333333164e-01
4.351999999999999758e-01
4.351999999999999758e-01
4.354000000000000092e-01
4.357333333333333059e-01
4.362666666666666915e-01
4.365999999999999881e-01
4.366666666666666474e-01
4.366666666666666474e-01
4.369333333333333402e-01
4.369999999999999996e-01
4.371999999999999775e-01
4.371333333333333182e-01
4.375333333333333297e-01
4.373333333333333517e-01
4.376666666666666483e-01
4.378666666666666818e-01
4.378666666666666818e-01
4.380666666666666598e-01
4.385999999999999899e-01
4.384000000000000119e-01
4.384000000000000119e-01
4.380666666666666598e-01
4.388000000000000234e-01
4.388666666666666827e-01
4.394000000000000128e-01
4.396666666666666501e-01
4.400000000000000022e-01
4.400000000000000022e-01
4.401999999999999802e-01
4.404000000000000137e-01
4.404666666666666730e-01
4.404666666666666730e-01
4.410666666666666624e-01
4.411999999999999811e-01
4.413333333333333552e-01
4.413333333333333552e-01
4.414000000000000146e-01
4.415333333333333332e-01
4.416666666666666519e-01
4.419333333333333447e-01
4.420666666666666633e-01
4.420000000000000040e-01
4.424666666666666748e-01
4.425999999999999934e-01
4.425333333333333341e-01
4.427333333333333121e-01
4.430000000000000049e-01
4.431333333333333235e-01
4.431999999999999829e-01
4.434000000000000163e-01
4.435999999999999943e-01
4.437333333333333130e-01
4.440666666666666651e-01
4.440666666666666651e-01
4.444666666666666766e-01
4.447333333333333139e-01
4.447999999999999732e-01
4.448666666666666880e-01
4.446666666666666545e-01
4.450666666666666660e-01
4.452666666666666440e-01
4.451999999999999846e-01
4.454666666666666774e-01
4.457999999999999741e-01
4.457999999999999741e-01
4.461333333333333262e-01
4.464666666666666783e-01
4.464666666666666783e-01
4.465333333333333377e-01
4.467333333333333156e-01
4.465999999999999970e-01
4.468666666666666898e-01
4.475333333333333385e-01
4.477999999999999758e-01
4.477333333333333165e-01
4.480666666666666687e-01
4.482666666666666466e-01
4.484000000000000208e-01
4.484000000000000208e-01
4.484666666666666801e-01
4.484666666666666801e-01
4.484000000000000208e-01
4.485999999999999988e-01
4.487999999999999767e-01
4.487999999999999767e-01
4.487999999999999767e-01
4.490000000000000102e-01
4.490000000000000102e-01
4.491333333333333289e-01
4.492666666666666475e-01
4.493333333333333068e-01
4.492666666666666475e-01
4.496666666666666590e-01
4.497333333333333183e-01
4.497999999999999776e-01
4.497999999999999776e-01
4.500666666666666704e-01
4.499333333333333518e-01
4.503333333333333077e-01
4.501999999999999891e-01
4.505333333333333412e-01
4.506000000000000005e-01
4.507999999999999785e-01
4.506666666666666599e-01
4.507333333333333192e-01
4.508666666666666933e-01
4.510000000000000120e-01
4.508666666666666933e-01
4.508666666666666933e-01
4.510666666666666713e-01
4.511999999999999900e-01
4.511999999999999900e-01
4.512666666666666493e-01
4.514000000000000234e-01
4.514000000000000234e-01
4.516000000000000014e-01
4.516000000000000014e-01
4.518666666666666942e-01
4.517999999999999794e-01
4.520000000000000129e-01
4.517999999999999794e-01
4.517333333333333201e-01
4.524666666666666837e-01
4.524666666666666837e-01
4.526000000000000023e-01
4.528666666666666396e-01
4.529333333333333544e-01
4.530666666666666731e-01
4.530000000000000138e-01
4.531333333333333324e-01
4.531999999999999917e-01
4.532666666666666511e-01
4.532666666666666511e-01
4.534666666666666845e-01
4.534000000000000252e-01
4.535333333333333439e-01
4.536666666666666625e-01
4.537333333333333218e-01
4.541333333333333333e-01
4.540666666666666740e-01
4.540666666666666740e-01
4.541333333333333333e-01
4.543333333333333113e-01
4.546000000000000041e-01
4.544666666666666854e-01
4.547999999999999821e-01
4.550666666666666749e-01
4.551333333333333342e-01
4.550666666666666749e-01
4.550000000000000155e-01
4.551333333333333342e-01
4.555333333333333456e-01
4.557333333333333236e-01
4.554000000000000270e-01
4.557333333333333236e-01
4.560666666666666758e-01
4.561333333333333351e-01
4.560000000000000164e-01
4.560000000000000164e-01
4.563999999999999724e-01
4.563999999999999724e-01
4.563999999999999724e-01
4.566666666666666652e-01
4.568666666666666432e-01
4.570000000000000173e-01
4.570000000000000173e-01
4.571333333333333360e-01
4.573333333333333139e-01
4.575333333333333474e-01
4.573333333333333139e-01
4.571999999999999953e-01
4.578666666666666440e-01
4.580666666666666775e-01
4.581333333333333369e-01
4.579333333333333589e-01
4.581333333333333369e-01
4.581333333333333369e-01
4.583333333333333148e-01
4.583333333333333148e-01
4.584666666666666890e-01
4.586666666666666670e-01
4.587333333333333263e-01
4.590666666666666784e-01
4.593999999999999750e-01
4.593999999999999750e-01
4.593999999999999750e-01
4.596666666666666679e-01
4.597333333333333272e-01
4.599333333333333607e-01
4.600000000000000200e-01
4.600000000000000200e-01
4.600000000000000200e-01
4.602666666666666573e-01
4.603333333333333166e-01
4.604666666666666908e-01
4.603999999999999759e-01
4.604666666666666908e-01
4.603999999999999759e-01
4.607333333333333281e-01
4.607999999999999874e-01
4.610666666666666802e-01
4.611333333333333395e-01
4.613999999999999768e-01
4.616666666666666696e-01
4.616000000000000103e-01
4.617333333333333290e-01
4.620000000000000218e-01
4.620666666666666811e-01
4.622666666666666591e-01
4.621999999999999997e-01
4.624666666666666925e-01
4.626000000000000112e-01
4.627999999999999892e-01
4.626000000000000112e-01
4.627333333333333298e-01
4.629333333333333078e-01
4.630000000000000226e-01
4.632666666666666599e-01
4.631333333333333413e-01
4.630000000000000226e-01
4.630666666666666820e-01
4.629333333333333078e-01
4.636000000000000121e-01
4.637999999999999901e-01
4.640000000000000235e-01
4.640666666666666829e-01
4.645333333333333536e-01
4.646000000000000130e-01
4.647999999999999909e-01
4.648666666666666503e-01
4.648666666666666503e-01
4.647333333333333316e-01
4.647999999999999909e-01
4.651333333333333431e-01
4.649333333333333096e-01
4.652000000000000024e-01
4.651333333333333431e-01
4.652666666666666617e-01
4.653999999999999804e-01
4.654666666666666397e-01
4.654666666666666397e-01
4.656000000000000139e-01
4.660666666666666846e-01
4.661333333333333440e-01
4.660666666666666846e-01
4.662000000000000033e-01
4.662000000000000033e-01
4.662000000000000033e-01
4.662666666666666626e-01
4.663999999999999813e-01
4.664666666666666406e-01
4.666000000000000147e-01
4.667999999999999927e-01
4.666000000000000147e-01
4.666666666666666741e-01
4.669333333333333114e-01
4.670666666666666855e-01
4.670000000000000262e-01
4.668666666666666520e-01
4.671333333333333449e-01
4.668666666666666520e-01
4.669333333333333114e-01
4.670666666666666855e-01
4.670666666666666855e-01
4.670666666666666855e-01
4.673999999999999821e-01
4.673999999999999821e-01
4.676000000000000156e-01
4.676000000000000156e-01
4.675333333333333563e-01
4.676000000000000156e-01
4.679333333333333123e-01
4.681333333333333457e-01
4.682000000000000051e-01
4.682000000000000051e-01
4.683333333333333237e-01
4.683333333333333237e-01
4.685333333333333572e-01
4.686666666666666758e-01
4.685333333333333572e-01
4.686000000000000165e-01
4.687333333333333352e-01
4.687999999999999945e-01
4.689333333333333131e-01
4.689999999999999725e-01
4.692000000000000060e-01
4.692000000000000060e-01
4.692666666666666653e-01
4.695333333333333581e-01
4.697999999999999954e-01
4.695333333333333581e-01
4.697999999999999954e-01
4.698666666666666547e-01
4.699333333333333140e-01
4.700666666666666882e-01
4.698666666666666547e-01
4.699999999999999734e-01
4.699999999999999734e-01
4.703999999999999848e-01
4.706666666666666776e-01
4.703999999999999848e-01
4.703333333333333255e-01
4.704666666666666441e-01
4.703999999999999848e-01
4.703999999999999848e-01
4.703999999999999848e-01
4.706666666666666776e-01
4.706666666666666776e-01
4.708666666666666556e-01
4.708666666666666556e-01
4.709333333333333149e-01
4.711333333333333484e-01
4.711333333333333484e-01
4.709999999999999742e-01
4.713333333333333264e-01
4.716000000000000192e-01
4.714666666666666450e-01
4.715333333333333599e-01
4.715333333333333599e-01
4.713333333333333264e-01
4.715333333333333599e-01
4.712666666666666671e-01
4.717333333333333378e-01
4.720666666666666900e-01
4.723333333333333273e-01
4.723333333333333273e-01
4.726666666666666794e-01
4.727333333333333387e-01
4.728666666666666574e-01
4.726666666666666794e-01
4.726666666666666794e-01
4.726666666666666794e-01
4.727999999999999980e-01
4.731333333333333502e-01
4.729999999999999760e-01
4.729999999999999760e-01
4.731333333333333502e-01
4.732000000000000095e-01
4.733999999999999875e-01
4.735333333333333061e-01
4.735333333333333061e-01
4.737333333333333396e-01
4.738666666666666583e-01
4.739333333333333176e-01
4.743333333333333290e-01
4.743999999999999884e-01
4.746000000000000218e-01
4.747333333333333405e-01
4.746000000000000218e-01
4.746000000000000218e-01
4.743999999999999884e-01
4.744666666666666477e-01
4.748666666666666591e-01
4.747333333333333405e-01
4.748666666666666591e-01
4.749999999999999778e-01
4.753999999999999893e-01
4.752666666666666706e-01
4.753333333333333299e-01
4.755333333333333079e-01
4.756000000000000227e-01
4.755333333333333079e-01
4.758000000000000007e-01
4.758000000000000007e-01
4.760666666666666935e-01
4.762000000000000122e-01
4.762000000000000122e-01
4.763333333333333308e-01
4.763999999999999901e-01
4.761333333333333528e-01
4.762666666666666715e-01
4.763999999999999901e-01
4.767333333333333423e-01
4.766666666666666829e-01
4.769999999999999796e-01
4.770666666666666944e-01
4.771333333333333537e-01
4.773999999999999910e-01
4.772666666666666724e-01
4.773333333333333317e-01
4.772666666666666724e-01
4.772666666666666724e-01
4.775333333333333097e-01
4.776000000000000245e-01
4.776666666666666838e-01
4.777333333333333432e-01
4.778000000000000025e-01
4.776666666666666838e-01
4.778666666666666618e-01
4.780666666666666398e-01
4.778666666666666618e-01
4.782000000000000139e-01
4.782666666666666733e-01
4.782000000000000139e-01
4.783999999999999919e-01
4.783333333333333326e-01
4.783999999999999919e-01
4.783999999999999919e-01
4.786000000000000254e-01
4.786666666666666847e-01
4.787333333333333441e-01
4.786666666666666847e-01
4.789333333333333220e-01
4.788666666666666627e-01
4.789333333333333220e-01
4.786666666666666847e-01
4.791333333333333555e-01
4.791333333333333555e-01
4.796666666666666856e-01
4.796666666666666856e-01
4.798000000000000043e-01
4.796000000000000263e-01
4.798666666666666636e-01
4.798000000000000043e-01
4.798000000000000043e-01
4.798666666666666636e-01
4.798666666666666636e-01
4.798666666666666636e-01
4.801333333333333564e-01
4.801333333333333564e-01
4.803333333333333344e-01
4.801333333333333564e-01
4.804666666666666530e-01
4.805333333333333123e-01
4.806000000000000272e-01
4.806000000000000272e-01
4.808000000000000052e-01
4.810666666666666424e-01
4.812000000000000166e-01
4.809999999999999831e-01
4.809999999999999831e-01
4.809999999999999831e-01
4.810666666666666424e-01
4.812000000000000166e-01
4.812666666666666759e-01
4.812000000000000166e-01
4.812666666666666759e-01
4.815999999999999726e-01
4.815333333333333132e-01
4.815333333333333132e-01
4.815333333333333132e-01
4.815333333333333132e-01
4.817333333333333467e-01
4.818666666666666654e-01
4.818000000000000060e-01
4.819333333333333247e-01
4.820666666666666433e-01
4.820666666666666433e-01
4.821333333333333582e-01
4.820666666666666433e-01
4.819999999999999840e-01
4.820666666666666433e-01
