2.793333333333333224e-01
2.814666666666666428e-01
2.834666666666666446e-01
2.852666666666666684e-01
2.863999999999999879e-01
2.884666666666666490e-01
2.892666666666666719e-01
2.909999999999999809e-01
2.930666666666666420e-01
2.948000000000000065e-01
2.965333333333333155e-01
2.982000000000000206e-01
2.998000000000000109e-01
3.014000000000000012e-01
3.028000000000000136e-01
3.039999999999999925e-01
3.056666666666666421e-01
3.071333333333333138e-01
3.090666666666666562e-01
3.104666666666666686e-01
3.118666666666666809e-01
3.127333333333333076e-01
3.136666666666666492e-01
3.148666666666666836e-01
3.166666666666666519e-01
3.177333333333333121e-01
3.190666666666666651e-01
3.201333333333333253e-01
3.217333333333333156e-01
3.223333333333333606e-01
3.232666666666666466e-01
3.244000000000000217e-01
3.258666666666666933e-01
3.267333333333333201e-01
3.275333333333333430e-01
3.283333333333333104e-01
3.291999999999999926e-01
3.307999999999999829e-01
3.320000000000000173e-01
3.326000000000000068e-01
3.336000000000000076e-01
3.345333333333333492e-01
3.351333333333333386e-01
3.360000000000000209e-01
3.369333333333333069e-01
3.376000000000000112e-01
3.381333333333333413e-01
3.386666666666666714e-01
3.396666666666666723e-01
3.404666666666666397e-01
3.416666666666666741e-01
3.423999999999999821e-01
3.430666666666666864e-01
3.442666666666666653e-01
3.449333333333333140e-01
3.456666666666666776e-01
3.469333333333333158e-01
3.473333333333333273e-01
3.477999999999999980e-01
3.483999999999999875e-01
3.489999999999999769e-01
3.494666666666666477e-01
3.499999999999999778e-01
3.507333333333333414e-01
3.518000000000000016e-01
3.525333333333333097e-01
3.530666666666666398e-01
3.533999999999999919e-01
3.539999999999999813e-01
3.548000000000000043e-01
3.552666666666666750e-01
3.553999999999999937e-01
3.559333333333333238e-01
3.569333333333333247e-01
3.573999999999999955e-01
3.578666666666666663e-01
3.582666666666666777e-01
3.588666666666666671e-01
3.589999999999999858e-01
3.596666666666666901e-01
3.603333333333333388e-01
3.608000000000000096e-01
3.613999999999999990e-01
3.620666666666666478e-01
3.626666666666666927e-01
3.632000000000000228e-01
3.638000000000000123e-01
3.638000000000000123e-01
3.645333333333333203e-01
3.650666666666666504e-01
3.658000000000000140e-01
3.661333333333333107e-01
3.664000000000000035e-01
3.669333333333333336e-01
3.671333333333333115e-01
3.674666666666666637e-01
3.680666666666666531e-01
3.688000000000000167e-01
3.691333333333333133e-01
3.698666666666666769e-01
3.701999999999999735e-01
3.706666666666666443e-01
3.711999999999999744e-01
3.718666666666666787e-01
3.727333333333333609e-01
3.729999999999999982e-01
3.732666666666666910e-01
3.739333333333333398e-01
3.741333333333333178e-01
3.748000000000000220e-01
3.751999999999999780e-01
3.751999999999999780e-01
3.754666666666666708e-01
3.760000000000000009e-01
3.764666666666666717e-01
3.771999999999999797e-01
3.778000000000000247e-01
3.780666666666666620e-01
3.783333333333333548e-01
3.784000000000000141e-01
3.788000000000000256e-01
3.794000000000000150e-01
3.802666666666666417e-01
3.808000000000000274e-01
3.809333333333333460e-01
3.811333333333333240e-01
3.816666666666666541e-01
3.820000000000000062e-01
3.823333333333333584e-01
3.827999999999999736e-01
3.831333333333333258e-01
3.833333333333333592e-01
3.835999999999999965e-01
3.841999999999999860e-01
3.841999999999999860e-01
3.845999999999999974e-01
3.849333333333333496e-01
3.854000000000000203e-01
3.857999999999999763e-01
3.860666666666666691e-01
3.861999999999999877e-01
3.867333333333333178e-01
3.871333333333333293e-01
3.876000000000000001e-01
3.879333333333333522e-01
3.881999999999999895e-01
3.886666666666666603e-01
3.891333333333333311e-01
3.893333333333333091e-01
3.898666666666666392e-01
3.903333333333333099e-01
3.904666666666666841e-01
3.908666666666666401e-01
3.912666666666666515e-01
3.912666666666666515e-01
3.915333333333333443e-01
3.922666666666666524e-01
3.925333333333333452e-01
3.927999999999999825e-01
3.930000000000000160e-01
3.932666666666666533e-01
3.935333333333333461e-01
3.939333333333333576e-01
3.944666666666666877e-01
3.951333333333333364e-01
3.957333333333333258e-01
3.960000000000000187e-01
3.960666666666666780e-01
3.963333333333333153e-01
3.964666666666666894e-01
3.966666666666666674e-01
3.975333333333333496e-01
3.978666666666666463e-01
3.980666666666666798e-01
3.986000000000000099e-01
3.990666666666666806e-01
3.994666666666666921e-01
4.000000000000000222e-01
4.003999999999999782e-01
4.007333333333333303e-01
4.011333333333333417e-01
4.012666666666666604e-01
4.015333333333333532e-01
4.017333333333333312e-01
4.020000000000000240e-01
4.026000000000000134e-01
4.027999999999999914e-01
4.028666666666666507e-01
4.032000000000000028e-01
4.031333333333333435e-01
4.032666666666666622e-01
4.036666666666666736e-01
4.040000000000000258e-01
4.040666666666666851e-01
4.045333333333333559e-01
4.047999999999999932e-01
4.047999999999999932e-01
4.050000000000000266e-01
4.054666666666666419e-01
4.060000000000000275e-01
4.062000000000000055e-01
4.062666666666666648e-01
4.064666666666666428e-01
4.068666666666666543e-01
4.068666666666666543e-01
4.070666666666666877e-01
4.071333333333333471e-01
4.073333333333333250e-01
4.076000000000000179e-01
4.077333333333333365e-01
4.082000000000000073e-01
4.082666666666666666e-01
4.084666666666666446e-01
4.083333333333333259e-01
4.087999999999999967e-01
4.087333333333333374e-01
4.089999999999999747e-01
4.092666666666666675e-01
4.095333333333333603e-01
4.101333333333333497e-01
4.099999999999999756e-01
4.102666666666666684e-01
4.104666666666666464e-01
4.104666666666666464e-01
4.107999999999999985e-01
4.107333333333333392e-01
4.112000000000000099e-01
4.114666666666666472e-01
4.117999999999999994e-01
4.121333333333333515e-01
4.123999999999999888e-01
4.123999999999999888e-01
4.126666666666666816e-01
4.128000000000000003e-01
4.129333333333333189e-01
4.133999999999999897e-01
4.135333333333333083e-01
4.139333333333333198e-01
4.141333333333333533e-01
4.142666666666666719e-01
4.146000000000000241e-01
4.146000000000000241e-01
4.149333333333333207e-01
4.152000000000000135e-01
4.154666666666666508e-01
4.156000000000000250e-01
4.157333333333333436e-01
4.158000000000000029e-01
4.161333333333333551e-01
4.162666666666666737e-01
4.162666666666666737e-01
4.163999999999999924e-01
4.163999999999999924e-01
4.163333333333333330e-01
4.165333333333333110e-01
4.168000000000000038e-01
4.167333333333333445e-01
4.167333333333333445e-01
4.172666666666666746e-01
4.176000000000000267e-01
4.182000000000000162e-01
4.181333333333333568e-01
4.186000000000000276e-01
4.191333333333333577e-01
4.192666666666666764e-01
4.193999999999999950e-01
4.194666666666666544e-01
4.196666666666666878e-01
4.198000000000000065e-01
4.198666666666666658e-01
4.199333333333333251e-01
4.199999999999999845e-01
4.199999999999999845e-01
4.201333333333333586e-01
4.205999999999999739e-01
4.207333333333333480e-01
4.210666666666666447e-01
4.213333333333333375e-01
4.216666666666666896e-01
4.217333333333333489e-01
4.220666666666666456e-01
4.217333333333333489e-01
4.222000000000000197e-01
4.222666666666666790e-01
4.225999999999999757e-01
4.229333333333333278e-01
4.232000000000000206e-01
4.234666666666666579e-01
4.238666666666666694e-01
4.239333333333333287e-01
4.243999999999999995e-01
4.245999999999999774e-01
4.249999999999999889e-01
4.252000000000000224e-01
4.254666666666666597e-01
4.257333333333333525e-01
4.260666666666666491e-01
4.261333333333333084e-01
4.268000000000000127e-01
4.270666666666666500e-01
4.273333333333333428e-01
4.274666666666666615e-01
4.275999999999999801e-01
4.276666666666666394e-01
4.278000000000000136e-01
4.279999999999999916e-01
4.279333333333333322e-01
4.282000000000000250e-01
4.284666666666666623e-01
4.285333333333333217e-01
4.286666666666666403e-01
4.288000000000000145e-01
4.292000000000000259e-01
4.292666666666666853e-01
4.295333333333333226e-01
4.296666666666666412e-01
4.298666666666666747e-01
4.298000000000000154e-01
4.295999999999999819e-01
4.297333333333333560e-01
4.295333333333333226e-01
4.298666666666666747e-01
4.300666666666666527e-01
4.302666666666666861e-01
4.305333333333333234e-01
4.305333333333333234e-01
4.305333333333333234e-01
4.310666666666666536e-01
4.309999999999999942e-01
4.313333333333333464e-01
4.315999999999999837e-01
4.318000000000000171e-01
4.321333333333333138e-01
4.325333333333333252e-01
4.326666666666666439e-01
4.331333333333333147e-01
4.331999999999999740e-01
4.331999999999999740e-01
4.331999999999999740e-01
4.338000000000000189e-01
4.342666666666666897e-01
4.342666666666666897e-01
4.344666666666666677e-01
4.346666666666666456e-01
4.346666666666666456e-01
4.348000000000000198e-01
4.349999999999999978e-01
4.352666666666666906e-01
4.354000000000000092e-01
4.353333333333333499e-01
4.358000000000000207e-01
4.359999999999999987e-01
4.358000000000000207e-01
4.361999999999999766e-01
4.362666666666666915e-01
4.365333333333333288e-01
4.369999999999999996e-01
4.369999999999999996e-01
4.372666666666666924e-01
4.375333333333333297e-01
4.377333333333333076e-01
4.378000000000000225e-01
4.378666666666666818e-01
4.381999999999999784e-01
4.381333333333333191e-01
4.381999999999999784e-01
4.380666666666666598e-01
4.385999999999999899e-01
4.386666666666666492e-01
4.388000000000000234e-01
4.385333333333333306e-01
4.390000000000000013e-01
4.391333333333333200e-01
4.392666666666666941e-01
4.393333333333333535e-01
4.394666666666666721e-01
4.400000000000000022e-01
4.400666666666666615e-01
4.400666666666666615e-01
4.402666666666666395e-01
4.405999999999999917e-01
4.408000000000000251e-01
4.408666666666666845e-01
4.408666666666666845e-01
4.411333333333333218e-01
4.411333333333333218e-01
4.410000000000000031e-01
4.412666666666666404e-01
4.416666666666666519e-01
4.416666666666666519e-01
4.420666666666666633e-01
4.418000000000000260e-01
4.420666666666666633e-01
4.426666666666666528e-01
4.430666666666666642e-01
4.431333333333333235e-01
4.434000000000000163e-01
4.434666666666666757e-01
4.437999999999999723e-01
4.438666666666666871e-01
4.441999999999999837e-01
4.443333333333333579e-01
4.444666666666666766e-01
4.445333333333333359e-01
4.447999999999999732e-01
4.451333333333333253e-01
4.454000000000000181e-01
4.454666666666666774e-01
4.457999999999999741e-01
4.459333333333333482e-01
4.460666666666666669e-01
4.459333333333333482e-01
4.464000000000000190e-01
4.465333333333333377e-01
4.464000000000000190e-01
4.467333333333333156e-01
4.468666666666666898e-01
4.471333333333333271e-01
4.473333333333333606e-01
4.471999999999999864e-01
4.471333333333333271e-01
4.472666666666666457e-01
4.471999999999999864e-01
4.476666666666666572e-01
4.480000000000000093e-01
4.478666666666666907e-01
4.480000000000000093e-01
4.480000000000000093e-01
4.481999999999999873e-01
4.480000000000000093e-01
4.479333333333333500e-01
4.481333333333333280e-01
4.481333333333333280e-01
4.483333333333333059e-01
4.484000000000000208e-01
4.482666666666666466e-01
4.484666666666666801e-01
4.485999999999999988e-01
4.485999999999999988e-01
4.489333333333333509e-01
4.489333333333333509e-01
4.491999999999999882e-01
4.494666666666666810e-01
4.493333333333333068e-01
4.496666666666666590e-01
4.497999999999999776e-01
4.498666666666666925e-01
4.498666666666666925e-01
4.499333333333333518e-01
4.499333333333333518e-01
4.497333333333333183e-01
4.498666666666666925e-01
4.500000000000000111e-01
4.498666666666666925e-01
4.501333333333333298e-01
4.504000000000000226e-01
4.505333333333333412e-01
4.503333333333333077e-01
4.504000000000000226e-01
4.504000000000000226e-01
4.508666666666666933e-01
4.510666666666666713e-01
4.511999999999999900e-01
4.513333333333333086e-01
4.511333333333333306e-01
4.511333333333333306e-01
4.514000000000000234e-01
4.513333333333333086e-01
4.518666666666666942e-01
4.520666666666666722e-01
4.521999999999999909e-01
4.523333333333333095e-01
4.525333333333333430e-01
4.524666666666666837e-01
4.523333333333333095e-01
4.524666666666666837e-01
4.526000000000000023e-01
4.527333333333333210e-01
4.527333333333333210e-01
4.527999999999999803e-01
4.528666666666666396e-01
4.529333333333333544e-01
4.529333333333333544e-01
4.530000000000000138e-01
4.533333333333333104e-01
4.533333333333333104e-01
4.536000000000000032e-01
4.536666666666666625e-01
4.536000000000000032e-01
4.539333333333333553e-01
4.540000000000000147e-01
4.538666666666666405e-01
4.540666666666666740e-01
4.543333333333333113e-01
4.544666666666666854e-01
4.545333333333333448e-01
4.545333333333333448e-01
4.544666666666666854e-01
4.547333333333333227e-01
4.546666666666666634e-01
4.550666666666666749e-01
4.549333333333333562e-01
4.554000000000000270e-01
4.554000000000000270e-01
4.553333333333333122e-01
4.557333333333333236e-01
4.554666666666666863e-01
4.554000000000000270e-01
4.557999999999999829e-01
4.560666666666666758e-01
4.561999999999999944e-01
4.566000000000000059e-01
4.567999999999999838e-01
4.569333333333333580e-01
4.572666666666666546e-01
4.571333333333333360e-01
4.573999999999999733e-01
4.577333333333333254e-01
4.577999999999999847e-01
4.576666666666666661e-01
4.577333333333333254e-01
4.578666666666666440e-01
4.580000000000000182e-01
4.579333333333333589e-01
4.581333333333333369e-01
4.581999999999999962e-01
4.585333333333333483e-01
4.586000000000000076e-01
4.588666666666666449e-01
4.587999999999999856e-01
4.588666666666666449e-01
4.590666666666666784e-01
4.590666666666666784e-01
4.591999999999999971e-01
4.592666666666666564e-01
4.593333333333333157e-01
4.594666666666666899e-01
4.593999999999999750e-01
4.596666666666666679e-01
4.597999999999999865e-01
4.600000000000000200e-01
4.597999999999999865e-01
4.598666666666666458e-01
4.600666666666666793e-01
4.602666666666666573e-01
4.603999999999999759e-01
4.607333333333333281e-01
4.609333333333333060e-01
4.610000000000000209e-01
4.611333333333333395e-01
4.609333333333333060e-01
4.610666666666666802e-01
4.613333333333333175e-01
4.613333333333333175e-01
4.616000000000000103e-01
4.615333333333333510e-01
4.617333333333333290e-01
4.617333333333333290e-01
4.618666666666666476e-01
4.621333333333333404e-01
4.621333333333333404e-01
4.622666666666666591e-01
4.623333333333333184e-01
4.623333333333333184e-01
4.622666666666666591e-01
4.623999999999999777e-01
4.623333333333333184e-01
4.625333333333333519e-01
4.625333333333333519e-01
4.624666666666666925e-01
4.626000000000000112e-01
4.624666666666666925e-01
4.627333333333333298e-01
4.628666666666666485e-01
4.632000000000000006e-01
4.636000000000000121e-01
4.636000000000000121e-01
4.636666666666666714e-01
4.635333333333333528e-01
4.635333333333333528e-01
4.636666666666666714e-01
4.637999999999999901e-01
4.640000000000000235e-01
4.639333333333333087e-01
4.638666666666666494e-01
4.639333333333333087e-01
4.640666666666666829e-01
4.638666666666666494e-01
4.640666666666666829e-01
4.642666666666666608e-01
4.643333333333333202e-01
4.643999999999999795e-01
4.643999999999999795e-01
4.644666666666666943e-01
4.644666666666666943e-01
4.643333333333333202e-01
4.645333333333333536e-01
4.647333333333333316e-01
4.650666666666666837e-01
4.650000000000000244e-01
4.652666666666666617e-01
4.653999999999999804e-01
4.655333333333333545e-01
4.653999999999999804e-01
4.654666666666666397e-01
4.657999999999999918e-01
4.660666666666666846e-01
4.660000000000000253e-01
4.661333333333333440e-01
4.662000000000000033e-01
4.663333333333333219e-01
4.663333333333333219e-01
4.665333333333333554e-01
4.664666666666666406e-01
4.663999999999999813e-01
4.666666666666666741e-01
4.666000000000000147e-01
4.667333333333333334e-01
4.668666666666666520e-01
4.667333333333333334e-01
4.667333333333333334e-01
4.670666666666666855e-01
4.670000000000000262e-01
4.670000000000000262e-01
4.672000000000000042e-01
4.673333333333333228e-01
4.672000000000000042e-01
4.672666666666666635e-01
4.673333333333333228e-01
4.672666666666666635e-01
4.672000000000000042e-01
4.671333333333333449e-01
4.669333333333333114e-01
4.670000000000000262e-01
4.672666666666666635e-01
4.671333333333333449e-01
4.672666666666666635e-01
4.673333333333333228e-01
4.675333333333333563e-01
4.677333333333333343e-01
4.677333333333333343e-01
4.680000000000000271e-01
4.680666666666666864e-01
4.680000000000000271e-01
4.682000000000000051e-01
4.682000000000000051e-01
4.682666666666666644e-01
4.684666666666666424e-01
4.686000000000000165e-01
4.687333333333333352e-01
4.687333333333333352e-01
4.687999999999999945e-01
4.687999999999999945e-01
4.689333333333333131e-01
4.692666666666666653e-01
4.696000000000000174e-01
4.693999999999999839e-01
4.694666666666666432e-01
4.697333333333333361e-01
4.696000000000000174e-01
4.696666666666666767e-01
4.694666666666666432e-01
4.692666666666666653e-01
4.693999999999999839e-01
4.693333333333333246e-01
4.692000000000000060e-01
4.694666666666666432e-01
4.696666666666666767e-01
4.698666666666666547e-01
4.697333333333333361e-01
4.699333333333333140e-01
4.698666666666666547e-01
4.698666666666666547e-01
4.696666666666666767e-01
4.699333333333333140e-01
4.700666666666666882e-01
4.701333333333333475e-01
4.702666666666666662e-01
4.702666666666666662e-01
4.703333333333333255e-01
4.703999999999999848e-01
4.704666666666666441e-01
4.706000000000000183e-01
4.706666666666666776e-01
4.707999999999999963e-01
4.707333333333333369e-01
4.709999999999999742e-01
4.709333333333333149e-01
4.709333333333333149e-01
4.709333333333333149e-01
4.714666666666666450e-01
4.713333333333333264e-01
4.714666666666666450e-01
4.712666666666666671e-01
4.715333333333333599e-01
4.716000000000000192e-01
4.716000000000000192e-01
4.719333333333333158e-01
4.720666666666666900e-01
4.722000000000000086e-01
4.725333333333333607e-01
4.726000000000000201e-01
4.726666666666666794e-01
4.726000000000000201e-01
4.727333333333333387e-01
4.727999999999999980e-01
4.726666666666666794e-01
4.728666666666666574e-01
4.729999999999999760e-01
4.729999999999999760e-01
4.732000000000000095e-01
4.736000000000000210e-01
4.735333333333333061e-01
4.735333333333333061e-01
4.734666666666666468e-01
4.734666666666666468e-01
4.737999999999999989e-01
4.739333333333333176e-01
4.739333333333333176e-01
4.741333333333333511e-01
4.740666666666666917e-01
4.741333333333333511e-01
4.746000000000000218e-01
4.749333333333333185e-01
4.749999999999999778e-01
4.750666666666666926e-01
4.752666666666666706e-01
4.751333333333333520e-01
4.752000000000000113e-01
4.753333333333333299e-01
