2.593333333333333601e-01
2.622666666666666480e-01
2.654000000000000248e-01
2.683333333333333126e-01
2.703333333333333144e-01
2.729333333333333056e-01
2.754666666666666930e-01
2.777999999999999914e-01
2.807333333333333347e-01
2.831333333333333480e-01
2.854666666666666464e-01
2.872666666666666702e-01
2.891333333333333533e-01
2.909333333333333216e-01
2.928000000000000047e-01
2.947333333333333472e-01
2.965333333333333155e-01
2.986666666666666914e-01
3.004000000000000004e-01
3.016666666666666941e-01
3.032000000000000250e-01
3.052000000000000268e-01
3.065333333333333243e-01
3.083333333333333481e-01
3.100666666666666571e-01
3.114666666666666694e-01
3.125999999999999890e-01
3.134000000000000119e-01
3.151333333333333209e-01
3.163333333333333552e-01
3.174000000000000155e-01
3.187333333333333130e-01
3.207333333333333147e-01
3.216666666666666563e-01
3.224000000000000199e-01
3.234000000000000208e-01
3.245999999999999996e-01
3.259333333333333527e-01
3.268666666666666942e-01
3.276000000000000023e-01
3.285333333333333439e-01
3.295333333333333448e-01
3.311999999999999944e-01
3.318666666666666432e-01
3.326000000000000068e-01
3.336000000000000076e-01
3.343999999999999750e-01
3.353333333333333166e-01
3.361999999999999988e-01
3.365333333333333510e-01
3.375333333333333519e-01
3.383333333333333193e-01
3.390000000000000235e-01
3.397333333333333316e-01
3.409333333333333105e-01
3.420666666666666855e-01
3.426666666666666750e-01
3.437333333333333352e-01
3.447333333333333361e-01
3.452000000000000068e-01
3.464666666666666450e-01
3.466666666666666785e-01
3.471333333333333493e-01
3.478666666666666574e-01
3.486666666666666803e-01
3.491333333333333511e-01
3.497999999999999998e-01
3.505333333333333079e-01
3.513999999999999901e-01
3.521333333333333537e-01
3.529333333333333211e-01
3.531333333333333546e-01
3.537333333333333441e-01
3.544666666666666521e-01
3.552000000000000157e-01
3.553999999999999937e-01
3.559333333333333238e-01
3.565333333333333132e-01
3.572000000000000175e-01
3.573999999999999955e-01
3.575999999999999734e-01
3.582000000000000184e-01
3.586666666666666892e-01
3.595999999999999752e-01
3.602000000000000202e-01
3.603999999999999981e-01
3.613333333333333397e-01
3.615333333333333177e-01
3.621333333333333071e-01
3.626666666666666927e-01
3.632666666666666822e-01
3.637333333333333529e-01
3.643333333333333424e-01
3.647333333333333538e-01
3.652666666666666839e-01
3.655333333333333212e-01
3.660666666666666513e-01
3.669333333333333336e-01
3.670666666666666522e-01
3.674666666666666637e-01
3.680666666666666531e-01
3.688000000000000167e-01
3.693333333333333468e-01
3.698000000000000176e-01
3.700666666666666549e-01
3.705333333333333257e-01
3.712666666666666893e-01
3.719999999999999973e-01
3.725999999999999868e-01
3.728000000000000203e-01
3.731999999999999762e-01
3.737333333333333063e-01
3.738000000000000211e-01
3.744000000000000106e-01
3.749333333333333407e-01
3.755333333333333301e-01
3.757333333333333081e-01
3.761999999999999789e-01
3.765333333333333310e-01
3.768000000000000238e-01
3.775999999999999912e-01
3.778666666666666840e-01
3.780000000000000027e-01
3.784000000000000141e-01
3.787333333333333107e-01
3.791333333333333222e-01
3.797333333333333116e-01
3.802666666666666417e-01
3.807333333333333125e-01
3.810000000000000053e-01
3.812666666666666426e-01
3.815333333333333354e-01
3.821333333333333249e-01
3.824666666666666770e-01
3.828666666666666885e-01
3.832666666666666444e-01
3.840000000000000080e-01
3.841999999999999860e-01
3.842666666666666453e-01
3.846666666666666567e-01
3.847333333333333161e-01
3.852666666666666462e-01
3.854666666666666797e-01
3.855333333333333390e-01
3.860666666666666691e-01
3.865999999999999992e-01
3.868666666666666920e-01
3.871999999999999886e-01
3.874000000000000221e-01
3.875333333333333408e-01
3.880666666666666709e-01
3.884666666666666823e-01
3.890000000000000124e-01
3.892666666666666497e-01
3.896000000000000019e-01
3.901333333333333320e-01
3.906666666666666621e-01
3.910000000000000142e-01
3.911999999999999922e-01
3.915333333333333443e-01
3.919333333333333558e-01
3.921333333333333337e-01
3.922666666666666524e-01
3.926000000000000045e-01
3.929333333333333567e-01
3.934000000000000274e-01
3.933333333333333126e-01
3.937999999999999834e-01
3.943999999999999728e-01
3.945333333333333470e-01
3.949333333333333584e-01
3.954666666666666885e-01
3.956666666666666665e-01
3.958666666666666445e-01
3.965333333333333488e-01
3.971333333333333382e-01
3.976000000000000090e-01
3.975333333333333496e-01
3.978666666666666463e-01
3.986000000000000099e-01
3.987999999999999878e-01
3.991999999999999993e-01
3.991333333333333400e-01
3.998666666666666480e-01
4.003333333333333188e-01
4.003999999999999782e-01
4.006000000000000116e-01
4.008666666666666489e-01
4.010666666666666824e-01
4.014666666666666939e-01
4.019333333333333091e-01
4.023333333333333206e-01
4.028666666666666507e-01
4.030666666666666842e-01
4.033333333333333215e-01
4.036000000000000143e-01
4.037999999999999923e-01
4.043999999999999817e-01
4.046666666666666745e-01
4.043999999999999817e-01
4.044666666666666410e-01
4.047999999999999932e-01
4.053333333333333233e-01
4.056000000000000161e-01
4.059333333333333127e-01
4.060666666666666869e-01
4.060666666666666869e-01
4.066000000000000170e-01
4.069999999999999729e-01
4.071333333333333471e-01
4.072000000000000064e-01
4.072666666666666657e-01
4.074666666666666437e-01
4.076000000000000179e-01
4.078666666666666551e-01
4.077999999999999958e-01
4.081333333333333480e-01
4.083333333333333259e-01
4.086666666666666781e-01
4.085333333333333594e-01
4.088666666666666560e-01
4.090666666666666895e-01
4.092666666666666675e-01
4.095333333333333603e-01
4.097333333333333383e-01
4.099999999999999756e-01
4.101333333333333497e-01
4.103999999999999870e-01
4.107999999999999985e-01
4.107333333333333392e-01
4.110666666666666913e-01
4.112000000000000099e-01
4.112666666666666693e-01
4.116666666666666807e-01
4.118666666666666587e-01
4.119999999999999774e-01
4.122666666666666702e-01
4.126000000000000223e-01
4.128000000000000003e-01
4.128000000000000003e-01
4.129999999999999782e-01
4.132000000000000117e-01
4.133999999999999897e-01
4.136666666666666825e-01
4.138666666666666605e-01
4.139999999999999791e-01
4.142666666666666719e-01
4.144666666666666499e-01
4.148666666666666614e-01
4.149333333333333207e-01
4.150666666666666393e-01
4.154666666666666508e-01
4.157333333333333436e-01
4.156666666666666843e-01
4.159999999999999809e-01
4.160666666666666402e-01
4.159333333333333216e-01
4.159333333333333216e-01
4.159999999999999809e-01
4.159999999999999809e-01
4.165333333333333110e-01
4.165333333333333110e-01
4.168666666666666631e-01
4.170666666666666411e-01
4.172000000000000153e-01
4.176666666666666861e-01
4.181333333333333568e-01
4.182000000000000162e-01
4.185333333333333128e-01
4.186000000000000276e-01
4.190666666666666429e-01
4.192666666666666764e-01
4.192666666666666764e-01
4.194666666666666544e-01
4.195999999999999730e-01
4.195333333333333137e-01
4.198000000000000065e-01
4.198666666666666658e-01
4.201333333333333586e-01
4.202666666666666773e-01
4.206666666666666887e-01
4.210666666666666447e-01
4.209333333333333260e-01
4.208666666666666667e-01
4.209999999999999853e-01
4.214666666666666561e-01
4.216666666666666896e-01
4.217333333333333489e-01
4.218666666666666676e-01
4.221333333333333604e-01
4.225333333333333163e-01
4.229333333333333278e-01
4.228666666666666685e-01
4.232000000000000206e-01
4.235999999999999766e-01
4.235999999999999766e-01
4.239333333333333287e-01
4.239999999999999880e-01
4.242666666666666808e-01
4.243333333333333401e-01
4.248000000000000109e-01
4.251333333333333075e-01
4.254000000000000004e-01
4.260666666666666491e-01
4.262000000000000233e-01
4.264000000000000012e-01
4.264666666666666606e-01
4.264666666666666606e-01
4.266666666666666941e-01
4.267333333333333534e-01
4.269333333333333313e-01
4.272666666666666835e-01
4.273333333333333428e-01
4.276666666666666394e-01
4.278000000000000136e-01
4.279999999999999916e-01
4.282666666666666844e-01
4.284000000000000030e-01
4.287333333333333552e-01
4.289999999999999925e-01
4.289333333333333331e-01
4.289333333333333331e-01
4.289333333333333331e-01
4.288666666666666738e-01
4.289333333333333331e-01
4.291333333333333111e-01
4.293333333333333446e-01
4.293333333333333446e-01
4.295999999999999819e-01
4.296666666666666412e-01
4.299333333333333340e-01
4.303333333333333455e-01
4.303333333333333455e-01
4.304666666666666641e-01
4.308000000000000163e-01
4.308000000000000163e-01
4.314000000000000057e-01
4.317333333333333578e-01
4.318000000000000171e-01
4.319999999999999951e-01
4.321999999999999731e-01
4.324666666666666659e-01
4.325999999999999845e-01
4.328666666666666774e-01
4.332666666666666888e-01
4.331333333333333147e-01
4.335999999999999854e-01
4.337333333333333596e-01
4.339333333333333376e-01
4.338000000000000189e-01
4.343333333333333490e-01
4.342666666666666897e-01
4.346666666666666456e-01
4.350666666666666571e-01
4.351333333333333164e-01
4.351999999999999758e-01
4.355999999999999872e-01
4.355333333333333279e-01
4.358000000000000207e-01
4.359999999999999987e-01
4.363333333333333508e-01
4.365999999999999881e-01
4.367333333333333067e-01
4.368666666666666809e-01
4.369999999999999996e-01
4.371333333333333182e-01
4.373333333333333517e-01
4.372666666666666924e-01
4.373333333333333517e-01
4.373333333333333517e-01
4.378000000000000225e-01
4.380666666666666598e-01
4.381333333333333191e-01
4.382666666666666933e-01
4.385333333333333306e-01
4.385333333333333306e-01
4.388000000000000234e-01
4.388000000000000234e-01
4.388666666666666827e-01
4.390666666666666607e-01
4.396666666666666501e-01
4.395999999999999908e-01
4.400000000000000022e-01
4.399333333333333429e-01
4.401999999999999802e-01
4.402666666666666395e-01
4.401999999999999802e-01
4.402666666666666395e-01
4.400666666666666615e-01
4.401999999999999802e-01
4.404666666666666730e-01
4.404666666666666730e-01
4.407333333333333103e-01
4.408000000000000251e-01
4.414000000000000146e-01
4.415333333333333332e-01
4.418000000000000260e-01
4.420000000000000040e-01
4.423333333333333561e-01
4.423333333333333561e-01
4.426666666666666528e-01
4.427333333333333121e-01
4.430000000000000049e-01
4.432666666666666422e-01
4.436666666666666536e-01
4.436666666666666536e-01
4.438666666666666871e-01
4.440666666666666651e-01
4.441333333333333244e-01
4.444000000000000172e-01
4.445333333333333359e-01
4.445333333333333359e-01
4.449333333333333473e-01
4.447999999999999732e-01
4.449333333333333473e-01
4.453333333333333588e-01
4.457333333333333147e-01
4.458666666666666889e-01
4.455999999999999961e-01
4.460000000000000075e-01
4.460000000000000075e-01
4.460666666666666669e-01
4.461999999999999855e-01
4.464000000000000190e-01
4.466666666666666563e-01
4.465333333333333377e-01
4.465999999999999970e-01
4.465333333333333377e-01
4.469333333333333491e-01
4.471333333333333271e-01
4.471999999999999864e-01
4.473333333333333606e-01
4.471333333333333271e-01
4.473333333333333606e-01
4.474000000000000199e-01
4.472666666666666457e-01
4.474666666666666792e-01
4.475999999999999979e-01
4.475999999999999979e-01
4.474666666666666792e-01
4.477999999999999758e-01
4.475333333333333385e-01
4.479333333333333500e-01
4.479333333333333500e-01
4.480000000000000093e-01
4.481999999999999873e-01
4.484000000000000208e-01
4.487999999999999767e-01
4.489333333333333509e-01
4.491333333333333289e-01
4.490000000000000102e-01
4.489333333333333509e-01
4.493333333333333068e-01
4.492666666666666475e-01
4.495999999999999996e-01
4.497333333333333183e-01
4.496666666666666590e-01
4.498666666666666925e-01
4.499333333333333518e-01
4.497333333333333183e-01
4.498666666666666925e-01
4.497333333333333183e-01
4.498666666666666925e-01
4.501333333333333298e-01
4.501999999999999891e-01
4.504000000000000226e-01
4.504000000000000226e-01
4.507333333333333192e-01
4.508666666666666933e-01
4.509333333333333527e-01
4.511333333333333306e-01
4.511999999999999900e-01
4.513333333333333086e-01
4.515333333333333421e-01
4.516000000000000014e-01
4.517333333333333201e-01
4.519333333333333536e-01
4.520666666666666722e-01
4.521333333333333315e-01
4.521333333333333315e-01
4.524666666666666837e-01
4.524000000000000243e-01
4.523333333333333095e-01
4.523333333333333095e-01
4.524000000000000243e-01
4.523333333333333095e-01
4.525333333333333430e-01
4.527999999999999803e-01
4.526666666666666616e-01
4.527999999999999803e-01
4.530000000000000138e-01
4.529333333333333544e-01
4.532666666666666511e-01
4.532666666666666511e-01
4.532666666666666511e-01
4.536666666666666625e-01
4.536666666666666625e-01
4.539333333333333553e-01
4.541333333333333333e-01
4.541999999999999926e-01
4.543333333333333113e-01
4.543333333333333113e-01
4.544000000000000261e-01
4.544000000000000261e-01
4.542666666666666520e-01
4.544666666666666854e-01
4.544666666666666854e-01
4.546666666666666634e-01
4.548666666666666414e-01
4.547999999999999821e-01
4.552666666666666528e-01
4.552666666666666528e-01
4.555333333333333456e-01
4.556000000000000050e-01
4.554666666666666863e-01
4.556666666666666643e-01
4.559333333333333571e-01
4.560000000000000164e-01
4.560000000000000164e-01
4.561333333333333351e-01
4.566666666666666652e-01
4.566666666666666652e-01
4.567333333333333245e-01
4.570666666666666766e-01
4.569333333333333580e-01
4.571333333333333360e-01
4.573999999999999733e-01
4.574666666666666881e-01
4.576666666666666661e-01
4.580000000000000182e-01
4.577333333333333254e-01
4.581333333333333369e-01
4.581999999999999962e-01
4.579333333333333589e-01
4.582666666666666555e-01
4.583333333333333148e-01
4.584666666666666890e-01
4.586000000000000076e-01
4.590666666666666784e-01
4.590666666666666784e-01
4.591333333333333377e-01
4.591999999999999971e-01
4.592666666666666564e-01
4.593333333333333157e-01
4.594666666666666899e-01
4.594666666666666899e-01
4.593333333333333157e-01
4.596666666666666679e-01
4.596666666666666679e-01
4.597999999999999865e-01
4.600000000000000200e-01
4.601333333333333386e-01
4.603999999999999759e-01
4.602666666666666573e-01
4.603999999999999759e-01
4.605333333333333501e-01
4.606000000000000094e-01
4.608666666666666467e-01
4.607999999999999874e-01
4.608666666666666467e-01
4.611333333333333395e-01
4.612666666666666582e-01
4.616000000000000103e-01
4.616000000000000103e-01
4.617333333333333290e-01
4.617999999999999883e-01
4.616666666666666696e-01
4.619333333333333069e-01
4.617333333333333290e-01
4.620666666666666811e-01
4.620000000000000218e-01
4.620000000000000218e-01
4.620666666666666811e-01
4.622666666666666591e-01
4.623999999999999777e-01
4.623999999999999777e-01
4.622666666666666591e-01
4.623333333333333184e-01
4.623999999999999777e-01
4.624666666666666925e-01
4.629333333333333078e-01
4.630666666666666820e-01
4.630666666666666820e-01
4.632000000000000006e-01
4.632666666666666599e-01
4.635333333333333528e-01
4.635333333333333528e-01
4.635333333333333528e-01
4.634666666666666934e-01
4.634666666666666934e-01
4.632666666666666599e-01
4.633999999999999786e-01
4.637999999999999901e-01
4.639333333333333087e-01
4.640000000000000235e-01
4.640666666666666829e-01
4.640666666666666829e-01
4.642666666666666608e-01
4.641333333333333422e-01
4.643999999999999795e-01
4.643333333333333202e-01
4.645333333333333536e-01
4.643333333333333202e-01
4.645333333333333536e-01
4.646666666666666723e-01
4.647999999999999909e-01
4.646666666666666723e-01
4.652000000000000024e-01
4.651333333333333431e-01
4.652666666666666617e-01
4.653333333333333210e-01
4.653999999999999804e-01
4.656000000000000139e-01
4.654666666666666397e-01
4.658666666666666512e-01
4.656666666666666732e-01
4.657333333333333325e-01
4.657999999999999918e-01
4.660000000000000253e-01
4.658666666666666512e-01
4.657333333333333325e-01
4.658666666666666512e-01
4.657999999999999918e-01
4.658666666666666512e-01
4.661333333333333440e-01
4.659333333333333105e-01
4.660666666666666846e-01
4.662666666666666626e-01
4.665333333333333554e-01
4.665333333333333554e-01
4.667999999999999927e-01
4.667999999999999927e-01
4.665333333333333554e-01
4.666000000000000147e-01
4.664666666666666406e-01
4.664666666666666406e-01
4.663999999999999813e-01
4.664666666666666406e-01
4.664666666666666406e-01
4.666000000000000147e-01
4.665333333333333554e-01
4.666000000000000147e-01
4.665333333333333554e-01
4.666666666666666741e-01
4.666000000000000147e-01
4.665333333333333554e-01
4.667333333333333334e-01
4.668666666666666520e-01
4.671333333333333449e-01
4.670666666666666855e-01
4.670666666666666855e-01
4.669333333333333114e-01
4.671333333333333449e-01
4.675333333333333563e-01
4.675333333333333563e-01
4.680000000000000271e-01
4.677999999999999936e-01
4.682000000000000051e-01
4.681333333333333457e-01
4.684666666666666424e-01
4.686000000000000165e-01
4.685333333333333572e-01
4.686000000000000165e-01
4.687999999999999945e-01
4.686666666666666758e-01
4.687999999999999945e-01
4.687333333333333352e-01
4.686666666666666758e-01
4.686666666666666758e-01
4.685333333333333572e-01
4.687333333333333352e-01
4.683333333333333237e-01
4.685333333333333572e-01
4.687999999999999945e-01
4.687333333333333352e-01
4.688666666666666538e-01
4.689999999999999725e-01
4.692000000000000060e-01
4.693999999999999839e-01
4.693333333333333246e-01
4.694666666666666432e-01
4.694666666666666432e-01
4.694666666666666432e-01
4.696666666666666767e-01
4.694666666666666432e-01
4.693999999999999839e-01
4.693999999999999839e-01
4.697999999999999954e-01
4.698666666666666547e-01
4.699333333333333140e-01
4.700666666666666882e-01
4.701333333333333475e-01
4.702000000000000068e-01
4.703333333333333255e-01
4.702666666666666662e-01
4.700666666666666882e-01
4.702666666666666662e-01
4.705333333333333590e-01
4.703999999999999848e-01
4.704666666666666441e-01
4.705333333333333590e-01
4.709999999999999742e-01
4.707999999999999963e-01
4.707999999999999963e-01
4.711333333333333484e-01
4.712666666666666671e-01
4.715333333333333599e-01
4.716666666666666785e-01
4.717999999999999972e-01
4.717999999999999972e-01
4.721333333333333493e-01
4.722000000000000086e-01
4.720666666666666900e-01
4.722000000000000086e-01
4.724666666666666459e-01
4.723999999999999866e-01
4.724666666666666459e-01
4.725333333333333607e-01
4.726666666666666794e-01
4.726666666666666794e-01
4.726666666666666794e-01
4.726000000000000201e-01
4.727333333333333387e-01
4.727333333333333387e-01
4.727999999999999980e-01
4.729333333333333167e-01
4.730666666666666909e-01
4.733333333333333282e-01
4.734666666666666468e-01
4.733333333333333282e-01
