2.972666666666666790e-01
2.983999999999999986e-01
2.999999999999999889e-01
3.012666666666666826e-01
3.025999999999999801e-01
3.033333333333333437e-01
3.047333333333333560e-01
3.055999999999999828e-01
3.071333333333333138e-01
3.085999999999999854e-01
3.097333333333333605e-01
3.110666666666666580e-01
3.124000000000000110e-01
3.132666666666666933e-01
3.140666666666666607e-01
3.148666666666666836e-01
3.163333333333333552e-01
3.175333333333333341e-01
3.185999999999999943e-01
3.196666666666666545e-01
3.212666666666666448e-01
3.223333333333333606e-01
3.228666666666666907e-01
3.233333333333333059e-01
3.250666666666666704e-01
3.261999999999999900e-01
3.269333333333333536e-01
3.277999999999999803e-01
3.287999999999999812e-01
3.294666666666666854e-01
3.305333333333333456e-01
3.319333333333333580e-01
3.329333333333333589e-01
3.338666666666666449e-01
3.342666666666666564e-01
3.351333333333333386e-01
3.357999999999999874e-01
3.368666666666666476e-01
3.375333333333333519e-01
3.381333333333333413e-01
3.386666666666666714e-01
3.395333333333333536e-01
3.401333333333333431e-01
3.411333333333333440e-01
3.423999999999999821e-01
3.428666666666666529e-01
3.436000000000000165e-01
3.445333333333333581e-01
3.452666666666666662e-01
3.461333333333333484e-01
3.474666666666666459e-01
3.476666666666666794e-01
3.479333333333333167e-01
3.486000000000000210e-01
3.495333333333333070e-01
3.496666666666666812e-01
3.506666666666666821e-01
3.511333333333333528e-01
3.519333333333333202e-01
3.525333333333333097e-01
3.534666666666666512e-01
3.538666666666666627e-01
3.543333333333333335e-01
3.548666666666666636e-01
3.553999999999999937e-01
3.560666666666666424e-01
3.566666666666666874e-01
3.569999999999999840e-01
3.575999999999999734e-01
3.584666666666666557e-01
3.588000000000000078e-01
3.592666666666666786e-01
3.598000000000000087e-01
3.602666666666666795e-01
3.608000000000000096e-01
3.612666666666666804e-01
3.617333333333333512e-01
3.622666666666666813e-01
3.626666666666666927e-01
3.632666666666666822e-01
3.641333333333333089e-01
3.643333333333333424e-01
3.647333333333333538e-01
3.655999999999999805e-01
3.659333333333333327e-01
3.662000000000000255e-01
3.667333333333333556e-01
3.667333333333333556e-01
3.674000000000000044e-01
3.677333333333333565e-01
3.681333333333333124e-01
3.685999999999999832e-01
3.689333333333333353e-01
3.698000000000000176e-01
3.704666666666666663e-01
3.707333333333333591e-01
3.709333333333333371e-01
3.718000000000000194e-01
3.723333333333333495e-01
3.734000000000000097e-01
3.737333333333333063e-01
3.741333333333333178e-01
3.742666666666666919e-01
3.745999999999999885e-01
3.749333333333333407e-01
3.754000000000000115e-01
3.756666666666666488e-01
3.764666666666666717e-01
3.767333333333333090e-01
3.771333333333333204e-01
3.776666666666666505e-01
3.781333333333333213e-01
3.784000000000000141e-01
3.790000000000000036e-01
3.794666666666666743e-01
3.799333333333333451e-01
3.803333333333333566e-01
3.809333333333333460e-01
3.810666666666666647e-01
3.813333333333333575e-01
3.817999999999999727e-01
3.820000000000000062e-01
3.824666666666666770e-01
3.826666666666666550e-01
3.828666666666666885e-01
3.835999999999999965e-01
3.835333333333333372e-01
3.840666666666666673e-01
3.846666666666666567e-01
3.848666666666666902e-01
3.852666666666666462e-01
3.857999999999999763e-01
3.860666666666666691e-01
3.864666666666666806e-01
3.869333333333333513e-01
3.871333333333333293e-01
3.876000000000000001e-01
3.881999999999999895e-01
3.884000000000000230e-01
3.886666666666666603e-01
3.887333333333333196e-01
3.892666666666666497e-01
3.898666666666666392e-01
3.898666666666666392e-01
3.906000000000000028e-01
3.907999999999999807e-01
3.911333333333333329e-01
3.917333333333333223e-01
3.920666666666666744e-01
3.922666666666666524e-01
3.927333333333333232e-01
3.930000000000000160e-01
3.934666666666666868e-01
3.935333333333333461e-01
3.937999999999999834e-01
3.940000000000000169e-01
3.946000000000000063e-01
3.951999999999999957e-01
3.957333333333333258e-01
3.961999999999999966e-01
3.964666666666666894e-01
3.967999999999999861e-01
3.967333333333333267e-01
3.971333333333333382e-01
3.972666666666666568e-01
3.975333333333333496e-01
3.982666666666666577e-01
3.984666666666666912e-01
3.986666666666666692e-01
3.993999999999999773e-01
3.999333333333333074e-01
4.002666666666666595e-01
4.007333333333333303e-01
4.008666666666666489e-01
4.011333333333333417e-01
4.017333333333333312e-01
4.019333333333333091e-01
4.023333333333333206e-01
4.025333333333333541e-01
4.023999999999999799e-01
4.026000000000000134e-01
4.027999999999999914e-01
4.028666666666666507e-01
4.030666666666666842e-01
4.034666666666666401e-01
4.037999999999999923e-01
4.040000000000000258e-01
4.044666666666666410e-01
4.046666666666666745e-01
4.047999999999999932e-01
4.052666666666666639e-01
4.055333333333333568e-01
4.056666666666666754e-01
4.060000000000000275e-01
4.063999999999999835e-01
4.066000000000000170e-01
4.069999999999999729e-01
4.071333333333333471e-01
4.072666666666666657e-01
4.073333333333333250e-01
4.075333333333333585e-01
4.075333333333333585e-01
4.077333333333333365e-01
4.078666666666666551e-01
4.079999999999999738e-01
4.084666666666666446e-01
4.086666666666666781e-01
4.088666666666666560e-01
4.090666666666666895e-01
4.092666666666666675e-01
4.093333333333333268e-01
4.097999999999999976e-01
4.100666666666666904e-01
4.104666666666666464e-01
4.107999999999999985e-01
4.108666666666666578e-01
4.109333333333333171e-01
4.109333333333333171e-01
4.112666666666666693e-01
4.113333333333333286e-01
4.117333333333333401e-01
4.119999999999999774e-01
4.122666666666666702e-01
4.122666666666666702e-01
4.126000000000000223e-01
4.127333333333333409e-01
4.129999999999999782e-01
4.133999999999999897e-01
4.136000000000000232e-01
4.139333333333333198e-01
4.141333333333333533e-01
4.142000000000000126e-01
4.143333333333333313e-01
4.145333333333333092e-01
4.146666666666666834e-01
4.148000000000000020e-01
4.151333333333333542e-01
4.151333333333333542e-01
4.154666666666666508e-01
4.158000000000000029e-01
4.159333333333333216e-01
4.160666666666666402e-01
4.162000000000000144e-01
4.162000000000000144e-01
4.163999999999999924e-01
4.163999999999999924e-01
4.164666666666666517e-01
4.166666666666666852e-01
4.167333333333333445e-01
4.171333333333333560e-01
4.173999999999999932e-01
4.176000000000000267e-01
4.177333333333333454e-01
4.179999999999999827e-01
4.183333333333333348e-01
4.188000000000000056e-01
4.188000000000000056e-01
4.192666666666666764e-01
4.193999999999999950e-01
4.197333333333333472e-01
4.198000000000000065e-01
4.198000000000000065e-01
4.201333333333333586e-01
4.203999999999999959e-01
4.204666666666666552e-01
4.203999999999999959e-01
4.208000000000000074e-01
4.208666666666666667e-01
4.208666666666666667e-01
4.211333333333333595e-01
4.213999999999999968e-01
4.215333333333333155e-01
4.216666666666666896e-01
4.218666666666666676e-01
4.222000000000000197e-01
4.222666666666666790e-01
4.226666666666666905e-01
4.228666666666666685e-01
4.230666666666666464e-01
4.231333333333333058e-01
4.235999999999999766e-01
4.238666666666666694e-01
4.243333333333333401e-01
4.246666666666666923e-01
4.249999999999999889e-01
4.252000000000000224e-01
4.254666666666666597e-01
4.258666666666666711e-01
4.261333333333333084e-01
4.262666666666666826e-01
4.269333333333333313e-01
4.268666666666666720e-01
4.272000000000000242e-01
4.275333333333333208e-01
4.276666666666666394e-01
4.279333333333333322e-01
4.279999999999999916e-01
4.284666666666666623e-01
4.282666666666666844e-01
4.285999999999999810e-01
4.287333333333333552e-01
4.287333333333333552e-01
4.288666666666666738e-01
4.288666666666666738e-01
4.292666666666666853e-01
4.294666666666666632e-01
4.295999999999999819e-01
4.298666666666666747e-01
4.299333333333333340e-01
4.300666666666666527e-01
4.299999999999999933e-01
4.304666666666666641e-01
4.302000000000000268e-01
4.303333333333333455e-01
4.302666666666666861e-01
4.305999999999999828e-01
4.307333333333333569e-01
4.310666666666666536e-01
4.312666666666666870e-01
4.315333333333333243e-01
4.314666666666666650e-01
4.319333333333333358e-01
4.319999999999999951e-01
4.322666666666666879e-01
4.323333333333333472e-01
4.324000000000000066e-01
4.325999999999999845e-01
4.328000000000000180e-01
4.331999999999999740e-01
4.335333333333333261e-01
4.337333333333333596e-01
4.341333333333333155e-01
4.341999999999999749e-01
4.344000000000000083e-01
4.344666666666666677e-01
4.348000000000000198e-01
4.349999999999999978e-01
4.348000000000000198e-01
4.348000000000000198e-01
4.351999999999999758e-01
4.353333333333333499e-01
4.355999999999999872e-01
4.359999999999999987e-01
4.360666666666666580e-01
4.359999999999999987e-01
4.362666666666666915e-01
4.365999999999999881e-01
4.371333333333333182e-01
4.371999999999999775e-01
4.374000000000000110e-01
4.374666666666666703e-01
4.375999999999999890e-01
4.379333333333333411e-01
4.381333333333333191e-01
4.379333333333333411e-01
4.380666666666666598e-01
4.384000000000000119e-01
4.385999999999999899e-01
4.388000000000000234e-01
4.388000000000000234e-01
4.390666666666666607e-01
4.391999999999999793e-01
4.393333333333333535e-01
4.394000000000000128e-01
4.395999999999999908e-01
4.395999999999999908e-01
4.398000000000000242e-01
4.400000000000000022e-01
4.400000000000000022e-01
4.404000000000000137e-01
4.404666666666666730e-01
4.405999999999999917e-01
4.409333333333333438e-01
4.409333333333333438e-01
4.411999999999999811e-01
4.411999999999999811e-01
4.415999999999999925e-01
4.417333333333333112e-01
4.414666666666666739e-01
4.414666666666666739e-01
4.419333333333333447e-01
4.420000000000000040e-01
4.423333333333333561e-01
4.425999999999999934e-01
4.424666666666666748e-01
4.426666666666666528e-01
4.430666666666666642e-01
4.433333333333333570e-01
4.436666666666666536e-01
4.438666666666666871e-01
4.439333333333333464e-01
4.441333333333333244e-01
4.441999999999999837e-01
4.444000000000000172e-01
4.445999999999999952e-01
4.451999999999999846e-01
4.453333333333333588e-01
4.451333333333333253e-01
4.454000000000000181e-01
4.455999999999999961e-01
4.459333333333333482e-01
4.460000000000000075e-01
4.464666666666666783e-01
4.464666666666666783e-01
4.467999999999999750e-01
4.468666666666666898e-01
4.469333333333333491e-01
4.472666666666666457e-01
4.474000000000000199e-01
4.475333333333333385e-01
4.474666666666666792e-01
4.475333333333333385e-01
4.477999999999999758e-01
4.479333333333333500e-01
4.478666666666666907e-01
4.479333333333333500e-01
4.481999999999999873e-01
4.481333333333333280e-01
4.481999999999999873e-01
4.485999999999999988e-01
4.487999999999999767e-01
4.486666666666666581e-01
4.486666666666666581e-01
4.487999999999999767e-01
4.487999999999999767e-01
4.490666666666666695e-01
4.491999999999999882e-01
4.490000000000000102e-01
4.492666666666666475e-01
4.492666666666666475e-01
4.492666666666666475e-01
4.493333333333333068e-01
4.495333333333333403e-01
4.498666666666666925e-01
4.497999999999999776e-01
4.498666666666666925e-01
4.500000000000000111e-01
4.500000000000000111e-01
4.501333333333333298e-01
4.502666666666666484e-01
4.502666666666666484e-01
4.501999999999999891e-01
4.503333333333333077e-01
4.501333333333333298e-01
4.503333333333333077e-01
4.501333333333333298e-01
4.505333333333333412e-01
4.507333333333333192e-01
4.506000000000000005e-01
4.507333333333333192e-01
4.510000000000000120e-01
4.510666666666666713e-01
4.513333333333333086e-01
4.513333333333333086e-01
4.512666666666666493e-01
4.514666666666666828e-01
4.516000000000000014e-01
4.515333333333333421e-01
4.516000000000000014e-01
4.517999999999999794e-01
4.520666666666666722e-01
4.521333333333333315e-01
4.520666666666666722e-01
4.521999999999999909e-01
4.525333333333333430e-01
4.526000000000000023e-01
4.528666666666666396e-01
4.528666666666666396e-01
4.529333333333333544e-01
4.528666666666666396e-01
4.527999999999999803e-01
4.529333333333333544e-01
4.528666666666666396e-01
4.531333333333333324e-01
4.532666666666666511e-01
4.534000000000000252e-01
4.535333333333333439e-01
4.534666666666666845e-01
4.535333333333333439e-01
4.537999999999999812e-01
4.537999999999999812e-01
4.540000000000000147e-01
4.540666666666666740e-01
4.540000000000000147e-01
4.537999999999999812e-01
4.541333333333333333e-01
4.541999999999999926e-01
4.546666666666666634e-01
4.546000000000000041e-01
4.548666666666666414e-01
4.550000000000000155e-01
4.547999999999999821e-01
4.547999999999999821e-01
4.551999999999999935e-01
4.554666666666666863e-01
4.555333333333333456e-01
4.554666666666666863e-01
4.556000000000000050e-01
4.555333333333333456e-01
4.560000000000000164e-01
4.561999999999999944e-01
4.563999999999999724e-01
4.562666666666666537e-01
4.566666666666666652e-01
4.568666666666666432e-01
4.573333333333333139e-01
4.575333333333333474e-01
4.574666666666666881e-01
4.574666666666666881e-01
4.578666666666666440e-01
4.578666666666666440e-01
4.581333333333333369e-01
4.581333333333333369e-01
4.578666666666666440e-01
4.580000000000000182e-01
4.581333333333333369e-01
4.584666666666666890e-01
4.589333333333333598e-01
4.589333333333333598e-01
4.590000000000000191e-01
4.589333333333333598e-01
4.591999999999999971e-01
4.591999999999999971e-01
4.594666666666666899e-01
4.594666666666666899e-01
4.595333333333333492e-01
4.596666666666666679e-01
4.597333333333333272e-01
4.597333333333333272e-01
4.599333333333333607e-01
4.600000000000000200e-01
4.600666666666666793e-01
4.603333333333333166e-01
4.603999999999999759e-01
4.604666666666666908e-01
4.606000000000000094e-01
4.606666666666666687e-01
4.608666666666666467e-01
4.609333333333333060e-01
4.608666666666666467e-01
4.610666666666666802e-01
4.612666666666666582e-01
4.613333333333333175e-01
4.613999999999999768e-01
4.616666666666666696e-01
4.617333333333333290e-01
4.617999999999999883e-01
4.619333333333333069e-01
4.621333333333333404e-01
4.621999999999999997e-01
4.623999999999999777e-01
4.626666666666666705e-01
4.625333333333333519e-01
4.627999999999999892e-01
4.627333333333333298e-01
4.627999999999999892e-01
4.627333333333333298e-01
4.627999999999999892e-01
4.626666666666666705e-01
4.627333333333333298e-01
4.625333333333333519e-01
4.626666666666666705e-01
4.628666666666666485e-01
4.628666666666666485e-01
4.630000000000000226e-01
4.631333333333333413e-01
4.635333333333333528e-01
4.636666666666666714e-01
4.641333333333333422e-01
4.640000000000000235e-01
4.641333333333333422e-01
4.642000000000000015e-01
4.643333333333333202e-01
4.644666666666666943e-01
4.645333333333333536e-01
4.644666666666666943e-01
4.645333333333333536e-01
4.646666666666666723e-01
4.645333333333333536e-01
4.644666666666666943e-01
4.646000000000000130e-01
4.648666666666666503e-01
4.647333333333333316e-01
4.646666666666666723e-01
4.648666666666666503e-01
4.647999999999999909e-01
4.648666666666666503e-01
4.646666666666666723e-01
4.651333333333333431e-01
4.653999999999999804e-01
4.653999999999999804e-01
4.655333333333333545e-01
4.657333333333333325e-01
4.658666666666666512e-01
4.660666666666666846e-01
4.660666666666666846e-01
4.661333333333333440e-01
4.662666666666666626e-01
4.661333333333333440e-01
4.665333333333333554e-01
4.664666666666666406e-01
4.665333333333333554e-01
4.666000000000000147e-01
4.663999999999999813e-01
4.666000000000000147e-01
4.667333333333333334e-01
4.670000000000000262e-01
4.670666666666666855e-01
4.672000000000000042e-01
4.670000000000000262e-01
4.672666666666666635e-01
4.671333333333333449e-01
4.671333333333333449e-01
4.672666666666666635e-01
4.673999999999999821e-01
4.673999999999999821e-01
4.674666666666666415e-01
4.674666666666666415e-01
4.676666666666666750e-01
4.674666666666666415e-01
4.677333333333333343e-01
4.674666666666666415e-01
4.676000000000000156e-01
4.677999999999999936e-01
4.680000000000000271e-01
4.679333333333333123e-01
4.680666666666666864e-01
4.680000000000000271e-01
4.677999999999999936e-01
4.679333333333333123e-01
4.681333333333333457e-01
4.682000000000000051e-01
4.683333333333333237e-01
4.682666666666666644e-01
4.684666666666666424e-01
4.682666666666666644e-01
4.683999999999999830e-01
4.685333333333333572e-01
4.687333333333333352e-01
4.688666666666666538e-01
4.689333333333333131e-01
4.687999999999999945e-01
4.691333333333333466e-01
4.691333333333333466e-01
4.693333333333333246e-01
4.695333333333333581e-01
4.695333333333333581e-01
4.696000000000000174e-01
4.697333333333333361e-01
4.697333333333333361e-01
4.699999999999999734e-01
4.699333333333333140e-01
4.699999999999999734e-01
4.699333333333333140e-01
4.700666666666666882e-01
4.702000000000000068e-01
4.700666666666666882e-01
4.702000000000000068e-01
4.704666666666666441e-01
4.701333333333333475e-01
4.704666666666666441e-01
4.703999999999999848e-01
4.705333333333333590e-01
4.708666666666666556e-01
4.708666666666666556e-01
4.708666666666666556e-01
4.709999999999999742e-01
4.711333333333333484e-01
4.712666666666666671e-01
4.712000000000000077e-01
4.712666666666666671e-01
4.711333333333333484e-01
4.713333333333333264e-01
4.714666666666666450e-01
4.715333333333333599e-01
4.715333333333333599e-01
4.713999999999999857e-01
4.713999999999999857e-01
4.715333333333333599e-01
4.716666666666666785e-01
4.717333333333333378e-01
4.721333333333333493e-01
4.721333333333333493e-01
4.723999999999999866e-01
4.725333333333333607e-01
4.727999999999999980e-01
4.729333333333333167e-01
4.729333333333333167e-01
4.732666666666666688e-01
4.732666666666666688e-01
4.733999999999999875e-01
4.733333333333333282e-01
4.736000000000000210e-01
4.733333333333333282e-01
4.733999999999999875e-01
4.735333333333333061e-01
4.737333333333333396e-01
4.741333333333333511e-01
4.740666666666666917e-01
4.739333333333333176e-01
4.739999999999999769e-01
4.741333333333333511e-01
4.742666666666666697e-01
4.743999999999999884e-01
4.744666666666666477e-01
4.747333333333333405e-01
4.747333333333333405e-01
4.746666666666666812e-01
4.747999999999999998e-01
4.747333333333333405e-01
4.746666666666666812e-01
4.748666666666666591e-01
4.749333333333333185e-01
4.752666666666666706e-01
4.754666666666666486e-01
4.756000000000000227e-01
4.756666666666666821e-01
4.756666666666666821e-01
4.758000000000000007e-01
4.759999999999999787e-01
4.759333333333333194e-01
4.761333333333333528e-01
4.761333333333333528e-01
4.760666666666666935e-01
4.759999999999999787e-01
4.761333333333333528e-01
4.762666666666666715e-01
4.763999999999999901e-01
4.762666666666666715e-01
4.767333333333333423e-01
