2.932000000000000162e-01
2.949333333333333251e-01
2.962000000000000188e-01
2.973333333333333384e-01
2.984666666666666579e-01
2.998000000000000109e-01
3.014000000000000012e-01
3.028666666666666729e-01
3.038000000000000145e-01
3.052666666666666861e-01
3.064000000000000057e-01
3.081333333333333147e-01
3.095999999999999863e-01
3.108666666666666800e-01
3.118666666666666809e-01
3.127333333333333076e-01
3.135333333333333306e-01
3.149333333333333429e-01
3.164000000000000146e-01
3.175999999999999934e-01
3.184000000000000163e-01
3.191999999999999837e-01
3.211999999999999855e-01
3.221999999999999864e-01
3.227999999999999758e-01
3.240000000000000102e-01
3.251333333333333298e-01
3.262666666666666493e-01
3.269333333333333536e-01
3.277333333333333210e-01
3.285333333333333439e-01
3.296666666666666634e-01
3.309333333333333571e-01
3.323999999999999733e-01
3.329333333333333589e-01
3.337999999999999856e-01
3.343999999999999750e-01
3.351999999999999980e-01
3.359333333333333060e-01
3.369333333333333069e-01
3.376666666666666705e-01
3.384666666666666934e-01
3.387333333333333307e-01
3.395333333333333536e-01
3.403333333333333210e-01
3.413333333333333219e-01
3.425333333333333563e-01
3.429333333333333123e-01
3.439333333333333131e-01
3.447333333333333361e-01
3.457999999999999963e-01
3.465333333333333599e-01
3.471333333333333493e-01
3.476666666666666794e-01
3.481333333333333502e-01
3.488666666666666583e-01
3.496000000000000218e-01
3.502666666666666706e-01
3.507333333333333414e-01
3.515333333333333088e-01
3.519999999999999796e-01
3.528000000000000025e-01
3.532666666666666733e-01
3.540666666666666407e-01
3.545333333333333115e-01
3.549333333333333229e-01
3.554666666666666530e-01
3.561333333333333573e-01
3.566666666666666874e-01
3.572000000000000175e-01
3.579333333333333256e-01
3.584666666666666557e-01
3.588000000000000078e-01
3.593999999999999972e-01
3.598000000000000087e-01
3.607333333333333503e-01
3.608000000000000096e-01
3.614666666666666583e-01
3.619999999999999885e-01
3.623333333333333406e-01
3.629333333333333300e-01
3.635333333333333194e-01
3.641333333333333089e-01
3.642666666666666830e-01
3.652000000000000246e-01
3.655333333333333212e-01
3.659999999999999920e-01
3.662666666666666848e-01
3.667333333333333556e-01
3.670666666666666522e-01
3.675999999999999823e-01
3.679333333333333345e-01
3.683333333333333459e-01
3.687333333333333574e-01
3.694666666666666655e-01
3.702666666666666884e-01
3.704000000000000070e-01
3.708000000000000185e-01
3.714666666666666672e-01
3.721999999999999753e-01
3.729999999999999982e-01
3.734000000000000097e-01
3.736666666666666470e-01
3.742666666666666919e-01
3.746666666666666479e-01
3.748000000000000220e-01
3.750666666666666593e-01
3.754000000000000115e-01
3.760000000000000009e-01
3.764666666666666717e-01
3.768666666666666831e-01
3.774000000000000132e-01
3.779333333333333433e-01
3.781999999999999806e-01
3.784000000000000141e-01
3.791999999999999815e-01
3.795333333333333337e-01
3.801333333333333231e-01
3.804000000000000159e-01
3.809333333333333460e-01
3.811999999999999833e-01
3.816666666666666541e-01
3.819333333333333469e-01
3.820000000000000062e-01
3.825999999999999956e-01
3.829333333333333478e-01
3.834000000000000186e-01
3.834666666666666779e-01
3.837333333333333152e-01
3.842666666666666453e-01
3.845999999999999974e-01
3.849333333333333496e-01
3.854666666666666797e-01
3.857999999999999763e-01
3.861333333333333284e-01
3.862666666666666471e-01
3.867999999999999772e-01
3.874000000000000221e-01
3.875333333333333408e-01
3.881333333333333302e-01
3.881999999999999895e-01
3.884666666666666823e-01
3.889333333333333531e-01
3.892666666666666497e-01
3.897999999999999798e-01
3.899333333333333540e-01
3.903333333333333099e-01
3.907333333333333214e-01
3.913333333333333108e-01
3.917333333333333223e-01
3.919333333333333558e-01
3.921333333333333337e-01
3.926666666666666639e-01
3.931333333333333346e-01
3.934000000000000274e-01
3.934666666666666868e-01
3.939333333333333576e-01
3.941999999999999948e-01
3.946666666666666656e-01
3.954666666666666885e-01
3.959333333333333593e-01
3.960666666666666780e-01
3.963333333333333153e-01
3.965333333333333488e-01
3.966666666666666674e-01
3.970666666666666789e-01
3.973333333333333162e-01
3.980000000000000204e-01
3.982666666666666577e-01
3.986000000000000099e-01
3.988666666666666472e-01
3.996666666666666701e-01
4.000666666666666815e-01
4.004666666666666930e-01
4.004666666666666930e-01
4.009333333333333083e-01
4.012666666666666604e-01
4.016666666666666718e-01
4.022000000000000020e-01
4.024666666666666393e-01
4.023333333333333206e-01
4.026000000000000134e-01
4.027333333333333321e-01
4.028666666666666507e-01
4.030666666666666842e-01
4.033333333333333215e-01
4.033999999999999808e-01
4.037999999999999923e-01
4.043333333333333224e-01
4.043999999999999817e-01
4.047333333333333338e-01
4.050666666666666860e-01
4.052666666666666639e-01
4.053999999999999826e-01
4.058666666666666534e-01
4.062000000000000055e-01
4.063999999999999835e-01
4.066000000000000170e-01
4.070666666666666877e-01
4.073333333333333250e-01
4.072666666666666657e-01
4.075333333333333585e-01
4.076666666666666772e-01
4.073999999999999844e-01
4.077999999999999958e-01
4.079999999999999738e-01
4.083999999999999853e-01
4.083999999999999853e-01
4.086666666666666781e-01
4.086666666666666781e-01
4.087999999999999967e-01
4.089333333333333154e-01
4.093333333333333268e-01
4.100666666666666904e-01
4.102000000000000091e-01
4.104666666666666464e-01
4.107333333333333392e-01
4.107999999999999985e-01
4.107333333333333392e-01
4.109999999999999765e-01
4.111333333333333506e-01
4.115333333333333066e-01
4.116666666666666807e-01
4.119333333333333180e-01
4.120666666666666922e-01
4.122666666666666702e-01
4.123999999999999888e-01
4.126666666666666816e-01
4.131333333333333524e-01
4.133333333333333304e-01
4.137333333333333418e-01
4.138666666666666605e-01
4.141333333333333533e-01
4.141333333333333533e-01
4.143333333333333313e-01
4.146000000000000241e-01
4.148000000000000020e-01
4.148000000000000020e-01
4.151333333333333542e-01
4.152666666666666728e-01
4.156666666666666843e-01
4.157333333333333436e-01
4.159999999999999809e-01
4.162666666666666737e-01
4.161333333333333551e-01
4.166000000000000258e-01
4.163999999999999924e-01
4.163333333333333330e-01
4.165333333333333110e-01
4.165333333333333110e-01
4.167333333333333445e-01
4.171333333333333560e-01
4.172666666666666746e-01
4.176000000000000267e-01
4.179999999999999827e-01
4.178666666666666640e-01
4.185333333333333128e-01
4.187333333333333463e-01
4.192000000000000171e-01
4.193333333333333357e-01
4.193999999999999950e-01
4.196666666666666878e-01
4.195999999999999730e-01
4.196666666666666878e-01
4.199333333333333251e-01
4.203333333333333366e-01
4.203333333333333366e-01
4.206666666666666887e-01
4.207333333333333480e-01
4.207333333333333480e-01
4.210666666666666447e-01
4.211333333333333595e-01
4.212000000000000188e-01
4.213999999999999968e-01
4.218666666666666676e-01
4.218000000000000083e-01
4.219999999999999862e-01
4.221333333333333604e-01
4.223999999999999977e-01
4.228000000000000091e-01
4.231333333333333058e-01
4.232000000000000206e-01
4.236666666666666914e-01
4.238666666666666694e-01
4.242000000000000215e-01
4.245999999999999774e-01
4.248000000000000109e-01
4.250666666666666482e-01
4.256666666666666932e-01
4.258666666666666711e-01
4.262666666666666826e-01
4.264000000000000012e-01
4.268000000000000127e-01
4.269999999999999907e-01
4.274000000000000021e-01
4.273333333333333428e-01
4.276666666666666394e-01
4.279999999999999916e-01
4.281333333333333102e-01
4.284666666666666623e-01
4.282666666666666844e-01
4.284666666666666623e-01
4.286666666666666403e-01
4.288000000000000145e-01
4.288000000000000145e-01
4.289999999999999925e-01
4.291333333333333111e-01
4.294000000000000039e-01
4.298000000000000154e-01
4.298666666666666747e-01
4.299333333333333340e-01
4.298666666666666747e-01
4.299333333333333340e-01
4.301333333333333120e-01
4.302000000000000268e-01
4.302666666666666861e-01
4.304666666666666641e-01
4.307333333333333569e-01
4.306666666666666421e-01
4.310666666666666536e-01
4.310666666666666536e-01
4.314666666666666650e-01
4.313333333333333464e-01
4.315333333333333243e-01
4.318000000000000171e-01
4.318666666666666765e-01
4.322666666666666879e-01
4.323333333333333472e-01
4.325333333333333252e-01
4.329999999999999960e-01
4.332666666666666888e-01
4.335333333333333261e-01
4.337333333333333596e-01
4.339333333333333376e-01
4.341333333333333155e-01
4.343333333333333490e-01
4.345333333333333270e-01
4.348000000000000198e-01
4.348000000000000198e-01
4.347333333333333605e-01
4.351999999999999758e-01
4.351333333333333164e-01
4.354666666666666686e-01
4.353333333333333499e-01
4.358666666666666800e-01
4.358666666666666800e-01
4.359999999999999987e-01
4.361333333333333173e-01
4.365333333333333288e-01
4.368666666666666809e-01
4.370666666666666589e-01
4.370666666666666589e-01
4.373333333333333517e-01
4.375333333333333297e-01
4.376666666666666483e-01
4.377333333333333076e-01
4.378666666666666818e-01
4.381333333333333191e-01
4.382666666666666933e-01
4.384000000000000119e-01
4.384666666666666712e-01
4.385333333333333306e-01
4.389333333333333420e-01
4.391333333333333200e-01
4.393333333333333535e-01
4.391333333333333200e-01
4.391999999999999793e-01
4.393333333333333535e-01
4.397333333333333094e-01
4.398000000000000242e-01
4.398666666666666836e-01
4.399333333333333429e-01
4.401999999999999802e-01
4.406666666666666510e-01
4.409333333333333438e-01
4.411333333333333218e-01
4.411333333333333218e-01
4.411999999999999811e-01
4.414666666666666739e-01
4.414666666666666739e-01
4.413333333333333552e-01
4.415333333333333332e-01
4.417333333333333112e-01
4.419333333333333447e-01
4.420666666666666633e-01
4.421999999999999820e-01
4.424666666666666748e-01
4.426666666666666528e-01
4.428000000000000269e-01
4.433333333333333570e-01
4.436666666666666536e-01
4.437333333333333130e-01
4.438666666666666871e-01
4.440666666666666651e-01
4.441999999999999837e-01
4.445333333333333359e-01
4.447333333333333139e-01
4.448666666666666880e-01
4.450666666666666660e-01
4.452666666666666440e-01
4.454666666666666774e-01
4.457333333333333147e-01
4.459333333333333482e-01
4.460000000000000075e-01
4.461999999999999855e-01
4.463333333333333597e-01
4.465333333333333377e-01
4.466666666666666563e-01
4.469333333333333491e-01
4.469333333333333491e-01
4.472666666666666457e-01
4.474666666666666792e-01
4.475333333333333385e-01
4.475999999999999979e-01
4.476666666666666572e-01
4.476666666666666572e-01
4.476666666666666572e-01
4.477333333333333165e-01
4.480666666666666687e-01
4.480666666666666687e-01
4.482666666666666466e-01
4.486666666666666581e-01
4.484666666666666801e-01
4.485333333333333394e-01
4.485999999999999988e-01
4.485999999999999988e-01
4.487999999999999767e-01
4.488666666666666916e-01
4.491333333333333289e-01
4.491999999999999882e-01
4.490666666666666695e-01
4.491333333333333289e-01
4.490000000000000102e-01
4.492666666666666475e-01
4.494666666666666810e-01
4.498666666666666925e-01
4.497333333333333183e-01
4.496666666666666590e-01
4.498666666666666925e-01
4.499333333333333518e-01
4.501333333333333298e-01
4.500666666666666704e-01
4.502666666666666484e-01
4.500666666666666704e-01
4.500000000000000111e-01
4.501333333333333298e-01
4.500666666666666704e-01
4.503333333333333077e-01
4.502666666666666484e-01
4.506666666666666599e-01
4.506000000000000005e-01
4.508666666666666933e-01
4.507999999999999785e-01
4.511333333333333306e-01
4.510000000000000120e-01
4.510666666666666713e-01
4.511999999999999900e-01
4.516000000000000014e-01
4.516666666666666607e-01
4.514000000000000234e-01
4.516666666666666607e-01
4.517999999999999794e-01
4.518666666666666942e-01
4.519333333333333536e-01
4.520000000000000129e-01
4.521999999999999909e-01
4.526000000000000023e-01
4.527333333333333210e-01
4.527333333333333210e-01
4.527333333333333210e-01
4.527999999999999803e-01
4.528666666666666396e-01
4.529333333333333544e-01
4.528666666666666396e-01
4.527333333333333210e-01
4.527999999999999803e-01
4.529333333333333544e-01
4.531999999999999917e-01
4.533333333333333104e-01
4.533333333333333104e-01
4.535333333333333439e-01
4.536000000000000032e-01
4.536000000000000032e-01
4.537333333333333218e-01
4.537999999999999812e-01
4.539333333333333553e-01
4.541333333333333333e-01
4.544000000000000261e-01
4.544000000000000261e-01
4.543333333333333113e-01
4.544666666666666854e-01
4.548666666666666414e-01
4.549333333333333562e-01
4.547999999999999821e-01
4.549333333333333562e-01
4.551999999999999935e-01
4.550666666666666749e-01
4.554000000000000270e-01
4.554000000000000270e-01
4.555333333333333456e-01
4.557333333333333236e-01
4.560000000000000164e-01
4.561333333333333351e-01
4.562666666666666537e-01
4.563333333333333131e-01
4.566666666666666652e-01
4.569333333333333580e-01
4.571999999999999953e-01
4.576000000000000068e-01
4.576000000000000068e-01
4.576666666666666661e-01
4.578666666666666440e-01
4.578666666666666440e-01
4.579333333333333589e-01
4.579333333333333589e-01
4.577333333333333254e-01
4.577999999999999847e-01
4.577999999999999847e-01
4.583999999999999742e-01
4.586666666666666670e-01
4.585333333333333483e-01
4.586666666666666670e-01
4.588666666666666449e-01
4.589333333333333598e-01
4.590666666666666784e-01
4.591333333333333377e-01
4.591999999999999971e-01
4.593999999999999750e-01
4.592666666666666564e-01
4.596000000000000085e-01
4.597333333333333272e-01
4.597333333333333272e-01
4.599333333333333607e-01
4.600000000000000200e-01
4.601333333333333386e-01
4.602666666666666573e-01
4.602666666666666573e-01
4.601333333333333386e-01
4.603999999999999759e-01
4.606666666666666687e-01
4.608666666666666467e-01
4.608666666666666467e-01
4.610666666666666802e-01
4.610000000000000209e-01
4.612666666666666582e-01
4.612666666666666582e-01
4.612666666666666582e-01
4.615333333333333510e-01
4.616000000000000103e-01
4.617333333333333290e-01
4.617999999999999883e-01
4.619333333333333069e-01
4.623999999999999777e-01
4.625333333333333519e-01
4.625333333333333519e-01
4.626666666666666705e-01
4.626000000000000112e-01
4.627333333333333298e-01
4.626000000000000112e-01
4.626666666666666705e-01
4.626000000000000112e-01
4.625333333333333519e-01
4.626000000000000112e-01
4.625333333333333519e-01
4.625333333333333519e-01
4.626000000000000112e-01
4.626666666666666705e-01
4.630000000000000226e-01
4.632000000000000006e-01
4.636000000000000121e-01
4.638666666666666494e-01
4.638666666666666494e-01
4.639333333333333087e-01
4.641333333333333422e-01
4.642000000000000015e-01
4.643999999999999795e-01
4.644666666666666943e-01
4.643333333333333202e-01
4.642000000000000015e-01
4.645333333333333536e-01
4.646000000000000130e-01
4.645333333333333536e-01
4.645333333333333536e-01
4.644666666666666943e-01
4.646666666666666723e-01
4.646666666666666723e-01
4.646000000000000130e-01
4.646000000000000130e-01
4.647999999999999909e-01
4.648666666666666503e-01
4.649333333333333096e-01
4.651333333333333431e-01
4.652666666666666617e-01
4.655333333333333545e-01
4.657999999999999918e-01
4.659333333333333105e-01
4.660666666666666846e-01
4.662000000000000033e-01
4.661333333333333440e-01
4.661333333333333440e-01
4.661333333333333440e-01
4.663333333333333219e-01
4.663333333333333219e-01
4.663999999999999813e-01
4.663333333333333219e-01
4.663333333333333219e-01
4.666000000000000147e-01
4.665333333333333554e-01
4.666666666666666741e-01
4.668666666666666520e-01
4.670666666666666855e-01
4.670000000000000262e-01
4.672000000000000042e-01
4.671333333333333449e-01
4.671333333333333449e-01
4.672000000000000042e-01
4.672666666666666635e-01
4.673333333333333228e-01
4.672666666666666635e-01
4.673333333333333228e-01
4.673999999999999821e-01
4.673999999999999821e-01
4.673999999999999821e-01
4.676000000000000156e-01
4.675333333333333563e-01
4.676000000000000156e-01
4.676000000000000156e-01
4.676666666666666750e-01
4.678666666666666529e-01
4.678666666666666529e-01
4.679333333333333123e-01
4.677999999999999936e-01
4.679333333333333123e-01
4.682000000000000051e-01
4.681333333333333457e-01
4.680000000000000271e-01
4.681333333333333457e-01
4.683999999999999830e-01
4.683333333333333237e-01
4.683999999999999830e-01
4.685333333333333572e-01
4.687333333333333352e-01
4.687333333333333352e-01
4.687333333333333352e-01
4.689333333333333131e-01
4.688666666666666538e-01
4.692666666666666653e-01
4.692666666666666653e-01
4.694666666666666432e-01
4.694666666666666432e-01
4.697333333333333361e-01
4.699333333333333140e-01
4.697999999999999954e-01
4.698666666666666547e-01
4.699333333333333140e-01
4.699999999999999734e-01
4.698666666666666547e-01
4.699999999999999734e-01
4.699333333333333140e-01
4.702666666666666662e-01
4.703999999999999848e-01
4.701333333333333475e-01
4.703999999999999848e-01
4.704666666666666441e-01
4.705333333333333590e-01
4.706666666666666776e-01
4.706666666666666776e-01
4.706666666666666776e-01
4.707333333333333369e-01
4.709999999999999742e-01
4.710666666666666891e-01
4.712000000000000077e-01
4.710666666666666891e-01
4.711333333333333484e-01
4.710666666666666891e-01
4.711333333333333484e-01
4.712000000000000077e-01
4.713333333333333264e-01
4.715333333333333599e-01
4.713333333333333264e-01
4.713999999999999857e-01
4.714666666666666450e-01
4.717333333333333378e-01
4.719333333333333158e-01
4.722000000000000086e-01
4.722666666666666679e-01
4.723999999999999866e-01
4.724666666666666459e-01
4.726000000000000201e-01
4.725333333333333607e-01
4.728666666666666574e-01
4.729333333333333167e-01
4.730666666666666909e-01
4.732000000000000095e-01
4.732666666666666688e-01
4.732666666666666688e-01
4.732666666666666688e-01
4.732666666666666688e-01
4.737999999999999989e-01
4.738666666666666583e-01
4.737999999999999989e-01
4.737999999999999989e-01
4.738666666666666583e-01
4.741333333333333511e-01
4.739999999999999769e-01
4.744666666666666477e-01
4.746000000000000218e-01
4.746666666666666812e-01
4.746666666666666812e-01
4.746000000000000218e-01
4.746666666666666812e-01
4.746000000000000218e-01
4.746666666666666812e-01
4.747333333333333405e-01
4.749999999999999778e-01
4.749999999999999778e-01
4.752000000000000113e-01
4.752000000000000113e-01
4.756000000000000227e-01
4.756666666666666821e-01
4.758000000000000007e-01
4.759333333333333194e-01
4.759333333333333194e-01
4.758000000000000007e-01
4.758666666666666600e-01
4.759999999999999787e-01
4.759999999999999787e-01
4.762000000000000122e-01
4.762666666666666715e-01
4.760666666666666935e-01
