3.057333333333333569e-01
3.071333333333333138e-01
3.081333333333333147e-01
3.090666666666666562e-01
3.101999999999999758e-01
3.111999999999999766e-01
3.121333333333333182e-01
3.129333333333333411e-01
3.140666666666666607e-01
3.151333333333333209e-01
3.161333333333333218e-01
3.173333333333333561e-01
3.179333333333333456e-01
3.190666666666666651e-01
3.198666666666666880e-01
3.214666666666666783e-01
3.222666666666666457e-01
3.231999999999999873e-01
3.238666666666666916e-01
3.251333333333333298e-01
3.263333333333333086e-01
3.268666666666666942e-01
3.276666666666666616e-01
3.285333333333333439e-01
3.294666666666666854e-01
3.304000000000000270e-01
3.318666666666666432e-01
3.327333333333333254e-01
3.331333333333333369e-01
3.340666666666666784e-01
3.349333333333333607e-01
3.355333333333333501e-01
3.363333333333333175e-01
3.372666666666666591e-01
3.381333333333333413e-01
3.386666666666666714e-01
3.389333333333333087e-01
3.400000000000000244e-01
3.405333333333333545e-01
3.415333333333333554e-01
3.426666666666666750e-01
3.431333333333333457e-01
3.438666666666666538e-01
3.448666666666666547e-01
3.453333333333333255e-01
3.463333333333333264e-01
3.474666666666666459e-01
3.476666666666666794e-01
3.481333333333333502e-01
3.487333333333333396e-01
3.495333333333333070e-01
3.500666666666666926e-01
3.510666666666666935e-01
3.513999999999999901e-01
3.521333333333333537e-01
3.525333333333333097e-01
3.533999999999999919e-01
3.535333333333333106e-01
3.540666666666666407e-01
3.550666666666666416e-01
3.556666666666666865e-01
3.561333333333333573e-01
3.566666666666666874e-01
3.569333333333333247e-01
3.575333333333333141e-01
3.587333333333333485e-01
3.592666666666666786e-01
3.595333333333333159e-01
3.598666666666666680e-01
3.603333333333333388e-01
3.609999999999999876e-01
3.613333333333333397e-01
3.617333333333333512e-01
3.623333333333333406e-01
3.629333333333333300e-01
3.633333333333333415e-01
3.639999999999999902e-01
3.644000000000000017e-01
3.649999999999999911e-01
3.654666666666666619e-01
3.657333333333333547e-01
3.661333333333333107e-01
3.666666666666666408e-01
3.668000000000000149e-01
3.673333333333333450e-01
3.675999999999999823e-01
3.678666666666666751e-01
3.683333333333333459e-01
3.687333333333333574e-01
3.695999999999999841e-01
3.705999999999999850e-01
3.708000000000000185e-01
3.710666666666666558e-01
3.717333333333333600e-01
3.724000000000000088e-01
3.732666666666666910e-01
3.737333333333333063e-01
3.739999999999999991e-01
3.742666666666666919e-01
3.747333333333333072e-01
3.748666666666666814e-01
3.752666666666666928e-01
3.760000000000000009e-01
3.760666666666666602e-01
3.768000000000000238e-01
3.771999999999999797e-01
3.776666666666666505e-01
3.781999999999999806e-01
3.785999999999999921e-01
3.789333333333333442e-01
3.794000000000000150e-01
3.796666666666666523e-01
3.801999999999999824e-01
3.805333333333333345e-01
3.810666666666666647e-01
3.810666666666666647e-01
3.815999999999999948e-01
3.820000000000000062e-01
3.820666666666666655e-01
3.825333333333333363e-01
3.828666666666666885e-01
3.831999999999999851e-01
3.837333333333333152e-01
3.841333333333333266e-01
3.844666666666666788e-01
3.849333333333333496e-01
3.852666666666666462e-01
3.857333333333333170e-01
3.859333333333333504e-01
3.864000000000000212e-01
3.865999999999999992e-01
3.871999999999999886e-01
3.875333333333333408e-01
3.878666666666666929e-01
3.886000000000000010e-01
3.887999999999999790e-01
3.891333333333333311e-01
3.892666666666666497e-01
3.896666666666666612e-01
3.900000000000000133e-01
3.901999999999999913e-01
3.907333333333333214e-01
3.909333333333333549e-01
3.915333333333333443e-01
3.920000000000000151e-01
3.924000000000000266e-01
3.925333333333333452e-01
3.930000000000000160e-01
3.933333333333333126e-01
3.937999999999999834e-01
3.939333333333333576e-01
3.943999999999999728e-01
3.947333333333333250e-01
3.952666666666666551e-01
3.959333333333333593e-01
3.964666666666666894e-01
3.965333333333333488e-01
3.968666666666666454e-01
3.970666666666666789e-01
3.971333333333333382e-01
3.974666666666666903e-01
3.973333333333333162e-01
3.977999999999999869e-01
3.985333333333333505e-01
3.990000000000000213e-01
3.991999999999999993e-01
4.000000000000000222e-01
4.001333333333333409e-01
4.006666666666666710e-01
4.010666666666666824e-01
4.010666666666666824e-01
4.014666666666666939e-01
4.019333333333333091e-01
4.017333333333333312e-01
4.020666666666666833e-01
4.022000000000000020e-01
4.023999999999999799e-01
4.026666666666666727e-01
4.029333333333333100e-01
4.030666666666666842e-01
4.032666666666666622e-01
4.036666666666666736e-01
4.041333333333333444e-01
4.042666666666666631e-01
4.045333333333333559e-01
4.049333333333333118e-01
4.052666666666666639e-01
4.055333333333333568e-01
4.055333333333333568e-01
4.056666666666666754e-01
4.060000000000000275e-01
4.063333333333333242e-01
4.065333333333333576e-01
4.066000000000000170e-01
4.069999999999999729e-01
4.072666666666666657e-01
4.073333333333333250e-01
4.074666666666666437e-01
4.076000000000000179e-01
4.076666666666666772e-01
4.079999999999999738e-01
4.083333333333333259e-01
4.083999999999999853e-01
4.087333333333333374e-01
4.090666666666666895e-01
4.091333333333333488e-01
4.095333333333333603e-01
4.097333333333333383e-01
4.099999999999999756e-01
4.102666666666666684e-01
4.105333333333333057e-01
4.106000000000000205e-01
4.107999999999999985e-01
4.109999999999999765e-01
4.111333333333333506e-01
4.115333333333333066e-01
4.116000000000000214e-01
4.117333333333333401e-01
4.121333333333333515e-01
4.123333333333333295e-01
4.126000000000000223e-01
4.127333333333333409e-01
4.128000000000000003e-01
4.132666666666666710e-01
4.135333333333333083e-01
4.136000000000000232e-01
4.138666666666666605e-01
4.139999999999999791e-01
4.143333333333333313e-01
4.142000000000000126e-01
4.144666666666666499e-01
4.145333333333333092e-01
4.147333333333333427e-01
4.149333333333333207e-01
4.152666666666666728e-01
4.153999999999999915e-01
4.157333333333333436e-01
4.158000000000000029e-01
4.161333333333333551e-01
4.163333333333333330e-01
4.162666666666666737e-01
4.165333333333333110e-01
4.166666666666666852e-01
4.166666666666666852e-01
4.168666666666666631e-01
4.171333333333333560e-01
4.172666666666666746e-01
4.176666666666666861e-01
4.178000000000000047e-01
4.179999999999999827e-01
4.184666666666666535e-01
4.186000000000000276e-01
4.189999999999999836e-01
4.192666666666666764e-01
4.194666666666666544e-01
4.198000000000000065e-01
4.200666666666666438e-01
4.200666666666666438e-01
4.202000000000000179e-01
4.202666666666666773e-01
4.203999999999999959e-01
4.205999999999999739e-01
4.208666666666666667e-01
4.213333333333333375e-01
4.212000000000000188e-01
4.213333333333333375e-01
4.213999999999999968e-01
4.218000000000000083e-01
4.219333333333333269e-01
4.219333333333333269e-01
4.223333333333333384e-01
4.225999999999999757e-01
4.225999999999999757e-01
4.225999999999999757e-01
4.229333333333333278e-01
4.236666666666666914e-01
4.240666666666666473e-01
4.240666666666666473e-01
4.243333333333333401e-01
4.248000000000000109e-01
4.249333333333333296e-01
4.249999999999999889e-01
4.255333333333333190e-01
4.256666666666666932e-01
4.259999999999999898e-01
4.262000000000000233e-01
4.264666666666666606e-01
4.266666666666666941e-01
4.270666666666666500e-01
4.271333333333333093e-01
4.273333333333333428e-01
4.278666666666666729e-01
4.282666666666666844e-01
4.283333333333333437e-01
4.285333333333333217e-01
4.284000000000000030e-01
4.286666666666666403e-01
4.287333333333333552e-01
4.286666666666666403e-01
4.292000000000000259e-01
4.297333333333333560e-01
4.296666666666666412e-01
4.295999999999999819e-01
4.297333333333333560e-01
4.299333333333333340e-01
4.302000000000000268e-01
4.304000000000000048e-01
4.304000000000000048e-01
4.304666666666666641e-01
4.306666666666666421e-01
4.306666666666666421e-01
4.305999999999999828e-01
4.307333333333333569e-01
4.311333333333333129e-01
4.312666666666666870e-01
4.312666666666666870e-01
4.316666666666666430e-01
4.318000000000000171e-01
4.318666666666666765e-01
4.318000000000000171e-01
4.321999999999999731e-01
4.324666666666666659e-01
4.327333333333333587e-01
4.326666666666666439e-01
4.329999999999999960e-01
4.334666666666666668e-01
4.336666666666666448e-01
4.338666666666666782e-01
4.340666666666666562e-01
4.342666666666666897e-01
4.342666666666666897e-01
4.348000000000000198e-01
4.349333333333333385e-01
4.349999999999999978e-01
4.351333333333333164e-01
4.351999999999999758e-01
4.353333333333333499e-01
4.356666666666666465e-01
4.357333333333333059e-01
4.358000000000000207e-01
4.360666666666666580e-01
4.361999999999999766e-01
4.367333333333333067e-01
4.367333333333333067e-01
4.369333333333333402e-01
4.369333333333333402e-01
4.374000000000000110e-01
4.375333333333333297e-01
4.378000000000000225e-01
4.380666666666666598e-01
4.381999999999999784e-01
4.382666666666666933e-01
4.383333333333333526e-01
4.384666666666666712e-01
4.388000000000000234e-01
4.388666666666666827e-01
4.389333333333333420e-01
4.392666666666666941e-01
4.392666666666666941e-01
4.395999999999999908e-01
4.396666666666666501e-01
4.396666666666666501e-01
4.397333333333333094e-01
4.400000000000000022e-01
4.403333333333333544e-01
4.403333333333333544e-01
4.405333333333333323e-01
4.405333333333333323e-01
4.408000000000000251e-01
4.408666666666666845e-01
4.412666666666666404e-01
4.415333333333333332e-01
4.416666666666666519e-01
4.416666666666666519e-01
4.419333333333333447e-01
4.420000000000000040e-01
4.420000000000000040e-01
4.420666666666666633e-01
4.423333333333333561e-01
4.428000000000000269e-01
4.427333333333333121e-01
4.428000000000000269e-01
4.431333333333333235e-01
4.434666666666666757e-01
4.434666666666666757e-01
4.438666666666666871e-01
4.440000000000000058e-01
4.441333333333333244e-01
4.441333333333333244e-01
4.444666666666666766e-01
4.444666666666666766e-01
4.448666666666666880e-01
4.451333333333333253e-01
4.452666666666666440e-01
4.454666666666666774e-01
4.454666666666666774e-01
4.456666666666666554e-01
4.461999999999999855e-01
4.464666666666666783e-01
4.469333333333333491e-01
4.470000000000000084e-01
4.470666666666666678e-01
4.471333333333333271e-01
4.471999999999999864e-01
4.473333333333333606e-01
4.475333333333333385e-01
4.475333333333333385e-01
4.476666666666666572e-01
4.477333333333333165e-01
4.477999999999999758e-01
4.481333333333333280e-01
4.482666666666666466e-01
4.481999999999999873e-01
4.483333333333333059e-01
4.485333333333333394e-01
4.485999999999999988e-01
4.487333333333333174e-01
4.487333333333333174e-01
4.488666666666666916e-01
4.489333333333333509e-01
4.489333333333333509e-01
4.492666666666666475e-01
4.491333333333333289e-01
4.492666666666666475e-01
4.492666666666666475e-01
4.492666666666666475e-01
4.494000000000000217e-01
4.494000000000000217e-01
4.497333333333333183e-01
4.497999999999999776e-01
4.500000000000000111e-01
4.499333333333333518e-01
4.500000000000000111e-01
4.501333333333333298e-01
4.499333333333333518e-01
4.502666666666666484e-01
4.500666666666666704e-01
4.501333333333333298e-01
4.502666666666666484e-01
4.506000000000000005e-01
4.506000000000000005e-01
4.506000000000000005e-01
4.506000000000000005e-01
4.504666666666666819e-01
4.506000000000000005e-01
4.506666666666666599e-01
4.509333333333333527e-01
4.513333333333333086e-01
4.513333333333333086e-01
4.514000000000000234e-01
4.516000000000000014e-01
4.517333333333333201e-01
4.516666666666666607e-01
4.519333333333333536e-01
4.520000000000000129e-01
4.521333333333333315e-01
4.522666666666666502e-01
4.524666666666666837e-01
4.524000000000000243e-01
4.524000000000000243e-01
4.525333333333333430e-01
4.527333333333333210e-01
4.530000000000000138e-01
4.530000000000000138e-01
4.531333333333333324e-01
4.531333333333333324e-01
4.534000000000000252e-01
4.531333333333333324e-01
4.534666666666666845e-01
4.536000000000000032e-01
4.537999999999999812e-01
4.536666666666666625e-01
4.536666666666666625e-01
4.541333333333333333e-01
4.540666666666666740e-01
4.539333333333333553e-01
4.540666666666666740e-01
4.542666666666666520e-01
4.543333333333333113e-01
4.541333333333333333e-01
4.541999999999999926e-01
4.544000000000000261e-01
4.545333333333333448e-01
4.545333333333333448e-01
4.546000000000000041e-01
4.545333333333333448e-01
4.546000000000000041e-01
4.548666666666666414e-01
4.551999999999999935e-01
4.551999999999999935e-01
4.551999999999999935e-01
4.556000000000000050e-01
4.556666666666666643e-01
4.557333333333333236e-01
4.559333333333333571e-01
4.561333333333333351e-01
4.561999999999999944e-01
4.562666666666666537e-01
4.563333333333333131e-01
4.567333333333333245e-01
4.570666666666666766e-01
4.570666666666666766e-01
4.570666666666666766e-01
4.573333333333333139e-01
4.574666666666666881e-01
4.580666666666666775e-01
4.580000000000000182e-01
4.579333333333333589e-01
4.582666666666666555e-01
4.581999999999999962e-01
4.584666666666666890e-01
4.585333333333333483e-01
4.586666666666666670e-01
4.587999999999999856e-01
4.590666666666666784e-01
4.590666666666666784e-01
4.591333333333333377e-01
4.591999999999999971e-01
4.591999999999999971e-01
4.590666666666666784e-01
4.593999999999999750e-01
4.595333333333333492e-01
4.596000000000000085e-01
4.597333333333333272e-01
4.601333333333333386e-01
4.600666666666666793e-01
4.603333333333333166e-01
4.602666666666666573e-01
4.602666666666666573e-01
4.604666666666666908e-01
4.605333333333333501e-01
4.609333333333333060e-01
4.610000000000000209e-01
4.609333333333333060e-01
4.607999999999999874e-01
4.611333333333333395e-01
4.610000000000000209e-01
4.612666666666666582e-01
4.616666666666666696e-01
4.618666666666666476e-01
4.617999999999999883e-01
4.617999999999999883e-01
4.618666666666666476e-01
4.618666666666666476e-01
4.622666666666666591e-01
4.623999999999999777e-01
4.624666666666666925e-01
4.623999999999999777e-01
4.624666666666666925e-01
4.626666666666666705e-01
4.627333333333333298e-01
4.626666666666666705e-01
4.629333333333333078e-01
4.631333333333333413e-01
4.628666666666666485e-01
4.629333333333333078e-01
4.629333333333333078e-01
4.630000000000000226e-01
4.632000000000000006e-01
4.632666666666666599e-01
4.633999999999999786e-01
4.636666666666666714e-01
4.636000000000000121e-01
4.638666666666666494e-01
4.639333333333333087e-01
4.638666666666666494e-01
4.642000000000000015e-01
4.643333333333333202e-01
4.643999999999999795e-01
4.646666666666666723e-01
4.647333333333333316e-01
4.643999999999999795e-01
4.644666666666666943e-01
4.645333333333333536e-01
4.647333333333333316e-01
4.647333333333333316e-01
4.646666666666666723e-01
4.643999999999999795e-01
4.645333333333333536e-01
4.644666666666666943e-01
4.646666666666666723e-01
4.648666666666666503e-01
4.649333333333333096e-01
4.650666666666666837e-01
4.651333333333333431e-01
4.652666666666666617e-01
4.653999999999999804e-01
4.657333333333333325e-01
4.658666666666666512e-01
4.657333333333333325e-01
4.661333333333333440e-01
4.660666666666666846e-01
4.663333333333333219e-01
4.664666666666666406e-01
4.666000000000000147e-01
4.666000000000000147e-01
4.666666666666666741e-01
4.666000000000000147e-01
4.668666666666666520e-01
4.669333333333333114e-01
4.668666666666666520e-01
4.670000000000000262e-01
4.670000000000000262e-01
4.671333333333333449e-01
4.670000000000000262e-01
4.672666666666666635e-01
4.672000000000000042e-01
4.671333333333333449e-01
4.670000000000000262e-01
4.670666666666666855e-01
4.674666666666666415e-01
4.676000000000000156e-01
4.676666666666666750e-01
4.677333333333333343e-01
4.677333333333333343e-01
4.678666666666666529e-01
4.676666666666666750e-01
4.677999999999999936e-01
4.679333333333333123e-01
4.681333333333333457e-01
4.680666666666666864e-01
4.680666666666666864e-01
4.681333333333333457e-01
4.681333333333333457e-01
4.680666666666666864e-01
4.679333333333333123e-01
4.683333333333333237e-01
4.682666666666666644e-01
4.682666666666666644e-01
4.684666666666666424e-01
4.685333333333333572e-01
4.687333333333333352e-01
4.687333333333333352e-01
4.688666666666666538e-01
4.688666666666666538e-01
4.687333333333333352e-01
4.689999999999999725e-01
4.689333333333333131e-01
4.690666666666666873e-01
4.692000000000000060e-01
4.694666666666666432e-01
4.696000000000000174e-01
4.695333333333333581e-01
4.694666666666666432e-01
4.696000000000000174e-01
4.694666666666666432e-01
4.698666666666666547e-01
4.701333333333333475e-01
4.699999999999999734e-01
4.698666666666666547e-01
4.699999999999999734e-01
4.702000000000000068e-01
4.701333333333333475e-01
4.703333333333333255e-01
4.702000000000000068e-01
4.705333333333333590e-01
4.705333333333333590e-01
4.704666666666666441e-01
4.706000000000000183e-01
4.707333333333333369e-01
4.707999999999999963e-01
4.707999999999999963e-01
4.709333333333333149e-01
4.709333333333333149e-01
4.709999999999999742e-01
4.710666666666666891e-01
4.710666666666666891e-01
4.709333333333333149e-01
4.708666666666666556e-01
4.713999999999999857e-01
4.715333333333333599e-01
4.714666666666666450e-01
4.716666666666666785e-01
4.716000000000000192e-01
4.719333333333333158e-01
4.722666666666666679e-01
4.723333333333333273e-01
4.724666666666666459e-01
4.726000000000000201e-01
4.726000000000000201e-01
4.727999999999999980e-01
4.727999999999999980e-01
4.729333333333333167e-01
4.733999999999999875e-01
4.734666666666666468e-01
4.732000000000000095e-01
4.733333333333333282e-01
4.733999999999999875e-01
4.733333333333333282e-01
4.735333333333333061e-01
4.735333333333333061e-01
4.738666666666666583e-01
4.737999999999999989e-01
4.737333333333333396e-01
4.742000000000000104e-01
4.742666666666666697e-01
4.743333333333333290e-01
4.743333333333333290e-01
4.744666666666666477e-01
4.746000000000000218e-01
4.747333333333333405e-01
4.747999999999999998e-01
4.748666666666666591e-01
4.749333333333333185e-01
4.749333333333333185e-01
4.750666666666666926e-01
4.752666666666666706e-01
4.752666666666666706e-01
4.752666666666666706e-01
4.756000000000000227e-01
4.754666666666666486e-01
4.755333333333333079e-01
4.758666666666666600e-01
4.758000000000000007e-01
4.759999999999999787e-01
4.760666666666666935e-01
4.761333333333333528e-01
4.761333333333333528e-01
4.762666666666666715e-01
4.763999999999999901e-01
4.765333333333333088e-01
4.768000000000000016e-01
4.764666666666666495e-01
4.767333333333333423e-01
4.767333333333333423e-01
4.768666666666666609e-01
4.768000000000000016e-01
4.771333333333333537e-01
4.772000000000000131e-01
4.772666666666666724e-01
