2.953999999999999959e-01
2.966666666666666896e-01
2.976666666666666905e-01
2.990666666666666473e-01
3.007333333333333525e-01
3.017333333333333534e-01
3.032000000000000250e-01
3.041333333333333111e-01
3.055333333333333234e-01
3.067333333333333578e-01
3.084000000000000075e-01
3.094666666666666677e-01
3.109999999999999987e-01
3.121999999999999775e-01
3.130666666666666598e-01
3.136666666666666492e-01
3.150000000000000022e-01
3.163333333333333552e-01
3.176666666666666528e-01
3.184666666666666757e-01
3.195999999999999952e-01
3.210666666666666669e-01
3.220666666666666678e-01
3.226666666666666572e-01
3.239333333333333509e-01
3.251999999999999891e-01
3.261333333333333306e-01
3.269333333333333536e-01
3.277333333333333210e-01
3.286666666666666625e-01
3.296666666666666634e-01
3.306666666666666643e-01
3.321999999999999953e-01
3.327999999999999847e-01
3.337333333333333263e-01
3.342666666666666564e-01
3.351999999999999980e-01
3.358666666666666467e-01
3.367333333333333290e-01
3.375333333333333519e-01
3.383999999999999786e-01
3.387999999999999901e-01
3.395333333333333536e-01
3.402000000000000024e-01
3.412000000000000033e-01
3.423999999999999821e-01
3.427999999999999936e-01
3.437333333333333352e-01
3.447999999999999954e-01
3.453999999999999848e-01
3.462000000000000077e-01
3.473333333333333273e-01
3.476666666666666794e-01
3.480666666666666909e-01
3.485333333333333061e-01
3.494666666666666477e-01
3.499999999999999778e-01
3.506666666666666821e-01
3.513999999999999901e-01
3.519999999999999796e-01
3.527333333333333432e-01
3.532666666666666733e-01
3.538000000000000034e-01
3.544666666666666521e-01
3.550666666666666416e-01
3.554666666666666530e-01
3.560666666666666424e-01
3.565333333333333132e-01
3.572000000000000175e-01
3.577333333333333476e-01
3.583333333333333370e-01
3.588666666666666671e-01
3.593333333333333379e-01
3.596666666666666901e-01
3.604666666666666575e-01
3.609333333333333282e-01
3.613333333333333397e-01
3.617333333333333512e-01
3.623333333333333406e-01
3.628000000000000114e-01
3.632666666666666822e-01
3.641333333333333089e-01
3.642666666666666830e-01
3.649333333333333318e-01
3.655333333333333212e-01
3.658000000000000140e-01
3.660666666666666513e-01
3.668000000000000149e-01
3.669333333333333336e-01
3.674666666666666637e-01
3.678000000000000158e-01
3.680666666666666531e-01
3.685999999999999832e-01
3.690666666666666540e-01
3.698666666666666769e-01
3.704666666666666663e-01
3.708000000000000185e-01
3.713333333333333486e-01
3.719333333333333380e-01
3.725333333333333274e-01
3.734000000000000097e-01
3.738666666666666805e-01
3.741333333333333178e-01
3.743333333333333512e-01
3.746666666666666479e-01
3.748000000000000220e-01
3.753333333333333521e-01
3.758000000000000229e-01
3.764000000000000123e-01
3.768666666666666831e-01
3.771333333333333204e-01
3.776666666666666505e-01
3.781999999999999806e-01
3.784666666666666734e-01
3.790000000000000036e-01
3.793333333333333557e-01
3.799333333333333451e-01
3.804000000000000159e-01
3.808666666666666867e-01
3.811333333333333240e-01
3.814666666666666761e-01
3.819333333333333469e-01
3.820000000000000062e-01
3.825333333333333363e-01
3.827333333333333143e-01
3.831333333333333258e-01
3.834666666666666779e-01
3.836666666666666559e-01
3.842666666666666453e-01
3.845999999999999974e-01
3.847333333333333161e-01
3.855333333333333390e-01
3.857333333333333170e-01
3.862666666666666471e-01
3.864666666666666806e-01
3.867999999999999772e-01
3.873333333333333073e-01
3.874666666666666814e-01
3.880000000000000115e-01
3.881999999999999895e-01
3.884666666666666823e-01
3.884000000000000230e-01
3.890666666666666718e-01
3.897333333333333205e-01
3.900000000000000133e-01
3.906000000000000028e-01
3.906666666666666621e-01
3.912666666666666515e-01
3.916666666666666630e-01
3.920000000000000151e-01
3.920000000000000151e-01
3.926666666666666639e-01
3.931999999999999940e-01
3.934000000000000274e-01
3.934666666666666868e-01
3.937333333333333241e-01
3.939333333333333576e-01
3.945333333333333470e-01
3.951999999999999957e-01
3.957999999999999852e-01
3.962666666666666559e-01
3.964666666666666894e-01
3.967333333333333267e-01
3.967333333333333267e-01
3.970000000000000195e-01
3.972666666666666568e-01
3.977333333333333276e-01
3.983333333333333171e-01
3.986000000000000099e-01
3.989333333333333065e-01
3.996000000000000107e-01
4.000000000000000222e-01
4.003333333333333188e-01
4.004666666666666930e-01
4.008666666666666489e-01
4.012000000000000011e-01
4.018666666666666498e-01
4.020666666666666833e-01
4.024666666666666393e-01
4.021333333333333426e-01
4.023999999999999799e-01
4.026000000000000134e-01
4.028666666666666507e-01
4.029333333333333100e-01
4.031333333333333435e-01
4.033999999999999808e-01
4.037999999999999923e-01
4.042000000000000037e-01
4.044666666666666410e-01
4.046666666666666745e-01
4.049333333333333118e-01
4.051333333333333453e-01
4.053333333333333233e-01
4.057999999999999940e-01
4.062000000000000055e-01
4.063333333333333242e-01
4.066000000000000170e-01
4.069999999999999729e-01
4.072000000000000064e-01
4.072666666666666657e-01
4.074666666666666437e-01
4.076000000000000179e-01
4.075333333333333585e-01
4.078666666666666551e-01
4.078666666666666551e-01
4.082000000000000073e-01
4.085333333333333594e-01
4.087999999999999967e-01
4.087999999999999967e-01
4.088666666666666560e-01
4.092000000000000082e-01
4.094666666666666455e-01
4.099333333333333163e-01
4.100666666666666904e-01
4.103999999999999870e-01
4.106000000000000205e-01
4.107333333333333392e-01
4.107333333333333392e-01
4.109333333333333171e-01
4.109333333333333171e-01
4.113333333333333286e-01
4.114666666666666472e-01
4.119333333333333180e-01
4.120666666666666922e-01
4.120666666666666922e-01
4.123999999999999888e-01
4.128000000000000003e-01
4.129333333333333189e-01
4.132666666666666710e-01
4.135333333333333083e-01
4.139333333333333198e-01
4.140666666666666940e-01
4.142000000000000126e-01
4.143999999999999906e-01
4.146666666666666834e-01
4.147333333333333427e-01
4.149333333333333207e-01
4.152666666666666728e-01
4.152000000000000135e-01
4.155333333333333101e-01
4.158000000000000029e-01
4.159333333333333216e-01
4.160666666666666402e-01
4.162000000000000144e-01
4.164666666666666517e-01
4.163999999999999924e-01
4.163333333333333330e-01
4.163999999999999924e-01
4.166666666666666852e-01
4.168000000000000038e-01
4.171333333333333560e-01
4.172000000000000153e-01
4.176666666666666861e-01
4.178666666666666640e-01
4.179333333333333234e-01
4.185333333333333128e-01
4.188000000000000056e-01
4.190666666666666429e-01
4.193333333333333357e-01
4.193999999999999950e-01
4.195333333333333137e-01
4.196666666666666878e-01
4.197333333333333472e-01
4.202000000000000179e-01
4.203333333333333366e-01
4.204666666666666552e-01
4.206666666666666887e-01
4.208000000000000074e-01
4.208000000000000074e-01
4.208666666666666667e-01
4.210666666666666447e-01
4.213333333333333375e-01
4.214666666666666561e-01
4.216666666666666896e-01
4.217333333333333489e-01
4.219999999999999862e-01
4.222666666666666790e-01
4.223999999999999977e-01
4.228000000000000091e-01
4.231333333333333058e-01
4.233999999999999986e-01
4.235333333333333172e-01
4.238000000000000100e-01
4.243333333333333401e-01
4.245333333333333181e-01
4.249333333333333296e-01
4.251333333333333075e-01
4.255333333333333190e-01
4.258666666666666711e-01
4.261333333333333084e-01
4.264000000000000012e-01
4.268000000000000127e-01
4.269333333333333313e-01
4.272000000000000242e-01
4.274666666666666615e-01
4.276666666666666394e-01
4.278000000000000136e-01
4.280666666666666509e-01
4.284666666666666623e-01
4.283333333333333437e-01
4.284000000000000030e-01
4.285999999999999810e-01
4.286666666666666403e-01
4.288666666666666738e-01
4.288666666666666738e-01
4.292000000000000259e-01
4.293333333333333446e-01
4.295333333333333226e-01
4.297333333333333560e-01
4.299333333333333340e-01
4.300666666666666527e-01
4.300666666666666527e-01
4.301333333333333120e-01
4.304666666666666641e-01
4.302666666666666861e-01
4.303333333333333455e-01
4.305999999999999828e-01
4.307333333333333569e-01
4.310666666666666536e-01
4.312000000000000277e-01
4.314666666666666650e-01
4.314666666666666650e-01
4.316666666666666430e-01
4.319333333333333358e-01
4.321999999999999731e-01
4.323333333333333472e-01
4.324000000000000066e-01
4.325333333333333252e-01
4.329333333333333367e-01
4.331333333333333147e-01
4.335999999999999854e-01
4.337333333333333596e-01
4.340666666666666562e-01
4.341999999999999749e-01
4.343333333333333490e-01
4.345333333333333270e-01
4.347333333333333605e-01
4.348666666666666791e-01
4.348000000000000198e-01
4.350666666666666571e-01
4.352666666666666906e-01
4.354000000000000092e-01
4.355999999999999872e-01
4.358666666666666800e-01
4.360666666666666580e-01
4.360666666666666580e-01
4.362666666666666915e-01
4.366666666666666474e-01
4.369333333333333402e-01
4.371999999999999775e-01
4.373333333333333517e-01
4.375333333333333297e-01
4.375999999999999890e-01
4.378000000000000225e-01
4.380000000000000004e-01
4.379333333333333411e-01
4.381999999999999784e-01
4.383333333333333526e-01
4.385333333333333306e-01
4.385333333333333306e-01
4.387333333333333085e-01
4.389333333333333420e-01
4.391333333333333200e-01
4.392666666666666941e-01
4.393333333333333535e-01
4.394000000000000128e-01
4.394666666666666721e-01
4.398000000000000242e-01
4.398000000000000242e-01
4.399333333333333429e-01
4.400000000000000022e-01
4.402666666666666395e-01
4.406666666666666510e-01
4.408666666666666845e-01
4.408666666666666845e-01
4.411999999999999811e-01
4.413333333333333552e-01
4.414666666666666739e-01
4.415999999999999925e-01
4.414666666666666739e-01
4.415999999999999925e-01
4.416666666666666519e-01
4.418666666666666853e-01
4.421999999999999820e-01
4.424000000000000155e-01
4.424000000000000155e-01
4.426666666666666528e-01
4.430000000000000049e-01
4.432666666666666422e-01
4.435999999999999943e-01
4.437333333333333130e-01
4.438666666666666871e-01
4.440000000000000058e-01
4.441999999999999837e-01
4.445999999999999952e-01
4.447333333333333139e-01
4.450000000000000067e-01
4.450666666666666660e-01
4.451999999999999846e-01
4.454000000000000181e-01
4.454000000000000181e-01
4.459333333333333482e-01
4.457999999999999741e-01
4.461999999999999855e-01
4.462666666666666448e-01
4.464666666666666783e-01
4.466666666666666563e-01
4.467999999999999750e-01
4.471333333333333271e-01
4.471999999999999864e-01
4.474666666666666792e-01
4.475333333333333385e-01
4.475333333333333385e-01
4.475999999999999979e-01
4.477999999999999758e-01
4.477999999999999758e-01
4.476666666666666572e-01
4.480666666666666687e-01
4.480666666666666687e-01
4.482666666666666466e-01
4.485999999999999988e-01
4.485999999999999988e-01
4.485333333333333394e-01
4.486666666666666581e-01
4.486666666666666581e-01
4.486666666666666581e-01
4.487999999999999767e-01
4.490666666666666695e-01
4.490666666666666695e-01
4.490000000000000102e-01
4.491333333333333289e-01
4.491333333333333289e-01
4.492666666666666475e-01
4.494000000000000217e-01
4.497999999999999776e-01
4.497333333333333183e-01
4.498666666666666925e-01
4.499333333333333518e-01
4.498666666666666925e-01
4.500666666666666704e-01
4.500666666666666704e-01
4.501999999999999891e-01
4.501333333333333298e-01
4.501333333333333298e-01
4.501999999999999891e-01
4.501999999999999891e-01
4.502666666666666484e-01
4.503333333333333077e-01
4.506000000000000005e-01
4.504666666666666819e-01
4.508666666666666933e-01
4.508666666666666933e-01
4.511999999999999900e-01
4.512666666666666493e-01
4.512666666666666493e-01
4.512666666666666493e-01
4.516000000000000014e-01
4.515333333333333421e-01
4.516000000000000014e-01
4.517333333333333201e-01
4.517333333333333201e-01
4.518666666666666942e-01
4.520000000000000129e-01
4.521333333333333315e-01
4.522666666666666502e-01
4.525333333333333430e-01
4.527333333333333210e-01
4.527999999999999803e-01
4.528666666666666396e-01
4.528666666666666396e-01
4.528666666666666396e-01
4.528666666666666396e-01
4.527333333333333210e-01
4.527999999999999803e-01
4.529333333333333544e-01
4.531999999999999917e-01
4.534000000000000252e-01
4.533333333333333104e-01
4.534000000000000252e-01
4.534666666666666845e-01
4.536666666666666625e-01
4.536666666666666625e-01
4.540000000000000147e-01
4.538666666666666405e-01
4.541333333333333333e-01
4.540666666666666740e-01
4.541333333333333333e-01
4.542666666666666520e-01
4.544000000000000261e-01
4.544666666666666854e-01
4.548666666666666414e-01
4.550000000000000155e-01
4.547999999999999821e-01
4.548666666666666414e-01
4.551333333333333342e-01
4.553333333333333122e-01
4.554666666666666863e-01
4.552666666666666528e-01
4.556666666666666643e-01
4.557333333333333236e-01
4.560000000000000164e-01
4.561999999999999944e-01
4.562666666666666537e-01
4.563333333333333131e-01
4.566000000000000059e-01
4.569333333333333580e-01
4.573333333333333139e-01
4.575333333333333474e-01
4.576000000000000068e-01
4.574666666666666881e-01
4.577999999999999847e-01
4.579333333333333589e-01
4.579333333333333589e-01
4.580666666666666775e-01
4.579333333333333589e-01
4.579333333333333589e-01
4.578666666666666440e-01
4.583333333333333148e-01
4.586666666666666670e-01
4.587999999999999856e-01
4.586666666666666670e-01
4.587999999999999856e-01
4.589333333333333598e-01
4.591999999999999971e-01
4.593999999999999750e-01
4.593333333333333157e-01
4.591999999999999971e-01
4.595333333333333492e-01
4.597333333333333272e-01
4.597333333333333272e-01
4.597333333333333272e-01
4.599333333333333607e-01
4.601333333333333386e-01
4.601999999999999980e-01
4.603333333333333166e-01
4.603333333333333166e-01
4.603999999999999759e-01
4.604666666666666908e-01
4.608666666666666467e-01
4.608666666666666467e-01
4.609333333333333060e-01
4.610666666666666802e-01
4.611999999999999988e-01
4.613333333333333175e-01
4.612666666666666582e-01
4.613999999999999768e-01
4.616666666666666696e-01
4.617333333333333290e-01
4.618666666666666476e-01
4.617999999999999883e-01
4.620666666666666811e-01
4.621999999999999997e-01
4.623333333333333184e-01
4.623999999999999777e-01
4.626666666666666705e-01
4.626000000000000112e-01
4.626666666666666705e-01
4.626000000000000112e-01
4.626666666666666705e-01
4.627333333333333298e-01
4.624666666666666925e-01
4.626000000000000112e-01
4.624666666666666925e-01
4.627333333333333298e-01
4.627333333333333298e-01
4.628666666666666485e-01
4.631333333333333413e-01
4.635333333333333528e-01
4.636000000000000121e-01
4.638666666666666494e-01
4.640666666666666829e-01
4.641333333333333422e-01
4.642666666666666608e-01
4.642666666666666608e-01
4.643999999999999795e-01
4.644666666666666943e-01
4.643333333333333202e-01
4.643333333333333202e-01
4.644666666666666943e-01
4.645333333333333536e-01
4.646000000000000130e-01
4.644666666666666943e-01
4.646666666666666723e-01
4.646666666666666723e-01
4.646666666666666723e-01
4.646666666666666723e-01
4.647333333333333316e-01
4.647333333333333316e-01
4.647999999999999909e-01
4.650000000000000244e-01
4.652000000000000024e-01
4.653333333333333210e-01
4.653999999999999804e-01
4.656666666666666732e-01
4.658666666666666512e-01
4.660000000000000253e-01
4.662000000000000033e-01
4.662000000000000033e-01
4.661333333333333440e-01
4.662000000000000033e-01
4.665333333333333554e-01
4.664666666666666406e-01
4.663333333333333219e-01
4.665333333333333554e-01
4.663999999999999813e-01
4.667333333333333334e-01
4.667333333333333334e-01
4.667999999999999927e-01
4.669333333333333114e-01
4.670666666666666855e-01
4.670000000000000262e-01
4.672000000000000042e-01
4.672000000000000042e-01
4.672000000000000042e-01
4.672000000000000042e-01
4.672000000000000042e-01
4.673333333333333228e-01
4.673999999999999821e-01
4.674666666666666415e-01
4.674666666666666415e-01
4.674666666666666415e-01
4.676000000000000156e-01
4.676000000000000156e-01
4.676666666666666750e-01
4.677999999999999936e-01
4.676666666666666750e-01
4.677333333333333343e-01
4.678666666666666529e-01
4.678666666666666529e-01
4.678666666666666529e-01
4.678666666666666529e-01
4.678666666666666529e-01
4.679333333333333123e-01
4.682666666666666644e-01
4.682000000000000051e-01
4.681333333333333457e-01
4.680666666666666864e-01
4.683999999999999830e-01
4.684666666666666424e-01
4.686000000000000165e-01
4.688666666666666538e-01
4.687999999999999945e-01
4.687999999999999945e-01
4.689999999999999725e-01
4.689999999999999725e-01
4.692000000000000060e-01
4.694666666666666432e-01
4.694666666666666432e-01
4.695333333333333581e-01
4.696000000000000174e-01
4.699333333333333140e-01
4.699333333333333140e-01
4.697999999999999954e-01
4.698666666666666547e-01
4.699333333333333140e-01
4.699333333333333140e-01
4.700666666666666882e-01
4.701333333333333475e-01
4.700666666666666882e-01
4.701333333333333475e-01
4.702000000000000068e-01
4.703999999999999848e-01
4.703999999999999848e-01
4.703999999999999848e-01
4.708666666666666556e-01
4.707999999999999963e-01
4.708666666666666556e-01
4.709333333333333149e-01
4.710666666666666891e-01
4.712000000000000077e-01
4.712000000000000077e-01
4.710666666666666891e-01
4.712000000000000077e-01
4.712000000000000077e-01
4.713333333333333264e-01
4.712000000000000077e-01
4.712666666666666671e-01
4.714666666666666450e-01
4.713999999999999857e-01
4.713999999999999857e-01
4.715333333333333599e-01
4.716000000000000192e-01
4.718666666666666565e-01
4.720666666666666900e-01
4.722666666666666679e-01
4.722666666666666679e-01
4.726000000000000201e-01
4.727333333333333387e-01
4.727999999999999980e-01
4.728666666666666574e-01
4.730666666666666909e-01
4.730666666666666909e-01
4.732666666666666688e-01
4.735333333333333061e-01
4.733333333333333282e-01
4.734666666666666468e-01
4.733999999999999875e-01
4.737333333333333396e-01
4.739333333333333176e-01
4.739999999999999769e-01
4.739999999999999769e-01
4.739999999999999769e-01
4.741333333333333511e-01
4.739999999999999769e-01
4.742666666666666697e-01
4.745333333333333070e-01
4.745333333333333070e-01
4.746000000000000218e-01
4.746666666666666812e-01
4.747333333333333405e-01
4.746000000000000218e-01
4.744666666666666477e-01
4.747333333333333405e-01
4.749999999999999778e-01
4.749333333333333185e-01
4.752000000000000113e-01
4.753999999999999893e-01
4.755333333333333079e-01
4.756666666666666821e-01
4.759333333333333194e-01
4.758666666666666600e-01
4.759999999999999787e-01
4.760666666666666935e-01
4.760666666666666935e-01
4.760666666666666935e-01
4.761333333333333528e-01
4.762000000000000122e-01
4.762666666666666715e-01
4.762666666666666715e-01
4.762000000000000122e-01
