2.057333333333333236e-01
2.154666666666666675e-01
2.262000000000000122e-01
2.326666666666666605e-01
2.378666666666666707e-01
2.436000000000000110e-01
2.486666666666666747e-01
2.534000000000000141e-01
2.578666666666666885e-01
2.624000000000000221e-01
2.671333333333333337e-01
2.696000000000000063e-01
2.722666666666666568e-01
2.755333333333333523e-01
2.782000000000000028e-01
2.815333333333333576e-01
2.842000000000000082e-01
2.863333333333333286e-01
2.883999999999999897e-01
2.902666666666666728e-01
2.926000000000000267e-01
2.949999999999999845e-01
2.965999999999999748e-01
2.980666666666666464e-01
3.002666666666666817e-01
3.023333333333333428e-01
3.035333333333333217e-01
3.053333333333333455e-01
3.072666666666666879e-01
3.084666666666666668e-01
3.100666666666666571e-01
3.113333333333333508e-01
3.124000000000000110e-01
3.138000000000000234e-01
3.151999999999999802e-01
3.160666666666666624e-01
3.171333333333333226e-01
3.185333333333333350e-01
3.202666666666666440e-01
3.210000000000000075e-01
3.223333333333333606e-01
3.235999999999999988e-01
3.247999999999999776e-01
3.258666666666666933e-01
3.264666666666666828e-01
3.272666666666666502e-01
3.286666666666666625e-01
3.303333333333333122e-01
3.313999999999999724e-01
3.320666666666666766e-01
3.331999999999999962e-01
3.337333333333333263e-01
3.347333333333333272e-01
3.356666666666666687e-01
3.361999999999999988e-01
3.367333333333333290e-01
3.371333333333333404e-01
3.379333333333333078e-01
3.386000000000000121e-01
3.398666666666666503e-01
3.406000000000000139e-01
3.410666666666666846e-01
3.423333333333333228e-01
3.439999999999999725e-01
3.449999999999999734e-01
3.457333333333333369e-01
3.462666666666666671e-01
3.468666666666666565e-01
3.477333333333333387e-01
3.478666666666666574e-01
3.486000000000000210e-01
3.490666666666666917e-01
3.502000000000000113e-01
3.508666666666666600e-01
3.513999999999999901e-01
3.521333333333333537e-01
3.526000000000000245e-01
3.534666666666666512e-01
3.539333333333333220e-01
3.547333333333333449e-01
3.551333333333333564e-01
3.559333333333333238e-01
3.562666666666666759e-01
3.565999999999999726e-01
3.565999999999999726e-01
3.569333333333333247e-01
3.573999999999999955e-01
3.578666666666666663e-01
3.583999999999999964e-01
3.584666666666666557e-01
3.592666666666666786e-01
3.599999999999999867e-01
3.604666666666666575e-01
3.613999999999999990e-01
3.617333333333333512e-01
3.619333333333333291e-01
3.625999999999999779e-01
3.630666666666666487e-01
3.634000000000000008e-01
3.641333333333333089e-01
3.644666666666666610e-01
3.653333333333333433e-01
3.657333333333333547e-01
3.660666666666666513e-01
3.668000000000000149e-01
3.674666666666666637e-01
3.680666666666666531e-01
3.687333333333333574e-01
3.690666666666666540e-01
3.693333333333333468e-01
3.699333333333333362e-01
3.705999999999999850e-01
3.706666666666666443e-01
3.715999999999999859e-01
3.719999999999999973e-01
3.724000000000000088e-01
3.725999999999999868e-01
3.732666666666666910e-01
3.738666666666666805e-01
3.739333333333333398e-01
3.741999999999999771e-01
3.744666666666666699e-01
3.752666666666666928e-01
3.760000000000000009e-01
3.766666666666666496e-01
3.770000000000000018e-01
3.768000000000000238e-01
3.770666666666666611e-01
3.772666666666666391e-01
3.776666666666666505e-01
3.779333333333333433e-01
3.783333333333333548e-01
3.788666666666666849e-01
3.790666666666666629e-01
3.793333333333333557e-01
3.796666666666666523e-01
3.805333333333333345e-01
3.811999999999999833e-01
3.812666666666666426e-01
3.817999999999999727e-01
3.821333333333333249e-01
3.826666666666666550e-01
3.830000000000000071e-01
3.834000000000000186e-01
3.837333333333333152e-01
3.840666666666666673e-01
3.840666666666666673e-01
3.845333333333333381e-01
3.848666666666666902e-01
3.850666666666666682e-01
3.854000000000000203e-01
3.850666666666666682e-01
3.853333333333333610e-01
3.855999999999999983e-01
3.863333333333333064e-01
3.867333333333333178e-01
3.874666666666666814e-01
3.875333333333333408e-01
3.881333333333333302e-01
3.886666666666666603e-01
3.890000000000000124e-01
3.896000000000000019e-01
3.900000000000000133e-01
3.904666666666666841e-01
3.911333333333333329e-01
3.916000000000000036e-01
3.915333333333333443e-01
3.916666666666666630e-01
3.920666666666666744e-01
3.919333333333333558e-01
3.924000000000000266e-01
3.924000000000000266e-01
3.924666666666666859e-01
3.928666666666666418e-01
3.928666666666666418e-01
3.930666666666666753e-01
3.934666666666666868e-01
3.934666666666666868e-01
3.942666666666666542e-01
3.946000000000000063e-01
3.949333333333333584e-01
3.953333333333333144e-01
3.955333333333333479e-01
3.961999999999999966e-01
3.969333333333333602e-01
3.973999999999999755e-01
3.974666666666666903e-01
3.978666666666666463e-01
3.980666666666666798e-01
3.981999999999999984e-01
3.980000000000000204e-01
3.980666666666666798e-01
3.985333333333333505e-01
3.987999999999999878e-01
3.990000000000000213e-01
3.999333333333333074e-01
4.000000000000000222e-01
4.003999999999999782e-01
4.007333333333333303e-01
4.014666666666666939e-01
4.018666666666666498e-01
4.026666666666666727e-01
4.028666666666666507e-01
4.029333333333333100e-01
4.031333333333333435e-01
4.032000000000000028e-01
4.034666666666666401e-01
4.035333333333333550e-01
4.037333333333333329e-01
4.038666666666666516e-01
4.042666666666666631e-01
4.043999999999999817e-01
4.047333333333333338e-01
4.053333333333333233e-01
4.055333333333333568e-01
4.057999999999999940e-01
4.062000000000000055e-01
4.063333333333333242e-01
4.063999999999999835e-01
4.066666666666666763e-01
4.065333333333333576e-01
4.066666666666666763e-01
4.069999999999999729e-01
4.069333333333333136e-01
4.076000000000000179e-01
4.076666666666666772e-01
4.076000000000000179e-01
4.082000000000000073e-01
4.083999999999999853e-01
4.083999999999999853e-01
4.086000000000000187e-01
4.083999999999999853e-01
4.086000000000000187e-01
4.092666666666666675e-01
4.092000000000000082e-01
4.092000000000000082e-01
4.092000000000000082e-01
4.090666666666666895e-01
4.092000000000000082e-01
4.091333333333333488e-01
4.096000000000000196e-01
4.098666666666666569e-01
4.102666666666666684e-01
4.106666666666666798e-01
4.109333333333333171e-01
4.109333333333333171e-01
4.112666666666666693e-01
4.113333333333333286e-01
4.113333333333333286e-01
4.116000000000000214e-01
4.117333333333333401e-01
4.121333333333333515e-01
4.122666666666666702e-01
4.129333333333333189e-01
4.129333333333333189e-01
4.133999999999999897e-01
4.133999999999999897e-01
4.134666666666666490e-01
4.135333333333333083e-01
4.140666666666666940e-01
4.141333333333333533e-01
4.142666666666666719e-01
4.147333333333333427e-01
4.147333333333333427e-01
4.149999999999999800e-01
4.147333333333333427e-01
4.148666666666666614e-01
4.149333333333333207e-01
4.155333333333333101e-01
4.153333333333333321e-01
4.156666666666666843e-01
4.158000000000000029e-01
4.158666666666666623e-01
4.162000000000000144e-01
4.168666666666666631e-01
4.170666666666666411e-01
4.173333333333333339e-01
4.173999999999999932e-01
4.178000000000000047e-01
4.183333333333333348e-01
4.186666666666666869e-01
4.188666666666666649e-01
4.190666666666666429e-01
4.193333333333333357e-01
4.195999999999999730e-01
4.198000000000000065e-01
4.198666666666666658e-01
4.197333333333333472e-01
4.195999999999999730e-01
4.199999999999999845e-01
4.205333333333333146e-01
4.203999999999999959e-01
4.204666666666666552e-01
4.205333333333333146e-01
4.208000000000000074e-01
4.207333333333333480e-01
4.211333333333333595e-01
4.213999999999999968e-01
4.216666666666666896e-01
4.219333333333333269e-01
4.222666666666666790e-01
4.225333333333333163e-01
4.226666666666666905e-01
4.231333333333333058e-01
4.231333333333333058e-01
4.233999999999999986e-01
4.233333333333333393e-01
4.233333333333333393e-01
4.236666666666666914e-01
4.239999999999999880e-01
4.245333333333333181e-01
4.245333333333333181e-01
4.245999999999999774e-01
4.240666666666666473e-01
4.241333333333333067e-01
4.243999999999999995e-01
4.244666666666666588e-01
4.248000000000000109e-01
4.249999999999999889e-01
4.254666666666666597e-01
4.253333333333333410e-01
4.257333333333333525e-01
4.262000000000000233e-01
4.265333333333333199e-01
4.264000000000000012e-01
4.262000000000000233e-01
4.263333333333333419e-01
4.264000000000000012e-01
4.268666666666666720e-01
4.271333333333333093e-01
4.272666666666666835e-01
4.273333333333333428e-01
4.271333333333333093e-01
4.269999999999999907e-01
4.271333333333333093e-01
4.274000000000000021e-01
4.275333333333333208e-01
4.274000000000000021e-01
4.275333333333333208e-01
4.279333333333333322e-01
4.285333333333333217e-01
4.290666666666666518e-01
4.294666666666666632e-01
4.292000000000000259e-01
4.292666666666666853e-01
4.296666666666666412e-01
4.299333333333333340e-01
4.303333333333333455e-01
4.307333333333333569e-01
4.312000000000000277e-01
4.313333333333333464e-01
4.313333333333333464e-01
4.313333333333333464e-01
4.315333333333333243e-01
4.318000000000000171e-01
4.324000000000000066e-01
4.321999999999999731e-01
4.318666666666666765e-01
4.319999999999999951e-01
4.321333333333333138e-01
4.321999999999999731e-01
4.325999999999999845e-01
4.323333333333333472e-01
4.325999999999999845e-01
4.331333333333333147e-01
4.335333333333333261e-01
4.337333333333333596e-01
4.339999999999999969e-01
4.339999999999999969e-01
4.345999999999999863e-01
4.348666666666666791e-01
4.351333333333333164e-01
4.351333333333333164e-01
4.353333333333333499e-01
4.354000000000000092e-01
4.358666666666666800e-01
4.362666666666666915e-01
4.360666666666666580e-01
4.364666666666666694e-01
4.364666666666666694e-01
4.364000000000000101e-01
4.369333333333333402e-01
4.371333333333333182e-01
4.373333333333333517e-01
4.374666666666666703e-01
4.375999999999999890e-01
4.378000000000000225e-01
4.375999999999999890e-01
4.380666666666666598e-01
4.380666666666666598e-01
4.381999999999999784e-01
4.381999999999999784e-01
4.380000000000000004e-01
4.378000000000000225e-01
4.378000000000000225e-01
4.381333333333333191e-01
4.385333333333333306e-01
4.387333333333333085e-01
4.391999999999999793e-01
4.394000000000000128e-01
4.393333333333333535e-01
4.395999999999999908e-01
4.399333333333333429e-01
4.400000000000000022e-01
4.401333333333333209e-01
4.408666666666666845e-01
4.410000000000000031e-01
4.414000000000000146e-01
4.414000000000000146e-01
4.415999999999999925e-01
4.414000000000000146e-01
4.414000000000000146e-01
4.417333333333333112e-01
4.421999999999999820e-01
4.421999999999999820e-01
4.424000000000000155e-01
4.426666666666666528e-01
4.427333333333333121e-01
4.428666666666666862e-01
4.431999999999999829e-01
4.435999999999999943e-01
4.437333333333333130e-01
4.438666666666666871e-01
4.435333333333333350e-01
4.434666666666666757e-01
4.435999999999999943e-01
4.438666666666666871e-01
4.440666666666666651e-01
4.445999999999999952e-01
4.443333333333333579e-01
4.440000000000000058e-01
4.441333333333333244e-01
4.444666666666666766e-01
4.444000000000000172e-01
4.446666666666666545e-01
4.450000000000000067e-01
4.445999999999999952e-01
4.450000000000000067e-01
4.453333333333333588e-01
4.450666666666666660e-01
4.450666666666666660e-01
4.454000000000000181e-01
4.457999999999999741e-01
4.455999999999999961e-01
4.456666666666666554e-01
4.457999999999999741e-01
4.461999999999999855e-01
4.463333333333333597e-01
4.466666666666666563e-01
4.471999999999999864e-01
4.470666666666666678e-01
4.472666666666666457e-01
4.474666666666666792e-01
4.473333333333333606e-01
4.474666666666666792e-01
4.475333333333333385e-01
4.476666666666666572e-01
4.475999999999999979e-01
4.478666666666666907e-01
4.484666666666666801e-01
4.484000000000000208e-01
4.481999999999999873e-01
4.483333333333333059e-01
4.482666666666666466e-01
4.484000000000000208e-01
4.485999999999999988e-01
4.487999999999999767e-01
4.490000000000000102e-01
4.491999999999999882e-01
4.491333333333333289e-01
4.489333333333333509e-01
4.488666666666666916e-01
4.487333333333333174e-01
4.486666666666666581e-01
4.485999999999999988e-01
4.491333333333333289e-01
4.495333333333333403e-01
4.495999999999999996e-01
4.497333333333333183e-01
4.496666666666666590e-01
4.496666666666666590e-01
4.499333333333333518e-01
4.500666666666666704e-01
4.501999999999999891e-01
4.501999999999999891e-01
4.501333333333333298e-01
4.502666666666666484e-01
4.501333333333333298e-01
4.503333333333333077e-01
4.504000000000000226e-01
4.506000000000000005e-01
4.507333333333333192e-01
4.506666666666666599e-01
4.509333333333333527e-01
4.507333333333333192e-01
4.507999999999999785e-01
4.507999999999999785e-01
4.510000000000000120e-01
4.513333333333333086e-01
4.516000000000000014e-01
4.517333333333333201e-01
4.522666666666666502e-01
4.524666666666666837e-01
4.527333333333333210e-01
4.526000000000000023e-01
4.528666666666666396e-01
4.525333333333333430e-01
4.525333333333333430e-01
4.526666666666666616e-01
4.531333333333333324e-01
4.535333333333333439e-01
4.534666666666666845e-01
4.533333333333333104e-01
4.532666666666666511e-01
4.533333333333333104e-01
4.529333333333333544e-01
4.533333333333333104e-01
4.534000000000000252e-01
4.534666666666666845e-01
4.537999999999999812e-01
4.540666666666666740e-01
4.541999999999999926e-01
4.543333333333333113e-01
4.537333333333333218e-01
4.540666666666666740e-01
4.543333333333333113e-01
4.546000000000000041e-01
4.546666666666666634e-01
4.547999999999999821e-01
4.546666666666666634e-01
4.550000000000000155e-01
4.553333333333333122e-01
4.554666666666666863e-01
4.556666666666666643e-01
4.560666666666666758e-01
4.562666666666666537e-01
4.563333333333333131e-01
4.560666666666666758e-01
4.562666666666666537e-01
4.561999999999999944e-01
4.565333333333333465e-01
4.566666666666666652e-01
4.563333333333333131e-01
4.566666666666666652e-01
4.565333333333333465e-01
4.568666666666666432e-01
4.565333333333333465e-01
4.568666666666666432e-01
4.566666666666666652e-01
4.566000000000000059e-01
4.565333333333333465e-01
4.567333333333333245e-01
4.571333333333333360e-01
4.571333333333333360e-01
4.571999999999999953e-01
4.571999999999999953e-01
4.573999999999999733e-01
4.580666666666666775e-01
4.583999999999999742e-01
4.587333333333333263e-01
4.591333333333333377e-01
4.590000000000000191e-01
4.589333333333333598e-01
4.590000000000000191e-01
4.591999999999999971e-01
4.593999999999999750e-01
4.596666666666666679e-01
4.596000000000000085e-01
4.600000000000000200e-01
4.597999999999999865e-01
4.598666666666666458e-01
4.596666666666666679e-01
4.595333333333333492e-01
4.595333333333333492e-01
4.592666666666666564e-01
4.596000000000000085e-01
4.596666666666666679e-01
4.602666666666666573e-01
4.602666666666666573e-01
4.604666666666666908e-01
4.606000000000000094e-01
4.604666666666666908e-01
4.604666666666666908e-01
4.606666666666666687e-01
4.609333333333333060e-01
4.610000000000000209e-01
4.610000000000000209e-01
4.611333333333333395e-01
4.611999999999999988e-01
4.609333333333333060e-01
4.610666666666666802e-01
4.606666666666666687e-01
4.606666666666666687e-01
4.612666666666666582e-01
4.611999999999999988e-01
4.614666666666666917e-01
4.616000000000000103e-01
4.615333333333333510e-01
4.617999999999999883e-01
4.617999999999999883e-01
4.621333333333333404e-01
4.621333333333333404e-01
4.623999999999999777e-01
4.623999999999999777e-01
4.621999999999999997e-01
4.621333333333333404e-01
4.623333333333333184e-01
4.621999999999999997e-01
4.622666666666666591e-01
4.627333333333333298e-01
4.627999999999999892e-01
4.633333333333333193e-01
4.635333333333333528e-01
4.636000000000000121e-01
4.637999999999999901e-01
4.636000000000000121e-01
4.635333333333333528e-01
4.633333333333333193e-01
4.633999999999999786e-01
4.633999999999999786e-01
4.635333333333333528e-01
4.637333333333333307e-01
4.637999999999999901e-01
4.643333333333333202e-01
4.642666666666666608e-01
4.644666666666666943e-01
4.644666666666666943e-01
4.643999999999999795e-01
4.642666666666666608e-01
4.647999999999999909e-01
4.646666666666666723e-01
4.643999999999999795e-01
4.643999999999999795e-01
4.644666666666666943e-01
4.647999999999999909e-01
4.646000000000000130e-01
4.643333333333333202e-01
4.646666666666666723e-01
4.645333333333333536e-01
4.647999999999999909e-01
4.646666666666666723e-01
4.645333333333333536e-01
4.646000000000000130e-01
4.644666666666666943e-01
4.645333333333333536e-01
4.646666666666666723e-01
4.643333333333333202e-01
4.645333333333333536e-01
4.645333333333333536e-01
4.647999999999999909e-01
4.650000000000000244e-01
4.650000000000000244e-01
4.650666666666666837e-01
4.652000000000000024e-01
4.651333333333333431e-01
4.652666666666666617e-01
4.651333333333333431e-01
4.655333333333333545e-01
4.657999999999999918e-01
4.656000000000000139e-01
4.653999999999999804e-01
4.653999999999999804e-01
4.657333333333333325e-01
4.656666666666666732e-01
4.660666666666666846e-01
4.663999999999999813e-01
4.662666666666666626e-01
4.663999999999999813e-01
4.663333333333333219e-01
4.665333333333333554e-01
4.665333333333333554e-01
4.665333333333333554e-01
4.663333333333333219e-01
4.662666666666666626e-01
4.663333333333333219e-01
4.667333333333333334e-01
4.667333333333333334e-01
4.665333333333333554e-01
4.664666666666666406e-01
4.662666666666666626e-01
4.666666666666666741e-01
4.667333333333333334e-01
4.668666666666666520e-01
4.670666666666666855e-01
4.675333333333333563e-01
4.673999999999999821e-01
4.676000000000000156e-01
4.673333333333333228e-01
4.671333333333333449e-01
4.673999999999999821e-01
4.674666666666666415e-01
4.675333333333333563e-01
4.674666666666666415e-01
4.675333333333333563e-01
4.675333333333333563e-01
4.679333333333333123e-01
4.680666666666666864e-01
4.681333333333333457e-01
4.682666666666666644e-01
4.682666666666666644e-01
4.685333333333333572e-01
4.689333333333333131e-01
4.689333333333333131e-01
4.689333333333333131e-01
4.689333333333333131e-01
4.692000000000000060e-01
4.693333333333333246e-01
4.691333333333333466e-01
4.692000000000000060e-01
4.691333333333333466e-01
4.691333333333333466e-01
4.693999999999999839e-01
4.692000000000000060e-01
4.695333333333333581e-01
4.693999999999999839e-01
4.693333333333333246e-01
4.693999999999999839e-01
4.692666666666666653e-01
4.696000000000000174e-01
4.696666666666666767e-01
4.697333333333333361e-01
4.700666666666666882e-01
4.701333333333333475e-01
4.703999999999999848e-01
4.703333333333333255e-01
4.703333333333333255e-01
4.702000000000000068e-01
4.703333333333333255e-01
4.703333333333333255e-01
4.703999999999999848e-01
