2.885333333333333083e-01
2.898666666666666614e-01
2.913999999999999924e-01
2.932000000000000162e-01
2.949999999999999845e-01
2.965333333333333155e-01
2.978666666666666685e-01
2.988666666666666694e-01
3.008000000000000118e-01
3.015333333333333199e-01
3.032000000000000250e-01
3.045999999999999819e-01
3.061333333333333129e-01
3.074666666666666659e-01
3.092666666666666897e-01
3.103333333333333499e-01
3.119333333333333402e-01
3.125999999999999890e-01
3.135999999999999899e-01
3.146666666666666501e-01
3.161999999999999811e-01
3.174666666666666748e-01
3.185999999999999943e-01
3.194666666666666766e-01
3.211333333333333262e-01
3.221333333333333271e-01
3.229333333333333500e-01
3.241999999999999882e-01
3.254000000000000226e-01
3.263333333333333086e-01
3.269333333333333536e-01
3.279333333333333544e-01
3.288666666666666405e-01
3.297333333333333227e-01
3.313333333333333131e-01
3.325333333333333474e-01
3.334666666666666890e-01
3.340000000000000191e-01
3.347333333333333272e-01
3.351333333333333386e-01
3.361333333333333395e-01
3.370000000000000218e-01
3.377333333333333298e-01
3.384666666666666934e-01
3.390666666666666829e-01
3.398666666666666503e-01
3.408666666666666512e-01
3.419333333333333114e-01
3.426666666666666750e-01
3.430000000000000271e-01
3.444666666666666432e-01
3.449999999999999734e-01
3.459333333333333149e-01
3.470666666666666900e-01
3.476000000000000201e-01
3.479333333333333167e-01
3.484666666666666468e-01
3.492666666666666697e-01
3.496000000000000218e-01
3.503999999999999893e-01
3.511333333333333528e-01
3.519333333333333202e-01
3.523999999999999910e-01
3.531333333333333546e-01
3.534666666666666512e-01
3.540666666666666407e-01
3.549333333333333229e-01
3.552000000000000157e-01
3.556666666666666865e-01
3.561333333333333573e-01
3.569333333333333247e-01
3.575333333333333141e-01
3.580666666666666442e-01
3.585333333333333150e-01
3.589999999999999858e-01
3.593333333333333379e-01
3.601333333333333608e-01
3.608666666666666689e-01
3.612666666666666804e-01
3.614666666666666583e-01
3.620666666666666478e-01
3.625999999999999779e-01
3.630666666666666487e-01
3.639999999999999902e-01
3.639999999999999902e-01
3.648000000000000131e-01
3.654666666666666619e-01
3.656666666666666399e-01
3.660666666666666513e-01
3.663333333333333441e-01
3.668666666666666742e-01
3.673333333333333450e-01
3.675333333333333230e-01
3.679999999999999938e-01
3.685333333333333239e-01
3.690666666666666540e-01
3.698666666666666769e-01
3.704000000000000070e-01
3.706666666666666443e-01
3.708666666666666778e-01
3.717333333333333600e-01
3.726666666666666461e-01
3.731333333333333169e-01
3.734666666666666690e-01
3.739333333333333398e-01
3.743333333333333512e-01
3.748000000000000220e-01
3.747333333333333072e-01
3.752666666666666928e-01
3.754666666666666708e-01
3.763333333333333530e-01
3.767333333333333090e-01
3.770666666666666611e-01
3.774666666666666726e-01
3.780000000000000027e-01
3.781999999999999806e-01
3.788000000000000256e-01
3.791333333333333222e-01
3.796666666666666523e-01
3.802666666666666417e-01
3.806666666666666532e-01
3.809333333333333460e-01
3.813333333333333575e-01
3.819333333333333469e-01
3.820000000000000062e-01
3.824000000000000177e-01
3.830000000000000071e-01
3.831999999999999851e-01
3.834000000000000186e-01
3.837333333333333152e-01
3.840666666666666673e-01
3.844666666666666788e-01
3.845999999999999974e-01
3.852666666666666462e-01
3.854666666666666797e-01
3.860000000000000098e-01
3.861999999999999877e-01
3.864666666666666806e-01
3.868666666666666920e-01
3.872666666666666480e-01
3.877999999999999781e-01
3.879333333333333522e-01
3.885333333333333417e-01
3.884000000000000230e-01
3.891333333333333311e-01
3.895333333333333425e-01
3.900666666666666726e-01
3.904000000000000248e-01
3.905333333333333434e-01
3.907999999999999807e-01
3.912666666666666515e-01
3.916666666666666630e-01
3.918666666666666409e-01
3.924666666666666859e-01
3.927333333333333232e-01
3.931999999999999940e-01
3.934000000000000274e-01
3.934666666666666868e-01
3.938666666666666427e-01
3.941333333333333355e-01
3.947333333333333250e-01
3.956666666666666665e-01
3.958666666666666445e-01
3.959333333333333593e-01
3.963999999999999746e-01
3.963999999999999746e-01
3.967333333333333267e-01
3.971333333333333382e-01
3.975333333333333496e-01
3.979333333333333056e-01
3.982666666666666577e-01
3.987999999999999878e-01
3.993999999999999773e-01
3.998666666666666480e-01
4.002666666666666595e-01
4.005333333333333523e-01
4.006666666666666710e-01
4.010000000000000231e-01
4.011333333333333417e-01
4.014666666666666939e-01
4.020666666666666833e-01
4.022666666666666613e-01
4.026000000000000134e-01
4.025333333333333541e-01
4.026666666666666727e-01
4.028666666666666507e-01
4.030666666666666842e-01
4.033333333333333215e-01
4.036000000000000143e-01
4.038666666666666516e-01
4.042666666666666631e-01
4.048666666666666525e-01
4.050666666666666860e-01
4.050666666666666860e-01
4.053333333333333233e-01
4.055333333333333568e-01
4.059333333333333127e-01
4.065333333333333576e-01
4.066000000000000170e-01
4.066666666666666763e-01
4.071333333333333471e-01
4.071333333333333471e-01
4.072666666666666657e-01
4.075333333333333585e-01
4.076666666666666772e-01
4.075333333333333585e-01
4.079999999999999738e-01
4.082000000000000073e-01
4.084666666666666446e-01
4.084666666666666446e-01
4.084666666666666446e-01
4.086000000000000187e-01
4.088666666666666560e-01
4.092000000000000082e-01
4.095333333333333603e-01
4.101333333333333497e-01
4.103333333333333277e-01
4.103333333333333277e-01
4.106000000000000205e-01
4.104666666666666464e-01
4.107999999999999985e-01
4.109999999999999765e-01
4.112000000000000099e-01
4.116666666666666807e-01
4.119333333333333180e-01
4.120666666666666922e-01
4.119333333333333180e-01
4.124666666666666481e-01
4.126000000000000223e-01
4.126666666666666816e-01
4.131333333333333524e-01
4.134666666666666490e-01
4.136000000000000232e-01
4.141333333333333533e-01
4.140666666666666940e-01
4.143999999999999906e-01
4.145333333333333092e-01
4.146666666666666834e-01
4.149999999999999800e-01
4.148666666666666614e-01
4.149333333333333207e-01
4.154666666666666508e-01
4.156666666666666843e-01
4.159333333333333216e-01
4.162000000000000144e-01
4.163999999999999924e-01
4.163999999999999924e-01
4.164666666666666517e-01
4.166000000000000258e-01
4.163333333333333330e-01
4.163999999999999924e-01
4.166666666666666852e-01
4.168000000000000038e-01
4.170666666666666411e-01
4.172666666666666746e-01
4.175333333333333119e-01
4.180666666666666420e-01
4.183999999999999941e-01
4.188000000000000056e-01
4.188666666666666649e-01
4.191333333333333577e-01
4.194666666666666544e-01
4.193999999999999950e-01
4.195999999999999730e-01
4.198000000000000065e-01
4.201333333333333586e-01
4.201333333333333586e-01
4.202000000000000179e-01
4.202666666666666773e-01
4.205333333333333146e-01
4.206666666666666887e-01
4.208666666666666667e-01
4.211333333333333595e-01
4.212000000000000188e-01
4.213333333333333375e-01
4.214666666666666561e-01
4.218666666666666676e-01
4.218000000000000083e-01
4.219333333333333269e-01
4.219333333333333269e-01
4.224666666666666570e-01
4.228666666666666685e-01
4.229999999999999871e-01
4.232000000000000206e-01
4.235999999999999766e-01
4.239333333333333287e-01
4.243333333333333401e-01
4.247333333333333516e-01
4.249333333333333296e-01
4.250666666666666482e-01
4.255999999999999783e-01
4.255333333333333190e-01
4.262000000000000233e-01
4.264666666666666606e-01
4.267333333333333534e-01
4.270666666666666500e-01
4.273333333333333428e-01
4.276666666666666394e-01
4.278000000000000136e-01
4.278666666666666729e-01
4.279999999999999916e-01
4.281333333333333102e-01
4.282000000000000250e-01
4.285333333333333217e-01
4.284000000000000030e-01
4.286666666666666403e-01
4.288666666666666738e-01
4.288000000000000145e-01
4.288666666666666738e-01
4.294000000000000039e-01
4.296666666666666412e-01
4.296666666666666412e-01
4.299999999999999933e-01
4.299999999999999933e-01
4.298666666666666747e-01
4.299999999999999933e-01
4.299999999999999933e-01
4.300666666666666527e-01
4.302666666666666861e-01
4.304666666666666641e-01
4.305999999999999828e-01
4.308666666666666756e-01
4.309999999999999942e-01
4.314000000000000057e-01
4.313333333333333464e-01
4.315999999999999837e-01
4.315999999999999837e-01
4.316666666666666430e-01
4.318000000000000171e-01
4.321333333333333138e-01
4.327333333333333587e-01
4.330666666666666553e-01
4.332666666666666888e-01
4.335333333333333261e-01
4.336666666666666448e-01
4.339333333333333376e-01
4.341333333333333155e-01
4.343333333333333490e-01
4.345333333333333270e-01
4.342666666666666897e-01
4.344666666666666677e-01
4.348666666666666791e-01
4.351333333333333164e-01
4.354666666666666686e-01
4.354666666666666686e-01
4.355333333333333279e-01
4.358000000000000207e-01
4.359333333333333393e-01
4.358666666666666800e-01
4.359999999999999987e-01
4.365333333333333288e-01
4.368666666666666809e-01
4.369333333333333402e-01
4.371333333333333182e-01
4.373333333333333517e-01
4.374666666666666703e-01
4.375333333333333297e-01
4.377333333333333076e-01
4.379333333333333411e-01
4.379333333333333411e-01
4.381333333333333191e-01
4.381333333333333191e-01
4.384000000000000119e-01
4.384666666666666712e-01
4.389333333333333420e-01
4.390000000000000013e-01
4.390666666666666607e-01
4.389333333333333420e-01
4.391999999999999793e-01
4.393333333333333535e-01
4.395333333333333314e-01
4.396666666666666501e-01
4.398000000000000242e-01
4.399333333333333429e-01
4.403333333333333544e-01
4.407333333333333103e-01
4.408000000000000251e-01
4.410000000000000031e-01
4.411333333333333218e-01
4.408666666666666845e-01
4.410000000000000031e-01
4.410666666666666624e-01
4.411333333333333218e-01
4.413333333333333552e-01
4.415999999999999925e-01
4.418666666666666853e-01
4.417333333333333112e-01
4.421999999999999820e-01
4.423333333333333561e-01
4.423333333333333561e-01
4.428000000000000269e-01
4.430666666666666642e-01
4.434000000000000163e-01
4.435333333333333350e-01
4.440000000000000058e-01
4.440666666666666651e-01
4.443333333333333579e-01
4.447333333333333139e-01
4.447333333333333139e-01
4.445999999999999952e-01
4.446666666666666545e-01
4.449333333333333473e-01
4.455333333333333368e-01
4.457999999999999741e-01
4.459333333333333482e-01
4.461999999999999855e-01
4.463333333333333597e-01
4.463333333333333597e-01
4.464666666666666783e-01
4.465333333333333377e-01
4.470000000000000084e-01
4.471333333333333271e-01
4.474666666666666792e-01
4.473333333333333606e-01
4.474000000000000199e-01
4.475333333333333385e-01
4.474666666666666792e-01
4.475333333333333385e-01
4.476666666666666572e-01
4.475999999999999979e-01
4.480000000000000093e-01
4.482666666666666466e-01
4.484000000000000208e-01
4.484666666666666801e-01
4.485999999999999988e-01
4.485333333333333394e-01
4.486666666666666581e-01
4.485333333333333394e-01
4.485999999999999988e-01
4.487333333333333174e-01
4.488666666666666916e-01
4.488666666666666916e-01
4.491999999999999882e-01
4.490666666666666695e-01
4.491999999999999882e-01
4.493333333333333068e-01
4.494000000000000217e-01
4.496666666666666590e-01
4.496666666666666590e-01
4.495999999999999996e-01
4.497999999999999776e-01
4.500000000000000111e-01
4.501333333333333298e-01
4.502666666666666484e-01
4.501999999999999891e-01
4.500000000000000111e-01
4.500666666666666704e-01
4.500666666666666704e-01
4.502666666666666484e-01
4.500666666666666704e-01
4.502666666666666484e-01
4.502666666666666484e-01
4.506666666666666599e-01
4.507333333333333192e-01
4.507333333333333192e-01
4.510000000000000120e-01
4.511333333333333306e-01
4.511999999999999900e-01
4.512666666666666493e-01
4.512666666666666493e-01
4.514000000000000234e-01
4.515333333333333421e-01
4.517333333333333201e-01
4.517333333333333201e-01
4.518666666666666942e-01
4.519333333333333536e-01
4.521999999999999909e-01
4.523333333333333095e-01
4.526666666666666616e-01
4.525333333333333430e-01
4.527999999999999803e-01
4.526666666666666616e-01
4.526666666666666616e-01
4.528666666666666396e-01
4.530000000000000138e-01
4.527999999999999803e-01
4.527999999999999803e-01
4.530000000000000138e-01
4.531333333333333324e-01
4.531999999999999917e-01
4.532666666666666511e-01
4.531999999999999917e-01
4.535333333333333439e-01
4.535333333333333439e-01
4.535333333333333439e-01
4.537333333333333218e-01
4.537999999999999812e-01
4.540000000000000147e-01
4.540666666666666740e-01
4.542666666666666520e-01
4.543333333333333113e-01
4.544000000000000261e-01
4.545333333333333448e-01
4.547333333333333227e-01
4.547333333333333227e-01
4.550000000000000155e-01
4.550000000000000155e-01
4.551333333333333342e-01
4.551999999999999935e-01
4.552666666666666528e-01
4.555333333333333456e-01
4.556000000000000050e-01
4.556666666666666643e-01
4.557333333333333236e-01
4.558666666666666423e-01
4.561333333333333351e-01
4.561333333333333351e-01
4.567999999999999838e-01
4.568666666666666432e-01
4.570000000000000173e-01
4.575333333333333474e-01
4.575333333333333474e-01
4.575333333333333474e-01
4.577333333333333254e-01
4.577999999999999847e-01
4.580000000000000182e-01
4.578666666666666440e-01
4.578666666666666440e-01
4.577333333333333254e-01
4.580000000000000182e-01
4.583333333333333148e-01
4.583333333333333148e-01
4.583999999999999742e-01
4.585333333333333483e-01
4.586000000000000076e-01
4.587999999999999856e-01
4.590000000000000191e-01
4.590000000000000191e-01
4.590666666666666784e-01
4.591999999999999971e-01
4.595333333333333492e-01
4.594666666666666899e-01
4.596000000000000085e-01
4.596000000000000085e-01
4.597333333333333272e-01
4.597333333333333272e-01
4.600000000000000200e-01
4.601999999999999980e-01
4.600666666666666793e-01
4.600666666666666793e-01
4.602666666666666573e-01
4.605333333333333501e-01
4.607333333333333281e-01
4.611333333333333395e-01
4.611333333333333395e-01
4.611333333333333395e-01
4.610000000000000209e-01
4.612666666666666582e-01
4.614666666666666917e-01
4.616000000000000103e-01
4.617999999999999883e-01
4.616000000000000103e-01
4.617999999999999883e-01
4.620666666666666811e-01
4.622666666666666591e-01
4.624666666666666925e-01
4.621999999999999997e-01
4.626000000000000112e-01
4.625333333333333519e-01
4.626666666666666705e-01
4.628666666666666485e-01
4.626666666666666705e-01
4.624666666666666925e-01
4.625333333333333519e-01
4.626000000000000112e-01
4.626000000000000112e-01
4.623999999999999777e-01
4.626666666666666705e-01
4.627999999999999892e-01
4.628666666666666485e-01
4.632666666666666599e-01
4.634666666666666934e-01
4.636666666666666714e-01
4.638666666666666494e-01
4.637333333333333307e-01
4.638666666666666494e-01
4.642000000000000015e-01
4.642666666666666608e-01
4.640666666666666829e-01
4.640666666666666829e-01
4.642666666666666608e-01
4.643333333333333202e-01
4.643333333333333202e-01
4.644666666666666943e-01
4.645333333333333536e-01
4.646000000000000130e-01
4.646000000000000130e-01
4.646000000000000130e-01
4.643999999999999795e-01
4.644666666666666943e-01
4.645333333333333536e-01
4.643999999999999795e-01
4.647999999999999909e-01
4.650000000000000244e-01
4.650666666666666837e-01
4.652000000000000024e-01
4.655333333333333545e-01
4.657333333333333325e-01
4.657999999999999918e-01
4.657333333333333325e-01
4.657999999999999918e-01
4.659333333333333105e-01
4.659333333333333105e-01
4.662666666666666626e-01
4.663333333333333219e-01
4.662000000000000033e-01
4.662000000000000033e-01
4.663333333333333219e-01
4.664666666666666406e-01
4.663999999999999813e-01
4.667333333333333334e-01
4.666666666666666741e-01
4.666000000000000147e-01
4.669333333333333114e-01
4.669333333333333114e-01
4.669333333333333114e-01
4.670000000000000262e-01
4.670000000000000262e-01
4.671333333333333449e-01
4.670000000000000262e-01
4.671333333333333449e-01
4.672666666666666635e-01
4.672666666666666635e-01
4.672666666666666635e-01
4.676000000000000156e-01
4.674666666666666415e-01
4.675333333333333563e-01
4.676000000000000156e-01
4.672000000000000042e-01
4.673333333333333228e-01
4.675333333333333563e-01
4.674666666666666415e-01
4.676666666666666750e-01
4.678666666666666529e-01
4.678666666666666529e-01
4.677999999999999936e-01
4.679333333333333123e-01
4.680666666666666864e-01
4.681333333333333457e-01
4.680666666666666864e-01
4.683333333333333237e-01
4.682000000000000051e-01
4.683333333333333237e-01
4.685333333333333572e-01
4.687999999999999945e-01
4.686666666666666758e-01
4.687999999999999945e-01
4.689999999999999725e-01
4.688666666666666538e-01
4.690666666666666873e-01
4.692666666666666653e-01
4.694666666666666432e-01
4.696666666666666767e-01
4.698666666666666547e-01
4.698666666666666547e-01
4.699999999999999734e-01
4.698666666666666547e-01
4.699333333333333140e-01
4.698666666666666547e-01
4.698666666666666547e-01
4.699999999999999734e-01
4.698666666666666547e-01
4.701333333333333475e-01
4.702000000000000068e-01
4.703333333333333255e-01
4.703999999999999848e-01
4.702666666666666662e-01
4.704666666666666441e-01
4.703333333333333255e-01
4.703333333333333255e-01
4.707333333333333369e-01
4.707333333333333369e-01
4.708666666666666556e-01
4.709333333333333149e-01
4.710666666666666891e-01
4.710666666666666891e-01
4.708666666666666556e-01
4.708666666666666556e-01
4.710666666666666891e-01
4.710666666666666891e-01
4.711333333333333484e-01
4.709999999999999742e-01
4.710666666666666891e-01
4.712000000000000077e-01
4.713333333333333264e-01
4.716000000000000192e-01
4.717333333333333378e-01
4.720666666666666900e-01
4.721333333333333493e-01
4.722000000000000086e-01
4.722666666666666679e-01
4.723999999999999866e-01
4.723999999999999866e-01
4.727333333333333387e-01
4.727999999999999980e-01
4.729999999999999760e-01
4.731333333333333502e-01
4.730666666666666909e-01
4.730666666666666909e-01
4.732666666666666688e-01
4.734666666666666468e-01
4.734666666666666468e-01
4.734666666666666468e-01
4.736666666666666803e-01
4.736000000000000210e-01
4.737333333333333396e-01
4.735333333333333061e-01
4.739999999999999769e-01
4.739999999999999769e-01
4.741333333333333511e-01
4.742666666666666697e-01
4.743333333333333290e-01
4.743333333333333290e-01
4.743333333333333290e-01
4.743333333333333290e-01
4.744666666666666477e-01
4.746000000000000218e-01
4.746666666666666812e-01
4.747333333333333405e-01
4.748666666666666591e-01
4.751333333333333520e-01
4.752666666666666706e-01
4.753999999999999893e-01
4.756000000000000227e-01
4.756000000000000227e-01
4.756000000000000227e-01
4.756666666666666821e-01
4.759333333333333194e-01
4.759333333333333194e-01
4.759999999999999787e-01
