3.041333333333333111e-01
3.052666666666666861e-01
3.065333333333333243e-01
3.076666666666666439e-01
3.085333333333333261e-01
3.096666666666666456e-01
3.104000000000000092e-01
3.119999999999999996e-01
3.127333333333333076e-01
3.135999999999999899e-01
3.148000000000000242e-01
3.160000000000000031e-01
3.171999999999999820e-01
3.175333333333333341e-01
3.188666666666666871e-01
3.200000000000000067e-01
3.214000000000000190e-01
3.223333333333333606e-01
3.230000000000000093e-01
3.237999999999999767e-01
3.247333333333333183e-01
3.262666666666666493e-01
3.267333333333333201e-01
3.276666666666666616e-01
3.286000000000000032e-01
3.294666666666666854e-01
3.304000000000000270e-01
3.313333333333333131e-01
3.326666666666666661e-01
3.336666666666666670e-01
3.340000000000000191e-01
3.349333333333333607e-01
3.355333333333333501e-01
3.363999999999999768e-01
3.371999999999999997e-01
3.381333333333333413e-01
3.386000000000000121e-01
3.390000000000000235e-01
3.400666666666666837e-01
3.404666666666666397e-01
3.417333333333333334e-01
3.425333333333333563e-01
3.432000000000000051e-01
3.438666666666666538e-01
3.448666666666666547e-01
3.457333333333333369e-01
3.463999999999999857e-01
3.473999999999999866e-01
3.476000000000000201e-01
3.480666666666666909e-01
3.487333333333333396e-01
3.495333333333333070e-01
3.499999999999999778e-01
3.509999999999999787e-01
3.514666666666666495e-01
3.518000000000000016e-01
3.526000000000000245e-01
3.533333333333333326e-01
3.537333333333333441e-01
3.541333333333333555e-01
3.552000000000000157e-01
3.558000000000000052e-01
3.560666666666666424e-01
3.566666666666666874e-01
3.570666666666666433e-01
3.575999999999999734e-01
3.588000000000000078e-01
3.592000000000000193e-01
3.595999999999999752e-01
3.597333333333333494e-01
3.603333333333333388e-01
3.611333333333333062e-01
3.615333333333333177e-01
3.618000000000000105e-01
3.623999999999999999e-01
3.629333333333333300e-01
3.634000000000000008e-01
3.641333333333333089e-01
3.644666666666666610e-01
3.651333333333333098e-01
3.655333333333333212e-01
3.658666666666666734e-01
3.662666666666666848e-01
3.662666666666666848e-01
3.668666666666666742e-01
3.672666666666666857e-01
3.677333333333333565e-01
3.679333333333333345e-01
3.684666666666666646e-01
3.688666666666666760e-01
3.695999999999999841e-01
3.705333333333333257e-01
3.709999999999999964e-01
3.713333333333333486e-01
3.718666666666666787e-01
3.727333333333333609e-01
3.735333333333333283e-01
3.737333333333333063e-01
3.740666666666666584e-01
3.743333333333333512e-01
3.747333333333333072e-01
3.750000000000000000e-01
3.755333333333333301e-01
3.760666666666666602e-01
3.763333333333333530e-01
3.768000000000000238e-01
3.772666666666666391e-01
3.775333333333333319e-01
3.781999999999999806e-01
3.788000000000000256e-01
3.790000000000000036e-01
3.791999999999999815e-01
3.797333333333333116e-01
3.802666666666666417e-01
3.808000000000000274e-01
3.809333333333333460e-01
3.811333333333333240e-01
3.815333333333333354e-01
3.818666666666666876e-01
3.820666666666666655e-01
3.825333333333333363e-01
3.828666666666666885e-01
3.834000000000000186e-01
3.837333333333333152e-01
3.840000000000000080e-01
3.844666666666666788e-01
3.848666666666666902e-01
3.852666666666666462e-01
3.859333333333333504e-01
3.861333333333333284e-01
3.865999999999999992e-01
3.867333333333333178e-01
3.872666666666666480e-01
3.876666666666666594e-01
3.880666666666666709e-01
3.882666666666666488e-01
3.887999999999999790e-01
3.891333333333333311e-01
3.893333333333333091e-01
3.894666666666666832e-01
3.900000000000000133e-01
3.902666666666666506e-01
3.907333333333333214e-01
3.910000000000000142e-01
3.916000000000000036e-01
3.921333333333333337e-01
3.922666666666666524e-01
3.926000000000000045e-01
3.929333333333333567e-01
3.935333333333333461e-01
3.937333333333333241e-01
3.937999999999999834e-01
3.943333333333333135e-01
3.947333333333333250e-01
3.953333333333333144e-01
3.959333333333333593e-01
3.966666666666666674e-01
3.966000000000000081e-01
3.967999999999999861e-01
3.970666666666666789e-01
3.971333333333333382e-01
3.974666666666666903e-01
3.975333333333333496e-01
3.979333333333333056e-01
3.986666666666666692e-01
3.990000000000000213e-01
3.993333333333333179e-01
3.997999999999999887e-01
4.002000000000000002e-01
4.005333333333333523e-01
4.010000000000000231e-01
4.011333333333333417e-01
4.017333333333333312e-01
4.018666666666666498e-01
4.018666666666666498e-01
4.020666666666666833e-01
4.021333333333333426e-01
4.025333333333333541e-01
4.027999999999999914e-01
4.030000000000000249e-01
4.030666666666666842e-01
4.033333333333333215e-01
4.036666666666666736e-01
4.040666666666666851e-01
4.042666666666666631e-01
4.045333333333333559e-01
4.050000000000000266e-01
4.053999999999999826e-01
4.054666666666666419e-01
4.055333333333333568e-01
4.057999999999999940e-01
4.062000000000000055e-01
4.063333333333333242e-01
4.064666666666666428e-01
4.068666666666666543e-01
4.069999999999999729e-01
4.073333333333333250e-01
4.073333333333333250e-01
4.074666666666666437e-01
4.073999999999999844e-01
4.076666666666666772e-01
4.081333333333333480e-01
4.083333333333333259e-01
4.084666666666666446e-01
4.087999999999999967e-01
4.090666666666666895e-01
4.092000000000000082e-01
4.096000000000000196e-01
4.097999999999999976e-01
4.100666666666666904e-01
4.104666666666666464e-01
4.107333333333333392e-01
4.106000000000000205e-01
4.110666666666666913e-01
4.111333333333333506e-01
4.112666666666666693e-01
4.113999999999999879e-01
4.117333333333333401e-01
4.116666666666666807e-01
4.122000000000000108e-01
4.122666666666666702e-01
4.126000000000000223e-01
4.126666666666666816e-01
4.127333333333333409e-01
4.132666666666666710e-01
4.136000000000000232e-01
4.136000000000000232e-01
4.138000000000000012e-01
4.139999999999999791e-01
4.144666666666666499e-01
4.141333333333333533e-01
4.143999999999999906e-01
4.144666666666666499e-01
4.146000000000000241e-01
4.149999999999999800e-01
4.153333333333333321e-01
4.156000000000000250e-01
4.153999999999999915e-01
4.159333333333333216e-01
4.162000000000000144e-01
4.161333333333333551e-01
4.163333333333333330e-01
4.164666666666666517e-01
4.166666666666666852e-01
4.165333333333333110e-01
4.171333333333333560e-01
4.170666666666666411e-01
4.173333333333333339e-01
4.176666666666666861e-01
4.178666666666666640e-01
4.181333333333333568e-01
4.181333333333333568e-01
4.187333333333333463e-01
4.190666666666666429e-01
4.192000000000000171e-01
4.196666666666666878e-01
4.197333333333333472e-01
4.199999999999999845e-01
4.199999999999999845e-01
4.201333333333333586e-01
4.203999999999999959e-01
4.204666666666666552e-01
4.207333333333333480e-01
4.208666666666666667e-01
4.213333333333333375e-01
4.208666666666666667e-01
4.212000000000000188e-01
4.215333333333333155e-01
4.216666666666666896e-01
4.218000000000000083e-01
4.219333333333333269e-01
4.221333333333333604e-01
4.224666666666666570e-01
4.225999999999999757e-01
4.226666666666666905e-01
4.231333333333333058e-01
4.235999999999999766e-01
4.240666666666666473e-01
4.239999999999999880e-01
4.241333333333333067e-01
4.249333333333333296e-01
4.248666666666666702e-01
4.249999999999999889e-01
4.255999999999999783e-01
4.257333333333333525e-01
4.262000000000000233e-01
4.260666666666666491e-01
4.266666666666666941e-01
4.266666666666666941e-01
4.269999999999999907e-01
4.270666666666666500e-01
4.275999999999999801e-01
4.279333333333333322e-01
4.279999999999999916e-01
4.284000000000000030e-01
4.285333333333333217e-01
4.284000000000000030e-01
4.286666666666666403e-01
4.286666666666666403e-01
4.287333333333333552e-01
4.289999999999999925e-01
4.296666666666666412e-01
4.297333333333333560e-01
4.295999999999999819e-01
4.298666666666666747e-01
4.298666666666666747e-01
4.300666666666666527e-01
4.301333333333333120e-01
4.304666666666666641e-01
4.304000000000000048e-01
4.304000000000000048e-01
4.304000000000000048e-01
4.307333333333333569e-01
4.308666666666666756e-01
4.310666666666666536e-01
4.312666666666666870e-01
4.313333333333333464e-01
4.315333333333333243e-01
4.317333333333333578e-01
4.318666666666666765e-01
4.320666666666666544e-01
4.321999999999999731e-01
4.326666666666666439e-01
4.327333333333333587e-01
4.328000000000000180e-01
4.331333333333333147e-01
4.334666666666666668e-01
4.338000000000000189e-01
4.337333333333333596e-01
4.340666666666666562e-01
4.343333333333333490e-01
4.343333333333333490e-01
4.348000000000000198e-01
4.346666666666666456e-01
4.349333333333333385e-01
4.348000000000000198e-01
4.353333333333333499e-01
4.353333333333333499e-01
4.356666666666666465e-01
4.355999999999999872e-01
4.359999999999999987e-01
4.359333333333333393e-01
4.360666666666666580e-01
4.365999999999999881e-01
4.366666666666666474e-01
4.370666666666666589e-01
4.371333333333333182e-01
4.374000000000000110e-01
4.375999999999999890e-01
4.378666666666666818e-01
4.378666666666666818e-01
4.381999999999999784e-01
4.383333333333333526e-01
4.384666666666666712e-01
4.385999999999999899e-01
4.388000000000000234e-01
4.387333333333333085e-01
4.389333333333333420e-01
4.391999999999999793e-01
4.394000000000000128e-01
4.394000000000000128e-01
4.395333333333333314e-01
4.396666666666666501e-01
4.394666666666666721e-01
4.401333333333333209e-01
4.401999999999999802e-01
4.405333333333333323e-01
4.403333333333333544e-01
4.405999999999999917e-01
4.407333333333333103e-01
4.408666666666666845e-01
4.413333333333333552e-01
4.414666666666666739e-01
4.418000000000000260e-01
4.417333333333333112e-01
4.418000000000000260e-01
4.420666666666666633e-01
4.419333333333333447e-01
4.419333333333333447e-01
4.423333333333333561e-01
4.426666666666666528e-01
4.426666666666666528e-01
4.427333333333333121e-01
4.432666666666666422e-01
4.432666666666666422e-01
4.435999999999999943e-01
4.436666666666666536e-01
4.439333333333333464e-01
4.440000000000000058e-01
4.441333333333333244e-01
4.443333333333333579e-01
4.444000000000000172e-01
4.449333333333333473e-01
4.451999999999999846e-01
4.454666666666666774e-01
4.454000000000000181e-01
4.455333333333333368e-01
4.457333333333333147e-01
4.460666666666666669e-01
4.464666666666666783e-01
4.468666666666666898e-01
4.470000000000000084e-01
4.471999999999999864e-01
4.472666666666666457e-01
4.472666666666666457e-01
4.474666666666666792e-01
4.475333333333333385e-01
4.475999999999999979e-01
4.474666666666666792e-01
4.476666666666666572e-01
4.479333333333333500e-01
4.480666666666666687e-01
4.479333333333333500e-01
4.483333333333333059e-01
4.482666666666666466e-01
4.484000000000000208e-01
4.485999999999999988e-01
4.486666666666666581e-01
4.488666666666666916e-01
4.487333333333333174e-01
4.490000000000000102e-01
4.490666666666666695e-01
4.491333333333333289e-01
4.490666666666666695e-01
4.493333333333333068e-01
4.492666666666666475e-01
4.492666666666666475e-01
4.492666666666666475e-01
4.494666666666666810e-01
4.495999999999999996e-01
4.497999999999999776e-01
4.500000000000000111e-01
4.500000000000000111e-01
4.500000000000000111e-01
4.500666666666666704e-01
4.499333333333333518e-01
4.501333333333333298e-01
4.500000000000000111e-01
4.502666666666666484e-01
4.502666666666666484e-01
4.503333333333333077e-01
4.505333333333333412e-01
4.504666666666666819e-01
4.506666666666666599e-01
4.506666666666666599e-01
4.504000000000000226e-01
4.506000000000000005e-01
4.509333333333333527e-01
4.513333333333333086e-01
4.514000000000000234e-01
4.514666666666666828e-01
4.514666666666666828e-01
4.516000000000000014e-01
4.516666666666666607e-01
4.519333333333333536e-01
4.520000000000000129e-01
4.523333333333333095e-01
4.521999999999999909e-01
4.522666666666666502e-01
4.524666666666666837e-01
4.525333333333333430e-01
4.526000000000000023e-01
4.527999999999999803e-01
4.530000000000000138e-01
4.528666666666666396e-01
4.530666666666666731e-01
4.530666666666666731e-01
4.531999999999999917e-01
4.531333333333333324e-01
4.533333333333333104e-01
4.536666666666666625e-01
4.536666666666666625e-01
4.536666666666666625e-01
4.534000000000000252e-01
4.536666666666666625e-01
4.536666666666666625e-01
4.537999999999999812e-01
4.539333333333333553e-01
4.540666666666666740e-01
4.542666666666666520e-01
4.539333333333333553e-01
4.541999999999999926e-01
4.543333333333333113e-01
4.544666666666666854e-01
4.546000000000000041e-01
4.544666666666666854e-01
4.546666666666666634e-01
4.546666666666666634e-01
4.548666666666666414e-01
4.550000000000000155e-01
4.553333333333333122e-01
4.551999999999999935e-01
4.554000000000000270e-01
4.554666666666666863e-01
4.554666666666666863e-01
4.559333333333333571e-01
4.561333333333333351e-01
4.561999999999999944e-01
4.561999999999999944e-01
4.561333333333333351e-01
4.564666666666666872e-01
4.567999999999999838e-01
4.569333333333333580e-01
4.566666666666666652e-01
4.572666666666666546e-01
4.576000000000000068e-01
4.577999999999999847e-01
4.579333333333333589e-01
4.578666666666666440e-01
4.581333333333333369e-01
4.581333333333333369e-01
4.583999999999999742e-01
4.583999999999999742e-01
4.584666666666666890e-01
4.587333333333333263e-01
4.590000000000000191e-01
4.589333333333333598e-01
4.588666666666666449e-01
4.591333333333333377e-01
4.593999999999999750e-01
4.590666666666666784e-01
4.593999999999999750e-01
4.593999999999999750e-01
4.596000000000000085e-01
4.597333333333333272e-01
4.601333333333333386e-01
4.602666666666666573e-01
4.601999999999999980e-01
4.603999999999999759e-01
4.603333333333333166e-01
4.603999999999999759e-01
4.603333333333333166e-01
4.608666666666666467e-01
4.609333333333333060e-01
4.609333333333333060e-01
4.610666666666666802e-01
4.610666666666666802e-01
4.609333333333333060e-01
4.611999999999999988e-01
4.615333333333333510e-01
4.618666666666666476e-01
4.616666666666666696e-01
4.617333333333333290e-01
4.620000000000000218e-01
4.617333333333333290e-01
4.623999999999999777e-01
4.623999999999999777e-01
4.623999999999999777e-01
4.623999999999999777e-01
4.626000000000000112e-01
4.626666666666666705e-01
4.626000000000000112e-01
4.628666666666666485e-01
4.629333333333333078e-01
4.629333333333333078e-01
4.629333333333333078e-01
4.628666666666666485e-01
4.628666666666666485e-01
4.628666666666666485e-01
4.629333333333333078e-01
4.630666666666666820e-01
4.633333333333333193e-01
4.635333333333333528e-01
4.636666666666666714e-01
4.640666666666666829e-01
4.637333333333333307e-01
4.640000000000000235e-01
4.642666666666666608e-01
4.643999999999999795e-01
4.645333333333333536e-01
4.646000000000000130e-01
4.647333333333333316e-01
4.643999999999999795e-01
4.644666666666666943e-01
4.646666666666666723e-01
4.647333333333333316e-01
4.647333333333333316e-01
4.647999999999999909e-01
4.646000000000000130e-01
4.646000000000000130e-01
4.644666666666666943e-01
4.646666666666666723e-01
4.647999999999999909e-01
4.648666666666666503e-01
4.650000000000000244e-01
4.651333333333333431e-01
4.651333333333333431e-01
4.653333333333333210e-01
4.656000000000000139e-01
4.657333333333333325e-01
4.657999999999999918e-01
4.659333333333333105e-01
4.660666666666666846e-01
4.663333333333333219e-01
4.665333333333333554e-01
4.666666666666666741e-01
4.665333333333333554e-01
4.666666666666666741e-01
4.667333333333333334e-01
4.667333333333333334e-01
4.667999999999999927e-01
4.669333333333333114e-01
4.671333333333333449e-01
4.670000000000000262e-01
4.670000000000000262e-01
4.671333333333333449e-01
4.672666666666666635e-01
4.672000000000000042e-01
4.673333333333333228e-01
4.670000000000000262e-01
4.670666666666666855e-01
4.673999999999999821e-01
4.673999999999999821e-01
4.674666666666666415e-01
4.675333333333333563e-01
4.676000000000000156e-01
4.676000000000000156e-01
4.676000000000000156e-01
4.676000000000000156e-01
4.680000000000000271e-01
4.682000000000000051e-01
4.680000000000000271e-01
4.682000000000000051e-01
4.682000000000000051e-01
4.681333333333333457e-01
4.680666666666666864e-01
4.680666666666666864e-01
4.682000000000000051e-01
4.679333333333333123e-01
4.683333333333333237e-01
4.683333333333333237e-01
4.684666666666666424e-01
4.687333333333333352e-01
4.686666666666666758e-01
4.687999999999999945e-01
4.689333333333333131e-01
4.687999999999999945e-01
4.687999999999999945e-01
4.687999999999999945e-01
4.691333333333333466e-01
4.691333333333333466e-01
4.694666666666666432e-01
4.694666666666666432e-01
4.693999999999999839e-01
4.694666666666666432e-01
4.696000000000000174e-01
4.696000000000000174e-01
4.698666666666666547e-01
4.699333333333333140e-01
4.699999999999999734e-01
4.700666666666666882e-01
4.701333333333333475e-01
4.701333333333333475e-01
4.702666666666666662e-01
4.703333333333333255e-01
4.703333333333333255e-01
4.702666666666666662e-01
4.705333333333333590e-01
4.702666666666666662e-01
4.705333333333333590e-01
4.707999999999999963e-01
4.707999999999999963e-01
4.709999999999999742e-01
4.709333333333333149e-01
4.711333333333333484e-01
4.711333333333333484e-01
4.711333333333333484e-01
4.709999999999999742e-01
4.709999999999999742e-01
4.711333333333333484e-01
4.713999999999999857e-01
4.713999999999999857e-01
4.713333333333333264e-01
4.715333333333333599e-01
4.716000000000000192e-01
4.717333333333333378e-01
4.719333333333333158e-01
4.722000000000000086e-01
4.723333333333333273e-01
4.725333333333333607e-01
4.726666666666666794e-01
4.727333333333333387e-01
4.728666666666666574e-01
4.729999999999999760e-01
4.732000000000000095e-01
4.733333333333333282e-01
4.732666666666666688e-01
4.732666666666666688e-01
4.733333333333333282e-01
4.732666666666666688e-01
4.734666666666666468e-01
4.736666666666666803e-01
4.739333333333333176e-01
4.739333333333333176e-01
4.739333333333333176e-01
4.739999999999999769e-01
4.741333333333333511e-01
4.743999999999999884e-01
4.744666666666666477e-01
4.743999999999999884e-01
4.746000000000000218e-01
4.747333333333333405e-01
4.747999999999999998e-01
4.747999999999999998e-01
4.749999999999999778e-01
4.749333333333333185e-01
4.750666666666666926e-01
4.749999999999999778e-01
4.751333333333333520e-01
4.751333333333333520e-01
4.753999999999999893e-01
4.754666666666666486e-01
4.754666666666666486e-01
4.757333333333333414e-01
4.757333333333333414e-01
4.759999999999999787e-01
4.757333333333333414e-01
4.761333333333333528e-01
4.762000000000000122e-01
4.762666666666666715e-01
4.763333333333333308e-01
4.762666666666666715e-01
4.767333333333333423e-01
4.763999999999999901e-01
4.766000000000000236e-01
4.767333333333333423e-01
4.769333333333333202e-01
4.769999999999999796e-01
4.772666666666666724e-01
4.771333333333333537e-01
