3.072666666666666879e-01
3.082666666666666888e-01
3.098000000000000198e-01
3.104000000000000092e-01
3.115999999999999881e-01
3.121999999999999775e-01
3.132666666666666933e-01
3.143333333333333535e-01
3.155999999999999917e-01
3.161333333333333218e-01
3.173333333333333561e-01
3.181333333333333235e-01
3.193333333333333579e-01
3.202666666666666440e-01
3.214000000000000190e-01
3.222666666666666457e-01
3.232666666666666466e-01
3.237999999999999767e-01
3.251333333333333298e-01
3.261999999999999900e-01
3.268666666666666942e-01
3.277999999999999803e-01
3.284666666666666845e-01
3.294000000000000261e-01
3.304666666666666863e-01
3.318666666666666432e-01
3.326666666666666661e-01
3.335333333333333483e-01
3.341333333333333377e-01
3.341333333333333377e-01
3.354666666666666908e-01
3.363999999999999768e-01
3.371333333333333404e-01
3.380000000000000226e-01
3.384666666666666934e-01
3.390000000000000235e-01
3.397999999999999909e-01
3.403999999999999804e-01
3.415333333333333554e-01
3.424666666666666415e-01
3.431333333333333457e-01
3.437999999999999945e-01
3.448666666666666547e-01
3.453333333333333255e-01
3.461333333333333484e-01
3.473333333333333273e-01
3.476000000000000201e-01
3.481333333333333502e-01
3.486666666666666803e-01
3.493333333333333290e-01
3.500666666666666926e-01
3.508000000000000007e-01
3.512666666666666715e-01
3.521333333333333537e-01
3.526000000000000245e-01
3.533333333333333326e-01
3.537333333333333441e-01
3.541333333333333555e-01
3.549333333333333229e-01
3.552000000000000157e-01
3.559999999999999831e-01
3.565333333333333132e-01
3.569999999999999840e-01
3.574666666666666548e-01
3.584666666666666557e-01
3.591333333333333599e-01
3.593333333333333379e-01
3.597333333333333494e-01
3.600666666666666460e-01
3.606666666666666909e-01
3.613333333333333397e-01
3.618000000000000105e-01
3.621333333333333071e-01
3.629333333333333300e-01
3.632000000000000228e-01
3.636666666666666936e-01
3.643333333333333424e-01
3.648666666666666725e-01
3.653333333333333433e-01
3.654000000000000026e-01
3.659333333333333327e-01
3.664000000000000035e-01
3.667333333333333556e-01
3.669999999999999929e-01
3.674666666666666637e-01
3.679999999999999938e-01
3.682000000000000273e-01
3.688666666666666760e-01
3.693333333333333468e-01
3.702666666666666884e-01
3.707333333333333591e-01
3.708000000000000185e-01
3.716666666666666452e-01
3.721333333333333160e-01
3.729999999999999982e-01
3.738000000000000211e-01
3.738666666666666805e-01
3.740666666666666584e-01
3.748000000000000220e-01
3.745333333333333292e-01
3.750000000000000000e-01
3.758000000000000229e-01
3.760666666666666602e-01
3.765333333333333310e-01
3.771999999999999797e-01
3.774000000000000132e-01
3.779333333333333433e-01
3.784666666666666734e-01
3.790000000000000036e-01
3.791999999999999815e-01
3.794666666666666743e-01
3.800000000000000044e-01
3.803333333333333566e-01
3.808666666666666867e-01
3.811333333333333240e-01
3.815333333333333354e-01
3.820666666666666655e-01
3.820000000000000062e-01
3.821999999999999842e-01
3.825999999999999956e-01
3.830666666666666664e-01
3.834666666666666779e-01
3.841333333333333266e-01
3.845999999999999974e-01
3.848666666666666902e-01
3.853333333333333610e-01
3.855333333333333390e-01
3.860000000000000098e-01
3.864666666666666806e-01
3.865333333333333399e-01
3.870000000000000107e-01
3.876000000000000001e-01
3.878666666666666929e-01
3.881333333333333302e-01
3.886000000000000010e-01
3.890000000000000124e-01
3.891999999999999904e-01
3.897333333333333205e-01
3.899333333333333540e-01
3.901333333333333320e-01
3.908666666666666401e-01
3.910666666666666735e-01
3.912666666666666515e-01
3.918666666666666409e-01
3.923333333333333117e-01
3.925333333333333452e-01
3.929333333333333567e-01
3.933333333333333126e-01
3.936666666666666647e-01
3.936000000000000054e-01
3.940000000000000169e-01
3.945333333333333470e-01
3.950000000000000178e-01
3.956000000000000072e-01
3.963333333333333153e-01
3.966666666666666674e-01
3.967333333333333267e-01
3.971333333333333382e-01
3.970666666666666789e-01
3.970666666666666789e-01
3.972666666666666568e-01
3.976666666666666683e-01
3.982666666666666577e-01
3.986000000000000099e-01
3.991999999999999993e-01
3.996666666666666701e-01
4.000666666666666815e-01
4.005333333333333523e-01
4.008666666666666489e-01
4.009333333333333083e-01
4.013999999999999790e-01
4.017333333333333312e-01
4.017999999999999905e-01
4.020000000000000240e-01
4.021333333333333426e-01
4.023999999999999799e-01
4.025333333333333541e-01
4.027333333333333321e-01
4.031333333333333435e-01
4.030666666666666842e-01
4.031333333333333435e-01
4.036000000000000143e-01
4.042000000000000037e-01
4.045333333333333559e-01
4.050000000000000266e-01
4.051333333333333453e-01
4.054666666666666419e-01
4.055333333333333568e-01
4.056000000000000161e-01
4.057999999999999940e-01
4.062000000000000055e-01
4.063333333333333242e-01
4.066666666666666763e-01
4.069333333333333136e-01
4.072000000000000064e-01
4.070666666666666877e-01
4.074666666666666437e-01
4.076000000000000179e-01
4.076666666666666772e-01
4.076666666666666772e-01
4.080666666666666886e-01
4.082000000000000073e-01
4.086000000000000187e-01
4.089999999999999747e-01
4.091333333333333488e-01
4.093999999999999861e-01
4.096666666666666790e-01
4.099999999999999756e-01
4.102666666666666684e-01
4.103333333333333277e-01
4.104666666666666464e-01
4.105333333333333057e-01
4.109333333333333171e-01
4.110666666666666913e-01
4.113999999999999879e-01
4.115333333333333066e-01
4.116000000000000214e-01
4.121333333333333515e-01
4.123999999999999888e-01
4.122666666666666702e-01
4.126000000000000223e-01
4.128000000000000003e-01
4.132000000000000117e-01
4.133999999999999897e-01
4.136000000000000232e-01
4.137333333333333418e-01
4.140666666666666940e-01
4.143333333333333313e-01
4.142666666666666719e-01
4.141333333333333533e-01
4.143333333333333313e-01
4.147333333333333427e-01
4.147333333333333427e-01
4.150666666666666393e-01
4.152000000000000135e-01
4.157333333333333436e-01
4.157333333333333436e-01
4.160666666666666402e-01
4.162000000000000144e-01
4.162000000000000144e-01
4.163999999999999924e-01
4.168000000000000038e-01
4.168666666666666631e-01
4.168666666666666631e-01
4.170666666666666411e-01
4.172666666666666746e-01
4.175333333333333119e-01
4.178000000000000047e-01
4.179999999999999827e-01
4.182000000000000162e-01
4.185333333333333128e-01
4.188666666666666649e-01
4.191333333333333577e-01
4.193999999999999950e-01
4.197333333333333472e-01
4.199333333333333251e-01
4.201333333333333586e-01
4.201333333333333586e-01
4.202666666666666773e-01
4.204666666666666552e-01
4.207333333333333480e-01
4.209999999999999853e-01
4.212000000000000188e-01
4.212000000000000188e-01
4.213999999999999968e-01
4.213999999999999968e-01
4.216666666666666896e-01
4.217333333333333489e-01
4.218666666666666676e-01
4.222000000000000197e-01
4.223999999999999977e-01
4.225333333333333163e-01
4.224666666666666570e-01
4.228000000000000091e-01
4.234666666666666579e-01
4.237333333333333507e-01
4.242000000000000215e-01
4.242000000000000215e-01
4.243999999999999995e-01
4.247333333333333516e-01
4.248000000000000109e-01
4.253333333333333410e-01
4.255999999999999783e-01
4.257333333333333525e-01
4.259999999999999898e-01
4.264000000000000012e-01
4.264666666666666606e-01
4.268666666666666720e-01
4.271333333333333093e-01
4.271333333333333093e-01
4.278000000000000136e-01
4.282666666666666844e-01
4.283333333333333437e-01
4.284666666666666623e-01
4.284666666666666623e-01
4.286666666666666403e-01
4.287333333333333552e-01
4.289999999999999925e-01
4.292000000000000259e-01
4.294666666666666632e-01
4.294666666666666632e-01
4.294000000000000039e-01
4.295333333333333226e-01
4.298666666666666747e-01
4.302000000000000268e-01
4.302666666666666861e-01
4.304666666666666641e-01
4.306666666666666421e-01
4.306666666666666421e-01
4.305999999999999828e-01
4.307333333333333569e-01
4.308666666666666756e-01
4.312666666666666870e-01
4.313333333333333464e-01
4.314666666666666650e-01
4.317333333333333578e-01
4.316666666666666430e-01
4.319333333333333358e-01
4.319999999999999951e-01
4.320666666666666544e-01
4.325999999999999845e-01
4.327333333333333587e-01
4.328000000000000180e-01
4.329999999999999960e-01
4.333333333333333481e-01
4.335333333333333261e-01
4.339333333333333376e-01
4.339999999999999969e-01
4.341333333333333155e-01
4.341999999999999749e-01
4.345333333333333270e-01
4.348000000000000198e-01
4.348666666666666791e-01
4.351333333333333164e-01
4.350666666666666571e-01
4.353333333333333499e-01
4.356666666666666465e-01
4.358000000000000207e-01
4.358000000000000207e-01
4.359333333333333393e-01
4.363333333333333508e-01
4.365333333333333288e-01
4.368666666666666809e-01
4.369999999999999996e-01
4.370666666666666589e-01
4.374666666666666703e-01
4.374666666666666703e-01
4.380000000000000004e-01
4.381333333333333191e-01
4.380000000000000004e-01
4.383333333333333526e-01
4.382666666666666933e-01
4.385333333333333306e-01
4.388666666666666827e-01
4.388000000000000234e-01
4.390000000000000013e-01
4.392666666666666941e-01
4.393333333333333535e-01
4.395333333333333314e-01
4.394666666666666721e-01
4.398000000000000242e-01
4.397333333333333094e-01
4.399333333333333429e-01
4.404000000000000137e-01
4.401333333333333209e-01
4.405333333333333323e-01
4.405999999999999917e-01
4.405333333333333323e-01
4.407333333333333103e-01
4.408666666666666845e-01
4.414666666666666739e-01
4.416666666666666519e-01
4.418666666666666853e-01
4.415999999999999925e-01
4.420666666666666633e-01
4.420666666666666633e-01
4.420666666666666633e-01
4.423333333333333561e-01
4.427333333333333121e-01
4.425333333333333341e-01
4.426666666666666528e-01
4.430000000000000049e-01
4.433333333333333570e-01
4.434666666666666757e-01
4.435333333333333350e-01
4.437999999999999723e-01
4.440666666666666651e-01
4.440666666666666651e-01
4.441999999999999837e-01
4.443333333333333579e-01
4.446666666666666545e-01
4.449333333333333473e-01
4.451999999999999846e-01
4.452666666666666440e-01
4.454000000000000181e-01
4.455333333333333368e-01
4.460666666666666669e-01
4.460666666666666669e-01
4.466666666666666563e-01
4.468666666666666898e-01
4.470666666666666678e-01
4.468666666666666898e-01
4.470666666666666678e-01
4.472666666666666457e-01
4.474000000000000199e-01
4.474666666666666792e-01
4.475999999999999979e-01
4.477333333333333165e-01
4.480000000000000093e-01
4.480000000000000093e-01
4.481333333333333280e-01
4.481333333333333280e-01
4.484000000000000208e-01
4.485333333333333394e-01
4.485999999999999988e-01
4.486666666666666581e-01
4.485999999999999988e-01
4.487999999999999767e-01
4.485999999999999988e-01
4.489333333333333509e-01
4.491333333333333289e-01
4.489333333333333509e-01
4.490000000000000102e-01
4.491999999999999882e-01
4.492666666666666475e-01
4.492666666666666475e-01
4.495333333333333403e-01
4.496666666666666590e-01
4.496666666666666590e-01
4.497333333333333183e-01
4.500000000000000111e-01
4.498666666666666925e-01
4.500000000000000111e-01
4.499333333333333518e-01
4.501333333333333298e-01
4.500666666666666704e-01
4.501999999999999891e-01
4.502666666666666484e-01
4.504000000000000226e-01
4.503333333333333077e-01
4.506000000000000005e-01
4.505333333333333412e-01
4.505333333333333412e-01
4.507333333333333192e-01
4.507999999999999785e-01
4.508666666666666933e-01
4.511333333333333306e-01
4.514000000000000234e-01
4.515333333333333421e-01
4.516666666666666607e-01
4.517999999999999794e-01
4.515333333333333421e-01
4.517333333333333201e-01
4.521333333333333315e-01
4.521999999999999909e-01
4.522666666666666502e-01
4.523333333333333095e-01
4.525333333333333430e-01
4.524666666666666837e-01
4.524666666666666837e-01
4.527333333333333210e-01
4.529333333333333544e-01
4.528666666666666396e-01
4.532666666666666511e-01
4.533333333333333104e-01
4.531999999999999917e-01
4.532666666666666511e-01
4.532666666666666511e-01
4.534666666666666845e-01
4.537333333333333218e-01
4.536666666666666625e-01
4.538666666666666405e-01
4.540666666666666740e-01
4.538666666666666405e-01
4.539333333333333553e-01
4.539333333333333553e-01
4.541333333333333333e-01
4.543333333333333113e-01
4.541333333333333333e-01
4.543333333333333113e-01
4.544666666666666854e-01
4.545333333333333448e-01
4.545333333333333448e-01
4.546000000000000041e-01
4.547999999999999821e-01
4.546666666666666634e-01
4.548666666666666414e-01
4.552666666666666528e-01
4.553333333333333122e-01
4.552666666666666528e-01
4.555333333333333456e-01
4.557999999999999829e-01
4.555333333333333456e-01
4.559333333333333571e-01
4.561999999999999944e-01
4.563999999999999724e-01
4.563333333333333131e-01
4.563333333333333131e-01
4.564666666666666872e-01
4.568666666666666432e-01
4.569333333333333580e-01
4.570000000000000173e-01
4.571999999999999953e-01
4.573333333333333139e-01
4.577999999999999847e-01
4.577333333333333254e-01
4.580666666666666775e-01
4.581333333333333369e-01
4.581333333333333369e-01
4.583333333333333148e-01
4.584666666666666890e-01
4.584666666666666890e-01
4.587333333333333263e-01
4.589333333333333598e-01
4.590666666666666784e-01
4.590000000000000191e-01
4.590000000000000191e-01
4.591333333333333377e-01
4.590000000000000191e-01
4.591999999999999971e-01
4.594666666666666899e-01
4.596666666666666679e-01
4.596666666666666679e-01
4.601333333333333386e-01
4.602666666666666573e-01
4.603999999999999759e-01
4.601999999999999980e-01
4.600666666666666793e-01
4.601999999999999980e-01
4.605333333333333501e-01
4.608666666666666467e-01
4.609333333333333060e-01
4.610000000000000209e-01
4.609333333333333060e-01
4.608666666666666467e-01
4.608666666666666467e-01
4.613333333333333175e-01
4.616000000000000103e-01
4.617999999999999883e-01
4.616000000000000103e-01
4.617999999999999883e-01
4.618666666666666476e-01
4.619333333333333069e-01
4.621999999999999997e-01
4.623999999999999777e-01
4.624666666666666925e-01
4.623999999999999777e-01
4.625333333333333519e-01
4.624666666666666925e-01
4.626000000000000112e-01
4.626000000000000112e-01
4.628666666666666485e-01
4.628666666666666485e-01
4.628666666666666485e-01
4.629333333333333078e-01
4.629333333333333078e-01
4.630666666666666820e-01
4.631333333333333413e-01
4.631333333333333413e-01
4.632666666666666599e-01
4.636666666666666714e-01
4.636666666666666714e-01
4.637999999999999901e-01
4.640000000000000235e-01
4.640000000000000235e-01
4.639333333333333087e-01
4.643333333333333202e-01
4.643333333333333202e-01
4.644666666666666943e-01
4.645333333333333536e-01
4.646000000000000130e-01
4.646000000000000130e-01
4.644666666666666943e-01
4.645333333333333536e-01
4.647999999999999909e-01
4.647333333333333316e-01
4.644666666666666943e-01
4.645333333333333536e-01
4.643999999999999795e-01
4.645333333333333536e-01
4.647333333333333316e-01
4.647333333333333316e-01
4.648666666666666503e-01
4.651333333333333431e-01
4.652666666666666617e-01
4.653999999999999804e-01
4.657999999999999918e-01
4.656666666666666732e-01
4.657333333333333325e-01
4.660666666666666846e-01
4.662000000000000033e-01
4.662000000000000033e-01
4.663999999999999813e-01
4.666000000000000147e-01
4.665333333333333554e-01
4.665333333333333554e-01
4.666666666666666741e-01
4.667333333333333334e-01
4.667999999999999927e-01
4.667333333333333334e-01
4.669333333333333114e-01
4.669333333333333114e-01
4.667999999999999927e-01
4.668666666666666520e-01
4.670666666666666855e-01
4.670666666666666855e-01
4.671333333333333449e-01
4.671333333333333449e-01
4.670000000000000262e-01
4.673999999999999821e-01
4.676666666666666750e-01
4.674666666666666415e-01
4.675333333333333563e-01
4.677333333333333343e-01
4.677999999999999936e-01
4.678666666666666529e-01
4.677999999999999936e-01
4.677999999999999936e-01
4.680000000000000271e-01
4.680666666666666864e-01
4.682000000000000051e-01
4.683333333333333237e-01
4.682000000000000051e-01
4.681333333333333457e-01
4.682000000000000051e-01
4.681333333333333457e-01
4.683333333333333237e-01
4.682666666666666644e-01
4.684666666666666424e-01
4.684666666666666424e-01
4.686666666666666758e-01
4.687333333333333352e-01
4.686000000000000165e-01
4.687333333333333352e-01
4.686666666666666758e-01
4.687333333333333352e-01
4.691333333333333466e-01
4.689999999999999725e-01
4.688666666666666538e-01
4.693999999999999839e-01
4.693333333333333246e-01
4.693999999999999839e-01
4.693333333333333246e-01
4.696666666666666767e-01
4.697333333333333361e-01
4.699999999999999734e-01
4.701333333333333475e-01
4.699999999999999734e-01
4.699333333333333140e-01
4.699333333333333140e-01
4.702000000000000068e-01
4.702000000000000068e-01
4.705333333333333590e-01
4.703999999999999848e-01
4.706000000000000183e-01
4.704666666666666441e-01
4.703999999999999848e-01
4.704666666666666441e-01
4.706666666666666776e-01
4.705333333333333590e-01
4.709333333333333149e-01
4.709999999999999742e-01
4.709999999999999742e-01
4.710666666666666891e-01
4.710666666666666891e-01
4.709999999999999742e-01
4.710666666666666891e-01
4.709999999999999742e-01
4.712666666666666671e-01
4.713999999999999857e-01
4.715333333333333599e-01
4.716666666666666785e-01
4.717333333333333378e-01
4.721333333333333493e-01
4.722666666666666679e-01
4.724666666666666459e-01
4.726000000000000201e-01
4.726000000000000201e-01
4.726666666666666794e-01
4.727999999999999980e-01
4.729999999999999760e-01
4.731333333333333502e-01
4.733333333333333282e-01
4.733333333333333282e-01
4.733333333333333282e-01
4.734666666666666468e-01
4.734666666666666468e-01
4.733999999999999875e-01
4.733333333333333282e-01
4.733999999999999875e-01
4.737999999999999989e-01
4.738666666666666583e-01
4.737999999999999989e-01
4.741333333333333511e-01
4.742666666666666697e-01
4.743999999999999884e-01
4.742666666666666697e-01
4.745333333333333070e-01
4.745333333333333070e-01
4.744666666666666477e-01
4.746666666666666812e-01
4.748666666666666591e-01
4.749333333333333185e-01
4.749333333333333185e-01
4.749999999999999778e-01
4.752000000000000113e-01
4.752666666666666706e-01
4.753999999999999893e-01
4.754666666666666486e-01
4.756000000000000227e-01
4.757333333333333414e-01
4.757333333333333414e-01
4.758000000000000007e-01
4.759333333333333194e-01
4.759999999999999787e-01
4.762666666666666715e-01
4.761333333333333528e-01
4.762666666666666715e-01
4.763333333333333308e-01
4.763333333333333308e-01
4.766666666666666829e-01
4.767333333333333423e-01
4.766000000000000236e-01
4.766000000000000236e-01
4.766666666666666829e-01
4.770666666666666944e-01
4.772666666666666724e-01
4.772666666666666724e-01
4.771333333333333537e-01
4.769999999999999796e-01
