3.124000000000000110e-01
3.135333333333333306e-01
3.148666666666666836e-01
3.159333333333333438e-01
3.168000000000000260e-01
3.173333333333333561e-01
3.184666666666666757e-01
3.192666666666666431e-01
3.205333333333333368e-01
3.211333333333333262e-01
3.220666666666666678e-01
3.230000000000000093e-01
3.237333333333333174e-01
3.245999999999999996e-01
3.257333333333333192e-01
3.266666666666666607e-01
3.270666666666666722e-01
3.280666666666666731e-01
3.287999999999999812e-01
3.296000000000000041e-01
3.307999999999999829e-01
3.320000000000000173e-01
3.328666666666666440e-01
3.334666666666666890e-01
3.341999999999999971e-01
3.349333333333333607e-01
3.355333333333333501e-01
3.363999999999999768e-01
3.372666666666666591e-01
3.380666666666666820e-01
3.386000000000000121e-01
3.389333333333333087e-01
3.396000000000000130e-01
3.394666666666666943e-01
3.412666666666666626e-01
3.424666666666666415e-01
3.430000000000000271e-01
3.434666666666666424e-01
3.445333333333333581e-01
3.450666666666666882e-01
3.458666666666666556e-01
3.469333333333333158e-01
3.474666666666666459e-01
3.480666666666666909e-01
3.482000000000000095e-01
3.490666666666666917e-01
3.499333333333333185e-01
3.502666666666666706e-01
3.511333333333333528e-01
3.516000000000000236e-01
3.519333333333333202e-01
3.529333333333333211e-01
3.536666666666666847e-01
3.539333333333333220e-01
3.545333333333333115e-01
3.553999999999999937e-01
3.558000000000000052e-01
3.562666666666666759e-01
3.568666666666666654e-01
3.572666666666666768e-01
3.580666666666666442e-01
3.589999999999999858e-01
3.593999999999999972e-01
3.597333333333333494e-01
3.599999999999999867e-01
3.603999999999999981e-01
3.610666666666666469e-01
3.609333333333333282e-01
3.615999999999999770e-01
3.623333333333333406e-01
3.628666666666666707e-01
3.633333333333333415e-01
3.637333333333333529e-01
3.644000000000000017e-01
3.648666666666666725e-01
3.653333333333333433e-01
3.655999999999999805e-01
3.662000000000000255e-01
3.664000000000000035e-01
3.670666666666666522e-01
3.672666666666666857e-01
3.677333333333333565e-01
3.682666666666666866e-01
3.686666666666666425e-01
3.688000000000000167e-01
3.695999999999999841e-01
3.705999999999999850e-01
3.708000000000000185e-01
3.711999999999999744e-01
3.718000000000000194e-01
3.724000000000000088e-01
3.731333333333333169e-01
3.739333333333333398e-01
3.741999999999999771e-01
3.744000000000000106e-01
3.748000000000000220e-01
3.752666666666666928e-01
3.754666666666666708e-01
3.760666666666666602e-01
3.761999999999999789e-01
3.768666666666666831e-01
3.768666666666666831e-01
3.773333333333333539e-01
3.780666666666666620e-01
3.785333333333333328e-01
3.790666666666666629e-01
3.791333333333333222e-01
3.795999999999999930e-01
3.801333333333333231e-01
3.805333333333333345e-01
3.808666666666666867e-01
3.813333333333333575e-01
3.816666666666666541e-01
3.819333333333333469e-01
3.821999999999999842e-01
3.824000000000000177e-01
3.826666666666666550e-01
3.833333333333333592e-01
3.834000000000000186e-01
3.840666666666666673e-01
3.845333333333333381e-01
3.850666666666666682e-01
3.851333333333333275e-01
3.856666666666666576e-01
3.862666666666666471e-01
3.867333333333333178e-01
3.867999999999999772e-01
3.874666666666666814e-01
3.877999999999999781e-01
3.880666666666666709e-01
3.885333333333333417e-01
3.887999999999999790e-01
3.891333333333333311e-01
3.891999999999999904e-01
3.896000000000000019e-01
3.900000000000000133e-01
3.901999999999999913e-01
3.908666666666666401e-01
3.911999999999999922e-01
3.913333333333333108e-01
3.917333333333333223e-01
3.926000000000000045e-01
3.926666666666666639e-01
3.928666666666666418e-01
3.932666666666666533e-01
3.936666666666666647e-01
3.939333333333333576e-01
3.942666666666666542e-01
3.946666666666666656e-01
3.950666666666666771e-01
3.958666666666666445e-01
3.964666666666666894e-01
3.966000000000000081e-01
3.967333333333333267e-01
3.968666666666666454e-01
3.972666666666666568e-01
3.973333333333333162e-01
3.973999999999999755e-01
3.977999999999999869e-01
3.983333333333333171e-01
3.990000000000000213e-01
3.993333333333333179e-01
3.996000000000000107e-01
4.001333333333333409e-01
4.006000000000000116e-01
4.009333333333333083e-01
4.012000000000000011e-01
4.013333333333333197e-01
4.016000000000000125e-01
4.017999999999999905e-01
4.021333333333333426e-01
4.022000000000000020e-01
4.025333333333333541e-01
4.027999999999999914e-01
4.027999999999999914e-01
4.031333333333333435e-01
4.032000000000000028e-01
4.035333333333333550e-01
4.037333333333333329e-01
4.041333333333333444e-01
4.043333333333333224e-01
4.050000000000000266e-01
4.050000000000000266e-01
4.052000000000000046e-01
4.055333333333333568e-01
4.056666666666666754e-01
4.058666666666666534e-01
4.061333333333333462e-01
4.062000000000000055e-01
4.066000000000000170e-01
4.070666666666666877e-01
4.070666666666666877e-01
4.072666666666666657e-01
4.076000000000000179e-01
4.077999999999999958e-01
4.079999999999999738e-01
4.079333333333333145e-01
4.082000000000000073e-01
4.086000000000000187e-01
4.088666666666666560e-01
4.090666666666666895e-01
4.093999999999999861e-01
4.094666666666666455e-01
4.094666666666666455e-01
4.100666666666666904e-01
4.100666666666666904e-01
4.102666666666666684e-01
4.107333333333333392e-01
4.107333333333333392e-01
4.109333333333333171e-01
4.112666666666666693e-01
4.112666666666666693e-01
4.113999999999999879e-01
4.116666666666666807e-01
4.117999999999999994e-01
4.125333333333333075e-01
4.124666666666666481e-01
4.128666666666666596e-01
4.131333333333333524e-01
4.130666666666666931e-01
4.132666666666666710e-01
4.136666666666666825e-01
4.138666666666666605e-01
4.141333333333333533e-01
4.140666666666666940e-01
4.142000000000000126e-01
4.143999999999999906e-01
4.147333333333333427e-01
4.146666666666666834e-01
4.146666666666666834e-01
4.149333333333333207e-01
4.150666666666666393e-01
4.153333333333333321e-01
4.157333333333333436e-01
4.158666666666666623e-01
4.162666666666666737e-01
4.161333333333333551e-01
4.162000000000000144e-01
4.168666666666666631e-01
4.168000000000000038e-01
4.169999999999999818e-01
4.173999999999999932e-01
4.174666666666666526e-01
4.177333333333333454e-01
4.179999999999999827e-01
4.178666666666666640e-01
4.182000000000000162e-01
4.186000000000000276e-01
4.188000000000000056e-01
4.193333333333333357e-01
4.195333333333333137e-01
4.198000000000000065e-01
4.202000000000000179e-01
4.203333333333333366e-01
4.203999999999999959e-01
4.204666666666666552e-01
4.205999999999999739e-01
4.211333333333333595e-01
4.212666666666666782e-01
4.210666666666666447e-01
4.213333333333333375e-01
4.212000000000000188e-01
4.214666666666666561e-01
4.218666666666666676e-01
4.220666666666666456e-01
4.219999999999999862e-01
4.223333333333333384e-01
4.225999999999999757e-01
4.226666666666666905e-01
4.229999999999999871e-01
4.231333333333333058e-01
4.234666666666666579e-01
4.238000000000000100e-01
4.239999999999999880e-01
4.241333333333333067e-01
4.244666666666666588e-01
4.247333333333333516e-01
4.252000000000000224e-01
4.253333333333333410e-01
4.253333333333333410e-01
4.256666666666666932e-01
4.259333333333333305e-01
4.262666666666666826e-01
4.267333333333333534e-01
4.271333333333333093e-01
4.275333333333333208e-01
4.278000000000000136e-01
4.281333333333333102e-01
4.281333333333333102e-01
4.283333333333333437e-01
4.284666666666666623e-01
4.287333333333333552e-01
4.288666666666666738e-01
4.291333333333333111e-01
4.293333333333333446e-01
4.294666666666666632e-01
4.295999999999999819e-01
4.297333333333333560e-01
4.298000000000000154e-01
4.299333333333333340e-01
4.299999999999999933e-01
4.302000000000000268e-01
4.304000000000000048e-01
4.308000000000000163e-01
4.307333333333333569e-01
4.306666666666666421e-01
4.308666666666666756e-01
4.310666666666666536e-01
4.309333333333333349e-01
4.312000000000000277e-01
4.315333333333333243e-01
4.319333333333333358e-01
4.318000000000000171e-01
4.318666666666666765e-01
4.323333333333333472e-01
4.324000000000000066e-01
4.325999999999999845e-01
4.325999999999999845e-01
4.328666666666666774e-01
4.331333333333333147e-01
4.331333333333333147e-01
4.334000000000000075e-01
4.337333333333333596e-01
4.339999999999999969e-01
4.343333333333333490e-01
4.343333333333333490e-01
4.344666666666666677e-01
4.345333333333333270e-01
4.351333333333333164e-01
4.351999999999999758e-01
4.353333333333333499e-01
4.354666666666666686e-01
4.355333333333333279e-01
4.356666666666666465e-01
4.358666666666666800e-01
4.359333333333333393e-01
4.361333333333333173e-01
4.364666666666666694e-01
4.368000000000000216e-01
4.368000000000000216e-01
4.370666666666666589e-01
4.374666666666666703e-01
4.375333333333333297e-01
4.378666666666666818e-01
4.378000000000000225e-01
4.381333333333333191e-01
4.381333333333333191e-01
4.383333333333333526e-01
4.383333333333333526e-01
4.385333333333333306e-01
4.388000000000000234e-01
4.390666666666666607e-01
4.393333333333333535e-01
4.394000000000000128e-01
4.394000000000000128e-01
4.394666666666666721e-01
4.396666666666666501e-01
4.398666666666666836e-01
4.400000000000000022e-01
4.401999999999999802e-01
4.401333333333333209e-01
4.401999999999999802e-01
4.406666666666666510e-01
4.408000000000000251e-01
4.409333333333333438e-01
4.409333333333333438e-01
4.410666666666666624e-01
4.414000000000000146e-01
4.417333333333333112e-01
4.418666666666666853e-01
4.419333333333333447e-01
4.419333333333333447e-01
4.420000000000000040e-01
4.421999999999999820e-01
4.422666666666666413e-01
4.423333333333333561e-01
4.425999999999999934e-01
4.425999999999999934e-01
4.427333333333333121e-01
4.430000000000000049e-01
4.435333333333333350e-01
4.437999999999999723e-01
4.440666666666666651e-01
4.440666666666666651e-01
4.439333333333333464e-01
4.440000000000000058e-01
4.442666666666666431e-01
4.445333333333333359e-01
4.448666666666666880e-01
4.448666666666666880e-01
4.450000000000000067e-01
4.451333333333333253e-01
4.454666666666666774e-01
4.458666666666666889e-01
4.461999999999999855e-01
4.464666666666666783e-01
4.468666666666666898e-01
4.470666666666666678e-01
4.470666666666666678e-01
4.473333333333333606e-01
4.474000000000000199e-01
4.474666666666666792e-01
4.475999999999999979e-01
4.477333333333333165e-01
4.478666666666666907e-01
4.480000000000000093e-01
4.480000000000000093e-01
4.480666666666666687e-01
4.484000000000000208e-01
4.485999999999999988e-01
4.485999999999999988e-01
4.485333333333333394e-01
4.485999999999999988e-01
4.485999999999999988e-01
4.487333333333333174e-01
4.488666666666666916e-01
4.489333333333333509e-01
4.488666666666666916e-01
4.489333333333333509e-01
4.490000000000000102e-01
4.490666666666666695e-01
4.492666666666666475e-01
4.492666666666666475e-01
4.495999999999999996e-01
4.494666666666666810e-01
4.497999999999999776e-01
4.500000000000000111e-01
4.500666666666666704e-01
4.500666666666666704e-01
4.499333333333333518e-01
4.501999999999999891e-01
4.500000000000000111e-01
4.501333333333333298e-01
4.501999999999999891e-01
4.503333333333333077e-01
4.505333333333333412e-01
4.503333333333333077e-01
4.505333333333333412e-01
4.506666666666666599e-01
4.506666666666666599e-01
4.509333333333333527e-01
4.511333333333333306e-01
4.508666666666666933e-01
4.510666666666666713e-01
4.511999999999999900e-01
4.512666666666666493e-01
4.513333333333333086e-01
4.516666666666666607e-01
4.518666666666666942e-01
4.520666666666666722e-01
4.522666666666666502e-01
4.521999999999999909e-01
4.524000000000000243e-01
4.525333333333333430e-01
4.526000000000000023e-01
4.526666666666666616e-01
4.526666666666666616e-01
4.527333333333333210e-01
4.529333333333333544e-01
4.530666666666666731e-01
4.532666666666666511e-01
4.533333333333333104e-01
4.531999999999999917e-01
4.532666666666666511e-01
4.534000000000000252e-01
4.535333333333333439e-01
4.539333333333333553e-01
4.539333333333333553e-01
4.539333333333333553e-01
4.539333333333333553e-01
4.538666666666666405e-01
4.541999999999999926e-01
4.541999999999999926e-01
4.541999999999999926e-01
4.541333333333333333e-01
4.543333333333333113e-01
4.544000000000000261e-01
4.543333333333333113e-01
4.546000000000000041e-01
4.546666666666666634e-01
4.547333333333333227e-01
4.547333333333333227e-01
4.546000000000000041e-01
4.552666666666666528e-01
4.553333333333333122e-01
4.553333333333333122e-01
4.554666666666666863e-01
4.557333333333333236e-01
4.557333333333333236e-01
4.560666666666666758e-01
4.560000000000000164e-01
4.560666666666666758e-01
4.562666666666666537e-01
4.563999999999999724e-01
4.566000000000000059e-01
4.567999999999999838e-01
4.567333333333333245e-01
4.568666666666666432e-01
4.569333333333333580e-01
4.570666666666666766e-01
4.575333333333333474e-01
4.573333333333333139e-01
4.577333333333333254e-01
4.578666666666666440e-01
4.579333333333333589e-01
4.580666666666666775e-01
4.583333333333333148e-01
4.584666666666666890e-01
4.583999999999999742e-01
4.584666666666666890e-01
4.587333333333333263e-01
4.590000000000000191e-01
4.591333333333333377e-01
4.592666666666666564e-01
4.592666666666666564e-01
4.595333333333333492e-01
4.592666666666666564e-01
4.597333333333333272e-01
4.598666666666666458e-01
4.598666666666666458e-01
4.601999999999999980e-01
4.602666666666666573e-01
4.603333333333333166e-01
4.603999999999999759e-01
4.604666666666666908e-01
4.603999999999999759e-01
4.604666666666666908e-01
4.607333333333333281e-01
4.610666666666666802e-01
4.611333333333333395e-01
4.611333333333333395e-01
4.610666666666666802e-01
4.611333333333333395e-01
4.614666666666666917e-01
4.616000000000000103e-01
4.618666666666666476e-01
4.619333333333333069e-01
4.619333333333333069e-01
4.619333333333333069e-01
4.621333333333333404e-01
4.621999999999999997e-01
4.622666666666666591e-01
4.621333333333333404e-01
4.626666666666666705e-01
4.626000000000000112e-01
4.627333333333333298e-01
4.628666666666666485e-01
4.629333333333333078e-01
4.630666666666666820e-01
4.631333333333333413e-01
4.629333333333333078e-01
4.631333333333333413e-01
4.632666666666666599e-01
4.631333333333333413e-01
4.632666666666666599e-01
4.633333333333333193e-01
4.635333333333333528e-01
4.636000000000000121e-01
4.637999999999999901e-01
4.639333333333333087e-01
4.641333333333333422e-01
4.641333333333333422e-01
4.641333333333333422e-01
4.644666666666666943e-01
4.647999999999999909e-01
4.646000000000000130e-01
4.647333333333333316e-01
4.646666666666666723e-01
4.645333333333333536e-01
4.648666666666666503e-01
4.647999999999999909e-01
4.647333333333333316e-01
4.646000000000000130e-01
4.646000000000000130e-01
4.645333333333333536e-01
4.646000000000000130e-01
4.646666666666666723e-01
4.649333333333333096e-01
4.650666666666666837e-01
4.652000000000000024e-01
4.652000000000000024e-01
4.651333333333333431e-01
4.653333333333333210e-01
4.656666666666666732e-01
4.656000000000000139e-01
4.660000000000000253e-01
4.660666666666666846e-01
4.662666666666666626e-01
4.663333333333333219e-01
4.664666666666666406e-01
4.666000000000000147e-01
4.665333333333333554e-01
4.667333333333333334e-01
4.666000000000000147e-01
4.666000000000000147e-01
4.665333333333333554e-01
4.665333333333333554e-01
4.667999999999999927e-01
4.667999999999999927e-01
4.671333333333333449e-01
4.672666666666666635e-01
4.672000000000000042e-01
4.671333333333333449e-01
4.672000000000000042e-01
4.673999999999999821e-01
4.676000000000000156e-01
4.676000000000000156e-01
4.677333333333333343e-01
4.675333333333333563e-01
4.676000000000000156e-01
4.677999999999999936e-01
4.680000000000000271e-01
4.680000000000000271e-01
4.680000000000000271e-01
4.680666666666666864e-01
4.680000000000000271e-01
4.681333333333333457e-01
4.680666666666666864e-01
4.681333333333333457e-01
4.680666666666666864e-01
4.680000000000000271e-01
4.680666666666666864e-01
4.682666666666666644e-01
4.683999999999999830e-01
4.683999999999999830e-01
4.683999999999999830e-01
4.684666666666666424e-01
4.686666666666666758e-01
4.687333333333333352e-01
4.687999999999999945e-01
4.687999999999999945e-01
4.687999999999999945e-01
4.689333333333333131e-01
4.691333333333333466e-01
4.692000000000000060e-01
4.692666666666666653e-01
4.692666666666666653e-01
4.692666666666666653e-01
4.695333333333333581e-01
4.697333333333333361e-01
4.699999999999999734e-01
4.698666666666666547e-01
4.697999999999999954e-01
4.699999999999999734e-01
4.699999999999999734e-01
4.699333333333333140e-01
4.699999999999999734e-01
4.702666666666666662e-01
4.706666666666666776e-01
4.705333333333333590e-01
4.704666666666666441e-01
4.706000000000000183e-01
4.705333333333333590e-01
4.707333333333333369e-01
4.707333333333333369e-01
4.708666666666666556e-01
4.708666666666666556e-01
4.709999999999999742e-01
4.712000000000000077e-01
4.709999999999999742e-01
4.709333333333333149e-01
4.708666666666666556e-01
4.709333333333333149e-01
4.714666666666666450e-01
4.715333333333333599e-01
4.717333333333333378e-01
4.717999999999999972e-01
4.721333333333333493e-01
4.722666666666666679e-01
4.723999999999999866e-01
4.726666666666666794e-01
4.726000000000000201e-01
4.726000000000000201e-01
4.728666666666666574e-01
4.729999999999999760e-01
4.731333333333333502e-01
4.731333333333333502e-01
4.731333333333333502e-01
4.734666666666666468e-01
4.733999999999999875e-01
4.735333333333333061e-01
4.735333333333333061e-01
4.736666666666666803e-01
4.736666666666666803e-01
4.738666666666666583e-01
4.740666666666666917e-01
4.741333333333333511e-01
4.742666666666666697e-01
4.741333333333333511e-01
4.739999999999999769e-01
4.743333333333333290e-01
4.746666666666666812e-01
4.746666666666666812e-01
4.748666666666666591e-01
4.748666666666666591e-01
4.749999999999999778e-01
4.748666666666666591e-01
4.752000000000000113e-01
4.751333333333333520e-01
4.752000000000000113e-01
4.751333333333333520e-01
4.753999999999999893e-01
4.754666666666666486e-01
4.755333333333333079e-01
4.759333333333333194e-01
4.759333333333333194e-01
4.757333333333333414e-01
4.760666666666666935e-01
4.760666666666666935e-01
4.759999999999999787e-01
4.762666666666666715e-01
4.763333333333333308e-01
4.766000000000000236e-01
4.766666666666666829e-01
4.767333333333333423e-01
4.766666666666666829e-01
4.768666666666666609e-01
4.769333333333333202e-01
4.769999999999999796e-01
4.769999999999999796e-01
4.769333333333333202e-01
4.769999999999999796e-01
4.769333333333333202e-01
4.769333333333333202e-01
4.773333333333333317e-01
4.776000000000000245e-01
4.774666666666666504e-01
4.775333333333333097e-01
4.776666666666666838e-01
4.777333333333333432e-01
