3.091333333333333155e-01
3.100666666666666571e-01
3.108000000000000207e-01
3.118666666666666809e-01
3.126666666666666483e-01
3.135999999999999899e-01
3.144666666666666721e-01
3.158000000000000251e-01
3.167333333333333112e-01
3.174666666666666748e-01
3.184000000000000163e-01
3.196666666666666545e-01
3.207333333333333147e-01
3.216666666666666563e-01
3.224666666666666792e-01
3.233333333333333059e-01
3.241333333333333289e-01
3.251333333333333298e-01
3.264666666666666828e-01
3.269333333333333536e-01
3.277999999999999803e-01
3.284666666666666845e-01
3.295333333333333448e-01
3.304000000000000270e-01
3.318666666666666432e-01
3.327333333333333254e-01
3.334666666666666890e-01
3.341333333333333377e-01
3.348666666666666458e-01
3.355333333333333501e-01
3.359333333333333060e-01
3.370666666666666811e-01
3.379333333333333078e-01
3.385333333333333528e-01
3.390000000000000235e-01
3.399333333333333096e-01
3.403999999999999804e-01
3.413999999999999813e-01
3.426666666666666750e-01
3.430000000000000271e-01
3.437333333333333352e-01
3.446666666666666767e-01
3.452666666666666662e-01
3.461333333333333484e-01
3.472666666666666679e-01
3.476666666666666794e-01
3.480666666666666909e-01
3.485333333333333061e-01
3.495333333333333070e-01
3.498666666666666591e-01
3.507333333333333414e-01
3.512666666666666715e-01
3.518000000000000016e-01
3.523333333333333317e-01
3.531333333333333546e-01
3.535333333333333106e-01
3.540666666666666407e-01
3.546666666666666856e-01
3.553999999999999937e-01
3.558666666666666645e-01
3.560666666666666424e-01
3.566666666666666874e-01
3.575333333333333141e-01
3.584666666666666557e-01
3.592666666666666786e-01
3.593333333333333379e-01
3.598000000000000087e-01
3.599999999999999867e-01
3.606666666666666909e-01
3.612666666666666804e-01
3.616666666666666918e-01
3.620666666666666478e-01
3.627333333333333520e-01
3.629333333333333300e-01
3.635999999999999788e-01
3.642666666666666830e-01
3.646666666666666390e-01
3.650666666666666504e-01
3.655999999999999805e-01
3.659999999999999920e-01
3.663333333333333441e-01
3.668000000000000149e-01
3.669333333333333336e-01
3.674000000000000044e-01
3.678000000000000158e-01
3.682666666666666866e-01
3.688000000000000167e-01
3.692666666666666875e-01
3.699999999999999956e-01
3.705999999999999850e-01
3.709333333333333371e-01
3.713333333333333486e-01
3.718000000000000194e-01
3.728000000000000203e-01
3.737333333333333063e-01
3.738666666666666805e-01
3.741333333333333178e-01
3.747333333333333072e-01
3.748666666666666814e-01
3.750666666666666593e-01
3.757333333333333081e-01
3.758666666666666822e-01
3.765333333333333310e-01
3.770000000000000018e-01
3.772666666666666391e-01
3.778666666666666840e-01
3.784000000000000141e-01
3.788000000000000256e-01
3.791333333333333222e-01
3.794666666666666743e-01
3.801333333333333231e-01
3.804000000000000159e-01
3.809333333333333460e-01
3.810666666666666647e-01
3.814666666666666761e-01
3.819333333333333469e-01
3.821333333333333249e-01
3.821999999999999842e-01
3.826666666666666550e-01
3.830666666666666664e-01
3.834666666666666779e-01
3.840000000000000080e-01
3.843333333333333601e-01
3.849333333333333496e-01
3.853333333333333610e-01
3.855999999999999983e-01
3.860666666666666691e-01
3.862666666666666471e-01
3.867999999999999772e-01
3.869333333333333513e-01
3.875333333333333408e-01
3.878666666666666929e-01
3.882666666666666488e-01
3.886000000000000010e-01
3.890666666666666718e-01
3.891999999999999904e-01
3.896000000000000019e-01
3.900666666666666726e-01
3.901999999999999913e-01
3.906666666666666621e-01
3.911333333333333329e-01
3.911999999999999922e-01
3.917999999999999816e-01
3.923333333333333117e-01
3.926666666666666639e-01
3.928666666666666418e-01
3.931999999999999940e-01
3.936000000000000054e-01
3.939333333333333576e-01
3.940000000000000169e-01
3.944666666666666877e-01
3.946666666666666656e-01
3.954666666666666885e-01
3.960666666666666780e-01
3.965333333333333488e-01
3.968666666666666454e-01
3.970000000000000195e-01
3.971333333333333382e-01
3.971999999999999975e-01
3.973999999999999755e-01
3.976000000000000090e-01
3.980666666666666798e-01
3.986666666666666692e-01
3.991999999999999993e-01
3.996000000000000107e-01
4.000666666666666815e-01
4.004666666666666930e-01
4.007999999999999896e-01
4.012000000000000011e-01
4.013333333333333197e-01
4.017333333333333312e-01
4.018666666666666498e-01
4.020000000000000240e-01
4.020666666666666833e-01
4.023999999999999799e-01
4.027999999999999914e-01
4.029333333333333100e-01
4.029333333333333100e-01
4.029333333333333100e-01
4.032666666666666622e-01
4.036666666666666736e-01
4.041333333333333444e-01
4.043333333333333224e-01
4.048666666666666525e-01
4.050666666666666860e-01
4.050666666666666860e-01
4.055333333333333568e-01
4.056666666666666754e-01
4.060000000000000275e-01
4.062000000000000055e-01
4.062666666666666648e-01
4.065333333333333576e-01
4.069999999999999729e-01
4.072666666666666657e-01
4.070666666666666877e-01
4.073333333333333250e-01
4.074666666666666437e-01
4.077999999999999958e-01
4.079333333333333145e-01
4.082666666666666666e-01
4.082666666666666666e-01
4.086000000000000187e-01
4.089333333333333154e-01
4.092666666666666675e-01
4.093999999999999861e-01
4.096666666666666790e-01
4.099333333333333163e-01
4.102666666666666684e-01
4.102666666666666684e-01
4.104666666666666464e-01
4.106666666666666798e-01
4.109999999999999765e-01
4.110666666666666913e-01
4.112000000000000099e-01
4.116000000000000214e-01
4.116666666666666807e-01
4.118666666666666587e-01
4.123999999999999888e-01
4.125333333333333075e-01
4.126666666666666816e-01
4.128666666666666596e-01
4.132000000000000117e-01
4.132000000000000117e-01
4.136000000000000232e-01
4.137333333333333418e-01
4.139999999999999791e-01
4.141333333333333533e-01
4.142666666666666719e-01
4.141333333333333533e-01
4.145333333333333092e-01
4.146666666666666834e-01
4.146000000000000241e-01
4.151333333333333542e-01
4.150666666666666393e-01
4.156000000000000250e-01
4.158000000000000029e-01
4.159999999999999809e-01
4.162000000000000144e-01
4.163333333333333330e-01
4.163999999999999924e-01
4.167333333333333445e-01
4.169333333333333225e-01
4.168000000000000038e-01
4.169999999999999818e-01
4.172000000000000153e-01
4.176000000000000267e-01
4.177333333333333454e-01
4.179999999999999827e-01
4.182666666666666755e-01
4.186666666666666869e-01
4.188000000000000056e-01
4.192666666666666764e-01
4.194666666666666544e-01
4.196666666666666878e-01
4.199333333333333251e-01
4.200666666666666438e-01
4.201333333333333586e-01
4.203333333333333366e-01
4.203999999999999959e-01
4.208666666666666667e-01
4.211333333333333595e-01
4.212000000000000188e-01
4.211333333333333595e-01
4.213333333333333375e-01
4.214666666666666561e-01
4.216666666666666896e-01
4.219999999999999862e-01
4.218666666666666676e-01
4.221333333333333604e-01
4.224666666666666570e-01
4.228000000000000091e-01
4.225999999999999757e-01
4.231333333333333058e-01
4.232666666666666799e-01
4.239333333333333287e-01
4.241333333333333067e-01
4.242000000000000215e-01
4.242666666666666808e-01
4.248666666666666702e-01
4.248666666666666702e-01
4.253333333333333410e-01
4.256666666666666932e-01
4.258000000000000118e-01
4.261333333333333084e-01
4.262666666666666826e-01
4.264666666666666606e-01
4.266666666666666941e-01
4.270666666666666500e-01
4.274666666666666615e-01
4.278666666666666729e-01
4.283333333333333437e-01
4.284666666666666623e-01
4.284000000000000030e-01
4.285999999999999810e-01
4.288000000000000145e-01
4.288666666666666738e-01
4.291333333333333111e-01
4.292666666666666853e-01
4.296666666666666412e-01
4.296666666666666412e-01
4.294666666666666632e-01
4.298000000000000154e-01
4.299999999999999933e-01
4.301333333333333120e-01
4.304000000000000048e-01
4.305999999999999828e-01
4.306666666666666421e-01
4.307333333333333569e-01
4.306666666666666421e-01
4.307333333333333569e-01
4.308666666666666756e-01
4.312000000000000277e-01
4.314000000000000057e-01
4.316666666666666430e-01
4.316666666666666430e-01
4.318666666666666765e-01
4.319999999999999951e-01
4.319999999999999951e-01
4.320666666666666544e-01
4.325999999999999845e-01
4.328666666666666774e-01
4.329999999999999960e-01
4.332666666666666888e-01
4.334000000000000075e-01
4.335333333333333261e-01
4.340666666666666562e-01
4.339999999999999969e-01
4.343333333333333490e-01
4.344000000000000083e-01
4.345333333333333270e-01
4.350666666666666571e-01
4.350666666666666571e-01
4.352666666666666906e-01
4.352666666666666906e-01
4.353333333333333499e-01
4.357333333333333059e-01
4.355999999999999872e-01
4.358000000000000207e-01
4.360666666666666580e-01
4.361333333333333173e-01
4.365333333333333288e-01
4.368666666666666809e-01
4.369333333333333402e-01
4.371333333333333182e-01
4.373333333333333517e-01
4.375999999999999890e-01
4.378666666666666818e-01
4.380666666666666598e-01
4.381999999999999784e-01
4.381999999999999784e-01
4.383333333333333526e-01
4.384000000000000119e-01
4.386666666666666492e-01
4.388000000000000234e-01
4.390666666666666607e-01
4.391999999999999793e-01
4.394000000000000128e-01
4.394666666666666721e-01
4.396666666666666501e-01
4.397333333333333094e-01
4.398000000000000242e-01
4.399333333333333429e-01
4.403333333333333544e-01
4.404000000000000137e-01
4.404666666666666730e-01
4.405999999999999917e-01
4.406666666666666510e-01
4.407333333333333103e-01
4.410666666666666624e-01
4.415999999999999925e-01
4.415333333333333332e-01
4.416666666666666519e-01
4.418000000000000260e-01
4.420666666666666633e-01
4.419333333333333447e-01
4.422666666666666413e-01
4.423333333333333561e-01
4.426666666666666528e-01
4.427333333333333121e-01
4.428000000000000269e-01
4.428000000000000269e-01
4.433333333333333570e-01
4.433333333333333570e-01
4.435333333333333350e-01
4.439333333333333464e-01
4.440000000000000058e-01
4.440666666666666651e-01
4.440666666666666651e-01
4.443333333333333579e-01
4.444666666666666766e-01
4.449333333333333473e-01
4.450000000000000067e-01
4.452666666666666440e-01
4.452666666666666440e-01
4.454666666666666774e-01
4.457333333333333147e-01
4.461999999999999855e-01
4.465333333333333377e-01
4.470000000000000084e-01
4.470000000000000084e-01
4.470000000000000084e-01
4.469333333333333491e-01
4.472666666666666457e-01
4.474666666666666792e-01
4.475333333333333385e-01
4.475999999999999979e-01
4.478666666666666907e-01
4.478666666666666907e-01
4.481999999999999873e-01
4.481999999999999873e-01
4.481333333333333280e-01
4.482666666666666466e-01
4.485333333333333394e-01
4.485999999999999988e-01
4.485999999999999988e-01
4.487999999999999767e-01
4.486666666666666581e-01
4.485999999999999988e-01
4.489333333333333509e-01
4.490000000000000102e-01
4.490666666666666695e-01
4.490666666666666695e-01
4.490666666666666695e-01
4.491333333333333289e-01
4.493333333333333068e-01
4.494666666666666810e-01
4.495999999999999996e-01
4.497333333333333183e-01
4.497999999999999776e-01
4.499333333333333518e-01
4.499333333333333518e-01
4.500000000000000111e-01
4.498666666666666925e-01
4.500666666666666704e-01
4.500000000000000111e-01
4.501999999999999891e-01
4.502666666666666484e-01
4.503333333333333077e-01
4.504666666666666819e-01
4.506000000000000005e-01
4.506000000000000005e-01
4.505333333333333412e-01
4.507333333333333192e-01
4.507333333333333192e-01
4.510000000000000120e-01
4.510000000000000120e-01
4.511999999999999900e-01
4.514000000000000234e-01
4.516666666666666607e-01
4.516000000000000014e-01
4.516666666666666607e-01
4.516666666666666607e-01
4.520666666666666722e-01
4.520000000000000129e-01
4.521999999999999909e-01
4.523333333333333095e-01
4.524000000000000243e-01
4.524000000000000243e-01
4.526000000000000023e-01
4.526666666666666616e-01
4.530000000000000138e-01
4.531999999999999917e-01
4.531999999999999917e-01
4.532666666666666511e-01
4.532666666666666511e-01
4.531999999999999917e-01
4.534666666666666845e-01
4.536000000000000032e-01
4.537999999999999812e-01
4.538666666666666405e-01
4.537999999999999812e-01
4.541333333333333333e-01
4.539333333333333553e-01
4.537999999999999812e-01
4.540000000000000147e-01
4.541333333333333333e-01
4.543333333333333113e-01
4.541333333333333333e-01
4.545333333333333448e-01
4.544666666666666854e-01
4.544666666666666854e-01
4.546000000000000041e-01
4.547333333333333227e-01
4.547999999999999821e-01
4.546666666666666634e-01
4.548666666666666414e-01
4.552666666666666528e-01
4.554000000000000270e-01
4.554000000000000270e-01
4.554666666666666863e-01
4.558666666666666423e-01
4.558666666666666423e-01
4.560000000000000164e-01
4.560000000000000164e-01
4.563999999999999724e-01
4.563333333333333131e-01
4.565333333333333465e-01
4.568666666666666432e-01
4.568666666666666432e-01
4.569333333333333580e-01
4.570000000000000173e-01
4.571999999999999953e-01
4.574666666666666881e-01
4.577333333333333254e-01
4.577999999999999847e-01
4.578666666666666440e-01
4.580666666666666775e-01
4.583333333333333148e-01
4.583333333333333148e-01
4.584666666666666890e-01
4.585333333333333483e-01
4.586666666666666670e-01
4.587999999999999856e-01
4.590666666666666784e-01
4.588666666666666449e-01
4.589333333333333598e-01
4.591333333333333377e-01
4.592666666666666564e-01
4.592666666666666564e-01
4.596000000000000085e-01
4.595333333333333492e-01
4.596000000000000085e-01
4.600666666666666793e-01
4.601999999999999980e-01
4.601999999999999980e-01
4.600000000000000200e-01
4.599333333333333607e-01
4.601999999999999980e-01
4.603999999999999759e-01
4.606666666666666687e-01
4.610000000000000209e-01
4.610666666666666802e-01
4.608666666666666467e-01
4.608666666666666467e-01
4.610000000000000209e-01
4.612666666666666582e-01
4.613333333333333175e-01
4.616666666666666696e-01
4.617999999999999883e-01
4.619333333333333069e-01
4.619333333333333069e-01
4.621333333333333404e-01
4.621999999999999997e-01
4.623999999999999777e-01
4.625333333333333519e-01
4.626000000000000112e-01
4.624666666666666925e-01
4.623999999999999777e-01
4.627333333333333298e-01
4.627333333333333298e-01
4.627999999999999892e-01
4.630000000000000226e-01
4.628666666666666485e-01
4.628666666666666485e-01
4.629333333333333078e-01
4.629333333333333078e-01
4.627333333333333298e-01
4.633333333333333193e-01
4.632666666666666599e-01
4.635333333333333528e-01
4.636000000000000121e-01
4.639333333333333087e-01
4.640666666666666829e-01
4.641333333333333422e-01
4.641333333333333422e-01
4.643333333333333202e-01
4.644666666666666943e-01
4.642000000000000015e-01
4.646666666666666723e-01
4.645333333333333536e-01
4.645333333333333536e-01
4.647333333333333316e-01
4.647333333333333316e-01
4.646000000000000130e-01
4.647999999999999909e-01
4.644666666666666943e-01
4.645333333333333536e-01
4.643999999999999795e-01
4.644666666666666943e-01
4.646666666666666723e-01
4.648666666666666503e-01
4.650666666666666837e-01
4.652000000000000024e-01
4.652666666666666617e-01
4.653333333333333210e-01
4.656666666666666732e-01
4.656666666666666732e-01
4.656666666666666732e-01
4.660000000000000253e-01
4.662000000000000033e-01
4.662000000000000033e-01
4.663999999999999813e-01
4.666666666666666741e-01
4.665333333333333554e-01
4.666666666666666741e-01
4.665333333333333554e-01
4.668666666666666520e-01
4.667333333333333334e-01
4.664666666666666406e-01
4.668666666666666520e-01
4.667333333333333334e-01
4.666666666666666741e-01
4.670666666666666855e-01
4.671333333333333449e-01
4.671333333333333449e-01
4.671333333333333449e-01
4.671333333333333449e-01
4.673999999999999821e-01
4.675333333333333563e-01
4.677333333333333343e-01
4.677333333333333343e-01
4.677999999999999936e-01
4.677999999999999936e-01
4.680000000000000271e-01
4.678666666666666529e-01
4.677999999999999936e-01
4.680666666666666864e-01
4.680666666666666864e-01
4.682666666666666644e-01
4.682666666666666644e-01
4.683333333333333237e-01
4.682000000000000051e-01
4.682666666666666644e-01
4.682000000000000051e-01
4.682666666666666644e-01
4.682666666666666644e-01
4.682666666666666644e-01
4.684666666666666424e-01
4.685333333333333572e-01
4.686000000000000165e-01
4.688666666666666538e-01
4.687333333333333352e-01
4.687999999999999945e-01
4.686666666666666758e-01
4.687333333333333352e-01
4.689333333333333131e-01
4.689999999999999725e-01
4.691333333333333466e-01
4.693999999999999839e-01
4.693999999999999839e-01
4.694666666666666432e-01
4.696000000000000174e-01
4.696000000000000174e-01
4.697333333333333361e-01
4.698666666666666547e-01
4.701333333333333475e-01
4.701333333333333475e-01
4.701333333333333475e-01
4.697333333333333361e-01
4.701333333333333475e-01
4.702666666666666662e-01
4.703999999999999848e-01
4.705333333333333590e-01
4.705333333333333590e-01
4.706000000000000183e-01
4.705333333333333590e-01
4.705333333333333590e-01
4.707999999999999963e-01
4.707999999999999963e-01
4.707999999999999963e-01
4.709999999999999742e-01
4.709999999999999742e-01
4.710666666666666891e-01
4.709999999999999742e-01
4.708666666666666556e-01
4.709999999999999742e-01
4.709999999999999742e-01
4.712666666666666671e-01
4.713999999999999857e-01
4.717333333333333378e-01
4.719999999999999751e-01
4.720666666666666900e-01
4.722000000000000086e-01
4.723333333333333273e-01
4.725333333333333607e-01
4.726000000000000201e-01
4.727333333333333387e-01
4.728666666666666574e-01
4.728666666666666574e-01
4.729333333333333167e-01
4.730666666666666909e-01
4.733999999999999875e-01
4.733333333333333282e-01
4.734666666666666468e-01
4.734666666666666468e-01
4.736666666666666803e-01
4.734666666666666468e-01
4.734666666666666468e-01
4.736666666666666803e-01
4.737999999999999989e-01
4.737999999999999989e-01
4.739999999999999769e-01
4.740666666666666917e-01
4.743333333333333290e-01
4.746666666666666812e-01
4.743333333333333290e-01
4.746666666666666812e-01
4.746000000000000218e-01
4.747999999999999998e-01
4.747333333333333405e-01
4.747999999999999998e-01
4.748666666666666591e-01
4.749333333333333185e-01
4.752000000000000113e-01
4.752666666666666706e-01
4.753333333333333299e-01
4.753999999999999893e-01
4.756000000000000227e-01
4.758666666666666600e-01
4.758000000000000007e-01
4.757333333333333414e-01
4.759333333333333194e-01
4.760666666666666935e-01
4.761333333333333528e-01
4.763999999999999901e-01
4.763999999999999901e-01
4.763999999999999901e-01
4.766000000000000236e-01
4.766000000000000236e-01
4.768000000000000016e-01
4.767333333333333423e-01
4.766000000000000236e-01
4.768000000000000016e-01
4.768000000000000016e-01
4.769333333333333202e-01
4.772000000000000131e-01
4.771333333333333537e-01
4.772666666666666724e-01
4.773333333333333317e-01
4.773999999999999910e-01
