3.172666666666666413e-01
3.187333333333333130e-01
3.200666666666666660e-01
3.205999999999999961e-01
3.212666666666666448e-01
3.221999999999999864e-01
3.229333333333333500e-01
3.240666666666666695e-01
3.246666666666666590e-01
3.256000000000000005e-01
3.260666666666666713e-01
3.270666666666666722e-01
3.281999999999999917e-01
3.287333333333333218e-01
3.295333333333333448e-01
3.301999999999999935e-01
3.315333333333333465e-01
3.325333333333333474e-01
3.329333333333333589e-01
3.338666666666666449e-01
3.346666666666666679e-01
3.350666666666666793e-01
3.359333333333333060e-01
3.368666666666666476e-01
3.376000000000000112e-01
3.382000000000000006e-01
3.387333333333333307e-01
3.392666666666666608e-01
3.401333333333333431e-01
3.405333333333333545e-01
3.412000000000000033e-01
3.423999999999999821e-01
3.431333333333333457e-01
3.434666666666666424e-01
3.446000000000000174e-01
3.450666666666666882e-01
3.457333333333333369e-01
3.462666666666666671e-01
3.474666666666666459e-01
3.478666666666666574e-01
3.482666666666666688e-01
3.488666666666666583e-01
3.498666666666666591e-01
3.499999999999999778e-01
3.509333333333333194e-01
3.512666666666666715e-01
3.520666666666666944e-01
3.526666666666666838e-01
3.533999999999999919e-01
3.537333333333333441e-01
3.542666666666666742e-01
3.549333333333333229e-01
3.554666666666666530e-01
3.560666666666666424e-01
3.563999999999999946e-01
3.573333333333333361e-01
3.577333333333333476e-01
3.587333333333333485e-01
3.592666666666666786e-01
3.595333333333333159e-01
3.599333333333333274e-01
3.599999999999999867e-01
3.606666666666666909e-01
3.612666666666666804e-01
3.615999999999999770e-01
3.622000000000000219e-01
3.626666666666666927e-01
3.632666666666666822e-01
3.635999999999999788e-01
3.644000000000000017e-01
3.647333333333333538e-01
3.651333333333333098e-01
3.657333333333333547e-01
3.658666666666666734e-01
3.661333333333333107e-01
3.662666666666666848e-01
3.668666666666666742e-01
3.674000000000000044e-01
3.679999999999999938e-01
3.682666666666666866e-01
3.686666666666666425e-01
3.691999999999999726e-01
3.700666666666666549e-01
3.708000000000000185e-01
3.709333333333333371e-01
3.712666666666666893e-01
3.719999999999999973e-01
3.724666666666666681e-01
3.731999999999999762e-01
3.739333333333333398e-01
3.741333333333333178e-01
3.744666666666666699e-01
3.750666666666666593e-01
3.754000000000000115e-01
3.758000000000000229e-01
3.762666666666666937e-01
3.765333333333333310e-01
3.771333333333333204e-01
3.776666666666666505e-01
3.779333333333333433e-01
3.783333333333333548e-01
3.788000000000000256e-01
3.790666666666666629e-01
3.794000000000000150e-01
3.798000000000000265e-01
3.802666666666666417e-01
3.806666666666666532e-01
3.812666666666666426e-01
3.814666666666666761e-01
3.816666666666666541e-01
3.818666666666666876e-01
3.825333333333333363e-01
3.824000000000000177e-01
3.827999999999999736e-01
3.831333333333333258e-01
3.835999999999999965e-01
3.841333333333333266e-01
3.845999999999999974e-01
3.850666666666666682e-01
3.854000000000000203e-01
3.857999999999999763e-01
3.864000000000000212e-01
3.867333333333333178e-01
3.872666666666666480e-01
3.877333333333333187e-01
3.880000000000000115e-01
3.882666666666666488e-01
3.886666666666666603e-01
3.891999999999999904e-01
3.893333333333333091e-01
3.894666666666666832e-01
3.898666666666666392e-01
3.903333333333333099e-01
3.906666666666666621e-01
3.907999999999999807e-01
3.913333333333333108e-01
3.915333333333333443e-01
3.921999999999999931e-01
3.925333333333333452e-01
3.928666666666666418e-01
3.927999999999999825e-01
3.933333333333333126e-01
3.940000000000000169e-01
3.943333333333333135e-01
3.946000000000000063e-01
3.949333333333333584e-01
3.951999999999999957e-01
3.960000000000000187e-01
3.962666666666666559e-01
3.966666666666666674e-01
3.968666666666666454e-01
3.970000000000000195e-01
3.971333333333333382e-01
3.975333333333333496e-01
3.977333333333333276e-01
3.979333333333333056e-01
3.982666666666666577e-01
3.989333333333333065e-01
3.993333333333333179e-01
3.996000000000000107e-01
4.003999999999999782e-01
4.007333333333333303e-01
4.010000000000000231e-01
4.013999999999999790e-01
4.013999999999999790e-01
4.016666666666666718e-01
4.021333333333333426e-01
4.022666666666666613e-01
4.023333333333333206e-01
4.025333333333333541e-01
4.029333333333333100e-01
4.030666666666666842e-01
4.031333333333333435e-01
4.033999999999999808e-01
4.036666666666666736e-01
4.040000000000000258e-01
4.042000000000000037e-01
4.045333333333333559e-01
4.048666666666666525e-01
4.051333333333333453e-01
4.053333333333333233e-01
4.054666666666666419e-01
4.058666666666666534e-01
4.060000000000000275e-01
4.060666666666666869e-01
4.063999999999999835e-01
4.067333333333333356e-01
4.068666666666666543e-01
4.073333333333333250e-01
4.072666666666666657e-01
4.076666666666666772e-01
4.078666666666666551e-01
4.079999999999999738e-01
4.082000000000000073e-01
4.083333333333333259e-01
4.086000000000000187e-01
4.092666666666666675e-01
4.096000000000000196e-01
4.096666666666666790e-01
4.096000000000000196e-01
4.098666666666666569e-01
4.101333333333333497e-01
4.103333333333333277e-01
4.107333333333333392e-01
4.107999999999999985e-01
4.110666666666666913e-01
4.108666666666666578e-01
4.112000000000000099e-01
4.113333333333333286e-01
4.115333333333333066e-01
4.117999999999999994e-01
4.119333333333333180e-01
4.124666666666666481e-01
4.126000000000000223e-01
4.128000000000000003e-01
4.132000000000000117e-01
4.133999999999999897e-01
4.136000000000000232e-01
4.136666666666666825e-01
4.138666666666666605e-01
4.141333333333333533e-01
4.140666666666666940e-01
4.143333333333333313e-01
4.143333333333333313e-01
4.146000000000000241e-01
4.146666666666666834e-01
4.148666666666666614e-01
4.148000000000000020e-01
4.150666666666666393e-01
4.152000000000000135e-01
4.158000000000000029e-01
4.158666666666666623e-01
4.163333333333333330e-01
4.165333333333333110e-01
4.167333333333333445e-01
4.172666666666666746e-01
4.173999999999999932e-01
4.173999999999999932e-01
4.176000000000000267e-01
4.176000000000000267e-01
4.178000000000000047e-01
4.180666666666666420e-01
4.183999999999999941e-01
4.185333333333333128e-01
4.188000000000000056e-01
4.193999999999999950e-01
4.196666666666666878e-01
4.199999999999999845e-01
4.202000000000000179e-01
4.203999999999999959e-01
4.205333333333333146e-01
4.205999999999999739e-01
4.207333333333333480e-01
4.209999999999999853e-01
4.212000000000000188e-01
4.213999999999999968e-01
4.212000000000000188e-01
4.213999999999999968e-01
4.216666666666666896e-01
4.218000000000000083e-01
4.221333333333333604e-01
4.222666666666666790e-01
4.223333333333333384e-01
4.222666666666666790e-01
4.228666666666666685e-01
4.230666666666666464e-01
4.231333333333333058e-01
4.229999999999999871e-01
4.232666666666666799e-01
4.238666666666666694e-01
4.242000000000000215e-01
4.243333333333333401e-01
4.245333333333333181e-01
4.248666666666666702e-01
4.252000000000000224e-01
4.253333333333333410e-01
4.254666666666666597e-01
4.255333333333333190e-01
4.259333333333333305e-01
4.264666666666666606e-01
4.270666666666666500e-01
4.273333333333333428e-01
4.278000000000000136e-01
4.281333333333333102e-01
4.279999999999999916e-01
4.283333333333333437e-01
4.285999999999999810e-01
4.288666666666666738e-01
4.289999999999999925e-01
4.292666666666666853e-01
4.293333333333333446e-01
4.297333333333333560e-01
4.295999999999999819e-01
4.297333333333333560e-01
4.298000000000000154e-01
4.299333333333333340e-01
4.298000000000000154e-01
4.299333333333333340e-01
4.304000000000000048e-01
4.304000000000000048e-01
4.306666666666666421e-01
4.307333333333333569e-01
4.309999999999999942e-01
4.310666666666666536e-01
4.312666666666666870e-01
4.309999999999999942e-01
4.312666666666666870e-01
4.320666666666666544e-01
4.319333333333333358e-01
4.318666666666666765e-01
4.320666666666666544e-01
4.324000000000000066e-01
4.325333333333333252e-01
4.325333333333333252e-01
4.327333333333333587e-01
4.328000000000000180e-01
4.331999999999999740e-01
4.334000000000000075e-01
4.335999999999999854e-01
4.338000000000000189e-01
4.338666666666666782e-01
4.343333333333333490e-01
4.345999999999999863e-01
4.347333333333333605e-01
4.348000000000000198e-01
4.350666666666666571e-01
4.353333333333333499e-01
4.352666666666666906e-01
4.355999999999999872e-01
4.355999999999999872e-01
4.358666666666666800e-01
4.359999999999999987e-01
4.361333333333333173e-01
4.360666666666666580e-01
4.364000000000000101e-01
4.369999999999999996e-01
4.369999999999999996e-01
4.371999999999999775e-01
4.374666666666666703e-01
4.376666666666666483e-01
4.375999999999999890e-01
4.378000000000000225e-01
4.379333333333333411e-01
4.380000000000000004e-01
4.381333333333333191e-01
4.384666666666666712e-01
4.385333333333333306e-01
4.388666666666666827e-01
4.390666666666666607e-01
4.391999999999999793e-01
4.394000000000000128e-01
4.393333333333333535e-01
4.395333333333333314e-01
4.398000000000000242e-01
4.399333333333333429e-01
4.402666666666666395e-01
4.402666666666666395e-01
4.404666666666666730e-01
4.405333333333333323e-01
4.407333333333333103e-01
4.408000000000000251e-01
4.410000000000000031e-01
4.410000000000000031e-01
4.411333333333333218e-01
4.415999999999999925e-01
4.416666666666666519e-01
4.420000000000000040e-01
4.421333333333333226e-01
4.421333333333333226e-01
4.422666666666666413e-01
4.423333333333333561e-01
4.425333333333333341e-01
4.424666666666666748e-01
4.428000000000000269e-01
4.429333333333333456e-01
4.429333333333333456e-01
4.435333333333333350e-01
4.438666666666666871e-01
4.440000000000000058e-01
4.440666666666666651e-01
4.441999999999999837e-01
4.439333333333333464e-01
4.441333333333333244e-01
4.444666666666666766e-01
4.446666666666666545e-01
4.450666666666666660e-01
4.450666666666666660e-01
4.452666666666666440e-01
4.454666666666666774e-01
4.456666666666666554e-01
4.460000000000000075e-01
4.461333333333333262e-01
4.464666666666666783e-01
4.470000000000000084e-01
4.470666666666666678e-01
4.471333333333333271e-01
4.471999999999999864e-01
4.474666666666666792e-01
4.476666666666666572e-01
4.478666666666666907e-01
4.479333333333333500e-01
4.482666666666666466e-01
4.481999999999999873e-01
4.481999999999999873e-01
4.484000000000000208e-01
4.485999999999999988e-01
4.484666666666666801e-01
4.483333333333333059e-01
4.487333333333333174e-01
4.486666666666666581e-01
4.486666666666666581e-01
4.488666666666666916e-01
4.490000000000000102e-01
4.489333333333333509e-01
4.489333333333333509e-01
4.491999999999999882e-01
4.488666666666666916e-01
4.491333333333333289e-01
4.494000000000000217e-01
4.495999999999999996e-01
4.494000000000000217e-01
4.495999999999999996e-01
4.497999999999999776e-01
4.500000000000000111e-01
4.501999999999999891e-01
4.500000000000000111e-01
4.501999999999999891e-01
4.500666666666666704e-01
4.501999999999999891e-01
4.502666666666666484e-01
4.503333333333333077e-01
4.505333333333333412e-01
4.506666666666666599e-01
4.507333333333333192e-01
4.505333333333333412e-01
4.506666666666666599e-01
4.508666666666666933e-01
4.510666666666666713e-01
4.511333333333333306e-01
4.512666666666666493e-01
4.511999999999999900e-01
4.513333333333333086e-01
4.516000000000000014e-01
4.516000000000000014e-01
4.519333333333333536e-01
4.520666666666666722e-01
4.522666666666666502e-01
4.521999999999999909e-01
4.524000000000000243e-01
4.524666666666666837e-01
4.525333333333333430e-01
4.527333333333333210e-01
4.528666666666666396e-01
4.527999999999999803e-01
4.526000000000000023e-01
4.526666666666666616e-01
4.530000000000000138e-01
4.531333333333333324e-01
4.530666666666666731e-01
4.533333333333333104e-01
4.534000000000000252e-01
4.534666666666666845e-01
4.535333333333333439e-01
4.537999999999999812e-01
4.537999999999999812e-01
4.538666666666666405e-01
4.538666666666666405e-01
4.542666666666666520e-01
4.543333333333333113e-01
4.544666666666666854e-01
4.541333333333333333e-01
4.544000000000000261e-01
4.546000000000000041e-01
4.547333333333333227e-01
4.547999999999999821e-01
4.548666666666666414e-01
4.550666666666666749e-01
4.551333333333333342e-01
4.551333333333333342e-01
4.551333333333333342e-01
4.550666666666666749e-01
4.550000000000000155e-01
4.552666666666666528e-01
4.555333333333333456e-01
4.558666666666666423e-01
4.558666666666666423e-01
4.560666666666666758e-01
4.562666666666666537e-01
4.561999999999999944e-01
4.565333333333333465e-01
4.567333333333333245e-01
4.567999999999999838e-01
4.567999999999999838e-01
4.568666666666666432e-01
4.570000000000000173e-01
4.571999999999999953e-01
4.572666666666666546e-01
4.572666666666666546e-01
4.574666666666666881e-01
4.577333333333333254e-01
4.576666666666666661e-01
4.577333333333333254e-01
4.580666666666666775e-01
4.583999999999999742e-01
4.584666666666666890e-01
4.583999999999999742e-01
4.585333333333333483e-01
4.587333333333333263e-01
4.591333333333333377e-01
4.592666666666666564e-01
4.593333333333333157e-01
4.593999999999999750e-01
4.594666666666666899e-01
4.597333333333333272e-01
4.598666666666666458e-01
4.598666666666666458e-01
4.599333333333333607e-01
4.600666666666666793e-01
4.603333333333333166e-01
4.603333333333333166e-01
4.604666666666666908e-01
4.603999999999999759e-01
4.604666666666666908e-01
4.606000000000000094e-01
4.607333333333333281e-01
4.611333333333333395e-01
4.612666666666666582e-01
4.611333333333333395e-01
4.613333333333333175e-01
4.616000000000000103e-01
4.619333333333333069e-01
4.617999999999999883e-01
4.620000000000000218e-01
4.622666666666666591e-01
4.621333333333333404e-01
4.620000000000000218e-01
4.620666666666666811e-01
4.621333333333333404e-01
4.622666666666666591e-01
4.625333333333333519e-01
4.625333333333333519e-01
4.627333333333333298e-01
4.628666666666666485e-01
4.628666666666666485e-01
4.627999999999999892e-01
4.630000000000000226e-01
4.630666666666666820e-01
4.632666666666666599e-01
4.634666666666666934e-01
4.636000000000000121e-01
4.634666666666666934e-01
4.636000000000000121e-01
4.637333333333333307e-01
4.637999999999999901e-01
4.638666666666666494e-01
4.637999999999999901e-01
4.640000000000000235e-01
4.641333333333333422e-01
4.643999999999999795e-01
4.643999999999999795e-01
4.643999999999999795e-01
4.648666666666666503e-01
4.647999999999999909e-01
4.646666666666666723e-01
4.648666666666666503e-01
4.646666666666666723e-01
4.646666666666666723e-01
4.647999999999999909e-01
4.645333333333333536e-01
4.643333333333333202e-01
4.643999999999999795e-01
4.646666666666666723e-01
4.646666666666666723e-01
4.646666666666666723e-01
4.647999999999999909e-01
4.649333333333333096e-01
4.650666666666666837e-01
4.652000000000000024e-01
4.653333333333333210e-01
4.655333333333333545e-01
4.655333333333333545e-01
4.657333333333333325e-01
4.657999999999999918e-01
4.660000000000000253e-01
4.661333333333333440e-01
4.664666666666666406e-01
4.665333333333333554e-01
4.666000000000000147e-01
4.667999999999999927e-01
4.667333333333333334e-01
4.668666666666666520e-01
4.668666666666666520e-01
4.667999999999999927e-01
4.667333333333333334e-01
4.667999999999999927e-01
4.670000000000000262e-01
4.671333333333333449e-01
4.670666666666666855e-01
4.672000000000000042e-01
4.673333333333333228e-01
4.673333333333333228e-01
4.675333333333333563e-01
4.674666666666666415e-01
4.676000000000000156e-01
4.675333333333333563e-01
4.676666666666666750e-01
4.676666666666666750e-01
4.680000000000000271e-01
4.681333333333333457e-01
4.681333333333333457e-01
4.680666666666666864e-01
4.677999999999999936e-01
4.678666666666666529e-01
4.680000000000000271e-01
4.682666666666666644e-01
4.683333333333333237e-01
4.680666666666666864e-01
4.682666666666666644e-01
4.683333333333333237e-01
4.683999999999999830e-01
4.683999999999999830e-01
4.685333333333333572e-01
4.687333333333333352e-01
4.688666666666666538e-01
4.690666666666666873e-01
4.691333333333333466e-01
4.689999999999999725e-01
4.687999999999999945e-01
4.692000000000000060e-01
4.692000000000000060e-01
4.692666666666666653e-01
4.694666666666666432e-01
4.692666666666666653e-01
4.694666666666666432e-01
4.696000000000000174e-01
4.697333333333333361e-01
4.698666666666666547e-01
4.699333333333333140e-01
4.699999999999999734e-01
4.699333333333333140e-01
4.699999999999999734e-01
4.703999999999999848e-01
4.703333333333333255e-01
4.704666666666666441e-01
4.706000000000000183e-01
4.703333333333333255e-01
4.705333333333333590e-01
4.706000000000000183e-01
4.706000000000000183e-01
4.709333333333333149e-01
4.709999999999999742e-01
4.710666666666666891e-01
4.712666666666666671e-01
4.713333333333333264e-01
4.712666666666666671e-01
4.713333333333333264e-01
4.714666666666666450e-01
4.714666666666666450e-01
4.715333333333333599e-01
4.717999999999999972e-01
4.719333333333333158e-01
4.720666666666666900e-01
4.722666666666666679e-01
4.723999999999999866e-01
4.723999999999999866e-01
4.724666666666666459e-01
4.727333333333333387e-01
4.727999999999999980e-01
4.728666666666666574e-01
4.730666666666666909e-01
4.729999999999999760e-01
4.730666666666666909e-01
4.732000000000000095e-01
4.734666666666666468e-01
4.733333333333333282e-01
4.733999999999999875e-01
4.736666666666666803e-01
4.739333333333333176e-01
4.740666666666666917e-01
4.741333333333333511e-01
4.738666666666666583e-01
4.742666666666666697e-01
4.742000000000000104e-01
4.740666666666666917e-01
4.739999999999999769e-01
4.742666666666666697e-01
4.744666666666666477e-01
4.744666666666666477e-01
4.745333333333333070e-01
4.747333333333333405e-01
4.750666666666666926e-01
4.752000000000000113e-01
4.752000000000000113e-01
4.753333333333333299e-01
4.753333333333333299e-01
4.752666666666666706e-01
4.753999999999999893e-01
4.756000000000000227e-01
4.758000000000000007e-01
4.758000000000000007e-01
4.759999999999999787e-01
4.759999999999999787e-01
4.760666666666666935e-01
4.759999999999999787e-01
4.759333333333333194e-01
4.760666666666666935e-01
4.762666666666666715e-01
4.762000000000000122e-01
4.764666666666666495e-01
4.765333333333333088e-01
4.767333333333333423e-01
4.769999999999999796e-01
4.771333333333333537e-01
4.770666666666666944e-01
4.771333333333333537e-01
4.772000000000000131e-01
4.772000000000000131e-01
4.771333333333333537e-01
4.772000000000000131e-01
4.772666666666666724e-01
4.773333333333333317e-01
4.776666666666666838e-01
4.778000000000000025e-01
4.778666666666666618e-01
4.777333333333333432e-01
4.778000000000000025e-01
4.777333333333333432e-01
4.777333333333333432e-01
4.781333333333333546e-01
4.782666666666666733e-01
