3.162666666666666404e-01
3.177333333333333121e-01
3.187333333333333130e-01
3.195333333333333359e-01
3.204666666666666774e-01
3.213333333333333597e-01
3.218666666666666898e-01
3.225999999999999979e-01
3.235333333333333394e-01
3.243333333333333068e-01
3.251999999999999891e-01
3.259333333333333527e-01
3.269333333333333536e-01
3.278666666666666396e-01
3.284000000000000252e-01
3.294666666666666854e-01
3.300000000000000155e-01
3.312666666666666537e-01
3.322666666666666546e-01
3.330000000000000182e-01
3.336000000000000076e-01
3.342666666666666564e-01
3.350666666666666793e-01
3.357999999999999874e-01
3.367333333333333290e-01
3.373333333333333184e-01
3.382666666666666599e-01
3.386666666666666714e-01
3.392000000000000015e-01
3.400000000000000244e-01
3.404666666666666397e-01
3.413333333333333219e-01
3.424666666666666415e-01
3.430666666666666864e-01
3.433999999999999830e-01
3.444666666666666432e-01
3.445333333333333581e-01
3.457999999999999963e-01
3.467333333333333378e-01
3.476000000000000201e-01
3.479333333333333167e-01
3.482666666666666688e-01
3.489999999999999769e-01
3.498666666666666591e-01
3.501333333333333520e-01
3.509333333333333194e-01
3.513333333333333308e-01
3.522000000000000131e-01
3.526000000000000245e-01
3.535333333333333106e-01
3.538666666666666627e-01
3.542666666666666742e-01
3.550666666666666416e-01
3.554666666666666530e-01
3.560666666666666424e-01
3.565333333333333132e-01
3.572000000000000175e-01
3.578666666666666663e-01
3.588000000000000078e-01
3.593333333333333379e-01
3.594666666666666566e-01
3.599999999999999867e-01
3.599999999999999867e-01
3.608666666666666689e-01
3.612666666666666804e-01
3.618000000000000105e-01
3.621333333333333071e-01
3.626666666666666927e-01
3.633333333333333415e-01
3.637333333333333529e-01
3.644000000000000017e-01
3.645999999999999797e-01
3.649333333333333318e-01
3.654666666666666619e-01
3.658666666666666734e-01
3.664000000000000035e-01
3.666666666666666408e-01
3.670666666666666522e-01
3.674666666666666637e-01
3.679333333333333345e-01
3.684666666666666646e-01
3.688000000000000167e-01
3.692666666666666875e-01
3.700666666666666549e-01
3.709333333333333371e-01
3.710666666666666558e-01
3.715333333333333266e-01
3.720666666666666567e-01
3.724000000000000088e-01
3.734000000000000097e-01
3.738666666666666805e-01
3.742666666666666919e-01
3.745999999999999885e-01
3.751999999999999780e-01
3.755333333333333301e-01
3.758666666666666822e-01
3.764000000000000123e-01
3.766666666666666496e-01
3.771333333333333204e-01
3.775333333333333319e-01
3.779333333333333433e-01
3.785333333333333328e-01
3.788666666666666849e-01
3.792666666666666409e-01
3.793333333333333557e-01
3.798666666666666858e-01
3.804000000000000159e-01
3.808000000000000274e-01
3.811333333333333240e-01
3.814666666666666761e-01
3.815333333333333354e-01
3.820000000000000062e-01
3.823333333333333584e-01
3.825999999999999956e-01
3.831999999999999851e-01
3.835999999999999965e-01
3.838666666666666893e-01
3.840000000000000080e-01
3.845999999999999974e-01
3.850666666666666682e-01
3.854000000000000203e-01
3.858666666666666911e-01
3.864666666666666806e-01
3.867999999999999772e-01
3.873333333333333073e-01
3.875333333333333408e-01
3.880666666666666709e-01
3.881999999999999895e-01
3.885333333333333417e-01
3.890666666666666718e-01
3.891333333333333311e-01
3.895333333333333425e-01
3.900000000000000133e-01
3.904000000000000248e-01
3.904000000000000248e-01
3.911999999999999922e-01
3.911999999999999922e-01
3.916000000000000036e-01
3.924666666666666859e-01
3.926000000000000045e-01
3.927333333333333232e-01
3.927999999999999825e-01
3.931999999999999940e-01
3.938666666666666427e-01
3.942666666666666542e-01
3.943999999999999728e-01
3.948666666666666436e-01
3.952666666666666551e-01
3.960000000000000187e-01
3.964666666666666894e-01
3.966666666666666674e-01
3.967999999999999861e-01
3.971333333333333382e-01
3.971999999999999975e-01
3.975333333333333496e-01
3.977333333333333276e-01
3.979333333333333056e-01
3.981999999999999984e-01
3.990000000000000213e-01
3.996000000000000107e-01
3.999333333333333074e-01
4.005333333333333523e-01
4.005333333333333523e-01
4.010000000000000231e-01
4.013999999999999790e-01
4.013999999999999790e-01
4.017333333333333312e-01
4.022000000000000020e-01
4.022666666666666613e-01
4.024666666666666393e-01
4.026666666666666727e-01
4.030666666666666842e-01
4.030666666666666842e-01
4.032000000000000028e-01
4.035333333333333550e-01
4.036666666666666736e-01
4.040666666666666851e-01
4.042666666666666631e-01
4.043999999999999817e-01
4.049333333333333118e-01
4.050666666666666860e-01
4.052000000000000046e-01
4.056000000000000161e-01
4.057333333333333347e-01
4.059333333333333127e-01
4.058666666666666534e-01
4.063999999999999835e-01
4.067999999999999949e-01
4.071333333333333471e-01
4.074666666666666437e-01
4.073999999999999844e-01
4.078666666666666551e-01
4.079999999999999738e-01
4.080666666666666886e-01
4.082000000000000073e-01
4.082000000000000073e-01
4.087333333333333374e-01
4.092000000000000082e-01
4.096666666666666790e-01
4.095333333333333603e-01
4.097333333333333383e-01
4.099999999999999756e-01
4.099999999999999756e-01
4.102666666666666684e-01
4.106000000000000205e-01
4.106666666666666798e-01
4.109333333333333171e-01
4.109333333333333171e-01
4.112666666666666693e-01
4.113999999999999879e-01
4.116000000000000214e-01
4.117999999999999994e-01
4.119999999999999774e-01
4.126000000000000223e-01
4.128666666666666596e-01
4.129333333333333189e-01
4.130666666666666931e-01
4.132666666666666710e-01
4.133999999999999897e-01
4.134666666666666490e-01
4.137333333333333418e-01
4.141333333333333533e-01
4.139999999999999791e-01
4.143999999999999906e-01
4.143999999999999906e-01
4.144666666666666499e-01
4.148000000000000020e-01
4.148666666666666614e-01
4.149999999999999800e-01
4.152000000000000135e-01
4.156000000000000250e-01
4.158000000000000029e-01
4.158000000000000029e-01
4.161333333333333551e-01
4.165333333333333110e-01
4.166666666666666852e-01
4.172000000000000153e-01
4.173333333333333339e-01
4.171333333333333560e-01
4.176000000000000267e-01
4.177333333333333454e-01
4.178000000000000047e-01
4.179999999999999827e-01
4.182666666666666755e-01
4.185333333333333128e-01
4.188666666666666649e-01
4.193999999999999950e-01
4.198000000000000065e-01
4.201333333333333586e-01
4.202000000000000179e-01
4.205333333333333146e-01
4.203999999999999959e-01
4.206666666666666887e-01
4.207333333333333480e-01
4.209333333333333260e-01
4.213333333333333375e-01
4.212000000000000188e-01
4.212666666666666782e-01
4.213333333333333375e-01
4.213999999999999968e-01
4.218000000000000083e-01
4.218666666666666676e-01
4.221333333333333604e-01
4.223333333333333384e-01
4.225333333333333163e-01
4.228666666666666685e-01
4.230666666666666464e-01
4.230666666666666464e-01
4.231333333333333058e-01
4.235333333333333172e-01
4.237333333333333507e-01
4.239999999999999880e-01
4.243999999999999995e-01
4.245333333333333181e-01
4.247333333333333516e-01
4.249999999999999889e-01
4.254000000000000004e-01
4.255999999999999783e-01
4.256666666666666932e-01
4.259999999999999898e-01
4.264000000000000012e-01
4.268000000000000127e-01
4.274000000000000021e-01
4.278666666666666729e-01
4.282000000000000250e-01
4.279999999999999916e-01
4.284000000000000030e-01
4.285333333333333217e-01
4.288000000000000145e-01
4.287333333333333552e-01
4.292000000000000259e-01
4.293333333333333446e-01
4.295333333333333226e-01
4.294000000000000039e-01
4.295999999999999819e-01
4.297333333333333560e-01
4.296666666666666412e-01
4.296666666666666412e-01
4.298000000000000154e-01
4.300666666666666527e-01
4.305333333333333234e-01
4.308000000000000163e-01
4.308666666666666756e-01
4.309999999999999942e-01
4.310666666666666536e-01
4.310666666666666536e-01
4.312000000000000277e-01
4.314666666666666650e-01
4.319999999999999951e-01
4.319333333333333358e-01
4.318666666666666765e-01
4.320666666666666544e-01
4.324000000000000066e-01
4.324000000000000066e-01
4.324666666666666659e-01
4.325333333333333252e-01
4.331333333333333147e-01
4.331333333333333147e-01
4.333333333333333481e-01
4.335999999999999854e-01
4.338000000000000189e-01
4.339333333333333376e-01
4.341333333333333155e-01
4.345999999999999863e-01
4.347333333333333605e-01
4.348000000000000198e-01
4.351333333333333164e-01
4.353333333333333499e-01
4.354666666666666686e-01
4.354666666666666686e-01
4.354666666666666686e-01
4.358666666666666800e-01
4.359333333333333393e-01
4.358666666666666800e-01
4.363333333333333508e-01
4.365999999999999881e-01
4.368000000000000216e-01
4.370666666666666589e-01
4.372666666666666924e-01
4.376666666666666483e-01
4.377333333333333076e-01
4.376666666666666483e-01
4.379333333333333411e-01
4.381999999999999784e-01
4.384000000000000119e-01
4.384666666666666712e-01
4.385333333333333306e-01
4.386666666666666492e-01
4.389333333333333420e-01
4.391999999999999793e-01
4.393333333333333535e-01
4.393333333333333535e-01
4.394666666666666721e-01
4.396666666666666501e-01
4.399333333333333429e-01
4.399333333333333429e-01
4.404000000000000137e-01
4.402666666666666395e-01
4.403333333333333544e-01
4.406666666666666510e-01
4.407333333333333103e-01
4.409333333333333438e-01
4.408000000000000251e-01
4.410000000000000031e-01
4.412666666666666404e-01
4.416666666666666519e-01
4.416666666666666519e-01
4.420000000000000040e-01
4.421333333333333226e-01
4.420666666666666633e-01
4.421999999999999820e-01
4.423333333333333561e-01
4.425333333333333341e-01
4.424000000000000155e-01
4.428000000000000269e-01
4.430000000000000049e-01
4.431333333333333235e-01
4.435333333333333350e-01
4.437999999999999723e-01
4.440000000000000058e-01
4.441999999999999837e-01
4.441999999999999837e-01
4.440000000000000058e-01
4.440666666666666651e-01
4.446666666666666545e-01
4.447333333333333139e-01
4.450000000000000067e-01
4.450000000000000067e-01
4.454000000000000181e-01
4.455333333333333368e-01
4.457999999999999741e-01
4.460000000000000075e-01
4.464000000000000190e-01
4.465333333333333377e-01
4.470666666666666678e-01
4.471333333333333271e-01
4.471999999999999864e-01
4.473333333333333606e-01
4.475999999999999979e-01
4.472666666666666457e-01
4.477333333333333165e-01
4.481333333333333280e-01
4.482666666666666466e-01
4.480666666666666687e-01
4.481333333333333280e-01
4.483333333333333059e-01
4.485333333333333394e-01
4.484666666666666801e-01
4.484000000000000208e-01
4.485999999999999988e-01
4.487333333333333174e-01
4.486666666666666581e-01
4.487999999999999767e-01
4.488666666666666916e-01
4.489333333333333509e-01
4.489333333333333509e-01
4.490666666666666695e-01
4.489333333333333509e-01
4.492666666666666475e-01
4.491333333333333289e-01
4.493333333333333068e-01
4.495333333333333403e-01
4.496666666666666590e-01
4.498666666666666925e-01
4.501999999999999891e-01
4.501333333333333298e-01
4.500000000000000111e-01
4.501333333333333298e-01
4.500000000000000111e-01
4.501333333333333298e-01
4.501999999999999891e-01
4.503333333333333077e-01
4.504000000000000226e-01
4.506000000000000005e-01
4.506000000000000005e-01
4.506000000000000005e-01
4.506666666666666599e-01
4.509333333333333527e-01
4.511999999999999900e-01
4.511333333333333306e-01
4.511999999999999900e-01
4.511333333333333306e-01
4.514666666666666828e-01
4.514000000000000234e-01
4.516666666666666607e-01
4.517999999999999794e-01
4.520666666666666722e-01
4.520666666666666722e-01
4.523333333333333095e-01
4.523333333333333095e-01
4.523333333333333095e-01
4.525333333333333430e-01
4.525333333333333430e-01
4.527333333333333210e-01
4.528666666666666396e-01
4.528666666666666396e-01
4.527999999999999803e-01
4.529333333333333544e-01
4.532666666666666511e-01
4.531999999999999917e-01
4.533333333333333104e-01
4.534666666666666845e-01
4.533333333333333104e-01
4.534000000000000252e-01
4.537999999999999812e-01
4.538666666666666405e-01
4.539333333333333553e-01
4.537999999999999812e-01
4.540666666666666740e-01
4.542666666666666520e-01
4.544666666666666854e-01
4.541333333333333333e-01
4.543333333333333113e-01
4.544666666666666854e-01
4.546000000000000041e-01
4.546666666666666634e-01
4.547333333333333227e-01
4.549333333333333562e-01
4.549333333333333562e-01
4.551333333333333342e-01
4.550666666666666749e-01
4.550666666666666749e-01
4.549333333333333562e-01
4.551999999999999935e-01
4.556000000000000050e-01
4.557333333333333236e-01
4.557999999999999829e-01
4.561333333333333351e-01
4.561999999999999944e-01
4.561999999999999944e-01
4.563999999999999724e-01
4.564666666666666872e-01
4.568666666666666432e-01
4.567999999999999838e-01
4.567333333333333245e-01
4.570000000000000173e-01
4.570666666666666766e-01
4.573333333333333139e-01
4.575333333333333474e-01
4.573999999999999733e-01
4.577333333333333254e-01
4.577333333333333254e-01
4.576666666666666661e-01
4.580666666666666775e-01
4.583333333333333148e-01
4.583333333333333148e-01
4.582666666666666555e-01
4.586666666666666670e-01
4.588666666666666449e-01
4.590666666666666784e-01
4.590666666666666784e-01
4.593999999999999750e-01
4.593333333333333157e-01
4.593999999999999750e-01
4.597333333333333272e-01
4.597333333333333272e-01
4.599333333333333607e-01
4.600000000000000200e-01
4.603333333333333166e-01
4.603333333333333166e-01
4.603333333333333166e-01
4.605333333333333501e-01
4.603999999999999759e-01
4.603999999999999759e-01
4.606000000000000094e-01
4.607333333333333281e-01
4.611333333333333395e-01
4.611999999999999988e-01
4.611999999999999988e-01
4.611999999999999988e-01
4.617333333333333290e-01
4.618666666666666476e-01
4.619333333333333069e-01
4.620000000000000218e-01
4.621999999999999997e-01
4.621333333333333404e-01
4.620000000000000218e-01
4.621999999999999997e-01
4.622666666666666591e-01
4.620000000000000218e-01
4.623333333333333184e-01
4.623333333333333184e-01
4.625333333333333519e-01
4.627333333333333298e-01
4.629333333333333078e-01
4.627999999999999892e-01
4.630666666666666820e-01
4.632000000000000006e-01
4.631333333333333413e-01
4.632666666666666599e-01
4.632000000000000006e-01
4.633333333333333193e-01
4.633333333333333193e-01
4.637999999999999901e-01
4.639333333333333087e-01
4.638666666666666494e-01
4.640000000000000235e-01
4.640000000000000235e-01
4.640666666666666829e-01
4.643333333333333202e-01
4.643999999999999795e-01
4.643999999999999795e-01
4.644666666666666943e-01
4.647333333333333316e-01
4.647999999999999909e-01
4.649333333333333096e-01
4.647999999999999909e-01
4.647333333333333316e-01
4.646666666666666723e-01
4.646000000000000130e-01
4.643999999999999795e-01
4.646000000000000130e-01
4.646000000000000130e-01
4.646000000000000130e-01
4.650000000000000244e-01
4.651333333333333431e-01
4.650000000000000244e-01
4.651333333333333431e-01
4.651333333333333431e-01
4.652000000000000024e-01
4.654666666666666397e-01
4.654666666666666397e-01
4.655333333333333545e-01
4.658666666666666512e-01
4.660666666666666846e-01
4.661333333333333440e-01
4.663999999999999813e-01
4.664666666666666406e-01
4.666666666666666741e-01
4.667333333333333334e-01
4.668666666666666520e-01
4.667999999999999927e-01
4.666666666666666741e-01
4.668666666666666520e-01
4.666666666666666741e-01
4.667999999999999927e-01
4.671333333333333449e-01
4.671333333333333449e-01
4.670666666666666855e-01
4.669333333333333114e-01
4.672666666666666635e-01
4.674666666666666415e-01
4.675333333333333563e-01
4.675333333333333563e-01
4.675333333333333563e-01
4.676000000000000156e-01
4.676000000000000156e-01
4.678666666666666529e-01
4.681333333333333457e-01
4.680000000000000271e-01
4.680666666666666864e-01
4.680666666666666864e-01
4.680000000000000271e-01
4.680000000000000271e-01
4.683333333333333237e-01
4.682000000000000051e-01
4.681333333333333457e-01
4.680666666666666864e-01
4.681333333333333457e-01
4.681333333333333457e-01
4.683333333333333237e-01
4.683999999999999830e-01
4.682000000000000051e-01
4.683999999999999830e-01
4.687999999999999945e-01
4.688666666666666538e-01
4.689333333333333131e-01
4.688666666666666538e-01
4.687999999999999945e-01
4.689333333333333131e-01
4.692000000000000060e-01
4.690666666666666873e-01
4.694666666666666432e-01
4.694666666666666432e-01
4.694666666666666432e-01
4.696000000000000174e-01
4.697999999999999954e-01
4.697999999999999954e-01
4.699333333333333140e-01
4.700666666666666882e-01
4.698666666666666547e-01
4.699999999999999734e-01
4.703333333333333255e-01
4.703999999999999848e-01
4.705333333333333590e-01
4.706666666666666776e-01
4.705333333333333590e-01
4.706666666666666776e-01
4.707333333333333369e-01
4.708666666666666556e-01
4.709999999999999742e-01
4.711333333333333484e-01
4.710666666666666891e-01
4.710666666666666891e-01
4.710666666666666891e-01
4.712000000000000077e-01
4.711333333333333484e-01
4.712000000000000077e-01
4.713999999999999857e-01
4.712666666666666671e-01
4.713999999999999857e-01
4.717999999999999972e-01
4.718666666666666565e-01
4.721333333333333493e-01
4.722666666666666679e-01
4.723333333333333273e-01
4.723999999999999866e-01
4.726000000000000201e-01
4.726666666666666794e-01
4.727333333333333387e-01
4.729333333333333167e-01
4.730666666666666909e-01
4.729333333333333167e-01
4.729333333333333167e-01
4.732000000000000095e-01
4.733999999999999875e-01
4.733999999999999875e-01
4.738666666666666583e-01
4.739999999999999769e-01
4.739999999999999769e-01
4.739999999999999769e-01
4.739999999999999769e-01
4.740666666666666917e-01
4.741333333333333511e-01
4.742000000000000104e-01
4.742666666666666697e-01
4.742000000000000104e-01
4.744666666666666477e-01
4.746666666666666812e-01
4.746000000000000218e-01
4.749999999999999778e-01
4.749999999999999778e-01
4.749999999999999778e-01
4.752666666666666706e-01
4.753333333333333299e-01
4.753999999999999893e-01
4.752000000000000113e-01
4.753999999999999893e-01
4.754666666666666486e-01
4.756000000000000227e-01
4.757333333333333414e-01
4.759333333333333194e-01
4.759999999999999787e-01
4.759999999999999787e-01
4.759333333333333194e-01
4.759333333333333194e-01
4.761333333333333528e-01
4.762666666666666715e-01
4.763999999999999901e-01
4.764666666666666495e-01
4.765333333333333088e-01
4.768000000000000016e-01
4.770666666666666944e-01
4.771333333333333537e-01
4.771333333333333537e-01
4.771333333333333537e-01
4.772000000000000131e-01
4.772666666666666724e-01
4.772000000000000131e-01
4.771333333333333537e-01
4.770666666666666944e-01
4.772666666666666724e-01
4.776666666666666838e-01
4.778666666666666618e-01
4.778000000000000025e-01
4.777333333333333432e-01
4.776666666666666838e-01
4.778666666666666618e-01
4.779333333333333211e-01
4.780666666666666398e-01
