3.135999999999999899e-01
3.149333333333333429e-01
3.162666666666666404e-01
3.170000000000000040e-01
3.178666666666666862e-01
3.186666666666666536e-01
3.194000000000000172e-01
3.207999999999999741e-01
3.214666666666666783e-01
3.222666666666666457e-01
3.231999999999999873e-01
3.239333333333333509e-01
3.245999999999999996e-01
3.257333333333333192e-01
3.267333333333333201e-01
3.276000000000000023e-01
3.281999999999999917e-01
3.289333333333333553e-01
3.297999999999999821e-01
3.311333333333333351e-01
3.319333333333333580e-01
3.328666666666666440e-01
3.333999999999999742e-01
3.340666666666666784e-01
3.350000000000000200e-01
3.353999999999999759e-01
3.365333333333333510e-01
3.371999999999999997e-01
3.382000000000000006e-01
3.386666666666666714e-01
3.390666666666666829e-01
3.399333333333333096e-01
3.403999999999999804e-01
3.412000000000000033e-01
3.417333333333333334e-01
3.431333333333333457e-01
3.434666666666666424e-01
3.443999999999999839e-01
3.450666666666666882e-01
3.457999999999999963e-01
3.467999999999999972e-01
3.473999999999999866e-01
3.479999999999999760e-01
3.483999999999999875e-01
3.490666666666666917e-01
3.498666666666666591e-01
3.501333333333333520e-01
3.510666666666666935e-01
3.512666666666666715e-01
3.522666666666666724e-01
3.528666666666666618e-01
3.537333333333333441e-01
3.539333333333333220e-01
3.545333333333333115e-01
3.553333333333333344e-01
3.554666666666666530e-01
3.562666666666666759e-01
3.568000000000000060e-01
3.571333333333333582e-01
3.579333333333333256e-01
3.589999999999999858e-01
3.593999999999999972e-01
3.595333333333333159e-01
3.600666666666666460e-01
3.603333333333333388e-01
3.611333333333333062e-01
3.612666666666666804e-01
3.618000000000000105e-01
3.622000000000000219e-01
3.621333333333333071e-01
3.633333333333333415e-01
3.638000000000000123e-01
3.644000000000000017e-01
3.647333333333333538e-01
3.649999999999999911e-01
3.655999999999999805e-01
3.659333333333333327e-01
3.663333333333333441e-01
3.669999999999999929e-01
3.671333333333333115e-01
3.676666666666666416e-01
3.679333333333333345e-01
3.684666666666666646e-01
3.688666666666666760e-01
3.694666666666666655e-01
3.702666666666666884e-01
3.708000000000000185e-01
3.712666666666666893e-01
3.717333333333333600e-01
3.724000000000000088e-01
3.728000000000000203e-01
3.738666666666666805e-01
3.741333333333333178e-01
3.744000000000000106e-01
3.748666666666666814e-01
3.752666666666666928e-01
3.755333333333333301e-01
3.760000000000000009e-01
3.764000000000000123e-01
3.768000000000000238e-01
3.771333333333333204e-01
3.773333333333333539e-01
3.781333333333333213e-01
3.785999999999999921e-01
3.785999999999999921e-01
3.792666666666666409e-01
3.797333333333333116e-01
3.800666666666666638e-01
3.804666666666666752e-01
3.809333333333333460e-01
3.812666666666666426e-01
3.815999999999999948e-01
3.816666666666666541e-01
3.821333333333333249e-01
3.823333333333333584e-01
3.825999999999999956e-01
3.834000000000000186e-01
3.835999999999999965e-01
3.837333333333333152e-01
3.844666666666666788e-01
3.847999999999999754e-01
3.851333333333333275e-01
3.855333333333333390e-01
3.861999999999999877e-01
3.866666666666666585e-01
3.867333333333333178e-01
3.872666666666666480e-01
3.877999999999999781e-01
3.880666666666666709e-01
3.884000000000000230e-01
3.888666666666666938e-01
3.891999999999999904e-01
3.892666666666666497e-01
3.896000000000000019e-01
3.900666666666666726e-01
3.903333333333333099e-01
3.903333333333333099e-01
3.911333333333333329e-01
3.913333333333333108e-01
3.916000000000000036e-01
3.922666666666666524e-01
3.927333333333333232e-01
3.927333333333333232e-01
3.930666666666666753e-01
3.934000000000000274e-01
3.938666666666666427e-01
3.941333333333333355e-01
3.941333333333333355e-01
3.951333333333333364e-01
3.955333333333333479e-01
3.962666666666666559e-01
3.966000000000000081e-01
3.966000000000000081e-01
3.966666666666666674e-01
3.972666666666666568e-01
3.973333333333333162e-01
3.974666666666666903e-01
3.976666666666666683e-01
3.981999999999999984e-01
3.986000000000000099e-01
3.990666666666666806e-01
3.995333333333333514e-01
4.002000000000000002e-01
4.006000000000000116e-01
4.008666666666666489e-01
4.012000000000000011e-01
4.013999999999999790e-01
4.015333333333333532e-01
4.020000000000000240e-01
4.020666666666666833e-01
4.022666666666666613e-01
4.023999999999999799e-01
4.026666666666666727e-01
4.027333333333333321e-01
4.027999999999999914e-01
4.030666666666666842e-01
4.034666666666666401e-01
4.035333333333333550e-01
4.040666666666666851e-01
4.042666666666666631e-01
4.046666666666666745e-01
4.048666666666666525e-01
4.051333333333333453e-01
4.053333333333333233e-01
4.056000000000000161e-01
4.058666666666666534e-01
4.059333333333333127e-01
4.060000000000000275e-01
4.065333333333333576e-01
4.069333333333333136e-01
4.070666666666666877e-01
4.072000000000000064e-01
4.073999999999999844e-01
4.077333333333333365e-01
4.079333333333333145e-01
4.080666666666666886e-01
4.082000000000000073e-01
4.085333333333333594e-01
4.089333333333333154e-01
4.090666666666666895e-01
4.095333333333333603e-01
4.096000000000000196e-01
4.094666666666666455e-01
4.100666666666666904e-01
4.099999999999999756e-01
4.103333333333333277e-01
4.106000000000000205e-01
4.107999999999999985e-01
4.107333333333333392e-01
4.107333333333333392e-01
4.112000000000000099e-01
4.113999999999999879e-01
4.116000000000000214e-01
4.118666666666666587e-01
4.124666666666666481e-01
4.126000000000000223e-01
4.128666666666666596e-01
4.130666666666666931e-01
4.132000000000000117e-01
4.132000000000000117e-01
4.135333333333333083e-01
4.138000000000000012e-01
4.139999999999999791e-01
4.139999999999999791e-01
4.143333333333333313e-01
4.143999999999999906e-01
4.146000000000000241e-01
4.147333333333333427e-01
4.148666666666666614e-01
4.149999999999999800e-01
4.150666666666666393e-01
4.152666666666666728e-01
4.158000000000000029e-01
4.159999999999999809e-01
4.161333333333333551e-01
4.163333333333333330e-01
4.165333333333333110e-01
4.168666666666666631e-01
4.168000000000000038e-01
4.170666666666666411e-01
4.172666666666666746e-01
4.175333333333333119e-01
4.176666666666666861e-01
4.176666666666666861e-01
4.177333333333333454e-01
4.181333333333333568e-01
4.183999999999999941e-01
4.187333333333333463e-01
4.192000000000000171e-01
4.195333333333333137e-01
4.199999999999999845e-01
4.202000000000000179e-01
4.203333333333333366e-01
4.205999999999999739e-01
4.204666666666666552e-01
4.204666666666666552e-01
4.209999999999999853e-01
4.213333333333333375e-01
4.209999999999999853e-01
4.213999999999999968e-01
4.213999999999999968e-01
4.215999999999999748e-01
4.217333333333333489e-01
4.221333333333333604e-01
4.223333333333333384e-01
4.220666666666666456e-01
4.227333333333333498e-01
4.229333333333333278e-01
4.229999999999999871e-01
4.229999999999999871e-01
4.233333333333333393e-01
4.238666666666666694e-01
4.238000000000000100e-01
4.239999999999999880e-01
4.245333333333333181e-01
4.245999999999999774e-01
4.250666666666666482e-01
4.251333333333333075e-01
4.254000000000000004e-01
4.252666666666666817e-01
4.258000000000000118e-01
4.261333333333333084e-01
4.265333333333333199e-01
4.269999999999999907e-01
4.276666666666666394e-01
4.278666666666666729e-01
4.279999999999999916e-01
4.280666666666666509e-01
4.283333333333333437e-01
4.284000000000000030e-01
4.286666666666666403e-01
4.288666666666666738e-01
4.291333333333333111e-01
4.292666666666666853e-01
4.296666666666666412e-01
4.295999999999999819e-01
4.296666666666666412e-01
4.296666666666666412e-01
4.298000000000000154e-01
4.299333333333333340e-01
4.299333333333333340e-01
4.304000000000000048e-01
4.306666666666666421e-01
4.307333333333333569e-01
4.308666666666666756e-01
4.309999999999999942e-01
4.311333333333333129e-01
4.308666666666666756e-01
4.313333333333333464e-01
4.315999999999999837e-01
4.318666666666666765e-01
4.318000000000000171e-01
4.318666666666666765e-01
4.321333333333333138e-01
4.319333333333333358e-01
4.323333333333333472e-01
4.324000000000000066e-01
4.328666666666666774e-01
4.330666666666666553e-01
4.331999999999999740e-01
4.335333333333333261e-01
4.335333333333333261e-01
4.338666666666666782e-01
4.342666666666666897e-01
4.341999999999999749e-01
4.345333333333333270e-01
4.345999999999999863e-01
4.351333333333333164e-01
4.350666666666666571e-01
4.352666666666666906e-01
4.354666666666666686e-01
4.357333333333333059e-01
4.356666666666666465e-01
4.358666666666666800e-01
4.359333333333333393e-01
4.359333333333333393e-01
4.364000000000000101e-01
4.367333333333333067e-01
4.368666666666666809e-01
4.370666666666666589e-01
4.373333333333333517e-01
4.375333333333333297e-01
4.376666666666666483e-01
4.378000000000000225e-01
4.381333333333333191e-01
4.383333333333333526e-01
4.384000000000000119e-01
4.384000000000000119e-01
4.385333333333333306e-01
4.385999999999999899e-01
4.390666666666666607e-01
4.393333333333333535e-01
4.394666666666666721e-01
4.393333333333333535e-01
4.395333333333333314e-01
4.396666666666666501e-01
4.397333333333333094e-01
4.401333333333333209e-01
4.400000000000000022e-01
4.401333333333333209e-01
4.403333333333333544e-01
4.405333333333333323e-01
4.408000000000000251e-01
4.408000000000000251e-01
4.408000000000000251e-01
4.409333333333333438e-01
4.413333333333333552e-01
4.416666666666666519e-01
4.419333333333333447e-01
4.418000000000000260e-01
4.418666666666666853e-01
4.420666666666666633e-01
4.422666666666666413e-01
4.422666666666666413e-01
4.424000000000000155e-01
4.424000000000000155e-01
4.424666666666666748e-01
4.426666666666666528e-01
4.429333333333333456e-01
4.435999999999999943e-01
4.437999999999999723e-01
4.438666666666666871e-01
4.439333333333333464e-01
4.437333333333333130e-01
4.436666666666666536e-01
4.441999999999999837e-01
4.444000000000000172e-01
4.448666666666666880e-01
4.449333333333333473e-01
4.450666666666666660e-01
4.453333333333333588e-01
4.453333333333333588e-01
4.459333333333333482e-01
4.462666666666666448e-01
4.463333333333333597e-01
4.470000000000000084e-01
4.470666666666666678e-01
4.471333333333333271e-01
4.471333333333333271e-01
4.474000000000000199e-01
4.474666666666666792e-01
4.474666666666666792e-01
4.477333333333333165e-01
4.479333333333333500e-01
4.479333333333333500e-01
4.481333333333333280e-01
4.482666666666666466e-01
4.484000000000000208e-01
4.484000000000000208e-01
4.485999999999999988e-01
4.484000000000000208e-01
4.485333333333333394e-01
4.485333333333333394e-01
4.486666666666666581e-01
4.487333333333333174e-01
4.487999999999999767e-01
4.488666666666666916e-01
4.487333333333333174e-01
4.490000000000000102e-01
4.487333333333333174e-01
4.491999999999999882e-01
4.493333333333333068e-01
4.494666666666666810e-01
4.495999999999999996e-01
4.498666666666666925e-01
4.499333333333333518e-01
4.500000000000000111e-01
4.500000000000000111e-01
4.500666666666666704e-01
4.501333333333333298e-01
4.501333333333333298e-01
4.499333333333333518e-01
4.501999999999999891e-01
4.502666666666666484e-01
4.505333333333333412e-01
4.504666666666666819e-01
4.504666666666666819e-01
4.505333333333333412e-01
4.505333333333333412e-01
4.508666666666666933e-01
4.510666666666666713e-01
4.511333333333333306e-01
4.511999999999999900e-01
4.510000000000000120e-01
4.513333333333333086e-01
4.514000000000000234e-01
4.518666666666666942e-01
4.517999999999999794e-01
4.520666666666666722e-01
4.521333333333333315e-01
4.521333333333333315e-01
4.521999999999999909e-01
4.523333333333333095e-01
4.523333333333333095e-01
4.524666666666666837e-01
4.526666666666666616e-01
4.527999999999999803e-01
4.526666666666666616e-01
4.531333333333333324e-01
4.533333333333333104e-01
4.532666666666666511e-01
4.531999999999999917e-01
4.531999999999999917e-01
4.534666666666666845e-01
4.535333333333333439e-01
4.537999999999999812e-01
4.540666666666666740e-01
4.540666666666666740e-01
4.540000000000000147e-01
4.538666666666666405e-01
4.541999999999999926e-01
4.541999999999999926e-01
4.541999999999999926e-01
4.541999999999999926e-01
4.544666666666666854e-01
4.544666666666666854e-01
4.545333333333333448e-01
4.546666666666666634e-01
4.546666666666666634e-01
4.547333333333333227e-01
4.547333333333333227e-01
4.550000000000000155e-01
4.550000000000000155e-01
4.552666666666666528e-01
4.554666666666666863e-01
4.554000000000000270e-01
4.557333333333333236e-01
4.556000000000000050e-01
4.560000000000000164e-01
4.559333333333333571e-01
4.560666666666666758e-01
4.563333333333333131e-01
4.563999999999999724e-01
4.566000000000000059e-01
4.567333333333333245e-01
4.566666666666666652e-01
4.567333333333333245e-01
4.569333333333333580e-01
4.571999999999999953e-01
4.573999999999999733e-01
4.574666666666666881e-01
4.576000000000000068e-01
4.579333333333333589e-01
4.577999999999999847e-01
4.577999999999999847e-01
4.581999999999999962e-01
4.581999999999999962e-01
4.583999999999999742e-01
4.585333333333333483e-01
4.587333333333333263e-01
4.589333333333333598e-01
4.591333333333333377e-01
4.590666666666666784e-01
4.592666666666666564e-01
4.593333333333333157e-01
4.596000000000000085e-01
4.596666666666666679e-01
4.597999999999999865e-01
4.600000000000000200e-01
4.601333333333333386e-01
4.602666666666666573e-01
4.603999999999999759e-01
4.605333333333333501e-01
4.603999999999999759e-01
4.603999999999999759e-01
4.605333333333333501e-01
4.607333333333333281e-01
4.608666666666666467e-01
4.610666666666666802e-01
4.611333333333333395e-01
4.608666666666666467e-01
4.611333333333333395e-01
4.616000000000000103e-01
4.617999999999999883e-01
4.616666666666666696e-01
4.621333333333333404e-01
4.620000000000000218e-01
4.620000000000000218e-01
4.620666666666666811e-01
4.621333333333333404e-01
4.620000000000000218e-01
4.620000000000000218e-01
4.625333333333333519e-01
4.623999999999999777e-01
4.626000000000000112e-01
4.628666666666666485e-01
4.630666666666666820e-01
4.628666666666666485e-01
4.630000000000000226e-01
4.631333333333333413e-01
4.632000000000000006e-01
4.632000000000000006e-01
4.632000000000000006e-01
4.633999999999999786e-01
4.634666666666666934e-01
4.636000000000000121e-01
4.636666666666666714e-01
4.641333333333333422e-01
4.640666666666666829e-01
4.640666666666666829e-01
4.643999999999999795e-01
4.643333333333333202e-01
4.643999999999999795e-01
4.643999999999999795e-01
4.647333333333333316e-01
4.646666666666666723e-01
4.647999999999999909e-01
4.648666666666666503e-01
4.649333333333333096e-01
4.648666666666666503e-01
4.646666666666666723e-01
4.646000000000000130e-01
4.645333333333333536e-01
4.644666666666666943e-01
4.646000000000000130e-01
4.646000000000000130e-01
4.648666666666666503e-01
4.650000000000000244e-01
4.650666666666666837e-01
4.651333333333333431e-01
4.652000000000000024e-01
4.653333333333333210e-01
4.655333333333333545e-01
4.657999999999999918e-01
4.659333333333333105e-01
4.660666666666666846e-01
4.662666666666666626e-01
4.662000000000000033e-01
4.664666666666666406e-01
4.664666666666666406e-01
4.666000000000000147e-01
4.665333333333333554e-01
4.667999999999999927e-01
4.667333333333333334e-01
4.666666666666666741e-01
4.668666666666666520e-01
4.667999999999999927e-01
4.670000000000000262e-01
4.670666666666666855e-01
4.672000000000000042e-01
4.672666666666666635e-01
4.672000000000000042e-01
4.672666666666666635e-01
4.675333333333333563e-01
4.676666666666666750e-01
4.676000000000000156e-01
4.676000000000000156e-01
4.674666666666666415e-01
4.674666666666666415e-01
4.677999999999999936e-01
4.680666666666666864e-01
4.680666666666666864e-01
4.680000000000000271e-01
4.679333333333333123e-01
4.680666666666666864e-01
4.681333333333333457e-01
4.682666666666666644e-01
4.682000000000000051e-01
4.682000000000000051e-01
4.681333333333333457e-01
4.680000000000000271e-01
4.679333333333333123e-01
4.683999999999999830e-01
4.683333333333333237e-01
4.682666666666666644e-01
4.685333333333333572e-01
4.687333333333333352e-01
4.688666666666666538e-01
4.689333333333333131e-01
4.687333333333333352e-01
4.686666666666666758e-01
4.690666666666666873e-01
4.692666666666666653e-01
4.691333333333333466e-01
4.693999999999999839e-01
4.693333333333333246e-01
4.692000000000000060e-01
4.696000000000000174e-01
4.697333333333333361e-01
4.699333333333333140e-01
4.698666666666666547e-01
4.697999999999999954e-01
4.698666666666666547e-01
4.699333333333333140e-01
4.701333333333333475e-01
4.701333333333333475e-01
4.703999999999999848e-01
4.706000000000000183e-01
4.704666666666666441e-01
4.705333333333333590e-01
4.706000000000000183e-01
4.706666666666666776e-01
4.708666666666666556e-01
4.710666666666666891e-01
4.710666666666666891e-01
4.711333333333333484e-01
4.710666666666666891e-01
4.712000000000000077e-01
4.709333333333333149e-01
4.708666666666666556e-01
4.709333333333333149e-01
4.712666666666666671e-01
4.713999999999999857e-01
4.717333333333333378e-01
4.717999999999999972e-01
4.718666666666666565e-01
4.721333333333333493e-01
4.722666666666666679e-01
4.723999999999999866e-01
4.726666666666666794e-01
4.727333333333333387e-01
4.727333333333333387e-01
4.729333333333333167e-01
4.730666666666666909e-01
4.729999999999999760e-01
4.730666666666666909e-01
4.731333333333333502e-01
4.732666666666666688e-01
4.733333333333333282e-01
4.736000000000000210e-01
4.737333333333333396e-01
4.737333333333333396e-01
4.736666666666666803e-01
4.739999999999999769e-01
4.739333333333333176e-01
4.742666666666666697e-01
4.742666666666666697e-01
4.740666666666666917e-01
4.741333333333333511e-01
4.743999999999999884e-01
4.746000000000000218e-01
4.746666666666666812e-01
4.748666666666666591e-01
4.748666666666666591e-01
4.749999999999999778e-01
4.749333333333333185e-01
4.750666666666666926e-01
4.752666666666666706e-01
4.753999999999999893e-01
4.753333333333333299e-01
4.753999999999999893e-01
4.756000000000000227e-01
4.757333333333333414e-01
4.758000000000000007e-01
4.759999999999999787e-01
4.759999999999999787e-01
4.761333333333333528e-01
4.760666666666666935e-01
4.761333333333333528e-01
4.762666666666666715e-01
4.763333333333333308e-01
4.766000000000000236e-01
4.768000000000000016e-01
4.768666666666666609e-01
4.768666666666666609e-01
4.771333333333333537e-01
4.769999999999999796e-01
4.770666666666666944e-01
4.769999999999999796e-01
4.771333333333333537e-01
4.771333333333333537e-01
4.771333333333333537e-01
4.772666666666666724e-01
4.774666666666666504e-01
4.778000000000000025e-01
4.778000000000000025e-01
4.776000000000000245e-01
4.776666666666666838e-01
4.778000000000000025e-01
4.778666666666666618e-01
