3.115333333333333288e-01
3.125999999999999890e-01
3.134666666666666712e-01
3.145333333333333314e-01
3.153333333333333544e-01
3.165999999999999925e-01
3.171333333333333226e-01
3.179333333333333456e-01
3.189333333333333464e-01
3.201999999999999846e-01
3.210000000000000075e-01
3.220000000000000084e-01
3.227999999999999758e-01
3.236666666666666581e-01
3.245999999999999996e-01
3.254000000000000226e-01
3.266000000000000014e-01
3.271999999999999909e-01
3.280000000000000138e-01
3.287333333333333218e-01
3.296000000000000041e-01
3.306000000000000050e-01
3.320000000000000173e-01
3.328666666666666440e-01
3.334666666666666890e-01
3.342666666666666564e-01
3.349333333333333607e-01
3.355333333333333501e-01
3.364666666666666917e-01
3.371999999999999997e-01
3.380000000000000226e-01
3.383999999999999786e-01
3.386000000000000121e-01
3.396000000000000130e-01
3.403333333333333210e-01
3.414666666666666406e-01
3.426000000000000156e-01
3.430666666666666864e-01
3.436000000000000165e-01
3.446666666666666767e-01
3.452000000000000068e-01
3.459333333333333149e-01
3.470666666666666900e-01
3.475333333333333607e-01
3.480666666666666909e-01
3.482666666666666688e-01
3.492000000000000104e-01
3.499999999999999778e-01
3.503999999999999893e-01
3.510666666666666935e-01
3.517333333333333423e-01
3.523333333333333317e-01
3.531333333333333546e-01
3.536000000000000254e-01
3.539999999999999813e-01
3.546666666666666856e-01
3.555333333333333123e-01
3.559333333333333238e-01
3.563333333333333353e-01
3.568000000000000060e-01
3.573333333333333361e-01
3.581333333333333591e-01
3.592000000000000193e-01
3.593999999999999972e-01
3.595999999999999752e-01
3.598000000000000087e-01
3.603333333333333388e-01
3.611333333333333062e-01
3.613333333333333397e-01
3.619333333333333291e-01
3.625333333333333186e-01
3.629333333333333300e-01
3.633333333333333415e-01
3.642000000000000237e-01
3.646666666666666390e-01
3.649333333333333318e-01
3.655333333333333212e-01
3.657333333333333547e-01
3.662666666666666848e-01
3.666666666666666408e-01
3.670666666666666522e-01
3.674666666666666637e-01
3.677333333333333565e-01
3.682666666666666866e-01
3.685333333333333239e-01
3.691333333333333133e-01
3.698000000000000176e-01
3.707333333333333591e-01
3.708666666666666778e-01
3.710666666666666558e-01
3.718666666666666787e-01
3.723333333333333495e-01
3.734000000000000097e-01
3.738000000000000211e-01
3.739999999999999991e-01
3.745333333333333292e-01
3.748666666666666814e-01
3.750000000000000000e-01
3.752666666666666928e-01
3.760000000000000009e-01
3.762666666666666937e-01
3.768666666666666831e-01
3.773333333333333539e-01
3.777333333333333099e-01
3.784000000000000141e-01
3.786666666666666514e-01
3.791999999999999815e-01
3.793333333333333557e-01
3.796666666666666523e-01
3.803333333333333566e-01
3.805999999999999939e-01
3.810666666666666647e-01
3.813333333333333575e-01
3.817333333333333134e-01
3.820666666666666655e-01
3.822666666666666435e-01
3.827333333333333143e-01
3.827999999999999736e-01
3.834000000000000186e-01
3.835999999999999965e-01
3.841999999999999860e-01
3.846666666666666567e-01
3.851333333333333275e-01
3.853333333333333610e-01
3.859333333333333504e-01
3.862666666666666471e-01
3.867999999999999772e-01
3.867999999999999772e-01
3.873333333333333073e-01
3.877999999999999781e-01
3.880000000000000115e-01
3.884000000000000230e-01
3.886666666666666603e-01
3.890000000000000124e-01
3.890666666666666718e-01
3.897999999999999798e-01
3.903333333333333099e-01
3.904000000000000248e-01
3.910666666666666735e-01
3.913333333333333108e-01
3.916000000000000036e-01
3.920666666666666744e-01
3.926000000000000045e-01
3.926666666666666639e-01
3.930000000000000160e-01
3.932666666666666533e-01
3.937333333333333241e-01
3.940000000000000169e-01
3.943333333333333135e-01
3.947999999999999843e-01
3.952666666666666551e-01
3.960666666666666780e-01
3.966000000000000081e-01
3.966666666666666674e-01
3.967999999999999861e-01
3.971333333333333382e-01
3.971999999999999975e-01
3.973333333333333162e-01
3.976000000000000090e-01
3.979333333333333056e-01
3.983999999999999764e-01
3.990000000000000213e-01
3.993999999999999773e-01
3.998666666666666480e-01
4.002666666666666595e-01
4.005333333333333523e-01
4.010000000000000231e-01
4.012000000000000011e-01
4.012666666666666604e-01
4.018666666666666498e-01
4.021333333333333426e-01
4.022000000000000020e-01
4.023333333333333206e-01
4.026000000000000134e-01
4.027999999999999914e-01
4.029333333333333100e-01
4.030666666666666842e-01
4.031333333333333435e-01
4.036666666666666736e-01
4.037999999999999923e-01
4.043333333333333224e-01
4.047333333333333338e-01
4.050000000000000266e-01
4.051333333333333453e-01
4.052666666666666639e-01
4.055333333333333568e-01
4.057333333333333347e-01
4.060000000000000275e-01
4.062000000000000055e-01
4.062666666666666648e-01
4.067999999999999949e-01
4.069999999999999729e-01
4.072666666666666657e-01
4.072666666666666657e-01
4.076000000000000179e-01
4.077999999999999958e-01
4.078666666666666551e-01
4.079333333333333145e-01
4.082666666666666666e-01
4.087333333333333374e-01
4.090666666666666895e-01
4.090666666666666895e-01
4.095333333333333603e-01
4.094666666666666455e-01
4.097999999999999976e-01
4.101333333333333497e-01
4.102666666666666684e-01
4.104666666666666464e-01
4.107333333333333392e-01
4.107333333333333392e-01
4.109999999999999765e-01
4.112000000000000099e-01
4.113333333333333286e-01
4.114666666666666472e-01
4.117333333333333401e-01
4.121333333333333515e-01
4.125333333333333075e-01
4.126666666666666816e-01
4.128666666666666596e-01
4.132000000000000117e-01
4.132666666666666710e-01
4.133999999999999897e-01
4.135333333333333083e-01
4.138000000000000012e-01
4.139999999999999791e-01
4.141333333333333533e-01
4.142666666666666719e-01
4.144666666666666499e-01
4.146000000000000241e-01
4.146000000000000241e-01
4.147333333333333427e-01
4.149333333333333207e-01
4.151333333333333542e-01
4.158000000000000029e-01
4.158666666666666623e-01
4.160666666666666402e-01
4.159999999999999809e-01
4.163333333333333330e-01
4.165333333333333110e-01
4.168666666666666631e-01
4.169333333333333225e-01
4.170666666666666411e-01
4.172000000000000153e-01
4.176000000000000267e-01
4.178000000000000047e-01
4.179333333333333234e-01
4.179999999999999827e-01
4.185333333333333128e-01
4.186666666666666869e-01
4.189999999999999836e-01
4.194666666666666544e-01
4.195999999999999730e-01
4.199999999999999845e-01
4.202000000000000179e-01
4.203333333333333366e-01
4.204666666666666552e-01
4.204666666666666552e-01
4.206666666666666887e-01
4.212000000000000188e-01
4.212000000000000188e-01
4.209999999999999853e-01
4.213999999999999968e-01
4.213333333333333375e-01
4.214666666666666561e-01
4.218666666666666676e-01
4.219333333333333269e-01
4.221333333333333604e-01
4.223333333333333384e-01
4.225333333333333163e-01
4.225333333333333163e-01
4.230666666666666464e-01
4.232666666666666799e-01
4.238000000000000100e-01
4.239999999999999880e-01
4.242000000000000215e-01
4.243999999999999995e-01
4.245333333333333181e-01
4.249333333333333296e-01
4.251333333333333075e-01
4.255333333333333190e-01
4.255999999999999783e-01
4.258666666666666711e-01
4.261333333333333084e-01
4.264000000000000012e-01
4.268666666666666720e-01
4.271333333333333093e-01
4.274666666666666615e-01
4.278666666666666729e-01
4.282000000000000250e-01
4.282000000000000250e-01
4.283333333333333437e-01
4.283333333333333437e-01
4.288000000000000145e-01
4.288666666666666738e-01
4.291333333333333111e-01
4.292666666666666853e-01
4.294666666666666632e-01
4.295333333333333226e-01
4.297333333333333560e-01
4.298000000000000154e-01
4.298666666666666747e-01
4.299999999999999933e-01
4.304000000000000048e-01
4.307333333333333569e-01
4.307333333333333569e-01
4.309333333333333349e-01
4.309999999999999942e-01
4.308666666666666756e-01
4.310666666666666536e-01
4.310666666666666536e-01
4.313333333333333464e-01
4.315999999999999837e-01
4.318666666666666765e-01
4.318000000000000171e-01
4.321333333333333138e-01
4.323333333333333472e-01
4.324666666666666659e-01
4.326666666666666439e-01
4.328000000000000180e-01
4.328666666666666774e-01
4.331333333333333147e-01
4.333333333333333481e-01
4.335999999999999854e-01
4.336666666666666448e-01
4.341333333333333155e-01
4.341999999999999749e-01
4.344000000000000083e-01
4.344000000000000083e-01
4.347333333333333605e-01
4.351333333333333164e-01
4.351999999999999758e-01
4.352666666666666906e-01
4.354000000000000092e-01
4.356666666666666465e-01
4.355333333333333279e-01
4.358666666666666800e-01
4.359333333333333393e-01
4.361999999999999766e-01
4.365999999999999881e-01
4.368666666666666809e-01
4.368666666666666809e-01
4.370666666666666589e-01
4.374666666666666703e-01
4.377333333333333076e-01
4.378666666666666818e-01
4.378666666666666818e-01
4.381333333333333191e-01
4.380000000000000004e-01
4.382666666666666933e-01
4.383333333333333526e-01
4.386666666666666492e-01
4.388000000000000234e-01
4.390666666666666607e-01
4.393333333333333535e-01
4.394000000000000128e-01
4.394666666666666721e-01
4.395333333333333314e-01
4.398000000000000242e-01
4.398666666666666836e-01
4.398666666666666836e-01
4.400000000000000022e-01
4.402666666666666395e-01
4.404000000000000137e-01
4.405999999999999917e-01
4.407333333333333103e-01
4.408666666666666845e-01
4.409333333333333438e-01
4.412666666666666404e-01
4.415999999999999925e-01
4.416666666666666519e-01
4.419333333333333447e-01
4.420000000000000040e-01
4.421333333333333226e-01
4.421999999999999820e-01
4.422666666666666413e-01
4.424000000000000155e-01
4.425999999999999934e-01
4.427333333333333121e-01
4.428000000000000269e-01
4.430666666666666642e-01
4.432666666666666422e-01
4.435333333333333350e-01
4.437333333333333130e-01
4.439333333333333464e-01
4.441333333333333244e-01
4.440666666666666651e-01
4.441333333333333244e-01
4.444000000000000172e-01
4.447999999999999732e-01
4.449333333333333473e-01
4.450000000000000067e-01
4.451999999999999846e-01
4.451999999999999846e-01
4.455333333333333368e-01
4.458666666666666889e-01
4.462666666666666448e-01
4.467333333333333156e-01
4.468666666666666898e-01
4.469333333333333491e-01
4.470666666666666678e-01
4.472666666666666457e-01
4.474666666666666792e-01
4.475333333333333385e-01
4.476666666666666572e-01
4.479333333333333500e-01
4.480000000000000093e-01
4.481333333333333280e-01
4.481999999999999873e-01
4.481999999999999873e-01
4.483333333333333059e-01
4.484666666666666801e-01
4.485999999999999988e-01
4.485999999999999988e-01
4.487333333333333174e-01
4.487999999999999767e-01
4.487333333333333174e-01
4.487333333333333174e-01
4.490000000000000102e-01
4.490666666666666695e-01
4.490000000000000102e-01
4.490000000000000102e-01
4.490666666666666695e-01
4.493333333333333068e-01
4.495333333333333403e-01
4.497333333333333183e-01
4.495333333333333403e-01
4.496666666666666590e-01
4.500000000000000111e-01
4.500666666666666704e-01
4.501999999999999891e-01
4.501333333333333298e-01
4.502666666666666484e-01
4.500000000000000111e-01
4.501333333333333298e-01
4.504000000000000226e-01
4.504666666666666819e-01
4.505333333333333412e-01
4.506666666666666599e-01
4.507999999999999785e-01
4.507333333333333192e-01
4.507333333333333192e-01
4.510000000000000120e-01
4.508666666666666933e-01
4.510000000000000120e-01
4.510000000000000120e-01
4.514000000000000234e-01
4.514000000000000234e-01
4.516000000000000014e-01
4.516666666666666607e-01
4.517999999999999794e-01
4.520666666666666722e-01
4.523333333333333095e-01
4.521999999999999909e-01
4.526000000000000023e-01
4.525333333333333430e-01
4.526000000000000023e-01
4.526666666666666616e-01
4.527999999999999803e-01
4.527333333333333210e-01
4.530000000000000138e-01
4.532666666666666511e-01
4.534666666666666845e-01
4.534000000000000252e-01
4.532666666666666511e-01
4.532666666666666511e-01
4.533333333333333104e-01
4.537333333333333218e-01
4.539333333333333553e-01
4.538666666666666405e-01
4.540666666666666740e-01
4.540000000000000147e-01
4.537999999999999812e-01
4.540666666666666740e-01
4.541333333333333333e-01
4.542666666666666520e-01
4.542666666666666520e-01
4.544666666666666854e-01
4.545333333333333448e-01
4.544000000000000261e-01
4.546000000000000041e-01
4.547999999999999821e-01
4.547333333333333227e-01
4.546666666666666634e-01
4.549333333333333562e-01
4.551999999999999935e-01
4.554000000000000270e-01
4.554000000000000270e-01
4.556000000000000050e-01
4.557999999999999829e-01
4.557999999999999829e-01
4.560000000000000164e-01
4.560000000000000164e-01
4.561333333333333351e-01
4.562666666666666537e-01
4.565333333333333465e-01
4.567333333333333245e-01
4.567999999999999838e-01
4.567999999999999838e-01
4.568666666666666432e-01
4.570666666666666766e-01
4.572666666666666546e-01
4.577333333333333254e-01
4.576000000000000068e-01
4.578666666666666440e-01
4.579333333333333589e-01
4.581333333333333369e-01
4.582666666666666555e-01
4.583333333333333148e-01
4.585333333333333483e-01
4.585333333333333483e-01
4.586666666666666670e-01
4.587999999999999856e-01
4.590666666666666784e-01
4.590666666666666784e-01
4.592666666666666564e-01
4.591999999999999971e-01
4.594666666666666899e-01
4.595333333333333492e-01
4.596666666666666679e-01
4.599333333333333607e-01
4.598666666666666458e-01
4.602666666666666573e-01
4.602666666666666573e-01
4.601333333333333386e-01
4.601333333333333386e-01
4.601333333333333386e-01
4.603999999999999759e-01
4.603333333333333166e-01
4.609333333333333060e-01
4.611333333333333395e-01
4.610666666666666802e-01
4.610000000000000209e-01
4.610666666666666802e-01
4.613999999999999768e-01
4.616000000000000103e-01
4.616666666666666696e-01
4.619333333333333069e-01
4.619333333333333069e-01
4.618666666666666476e-01
4.618666666666666476e-01
4.621333333333333404e-01
4.621999999999999997e-01
4.625333333333333519e-01
4.625333333333333519e-01
4.626666666666666705e-01
4.626666666666666705e-01
4.627333333333333298e-01
4.628666666666666485e-01
4.630000000000000226e-01
4.630666666666666820e-01
4.630000000000000226e-01
4.630000000000000226e-01
4.631333333333333413e-01
4.630666666666666820e-01
4.631333333333333413e-01
4.632666666666666599e-01
4.632000000000000006e-01
4.633999999999999786e-01
4.636000000000000121e-01
4.639333333333333087e-01
4.637999999999999901e-01
4.641333333333333422e-01
4.642666666666666608e-01
4.642666666666666608e-01
4.643999999999999795e-01
4.646000000000000130e-01
4.646000000000000130e-01
4.647999999999999909e-01
4.647999999999999909e-01
4.647999999999999909e-01
4.647999999999999909e-01
4.648666666666666503e-01
4.647333333333333316e-01
4.646666666666666723e-01
4.644666666666666943e-01
4.646000000000000130e-01
4.647333333333333316e-01
4.649333333333333096e-01
4.650000000000000244e-01
4.650000000000000244e-01
4.652000000000000024e-01
4.652000000000000024e-01
4.653333333333333210e-01
4.653999999999999804e-01
4.656666666666666732e-01
4.657333333333333325e-01
4.661333333333333440e-01
4.661333333333333440e-01
4.663999999999999813e-01
4.663333333333333219e-01
4.666000000000000147e-01
4.666000000000000147e-01
4.666000000000000147e-01
4.667999999999999927e-01
4.666666666666666741e-01
4.667999999999999927e-01
4.665333333333333554e-01
4.666666666666666741e-01
4.666666666666666741e-01
4.666666666666666741e-01
4.669333333333333114e-01
4.673333333333333228e-01
4.673999999999999821e-01
4.672000000000000042e-01
4.673999999999999821e-01
4.674666666666666415e-01
4.676000000000000156e-01
4.676000000000000156e-01
4.677333333333333343e-01
4.677333333333333343e-01
4.677333333333333343e-01
4.678666666666666529e-01
4.680000000000000271e-01
4.680666666666666864e-01
4.680666666666666864e-01
4.681333333333333457e-01
4.683999999999999830e-01
4.682666666666666644e-01
4.682000000000000051e-01
4.682000000000000051e-01
4.682666666666666644e-01
4.681333333333333457e-01
4.682000000000000051e-01
4.683333333333333237e-01
4.683333333333333237e-01
4.684666666666666424e-01
4.684666666666666424e-01
4.684666666666666424e-01
4.687333333333333352e-01
4.686000000000000165e-01
4.687333333333333352e-01
4.687333333333333352e-01
4.686666666666666758e-01
4.689333333333333131e-01
4.691333333333333466e-01
4.691333333333333466e-01
4.693333333333333246e-01
4.693999999999999839e-01
4.693999999999999839e-01
4.694666666666666432e-01
4.697333333333333361e-01
4.699333333333333140e-01
4.698666666666666547e-01
4.700666666666666882e-01
4.702000000000000068e-01
4.700666666666666882e-01
4.701333333333333475e-01
4.702000000000000068e-01
4.701333333333333475e-01
4.706666666666666776e-01
4.703999999999999848e-01
4.705333333333333590e-01
4.705333333333333590e-01
4.706000000000000183e-01
4.707333333333333369e-01
4.707333333333333369e-01
4.707333333333333369e-01
4.707333333333333369e-01
4.709333333333333149e-01
4.709999999999999742e-01
4.710666666666666891e-01
4.708666666666666556e-01
4.709999999999999742e-01
4.711333333333333484e-01
4.710666666666666891e-01
4.713999999999999857e-01
4.716666666666666785e-01
4.718666666666666565e-01
4.720666666666666900e-01
4.722000000000000086e-01
4.722666666666666679e-01
4.726000000000000201e-01
4.725333333333333607e-01
4.726666666666666794e-01
4.728666666666666574e-01
4.729999999999999760e-01
4.732666666666666688e-01
4.732666666666666688e-01
4.733333333333333282e-01
4.735333333333333061e-01
4.733999999999999875e-01
4.735333333333333061e-01
4.736666666666666803e-01
4.736666666666666803e-01
4.736000000000000210e-01
4.736666666666666803e-01
4.739999999999999769e-01
4.742000000000000104e-01
4.742000000000000104e-01
4.739333333333333176e-01
4.742000000000000104e-01
4.742000000000000104e-01
4.746000000000000218e-01
4.746000000000000218e-01
4.747999999999999998e-01
4.747999999999999998e-01
4.749333333333333185e-01
4.749333333333333185e-01
4.750666666666666926e-01
4.751333333333333520e-01
4.752000000000000113e-01
4.753333333333333299e-01
4.754666666666666486e-01
4.753999999999999893e-01
4.754666666666666486e-01
4.757333333333333414e-01
4.758666666666666600e-01
4.759999999999999787e-01
4.759999999999999787e-01
4.759999999999999787e-01
4.761333333333333528e-01
4.762666666666666715e-01
4.763333333333333308e-01
4.765333333333333088e-01
4.766000000000000236e-01
4.766000000000000236e-01
4.767333333333333423e-01
4.768000000000000016e-01
4.769333333333333202e-01
4.770666666666666944e-01
4.771333333333333537e-01
4.769333333333333202e-01
4.769333333333333202e-01
4.771333333333333537e-01
4.772000000000000131e-01
4.773999999999999910e-01
4.776000000000000245e-01
4.775333333333333097e-01
4.775333333333333097e-01
4.775333333333333097e-01
