3.152666666666666395e-01
3.161999999999999811e-01
3.174000000000000155e-01
3.183333333333333570e-01
3.191999999999999837e-01
3.200666666666666660e-01
3.206666666666666554e-01
3.217333333333333156e-01
3.225333333333333385e-01
3.232666666666666466e-01
3.241333333333333289e-01
3.248666666666666925e-01
3.259333333333333527e-01
3.269333333333333536e-01
3.277333333333333210e-01
3.283333333333333104e-01
3.290666666666666740e-01
3.296000000000000041e-01
3.311999999999999944e-01
3.320666666666666766e-01
3.329333333333333589e-01
3.333999999999999742e-01
3.341999999999999971e-01
3.349333333333333607e-01
3.355333333333333501e-01
3.366000000000000103e-01
3.373999999999999777e-01
3.382666666666666599e-01
3.386666666666666714e-01
3.391333333333333422e-01
3.399333333333333096e-01
3.405333333333333545e-01
3.412666666666666626e-01
3.425333333333333563e-01
3.431333333333333457e-01
3.431333333333333457e-01
3.443999999999999839e-01
3.449999999999999734e-01
3.459333333333333149e-01
3.467333333333333378e-01
3.475333333333333607e-01
3.479333333333333167e-01
3.482000000000000095e-01
3.489999999999999769e-01
3.497999999999999998e-01
3.502000000000000113e-01
3.509333333333333194e-01
3.513333333333333308e-01
3.522666666666666724e-01
3.528000000000000025e-01
3.536666666666666847e-01
3.538666666666666627e-01
3.544666666666666521e-01
3.550666666666666416e-01
3.554666666666666530e-01
3.562000000000000166e-01
3.568000000000000060e-01
3.572000000000000175e-01
3.577333333333333476e-01
3.588666666666666671e-01
3.593999999999999972e-01
3.595999999999999752e-01
3.599333333333333274e-01
3.603333333333333388e-01
3.608666666666666689e-01
3.613333333333333397e-01
3.619333333333333291e-01
3.622000000000000219e-01
3.625999999999999779e-01
3.632000000000000228e-01
3.637333333333333529e-01
3.642000000000000237e-01
3.647333333333333538e-01
3.649999999999999911e-01
3.656666666666666399e-01
3.659333333333333327e-01
3.662666666666666848e-01
3.668000000000000149e-01
3.670666666666666522e-01
3.675999999999999823e-01
3.679999999999999938e-01
3.684666666666666646e-01
3.687333333333333574e-01
3.694000000000000061e-01
3.700666666666666549e-01
3.708666666666666778e-01
3.711999999999999744e-01
3.715999999999999859e-01
3.720666666666666567e-01
3.727333333333333609e-01
3.734666666666666690e-01
3.740666666666666584e-01
3.744000000000000106e-01
3.747333333333333072e-01
3.751333333333333186e-01
3.754000000000000115e-01
3.759333333333333416e-01
3.763333333333333530e-01
3.768666666666666831e-01
3.772666666666666391e-01
3.774666666666666726e-01
3.780666666666666620e-01
3.785333333333333328e-01
3.790000000000000036e-01
3.794000000000000150e-01
3.795333333333333337e-01
3.799333333333333451e-01
3.802666666666666417e-01
3.808000000000000274e-01
3.812666666666666426e-01
3.815333333333333354e-01
3.816666666666666541e-01
3.820666666666666655e-01
3.823333333333333584e-01
3.827999999999999736e-01
3.832666666666666444e-01
3.837333333333333152e-01
3.838666666666666893e-01
3.840666666666666673e-01
3.845999999999999974e-01
3.850666666666666682e-01
3.855333333333333390e-01
3.860666666666666691e-01
3.865333333333333399e-01
3.867333333333333178e-01
3.871999999999999886e-01
3.876666666666666594e-01
3.880666666666666709e-01
3.884666666666666823e-01
3.886666666666666603e-01
3.890666666666666718e-01
3.893333333333333091e-01
3.893333333333333091e-01
3.901333333333333320e-01
3.904000000000000248e-01
3.906000000000000028e-01
3.911333333333333329e-01
3.913333333333333108e-01
3.916666666666666630e-01
3.924000000000000266e-01
3.927333333333333232e-01
3.927999999999999825e-01
3.930000000000000160e-01
3.931333333333333346e-01
3.939333333333333576e-01
3.941999999999999948e-01
3.943999999999999728e-01
3.949333333333333584e-01
3.953333333333333144e-01
3.962666666666666559e-01
3.964666666666666894e-01
3.967333333333333267e-01
3.967999999999999861e-01
3.971999999999999975e-01
3.971333333333333382e-01
3.975333333333333496e-01
3.977333333333333276e-01
3.980000000000000204e-01
3.984666666666666912e-01
3.990666666666666806e-01
3.993999999999999773e-01
4.001333333333333409e-01
4.006666666666666710e-01
4.009333333333333083e-01
4.010666666666666824e-01
4.013333333333333197e-01
4.013999999999999790e-01
4.019333333333333091e-01
4.022000000000000020e-01
4.024666666666666393e-01
4.023999999999999799e-01
4.025333333333333541e-01
4.029333333333333100e-01
4.031333333333333435e-01
4.032000000000000028e-01
4.036000000000000143e-01
4.036666666666666736e-01
4.040000000000000258e-01
4.043999999999999817e-01
4.046000000000000152e-01
4.047999999999999932e-01
4.051333333333333453e-01
4.053333333333333233e-01
4.055333333333333568e-01
4.059333333333333127e-01
4.058666666666666534e-01
4.060666666666666869e-01
4.063999999999999835e-01
4.067999999999999949e-01
4.071333333333333471e-01
4.072666666666666657e-01
4.073333333333333250e-01
4.076666666666666772e-01
4.078666666666666551e-01
4.082666666666666666e-01
4.081333333333333480e-01
4.084666666666666446e-01
4.086666666666666781e-01
4.092000000000000082e-01
4.096666666666666790e-01
4.096000000000000196e-01
4.096666666666666790e-01
4.099333333333333163e-01
4.099999999999999756e-01
4.104666666666666464e-01
4.106666666666666798e-01
4.107999999999999985e-01
4.109333333333333171e-01
4.110666666666666913e-01
4.113333333333333286e-01
4.114666666666666472e-01
4.116666666666666807e-01
4.119333333333333180e-01
4.119999999999999774e-01
4.126666666666666816e-01
4.128666666666666596e-01
4.129999999999999782e-01
4.132000000000000117e-01
4.133333333333333304e-01
4.132000000000000117e-01
4.136666666666666825e-01
4.139333333333333198e-01
4.140666666666666940e-01
4.141333333333333533e-01
4.144666666666666499e-01
4.144666666666666499e-01
4.146666666666666834e-01
4.148000000000000020e-01
4.149333333333333207e-01
4.151333333333333542e-01
4.152000000000000135e-01
4.157333333333333436e-01
4.159333333333333216e-01
4.160666666666666402e-01
4.162000000000000144e-01
4.167333333333333445e-01
4.168000000000000038e-01
4.169999999999999818e-01
4.172666666666666746e-01
4.172000000000000153e-01
4.176000000000000267e-01
4.175333333333333119e-01
4.178666666666666640e-01
4.182666666666666755e-01
4.183333333333333348e-01
4.186000000000000276e-01
4.188000000000000056e-01
4.191333333333333577e-01
4.195999999999999730e-01
4.199999999999999845e-01
4.202666666666666773e-01
4.203333333333333366e-01
4.205333333333333146e-01
4.205999999999999739e-01
4.205333333333333146e-01
4.207333333333333480e-01
4.213333333333333375e-01
4.212666666666666782e-01
4.213333333333333375e-01
4.213333333333333375e-01
4.213999999999999968e-01
4.219333333333333269e-01
4.221333333333333604e-01
4.223333333333333384e-01
4.223999999999999977e-01
4.226666666666666905e-01
4.228666666666666685e-01
4.230666666666666464e-01
4.229999999999999871e-01
4.233333333333333393e-01
4.235999999999999766e-01
4.239333333333333287e-01
4.241333333333333067e-01
4.243333333333333401e-01
4.245333333333333181e-01
4.249333333333333296e-01
4.250666666666666482e-01
4.254000000000000004e-01
4.254666666666666597e-01
4.257333333333333525e-01
4.262666666666666826e-01
4.265333333333333199e-01
4.269333333333333313e-01
4.276666666666666394e-01
4.277333333333333543e-01
4.282000000000000250e-01
4.281333333333333102e-01
4.280666666666666509e-01
4.283333333333333437e-01
4.288000000000000145e-01
4.289333333333333331e-01
4.289333333333333331e-01
4.293333333333333446e-01
4.295999999999999819e-01
4.296666666666666412e-01
4.296666666666666412e-01
4.298000000000000154e-01
4.296666666666666412e-01
4.297333333333333560e-01
4.299999999999999933e-01
4.304000000000000048e-01
4.305999999999999828e-01
4.307333333333333569e-01
4.308666666666666756e-01
4.308666666666666756e-01
4.311333333333333129e-01
4.312000000000000277e-01
4.312666666666666870e-01
4.314000000000000057e-01
4.319333333333333358e-01
4.318000000000000171e-01
4.319999999999999951e-01
4.323333333333333472e-01
4.322666666666666879e-01
4.323333333333333472e-01
4.324666666666666659e-01
4.325999999999999845e-01
4.331999999999999740e-01
4.333333333333333481e-01
4.335999999999999854e-01
4.335999999999999854e-01
4.338000000000000189e-01
4.340666666666666562e-01
4.340666666666666562e-01
4.344666666666666677e-01
4.344666666666666677e-01
4.348000000000000198e-01
4.350666666666666571e-01
4.353333333333333499e-01
4.355333333333333279e-01
4.356666666666666465e-01
4.356666666666666465e-01
4.357333333333333059e-01
4.360666666666666580e-01
4.359333333333333393e-01
4.362666666666666915e-01
4.368000000000000216e-01
4.368000000000000216e-01
4.369333333333333402e-01
4.374000000000000110e-01
4.375999999999999890e-01
4.378000000000000225e-01
4.378666666666666818e-01
4.380666666666666598e-01
4.381999999999999784e-01
4.381999999999999784e-01
4.384000000000000119e-01
4.385333333333333306e-01
4.387333333333333085e-01
4.389333333333333420e-01
4.393333333333333535e-01
4.394666666666666721e-01
4.393333333333333535e-01
4.395333333333333314e-01
4.396666666666666501e-01
4.399333333333333429e-01
4.400666666666666615e-01
4.401333333333333209e-01
4.401333333333333209e-01
4.403333333333333544e-01
4.405999999999999917e-01
4.405999999999999917e-01
4.409333333333333438e-01
4.409333333333333438e-01
4.409333333333333438e-01
4.414000000000000146e-01
4.417333333333333112e-01
4.418000000000000260e-01
4.420000000000000040e-01
4.421333333333333226e-01
4.421999999999999820e-01
4.422666666666666413e-01
4.424000000000000155e-01
4.421333333333333226e-01
4.424000000000000155e-01
4.427333333333333121e-01
4.428000000000000269e-01
4.430000000000000049e-01
4.435333333333333350e-01
4.436666666666666536e-01
4.438666666666666871e-01
4.441333333333333244e-01
4.440000000000000058e-01
4.440000000000000058e-01
4.441999999999999837e-01
4.444000000000000172e-01
4.447999999999999732e-01
4.450000000000000067e-01
4.451333333333333253e-01
4.454666666666666774e-01
4.456666666666666554e-01
4.458666666666666889e-01
4.460666666666666669e-01
4.465333333333333377e-01
4.467333333333333156e-01
4.470000000000000084e-01
4.471999999999999864e-01
4.471999999999999864e-01
4.474666666666666792e-01
4.474666666666666792e-01
4.474666666666666792e-01
4.477333333333333165e-01
4.480666666666666687e-01
4.481333333333333280e-01
4.482666666666666466e-01
4.483333333333333059e-01
4.484666666666666801e-01
4.485999999999999988e-01
4.485999999999999988e-01
4.484000000000000208e-01
4.485333333333333394e-01
4.485999999999999988e-01
4.488666666666666916e-01
4.487333333333333174e-01
4.488666666666666916e-01
4.487333333333333174e-01
4.489333333333333509e-01
4.489333333333333509e-01
4.488666666666666916e-01
4.492666666666666475e-01
4.493333333333333068e-01
4.493333333333333068e-01
4.495333333333333403e-01
4.499333333333333518e-01
4.500000000000000111e-01
4.500666666666666704e-01
4.500666666666666704e-01
4.500666666666666704e-01
4.501333333333333298e-01
4.501333333333333298e-01
4.501333333333333298e-01
4.501999999999999891e-01
4.503333333333333077e-01
4.504666666666666819e-01
4.504666666666666819e-01
4.506000000000000005e-01
4.506666666666666599e-01
4.506000000000000005e-01
4.509333333333333527e-01
4.511333333333333306e-01
4.510000000000000120e-01
4.511999999999999900e-01
4.514000000000000234e-01
4.514000000000000234e-01
4.515333333333333421e-01
4.517333333333333201e-01
4.519333333333333536e-01
4.519333333333333536e-01
4.520666666666666722e-01
4.522666666666666502e-01
4.524000000000000243e-01
4.524666666666666837e-01
4.525333333333333430e-01
4.527999999999999803e-01
4.527333333333333210e-01
4.528666666666666396e-01
4.527333333333333210e-01
4.527999999999999803e-01
4.531999999999999917e-01
4.532666666666666511e-01
4.532666666666666511e-01
4.533333333333333104e-01
4.532666666666666511e-01
4.534666666666666845e-01
4.536000000000000032e-01
4.538666666666666405e-01
4.540666666666666740e-01
4.540000000000000147e-01
4.539333333333333553e-01
4.541333333333333333e-01
4.541999999999999926e-01
4.543333333333333113e-01
4.541999999999999926e-01
4.541999999999999926e-01
4.544666666666666854e-01
4.545333333333333448e-01
4.546000000000000041e-01
4.547999999999999821e-01
4.547999999999999821e-01
4.548666666666666414e-01
4.549333333333333562e-01
4.550666666666666749e-01
4.551999999999999935e-01
4.551999999999999935e-01
4.552666666666666528e-01
4.556666666666666643e-01
4.556666666666666643e-01
4.560666666666666758e-01
4.560666666666666758e-01
4.561999999999999944e-01
4.564666666666666872e-01
4.564666666666666872e-01
4.563999999999999724e-01
4.566666666666666652e-01
4.568666666666666432e-01
4.568666666666666432e-01
4.568666666666666432e-01
4.570000000000000173e-01
4.573999999999999733e-01
4.574666666666666881e-01
4.575333333333333474e-01
4.577333333333333254e-01
4.577999999999999847e-01
4.577999999999999847e-01
4.581333333333333369e-01
4.582666666666666555e-01
4.581999999999999962e-01
4.583999999999999742e-01
4.587333333333333263e-01
4.590666666666666784e-01
4.590000000000000191e-01
4.591333333333333377e-01
4.593333333333333157e-01
4.593999999999999750e-01
4.595333333333333492e-01
4.596666666666666679e-01
4.597999999999999865e-01
4.600666666666666793e-01
4.599333333333333607e-01
4.603333333333333166e-01
4.602666666666666573e-01
4.603999999999999759e-01
4.603999999999999759e-01
4.605333333333333501e-01
4.605333333333333501e-01
4.606666666666666687e-01
4.609333333333333060e-01
4.610000000000000209e-01
4.610000000000000209e-01
4.609333333333333060e-01
4.611333333333333395e-01
4.615333333333333510e-01
4.617999999999999883e-01
4.618666666666666476e-01
4.620000000000000218e-01
4.621333333333333404e-01
4.620666666666666811e-01
4.619333333333333069e-01
4.621333333333333404e-01
4.619333333333333069e-01
4.617999999999999883e-01
4.623333333333333184e-01
4.623999999999999777e-01
4.627333333333333298e-01
4.630000000000000226e-01
4.630666666666666820e-01
4.629333333333333078e-01
4.630000000000000226e-01
4.632000000000000006e-01
4.630666666666666820e-01
4.632000000000000006e-01
4.632666666666666599e-01
4.633333333333333193e-01
4.635333333333333528e-01
4.634666666666666934e-01
4.636666666666666714e-01
4.640000000000000235e-01
4.641333333333333422e-01
4.640666666666666829e-01
4.642666666666666608e-01
4.642666666666666608e-01
4.643999999999999795e-01
4.645333333333333536e-01
4.647999999999999909e-01
4.647999999999999909e-01
4.646666666666666723e-01
4.647999999999999909e-01
4.647999999999999909e-01
4.647999999999999909e-01
4.646000000000000130e-01
4.646666666666666723e-01
4.645333333333333536e-01
4.644666666666666943e-01
4.646000000000000130e-01
4.647333333333333316e-01
4.647999999999999909e-01
4.650000000000000244e-01
4.651333333333333431e-01
4.651333333333333431e-01
4.652000000000000024e-01
4.653999999999999804e-01
4.653999999999999804e-01
4.657333333333333325e-01
4.656000000000000139e-01
4.660666666666666846e-01
4.660666666666666846e-01
4.662666666666666626e-01
4.663333333333333219e-01
4.665333333333333554e-01
4.667333333333333334e-01
4.667333333333333334e-01
4.668666666666666520e-01
4.669333333333333114e-01
4.667999999999999927e-01
4.667333333333333334e-01
4.666666666666666741e-01
4.667999999999999927e-01
4.670666666666666855e-01
4.672000000000000042e-01
4.672000000000000042e-01
4.672000000000000042e-01
4.672666666666666635e-01
4.675333333333333563e-01
4.675333333333333563e-01
4.676000000000000156e-01
4.675333333333333563e-01
4.677333333333333343e-01
4.676666666666666750e-01
4.679333333333333123e-01
4.680000000000000271e-01
4.680666666666666864e-01
4.680000000000000271e-01
4.680000000000000271e-01
4.680666666666666864e-01
4.682000000000000051e-01
4.683999999999999830e-01
4.682666666666666644e-01
4.681333333333333457e-01
4.680666666666666864e-01
4.680000000000000271e-01
4.683333333333333237e-01
4.684666666666666424e-01
4.685333333333333572e-01
4.681333333333333457e-01
4.685333333333333572e-01
4.689333333333333131e-01
4.689333333333333131e-01
4.689333333333333131e-01
4.688666666666666538e-01
4.687333333333333352e-01
4.689333333333333131e-01
4.692666666666666653e-01
4.692666666666666653e-01
4.693999999999999839e-01
4.693333333333333246e-01
4.691333333333333466e-01
4.695333333333333581e-01
4.697999999999999954e-01
4.697999999999999954e-01
4.697999999999999954e-01
4.699333333333333140e-01
4.698666666666666547e-01
4.700666666666666882e-01
4.702666666666666662e-01
4.703333333333333255e-01
4.706000000000000183e-01
4.706666666666666776e-01
4.704666666666666441e-01
4.706000000000000183e-01
4.707999999999999963e-01
4.707999999999999963e-01
4.708666666666666556e-01
4.710666666666666891e-01
4.710666666666666891e-01
4.712000000000000077e-01
4.712000000000000077e-01
4.712000000000000077e-01
4.711333333333333484e-01
4.710666666666666891e-01
4.711333333333333484e-01
4.713999999999999857e-01
4.715333333333333599e-01
4.718666666666666565e-01
4.719333333333333158e-01
4.719999999999999751e-01
4.722666666666666679e-01
4.723333333333333273e-01
4.724666666666666459e-01
4.726666666666666794e-01
4.727333333333333387e-01
4.727333333333333387e-01
4.728666666666666574e-01
4.731333333333333502e-01
4.731333333333333502e-01
4.729999999999999760e-01
4.732000000000000095e-01
4.733333333333333282e-01
4.734666666666666468e-01
4.737999999999999989e-01
4.740666666666666917e-01
4.739999999999999769e-01
4.738666666666666583e-01
4.737999999999999989e-01
4.738666666666666583e-01
4.742000000000000104e-01
4.743333333333333290e-01
4.741333333333333511e-01
4.742666666666666697e-01
4.744666666666666477e-01
4.746666666666666812e-01
4.747333333333333405e-01
4.749999999999999778e-01
4.749999999999999778e-01
4.751333333333333520e-01
4.749333333333333185e-01
4.752666666666666706e-01
4.754666666666666486e-01
4.753999999999999893e-01
4.754666666666666486e-01
4.754666666666666486e-01
4.756000000000000227e-01
4.758666666666666600e-01
4.758666666666666600e-01
4.759999999999999787e-01
4.759333333333333194e-01
4.759999999999999787e-01
4.759999999999999787e-01
4.762000000000000122e-01
4.763333333333333308e-01
4.764666666666666495e-01
4.763999999999999901e-01
4.766666666666666829e-01
4.768666666666666609e-01
4.768000000000000016e-01
4.772000000000000131e-01
4.771333333333333537e-01
4.771333333333333537e-01
4.773333333333333317e-01
4.769999999999999796e-01
4.770666666666666944e-01
4.770666666666666944e-01
4.772000000000000131e-01
4.773999999999999910e-01
4.776666666666666838e-01
4.778000000000000025e-01
4.777333333333333432e-01
4.777333333333333432e-01
4.778000000000000025e-01
4.779999999999999805e-01
4.779333333333333211e-01
