3.186666666666666536e-01
3.200000000000000067e-01
3.208666666666666889e-01
3.215333333333333377e-01
3.223333333333333606e-01
3.232666666666666466e-01
3.240666666666666695e-01
3.249333333333333518e-01
3.257333333333333192e-01
3.263333333333333086e-01
3.271999999999999909e-01
3.283333333333333104e-01
3.290666666666666740e-01
3.298666666666666414e-01
3.306666666666666643e-01
3.316666666666666652e-01
3.327333333333333254e-01
3.332666666666666555e-01
3.340000000000000191e-01
3.346000000000000085e-01
3.352666666666666573e-01
3.361333333333333395e-01
3.366666666666666696e-01
3.377333333333333298e-01
3.383333333333333193e-01
3.388666666666666494e-01
3.394666666666666943e-01
3.400666666666666837e-01
3.405333333333333545e-01
3.413999999999999813e-01
3.424666666666666415e-01
3.432000000000000051e-01
3.436000000000000165e-01
3.446666666666666767e-01
3.450666666666666882e-01
3.457999999999999963e-01
3.466666666666666785e-01
3.475333333333333607e-01
3.476000000000000201e-01
3.482000000000000095e-01
3.487999999999999989e-01
3.497999999999999998e-01
3.501333333333333520e-01
3.509333333333333194e-01
3.512000000000000122e-01
3.519333333333333202e-01
3.524666666666666504e-01
3.533333333333333326e-01
3.537333333333333441e-01
3.541333333333333555e-01
3.549333333333333229e-01
3.555333333333333123e-01
3.559999999999999831e-01
3.563999999999999946e-01
3.570666666666666433e-01
3.578000000000000069e-01
3.583333333333333370e-01
3.592000000000000193e-01
3.594666666666666566e-01
3.598666666666666680e-01
3.602000000000000202e-01
3.607333333333333503e-01
3.613333333333333397e-01
3.615999999999999770e-01
3.621333333333333071e-01
3.625999999999999779e-01
3.632000000000000228e-01
3.636666666666666936e-01
3.641333333333333089e-01
3.646666666666666390e-01
3.650666666666666504e-01
3.656666666666666399e-01
3.659333333333333327e-01
3.662666666666666848e-01
3.664666666666666628e-01
3.669999999999999929e-01
3.673333333333333450e-01
3.677333333333333565e-01
3.682000000000000273e-01
3.685333333333333239e-01
3.691333333333333133e-01
3.699333333333333362e-01
3.705999999999999850e-01
3.709333333333333371e-01
3.714000000000000079e-01
3.718000000000000194e-01
3.724666666666666681e-01
3.730666666666666575e-01
3.739333333333333398e-01
3.741333333333333178e-01
3.746666666666666479e-01
3.750666666666666593e-01
3.754000000000000115e-01
3.757333333333333081e-01
3.763333333333333530e-01
3.764000000000000123e-01
3.770000000000000018e-01
3.776666666666666505e-01
3.779333333333333433e-01
3.782666666666666400e-01
3.790000000000000036e-01
3.791333333333333222e-01
3.793333333333333557e-01
3.796666666666666523e-01
3.800666666666666638e-01
3.806666666666666532e-01
3.811999999999999833e-01
3.816666666666666541e-01
3.817333333333333134e-01
3.818666666666666876e-01
3.825333333333333363e-01
3.825333333333333363e-01
3.827999999999999736e-01
3.831999999999999851e-01
3.834666666666666779e-01
3.838666666666666893e-01
3.844000000000000195e-01
3.848666666666666902e-01
3.853333333333333610e-01
3.857333333333333170e-01
3.862666666666666471e-01
3.866666666666666585e-01
3.872666666666666480e-01
3.877999999999999781e-01
3.877999999999999781e-01
3.882666666666666488e-01
3.886000000000000010e-01
3.891333333333333311e-01
3.894000000000000239e-01
3.896000000000000019e-01
3.898666666666666392e-01
3.903333333333333099e-01
3.906000000000000028e-01
3.909333333333333549e-01
3.914000000000000257e-01
3.914666666666666850e-01
3.921333333333333337e-01
3.924666666666666859e-01
3.927999999999999825e-01
3.928666666666666418e-01
3.933333333333333126e-01
3.938666666666666427e-01
3.943333333333333135e-01
3.943999999999999728e-01
3.948666666666666436e-01
3.951999999999999957e-01
3.956000000000000072e-01
3.963333333333333153e-01
3.967333333333333267e-01
3.967999999999999861e-01
3.971333333333333382e-01
3.971333333333333382e-01
3.975333333333333496e-01
3.977333333333333276e-01
3.977999999999999869e-01
3.981333333333333391e-01
3.987999999999999878e-01
3.991333333333333400e-01
3.996666666666666701e-01
4.002000000000000002e-01
4.007333333333333303e-01
4.009333333333333083e-01
4.012666666666666604e-01
4.013999999999999790e-01
4.014666666666666939e-01
4.021333333333333426e-01
4.023333333333333206e-01
4.025333333333333541e-01
4.026000000000000134e-01
4.029333333333333100e-01
4.030666666666666842e-01
4.032000000000000028e-01
4.036000000000000143e-01
4.037999999999999923e-01
4.040000000000000258e-01
4.042666666666666631e-01
4.045333333333333559e-01
4.047999999999999932e-01
4.051333333333333453e-01
4.052666666666666639e-01
4.054666666666666419e-01
4.058666666666666534e-01
4.059333333333333127e-01
4.060000000000000275e-01
4.063999999999999835e-01
4.066000000000000170e-01
4.068666666666666543e-01
4.072666666666666657e-01
4.075333333333333585e-01
4.077333333333333365e-01
4.079333333333333145e-01
4.079999999999999738e-01
4.082000000000000073e-01
4.083333333333333259e-01
4.085333333333333594e-01
4.091333333333333488e-01
4.094666666666666455e-01
4.096666666666666790e-01
4.096000000000000196e-01
4.097999999999999976e-01
4.099999999999999756e-01
4.101333333333333497e-01
4.106666666666666798e-01
4.107999999999999985e-01
4.110666666666666913e-01
4.110666666666666913e-01
4.112000000000000099e-01
4.112666666666666693e-01
4.114666666666666472e-01
4.117999999999999994e-01
4.119999999999999774e-01
4.123333333333333295e-01
4.126666666666666816e-01
4.128666666666666596e-01
4.129999999999999782e-01
4.133999999999999897e-01
4.134666666666666490e-01
4.136000000000000232e-01
4.138000000000000012e-01
4.140666666666666940e-01
4.140666666666666940e-01
4.143999999999999906e-01
4.142666666666666719e-01
4.144666666666666499e-01
4.148000000000000020e-01
4.148000000000000020e-01
4.148000000000000020e-01
4.149999999999999800e-01
4.151333333333333542e-01
4.156000000000000250e-01
4.158666666666666623e-01
4.159999999999999809e-01
4.163999999999999924e-01
4.168666666666666631e-01
4.172666666666666746e-01
4.173333333333333339e-01
4.174666666666666526e-01
4.175333333333333119e-01
4.176000000000000267e-01
4.179333333333333234e-01
4.178666666666666640e-01
4.183333333333333348e-01
4.185333333333333128e-01
4.188666666666666649e-01
4.192666666666666764e-01
4.194666666666666544e-01
4.198666666666666658e-01
4.201333333333333586e-01
4.203333333333333366e-01
4.203999999999999959e-01
4.205999999999999739e-01
4.208000000000000074e-01
4.209999999999999853e-01
4.209999999999999853e-01
4.213999999999999968e-01
4.213333333333333375e-01
4.213999999999999968e-01
4.216666666666666896e-01
4.217333333333333489e-01
4.219999999999999862e-01
4.222666666666666790e-01
4.223999999999999977e-01
4.226666666666666905e-01
4.227333333333333498e-01
4.229999999999999871e-01
4.230666666666666464e-01
4.231333333333333058e-01
4.232666666666666799e-01
4.236666666666666914e-01
4.239999999999999880e-01
4.239999999999999880e-01
4.244666666666666588e-01
4.248666666666666702e-01
4.252000000000000224e-01
4.252000000000000224e-01
4.255333333333333190e-01
4.257333333333333525e-01
4.259333333333333305e-01
4.264666666666666606e-01
4.269333333333333313e-01
4.272000000000000242e-01
4.277333333333333543e-01
4.279999999999999916e-01
4.279999999999999916e-01
4.283333333333333437e-01
4.286666666666666403e-01
4.287333333333333552e-01
4.290666666666666518e-01
4.292666666666666853e-01
4.294000000000000039e-01
4.296666666666666412e-01
4.295999999999999819e-01
4.296666666666666412e-01
4.298666666666666747e-01
4.297333333333333560e-01
4.299333333333333340e-01
4.299333333333333340e-01
4.302666666666666861e-01
4.304000000000000048e-01
4.308000000000000163e-01
4.307333333333333569e-01
4.308666666666666756e-01
4.311333333333333129e-01
4.312000000000000277e-01
4.312000000000000277e-01
4.314000000000000057e-01
4.317333333333333578e-01
4.319999999999999951e-01
4.319333333333333358e-01
4.320666666666666544e-01
4.323333333333333472e-01
4.325999999999999845e-01
4.325999999999999845e-01
4.326666666666666439e-01
4.328666666666666774e-01
4.331999999999999740e-01
4.332666666666666888e-01
4.334666666666666668e-01
4.336666666666666448e-01
4.338666666666666782e-01
4.339999999999999969e-01
4.345333333333333270e-01
4.346666666666666456e-01
4.346666666666666456e-01
4.349333333333333385e-01
4.351999999999999758e-01
4.353333333333333499e-01
4.354666666666666686e-01
4.354666666666666686e-01
4.357333333333333059e-01
4.359999999999999987e-01
4.361333333333333173e-01
4.361999999999999766e-01
4.363333333333333508e-01
4.369999999999999996e-01
4.370666666666666589e-01
4.371333333333333182e-01
4.374666666666666703e-01
4.376666666666666483e-01
4.375333333333333297e-01
4.378666666666666818e-01
4.378000000000000225e-01
4.380666666666666598e-01
4.382666666666666933e-01
4.384666666666666712e-01
4.385333333333333306e-01
4.385999999999999899e-01
4.390666666666666607e-01
4.390666666666666607e-01
4.392666666666666941e-01
4.393333333333333535e-01
4.395333333333333314e-01
4.397333333333333094e-01
4.400000000000000022e-01
4.401333333333333209e-01
4.403333333333333544e-01
4.404666666666666730e-01
4.404666666666666730e-01
4.406666666666666510e-01
4.408000000000000251e-01
4.408000000000000251e-01
4.409333333333333438e-01
4.411999999999999811e-01
4.414666666666666739e-01
4.418000000000000260e-01
4.419333333333333447e-01
4.420666666666666633e-01
4.422666666666666413e-01
4.421999999999999820e-01
4.425333333333333341e-01
4.425333333333333341e-01
4.425999999999999934e-01
4.427333333333333121e-01
4.430000000000000049e-01
4.429333333333333456e-01
4.435333333333333350e-01
4.436666666666666536e-01
4.439333333333333464e-01
4.441333333333333244e-01
4.441999999999999837e-01
4.441333333333333244e-01
4.441999999999999837e-01
4.442666666666666431e-01
4.447333333333333139e-01
4.447333333333333139e-01
4.450000000000000067e-01
4.451999999999999846e-01
4.454666666666666774e-01
4.457333333333333147e-01
4.460666666666666669e-01
4.461333333333333262e-01
4.464000000000000190e-01
4.467333333333333156e-01
4.471333333333333271e-01
4.471333333333333271e-01
4.471333333333333271e-01
4.474666666666666792e-01
4.477333333333333165e-01
4.477999999999999758e-01
4.478666666666666907e-01
4.481999999999999873e-01
4.481999999999999873e-01
4.482666666666666466e-01
4.484000000000000208e-01
4.485333333333333394e-01
4.484666666666666801e-01
4.484000000000000208e-01
4.486666666666666581e-01
4.485999999999999988e-01
4.486666666666666581e-01
4.487333333333333174e-01
4.490000000000000102e-01
4.489333333333333509e-01
4.489333333333333509e-01
4.489333333333333509e-01
4.491333333333333289e-01
4.491333333333333289e-01
4.494000000000000217e-01
4.495999999999999996e-01
4.494666666666666810e-01
4.497333333333333183e-01
4.498666666666666925e-01
4.500666666666666704e-01
4.501999999999999891e-01
4.499333333333333518e-01
4.499333333333333518e-01
4.501999999999999891e-01
4.501333333333333298e-01
4.502666666666666484e-01
4.502666666666666484e-01
4.505333333333333412e-01
4.505333333333333412e-01
4.506666666666666599e-01
4.506666666666666599e-01
4.507333333333333192e-01
4.507999999999999785e-01
4.510666666666666713e-01
4.511333333333333306e-01
4.511999999999999900e-01
4.512666666666666493e-01
4.514000000000000234e-01
4.514666666666666828e-01
4.516666666666666607e-01
4.520666666666666722e-01
4.521999999999999909e-01
4.521333333333333315e-01
4.523333333333333095e-01
4.523333333333333095e-01
4.524000000000000243e-01
4.524000000000000243e-01
4.528666666666666396e-01
4.528666666666666396e-01
4.529333333333333544e-01
4.527999999999999803e-01
4.527333333333333210e-01
4.527333333333333210e-01
4.530000000000000138e-01
4.531333333333333324e-01
4.534000000000000252e-01
4.534000000000000252e-01
4.534666666666666845e-01
4.535333333333333439e-01
4.537999999999999812e-01
4.537999999999999812e-01
4.536666666666666625e-01
4.538666666666666405e-01
4.541333333333333333e-01
4.543333333333333113e-01
4.543333333333333113e-01
4.541999999999999926e-01
4.543333333333333113e-01
4.544000000000000261e-01
4.546666666666666634e-01
4.547999999999999821e-01
4.549333333333333562e-01
4.550666666666666749e-01
4.551333333333333342e-01
4.549333333333333562e-01
4.550666666666666749e-01
4.550666666666666749e-01
4.550666666666666749e-01
4.552666666666666528e-01
4.554666666666666863e-01
4.556000000000000050e-01
4.558666666666666423e-01
4.561333333333333351e-01
4.563333333333333131e-01
4.562666666666666537e-01
4.563333333333333131e-01
4.567333333333333245e-01
4.568666666666666432e-01
4.569333333333333580e-01
4.568666666666666432e-01
4.568666666666666432e-01
4.572666666666666546e-01
4.573333333333333139e-01
4.571999999999999953e-01
4.576000000000000068e-01
4.577333333333333254e-01
4.577333333333333254e-01
4.577999999999999847e-01
4.580666666666666775e-01
4.581999999999999962e-01
4.585333333333333483e-01
4.583333333333333148e-01
4.586000000000000076e-01
4.587999999999999856e-01
4.591999999999999971e-01
4.593999999999999750e-01
4.593333333333333157e-01
4.593999999999999750e-01
4.593333333333333157e-01
4.595333333333333492e-01
4.597999999999999865e-01
4.599333333333333607e-01
4.600666666666666793e-01
4.600000000000000200e-01
4.601333333333333386e-01
4.603999999999999759e-01
4.604666666666666908e-01
4.603999999999999759e-01
4.605333333333333501e-01
4.607999999999999874e-01
4.607999999999999874e-01
4.611333333333333395e-01
4.613999999999999768e-01
4.613999999999999768e-01
4.614666666666666917e-01
4.616666666666666696e-01
4.619333333333333069e-01
4.617999999999999883e-01
4.618666666666666476e-01
4.620000000000000218e-01
4.622666666666666591e-01
4.620000000000000218e-01
4.620666666666666811e-01
4.624666666666666925e-01
4.621999999999999997e-01
4.624666666666666925e-01
4.625333333333333519e-01
4.627333333333333298e-01
4.626666666666666705e-01
4.629333333333333078e-01
4.630000000000000226e-01
4.630666666666666820e-01
4.632000000000000006e-01
4.632666666666666599e-01
4.634666666666666934e-01
4.634666666666666934e-01
4.635333333333333528e-01
4.636666666666666714e-01
4.637333333333333307e-01
4.638666666666666494e-01
4.638666666666666494e-01
4.638666666666666494e-01
4.640666666666666829e-01
4.642666666666666608e-01
4.642666666666666608e-01
4.643999999999999795e-01
4.644666666666666943e-01
4.646666666666666723e-01
4.646666666666666723e-01
4.646000000000000130e-01
4.647999999999999909e-01
4.647333333333333316e-01
4.646000000000000130e-01
4.647333333333333316e-01
4.646000000000000130e-01
4.643333333333333202e-01
4.644666666666666943e-01
4.645333333333333536e-01
4.646666666666666723e-01
4.649333333333333096e-01
4.648666666666666503e-01
4.650666666666666837e-01
4.650666666666666837e-01
4.652000000000000024e-01
4.653333333333333210e-01
4.654666666666666397e-01
4.653999999999999804e-01
4.656000000000000139e-01
4.656666666666666732e-01
4.659333333333333105e-01
4.660666666666666846e-01
4.664666666666666406e-01
4.663999999999999813e-01
4.666000000000000147e-01
4.667333333333333334e-01
4.667999999999999927e-01
4.670000000000000262e-01
4.668666666666666520e-01
4.667999999999999927e-01
4.670000000000000262e-01
4.669333333333333114e-01
4.671333333333333449e-01
4.671333333333333449e-01
4.670000000000000262e-01
4.672000000000000042e-01
4.672000000000000042e-01
4.673333333333333228e-01
4.673333333333333228e-01
4.673999999999999821e-01
4.674666666666666415e-01
4.674666666666666415e-01
4.676666666666666750e-01
4.676000000000000156e-01
4.681333333333333457e-01
4.680000000000000271e-01
4.682000000000000051e-01
4.680666666666666864e-01
4.679333333333333123e-01
4.679333333333333123e-01
4.680666666666666864e-01
4.682666666666666644e-01
4.684666666666666424e-01
4.682666666666666644e-01
4.683999999999999830e-01
4.685333333333333572e-01
4.682000000000000051e-01
4.683333333333333237e-01
4.686000000000000165e-01
4.686666666666666758e-01
4.687999999999999945e-01
4.690666666666666873e-01
4.692666666666666653e-01
4.692000000000000060e-01
4.692000000000000060e-01
4.693333333333333246e-01
4.693333333333333246e-01
4.694666666666666432e-01
4.694666666666666432e-01
4.694666666666666432e-01
4.694666666666666432e-01
4.697333333333333361e-01
4.699333333333333140e-01
4.702000000000000068e-01
4.700666666666666882e-01
4.702000000000000068e-01
4.699999999999999734e-01
4.699999999999999734e-01
4.702000000000000068e-01
4.703999999999999848e-01
4.703333333333333255e-01
4.705333333333333590e-01
4.703333333333333255e-01
4.705333333333333590e-01
4.704666666666666441e-01
4.706000000000000183e-01
4.710666666666666891e-01
4.712000000000000077e-01
4.712000000000000077e-01
4.712000000000000077e-01
4.712000000000000077e-01
4.715333333333333599e-01
4.714666666666666450e-01
4.715333333333333599e-01
4.716666666666666785e-01
4.715333333333333599e-01
4.717333333333333378e-01
4.719333333333333158e-01
4.722000000000000086e-01
4.723333333333333273e-01
4.724666666666666459e-01
4.725333333333333607e-01
4.727333333333333387e-01
4.727333333333333387e-01
4.728666666666666574e-01
4.728666666666666574e-01
4.729999999999999760e-01
4.729333333333333167e-01
4.730666666666666909e-01
4.732000000000000095e-01
4.733333333333333282e-01
4.735333333333333061e-01
4.736000000000000210e-01
4.735333333333333061e-01
4.739333333333333176e-01
4.741333333333333511e-01
4.741333333333333511e-01
4.739999999999999769e-01
4.742000000000000104e-01
4.742000000000000104e-01
4.739333333333333176e-01
4.739999999999999769e-01
4.741333333333333511e-01
4.743999999999999884e-01
4.745333333333333070e-01
4.746666666666666812e-01
4.746666666666666812e-01
4.749999999999999778e-01
4.751333333333333520e-01
4.752666666666666706e-01
4.753333333333333299e-01
4.751333333333333520e-01
4.753999999999999893e-01
4.754666666666666486e-01
4.754666666666666486e-01
4.758000000000000007e-01
4.758666666666666600e-01
4.759333333333333194e-01
4.759999999999999787e-01
4.759999999999999787e-01
4.760666666666666935e-01
4.759999999999999787e-01
4.761333333333333528e-01
4.763999999999999901e-01
4.762666666666666715e-01
4.763333333333333308e-01
4.765333333333333088e-01
4.768000000000000016e-01
4.769999999999999796e-01
4.772000000000000131e-01
4.770666666666666944e-01
4.771333333333333537e-01
4.771333333333333537e-01
4.770666666666666944e-01
4.772666666666666724e-01
4.772666666666666724e-01
4.772666666666666724e-01
4.773999999999999910e-01
4.775333333333333097e-01
4.778000000000000025e-01
4.778666666666666618e-01
4.777333333333333432e-01
4.778000000000000025e-01
4.778000000000000025e-01
4.778666666666666618e-01
4.781333333333333546e-01
4.783333333333333326e-01
4.782666666666666733e-01
