3.241999999999999882e-01
3.253333333333333077e-01
3.261999999999999900e-01
3.270666666666666722e-01
3.280666666666666731e-01
3.286666666666666625e-01
3.295333333333333448e-01
3.305333333333333456e-01
3.313999999999999724e-01
3.321999999999999953e-01
3.326000000000000068e-01
3.332666666666666555e-01
3.339333333333333598e-01
3.344666666666666899e-01
3.351333333333333386e-01
3.360666666666666802e-01
3.366666666666666696e-01
3.375333333333333519e-01
3.379333333333333078e-01
3.383333333333333193e-01
3.389333333333333087e-01
3.394666666666666943e-01
3.404666666666666397e-01
3.410000000000000253e-01
3.417333333333333334e-01
3.426000000000000156e-01
3.433333333333333237e-01
3.438666666666666538e-01
3.448666666666666547e-01
3.455333333333333590e-01
3.461333333333333484e-01
3.472666666666666679e-01
3.477333333333333387e-01
3.480666666666666909e-01
3.483999999999999875e-01
3.489333333333333176e-01
3.496666666666666812e-01
3.500666666666666926e-01
3.508666666666666600e-01
3.511333333333333528e-01
3.519333333333333202e-01
3.523333333333333317e-01
3.531333333333333546e-01
3.533999999999999919e-01
3.539999999999999813e-01
3.546000000000000263e-01
3.554666666666666530e-01
3.559333333333333238e-01
3.563333333333333353e-01
3.570666666666666433e-01
3.575333333333333141e-01
3.581333333333333591e-01
3.590666666666666451e-01
3.594666666666666566e-01
3.597333333333333494e-01
3.600666666666666460e-01
3.604666666666666575e-01
3.609333333333333282e-01
3.612666666666666804e-01
3.619333333333333291e-01
3.621333333333333071e-01
3.627333333333333520e-01
3.633333333333333415e-01
3.637333333333333529e-01
3.642000000000000237e-01
3.645333333333333203e-01
3.651333333333333098e-01
3.657333333333333547e-01
3.659999999999999920e-01
3.664000000000000035e-01
3.668666666666666742e-01
3.670666666666666522e-01
3.674666666666666637e-01
3.679333333333333345e-01
3.683333333333333459e-01
3.687333333333333574e-01
3.692666666666666875e-01
3.698666666666666769e-01
3.706666666666666443e-01
3.708000000000000185e-01
3.714000000000000079e-01
3.719333333333333380e-01
3.726666666666666461e-01
3.734000000000000097e-01
3.740666666666666584e-01
3.741999999999999771e-01
3.746666666666666479e-01
3.748000000000000220e-01
3.753333333333333521e-01
3.757333333333333081e-01
3.762666666666666937e-01
3.767333333333333090e-01
3.772666666666666391e-01
3.777333333333333099e-01
3.780000000000000027e-01
3.785333333333333328e-01
3.789333333333333442e-01
3.790000000000000036e-01
3.794000000000000150e-01
3.797333333333333116e-01
3.801333333333333231e-01
3.804000000000000159e-01
3.810666666666666647e-01
3.815999999999999948e-01
3.817333333333333134e-01
3.820666666666666655e-01
3.824666666666666770e-01
3.825333333333333363e-01
3.828666666666666885e-01
3.830000000000000071e-01
3.836666666666666559e-01
3.841333333333333266e-01
3.844666666666666788e-01
3.847999999999999754e-01
3.853333333333333610e-01
3.856666666666666576e-01
3.864666666666666806e-01
3.870000000000000107e-01
3.873333333333333073e-01
3.876666666666666594e-01
3.880000000000000115e-01
3.883333333333333082e-01
3.885333333333333417e-01
3.888666666666666938e-01
3.894000000000000239e-01
3.896666666666666612e-01
3.898666666666666392e-01
3.903333333333333099e-01
3.907333333333333214e-01
3.909333333333333549e-01
3.912666666666666515e-01
3.913333333333333108e-01
3.917333333333333223e-01
3.922666666666666524e-01
3.926000000000000045e-01
3.930666666666666753e-01
3.933333333333333126e-01
3.939333333333333576e-01
3.941999999999999948e-01
3.947333333333333250e-01
3.947333333333333250e-01
3.950666666666666771e-01
3.957333333333333258e-01
3.961999999999999966e-01
3.964666666666666894e-01
3.967999999999999861e-01
3.970666666666666789e-01
3.974666666666666903e-01
3.976666666666666683e-01
3.979333333333333056e-01
3.979333333333333056e-01
3.982666666666666577e-01
3.985333333333333505e-01
3.990000000000000213e-01
3.997999999999999887e-01
4.002000000000000002e-01
4.007333333333333303e-01
4.010666666666666824e-01
4.012000000000000011e-01
4.014666666666666939e-01
4.016000000000000125e-01
4.019333333333333091e-01
4.022666666666666613e-01
4.026000000000000134e-01
4.027333333333333321e-01
4.030000000000000249e-01
4.032666666666666622e-01
4.033333333333333215e-01
4.033999999999999808e-01
4.036000000000000143e-01
4.038666666666666516e-01
4.041333333333333444e-01
4.043333333333333224e-01
4.047333333333333338e-01
4.053333333333333233e-01
4.052000000000000046e-01
4.056000000000000161e-01
4.054666666666666419e-01
4.057999999999999940e-01
4.062000000000000055e-01
4.061333333333333462e-01
4.065333333333333576e-01
4.071333333333333471e-01
4.075333333333333585e-01
4.076666666666666772e-01
4.077999999999999958e-01
4.079333333333333145e-01
4.079999999999999738e-01
4.081333333333333480e-01
4.085333333333333594e-01
4.086000000000000187e-01
4.088666666666666560e-01
4.093999999999999861e-01
4.096666666666666790e-01
4.098666666666666569e-01
4.098666666666666569e-01
4.097333333333333383e-01
4.101333333333333497e-01
4.102000000000000091e-01
4.106000000000000205e-01
4.109333333333333171e-01
4.112000000000000099e-01
4.112000000000000099e-01
4.112000000000000099e-01
4.117999999999999994e-01
4.119999999999999774e-01
4.123333333333333295e-01
4.123999999999999888e-01
4.127333333333333409e-01
4.132000000000000117e-01
4.133333333333333304e-01
4.133333333333333304e-01
4.133333333333333304e-01
4.135333333333333083e-01
4.136666666666666825e-01
4.139999999999999791e-01
4.139333333333333198e-01
4.139999999999999791e-01
4.142666666666666719e-01
4.143999999999999906e-01
4.146000000000000241e-01
4.146000000000000241e-01
4.145333333333333092e-01
4.149999999999999800e-01
4.152000000000000135e-01
4.154666666666666508e-01
4.160666666666666402e-01
4.162666666666666737e-01
4.167333333333333445e-01
4.170666666666666411e-01
4.170666666666666411e-01
4.173333333333333339e-01
4.176666666666666861e-01
4.177333333333333454e-01
4.178000000000000047e-01
4.179999999999999827e-01
4.181333333333333568e-01
4.184666666666666535e-01
4.186000000000000276e-01
4.189333333333333242e-01
4.192666666666666764e-01
4.194666666666666544e-01
4.196666666666666878e-01
4.198000000000000065e-01
4.203333333333333366e-01
4.205333333333333146e-01
4.205333333333333146e-01
4.205999999999999739e-01
4.209999999999999853e-01
4.209333333333333260e-01
4.211333333333333595e-01
4.215999999999999748e-01
4.216666666666666896e-01
4.218666666666666676e-01
4.220666666666666456e-01
4.222666666666666790e-01
4.223333333333333384e-01
4.226666666666666905e-01
4.225333333333333163e-01
4.226666666666666905e-01
4.226666666666666905e-01
4.231333333333333058e-01
4.231333333333333058e-01
4.232666666666666799e-01
4.234666666666666579e-01
4.237333333333333507e-01
4.241333333333333067e-01
4.244666666666666588e-01
4.248666666666666702e-01
4.249333333333333296e-01
4.249999999999999889e-01
4.254000000000000004e-01
4.257333333333333525e-01
4.261333333333333084e-01
4.264666666666666606e-01
4.269333333333333313e-01
4.276666666666666394e-01
4.278666666666666729e-01
4.279333333333333322e-01
4.279333333333333322e-01
4.281333333333333102e-01
4.285999999999999810e-01
4.289333333333333331e-01
4.289999999999999925e-01
4.292000000000000259e-01
4.293333333333333446e-01
4.292666666666666853e-01
4.294666666666666632e-01
4.294666666666666632e-01
4.294000000000000039e-01
4.297333333333333560e-01
4.298666666666666747e-01
4.299999999999999933e-01
4.300666666666666527e-01
4.302666666666666861e-01
4.304000000000000048e-01
4.305999999999999828e-01
4.309999999999999942e-01
4.309999999999999942e-01
4.312000000000000277e-01
4.312000000000000277e-01
4.314000000000000057e-01
4.314666666666666650e-01
4.318666666666666765e-01
4.321333333333333138e-01
4.323333333333333472e-01
4.324000000000000066e-01
4.325333333333333252e-01
4.326666666666666439e-01
4.328666666666666774e-01
4.329333333333333367e-01
4.330666666666666553e-01
4.333333333333333481e-01
4.334000000000000075e-01
4.336666666666666448e-01
4.337333333333333596e-01
4.342666666666666897e-01
4.343333333333333490e-01
4.344666666666666677e-01
4.347333333333333605e-01
4.348666666666666791e-01
4.350666666666666571e-01
4.352666666666666906e-01
4.355333333333333279e-01
4.357333333333333059e-01
4.359333333333333393e-01
4.359333333333333393e-01
4.359999999999999987e-01
4.363333333333333508e-01
4.364666666666666694e-01
4.368000000000000216e-01
4.372666666666666924e-01
4.372666666666666924e-01
4.371999999999999775e-01
4.374000000000000110e-01
4.376666666666666483e-01
4.378000000000000225e-01
4.381999999999999784e-01
4.383333333333333526e-01
4.384000000000000119e-01
4.382666666666666933e-01
4.384666666666666712e-01
4.388000000000000234e-01
4.389333333333333420e-01
4.388000000000000234e-01
4.392666666666666941e-01
4.395333333333333314e-01
4.394000000000000128e-01
4.398000000000000242e-01
4.399333333333333429e-01
4.399333333333333429e-01
4.401999999999999802e-01
4.400666666666666615e-01
4.405333333333333323e-01
4.406666666666666510e-01
4.408000000000000251e-01
4.410000000000000031e-01
4.411999999999999811e-01
4.411999999999999811e-01
4.413333333333333552e-01
4.415333333333333332e-01
4.417333333333333112e-01
4.420666666666666633e-01
4.422666666666666413e-01
4.422666666666666413e-01
4.421999999999999820e-01
4.423333333333333561e-01
4.426666666666666528e-01
4.428000000000000269e-01
4.431999999999999829e-01
4.432666666666666422e-01
4.432666666666666422e-01
4.435333333333333350e-01
4.437333333333333130e-01
4.440000000000000058e-01
4.438666666666666871e-01
4.441333333333333244e-01
4.443333333333333579e-01
4.444000000000000172e-01
4.445999999999999952e-01
4.448666666666666880e-01
4.452666666666666440e-01
4.454666666666666774e-01
4.456666666666666554e-01
4.458666666666666889e-01
4.459333333333333482e-01
4.461333333333333262e-01
4.461999999999999855e-01
4.465333333333333377e-01
4.468666666666666898e-01
4.470666666666666678e-01
4.471999999999999864e-01
4.475333333333333385e-01
4.476666666666666572e-01
4.477333333333333165e-01
4.478666666666666907e-01
4.477333333333333165e-01
4.480666666666666687e-01
4.480666666666666687e-01
4.481999999999999873e-01
4.482666666666666466e-01
4.483333333333333059e-01
4.484000000000000208e-01
4.484666666666666801e-01
4.485999999999999988e-01
4.485999999999999988e-01
4.486666666666666581e-01
4.486666666666666581e-01
4.487999999999999767e-01
4.487333333333333174e-01
4.490000000000000102e-01
4.490666666666666695e-01
4.492666666666666475e-01
4.495333333333333403e-01
4.496666666666666590e-01
4.497333333333333183e-01
4.498666666666666925e-01
4.500666666666666704e-01
4.500666666666666704e-01
4.500000000000000111e-01
4.501333333333333298e-01
4.500000000000000111e-01
4.502666666666666484e-01
4.502666666666666484e-01
4.501999999999999891e-01
4.501999999999999891e-01
4.501333333333333298e-01
4.504666666666666819e-01
4.507333333333333192e-01
4.505333333333333412e-01
4.506666666666666599e-01
4.506666666666666599e-01
4.510000000000000120e-01
4.510666666666666713e-01
4.512666666666666493e-01
4.513333333333333086e-01
4.514000000000000234e-01
4.516000000000000014e-01
4.518666666666666942e-01
4.520000000000000129e-01
4.520000000000000129e-01
4.521999999999999909e-01
4.521333333333333315e-01
4.523333333333333095e-01
4.524666666666666837e-01
4.525333333333333430e-01
4.527333333333333210e-01
4.527999999999999803e-01
4.528666666666666396e-01
4.527999999999999803e-01
4.529333333333333544e-01
4.526666666666666616e-01
4.527999999999999803e-01
4.531999999999999917e-01
4.534000000000000252e-01
4.535333333333333439e-01
4.536666666666666625e-01
4.537333333333333218e-01
4.538666666666666405e-01
4.540000000000000147e-01
4.540666666666666740e-01
4.540000000000000147e-01
4.540000000000000147e-01
4.540666666666666740e-01
4.541999999999999926e-01
4.542666666666666520e-01
4.543333333333333113e-01
4.545333333333333448e-01
4.545333333333333448e-01
4.547999999999999821e-01
4.547999999999999821e-01
4.549333333333333562e-01
4.550666666666666749e-01
4.550000000000000155e-01
4.550000000000000155e-01
4.552666666666666528e-01
4.551333333333333342e-01
4.554000000000000270e-01
4.555333333333333456e-01
4.560000000000000164e-01
4.562666666666666537e-01
4.562666666666666537e-01
4.563999999999999724e-01
4.564666666666666872e-01
4.566000000000000059e-01
4.568666666666666432e-01
4.570666666666666766e-01
4.570000000000000173e-01
4.570666666666666766e-01
4.570000000000000173e-01
4.572666666666666546e-01
4.572666666666666546e-01
4.571999999999999953e-01
4.574666666666666881e-01
4.576666666666666661e-01
4.574666666666666881e-01
4.577999999999999847e-01
4.580000000000000182e-01
4.581999999999999962e-01
4.583333333333333148e-01
4.586000000000000076e-01
4.587333333333333263e-01
4.590000000000000191e-01
4.587999999999999856e-01
4.591999999999999971e-01
4.594666666666666899e-01
4.595333333333333492e-01
4.596000000000000085e-01
4.597999999999999865e-01
4.600000000000000200e-01
4.601333333333333386e-01
4.602666666666666573e-01
4.603999999999999759e-01
4.606000000000000094e-01
4.606666666666666687e-01
4.607999999999999874e-01
4.608666666666666467e-01
4.607999999999999874e-01
4.608666666666666467e-01
4.609333333333333060e-01
4.611333333333333395e-01
4.610666666666666802e-01
4.615333333333333510e-01
4.616666666666666696e-01
4.616666666666666696e-01
4.617999999999999883e-01
4.619333333333333069e-01
4.621333333333333404e-01
4.620666666666666811e-01
4.623333333333333184e-01
4.623999999999999777e-01
4.623999999999999777e-01
4.623333333333333184e-01
4.625333333333333519e-01
4.626000000000000112e-01
4.626666666666666705e-01
4.629333333333333078e-01
4.632000000000000006e-01
4.631333333333333413e-01
4.632666666666666599e-01
4.634666666666666934e-01
4.633999999999999786e-01
4.634666666666666934e-01
4.636666666666666714e-01
4.637999999999999901e-01
4.639333333333333087e-01
4.639333333333333087e-01
4.638666666666666494e-01
4.640000000000000235e-01
4.639333333333333087e-01
4.637999999999999901e-01
4.640666666666666829e-01
4.643999999999999795e-01
4.645333333333333536e-01
4.644666666666666943e-01
4.647999999999999909e-01
4.650000000000000244e-01
4.648666666666666503e-01
4.648666666666666503e-01
4.648666666666666503e-01
4.647999999999999909e-01
4.647999999999999909e-01
4.648666666666666503e-01
4.646666666666666723e-01
4.647999999999999909e-01
4.647999999999999909e-01
4.650000000000000244e-01
4.649333333333333096e-01
4.650666666666666837e-01
4.652000000000000024e-01
4.651333333333333431e-01
4.653333333333333210e-01
4.653333333333333210e-01
4.655333333333333545e-01
4.654666666666666397e-01
4.656666666666666732e-01
4.658666666666666512e-01
4.658666666666666512e-01
4.660000000000000253e-01
4.658666666666666512e-01
4.662666666666666626e-01
4.662000000000000033e-01
4.664666666666666406e-01
4.664666666666666406e-01
4.667333333333333334e-01
4.667333333333333334e-01
4.666666666666666741e-01
4.667999999999999927e-01
4.668666666666666520e-01
4.670000000000000262e-01
4.670666666666666855e-01
4.669333333333333114e-01
4.672000000000000042e-01
4.672000000000000042e-01
4.672666666666666635e-01
4.673333333333333228e-01
4.672666666666666635e-01
4.675333333333333563e-01
4.675333333333333563e-01
4.676000000000000156e-01
4.680666666666666864e-01
4.680000000000000271e-01
4.677999999999999936e-01
4.680000000000000271e-01
4.680666666666666864e-01
4.680000000000000271e-01
4.681333333333333457e-01
4.679333333333333123e-01
4.680666666666666864e-01
4.681333333333333457e-01
4.683999999999999830e-01
4.686666666666666758e-01
4.687333333333333352e-01
4.686666666666666758e-01
4.687333333333333352e-01
4.687999999999999945e-01
4.687999999999999945e-01
4.687999999999999945e-01
4.688666666666666538e-01
4.692666666666666653e-01
4.694666666666666432e-01
4.692666666666666653e-01
4.695333333333333581e-01
4.696000000000000174e-01
4.694666666666666432e-01
4.694666666666666432e-01
4.696666666666666767e-01
4.697333333333333361e-01
4.696666666666666767e-01
4.697999999999999954e-01
4.699999999999999734e-01
4.700666666666666882e-01
4.703999999999999848e-01
4.703333333333333255e-01
4.703333333333333255e-01
4.704666666666666441e-01
4.706000000000000183e-01
4.708666666666666556e-01
4.711333333333333484e-01
4.709999999999999742e-01
4.709999999999999742e-01
4.710666666666666891e-01
4.712000000000000077e-01
4.713999999999999857e-01
4.713999999999999857e-01
4.715333333333333599e-01
4.714666666666666450e-01
4.716666666666666785e-01
4.717333333333333378e-01
4.717333333333333378e-01
4.717999999999999972e-01
4.719333333333333158e-01
4.717999999999999972e-01
4.719333333333333158e-01
4.721333333333333493e-01
4.724666666666666459e-01
4.726000000000000201e-01
4.725333333333333607e-01
4.726000000000000201e-01
4.726666666666666794e-01
4.727999999999999980e-01
4.727333333333333387e-01
4.730666666666666909e-01
4.730666666666666909e-01
4.730666666666666909e-01
4.729999999999999760e-01
4.732000000000000095e-01
4.731333333333333502e-01
4.733999999999999875e-01
4.733999999999999875e-01
4.736000000000000210e-01
4.737333333333333396e-01
4.737333333333333396e-01
4.740666666666666917e-01
4.739333333333333176e-01
4.740666666666666917e-01
4.740666666666666917e-01
4.739999999999999769e-01
4.741333333333333511e-01
4.741333333333333511e-01
4.743999999999999884e-01
4.743999999999999884e-01
4.745333333333333070e-01
4.746666666666666812e-01
4.746000000000000218e-01
4.749333333333333185e-01
4.749999999999999778e-01
4.752666666666666706e-01
4.752000000000000113e-01
4.753999999999999893e-01
4.754666666666666486e-01
4.757333333333333414e-01
4.758666666666666600e-01
4.758666666666666600e-01
4.761333333333333528e-01
4.760666666666666935e-01
4.762000000000000122e-01
4.762666666666666715e-01
4.762666666666666715e-01
4.762666666666666715e-01
4.765333333333333088e-01
4.764666666666666495e-01
4.766000000000000236e-01
4.768000000000000016e-01
4.770666666666666944e-01
4.769999999999999796e-01
4.772666666666666724e-01
4.772666666666666724e-01
4.772666666666666724e-01
4.772666666666666724e-01
4.772000000000000131e-01
4.772666666666666724e-01
4.774666666666666504e-01
4.774666666666666504e-01
4.776666666666666838e-01
4.777333333333333432e-01
4.779333333333333211e-01
4.779999999999999805e-01
4.779333333333333211e-01
4.779999999999999805e-01
4.779999999999999805e-01
4.781333333333333546e-01
4.782666666666666733e-01
4.782000000000000139e-01
4.785333333333333106e-01
4.788000000000000034e-01
4.783999999999999919e-01
4.783333333333333326e-01
4.786000000000000254e-01
4.786666666666666847e-01
