3.300666666666666749e-01
3.312666666666666537e-01
3.320666666666666766e-01
3.326000000000000068e-01
3.330666666666666775e-01
3.338666666666666449e-01
3.340000000000000191e-01
3.350666666666666793e-01
3.358666666666666467e-01
3.364666666666666917e-01
3.370000000000000218e-01
3.376000000000000112e-01
3.380000000000000226e-01
3.382666666666666599e-01
3.390666666666666829e-01
3.396000000000000130e-01
3.402000000000000024e-01
3.407333333333333325e-01
3.416666666666666741e-01
3.422666666666666635e-01
3.430666666666666864e-01
3.436000000000000165e-01
3.446000000000000174e-01
3.449999999999999734e-01
3.458666666666666556e-01
3.466666666666666785e-01
3.473999999999999866e-01
3.476666666666666794e-01
3.482000000000000095e-01
3.486666666666666803e-01
3.495333333333333070e-01
3.497333333333333405e-01
3.502000000000000113e-01
3.510666666666666935e-01
3.513333333333333308e-01
3.520666666666666944e-01
3.526666666666666838e-01
3.533999999999999919e-01
3.538000000000000034e-01
3.543333333333333335e-01
3.546666666666666856e-01
3.552666666666666750e-01
3.559333333333333238e-01
3.563999999999999946e-01
3.567333333333333467e-01
3.574666666666666548e-01
3.579999999999999849e-01
3.583999999999999964e-01
3.583999999999999964e-01
3.593999999999999972e-01
3.598000000000000087e-01
3.601333333333333608e-01
3.608000000000000096e-01
3.613999999999999990e-01
3.617333333333333512e-01
3.619999999999999885e-01
3.626666666666666927e-01
3.632666666666666822e-01
3.637333333333333529e-01
3.639333333333333309e-01
3.645333333333333203e-01
3.649333333333333318e-01
3.653333333333333433e-01
3.659999999999999920e-01
3.663333333333333441e-01
3.664666666666666628e-01
3.670666666666666522e-01
3.672666666666666857e-01
3.677333333333333565e-01
3.679333333333333345e-01
3.684666666666666646e-01
3.686666666666666425e-01
3.694666666666666655e-01
3.701999999999999735e-01
3.708666666666666778e-01
3.710666666666666558e-01
3.715333333333333266e-01
3.723333333333333495e-01
3.728666666666666796e-01
3.735333333333333283e-01
3.740666666666666584e-01
3.744666666666666699e-01
3.748000000000000220e-01
3.752666666666666928e-01
3.758000000000000229e-01
3.760666666666666602e-01
3.766666666666666496e-01
3.768666666666666831e-01
3.773333333333333539e-01
3.775999999999999912e-01
3.781999999999999806e-01
3.785999999999999921e-01
3.790000000000000036e-01
3.790666666666666629e-01
3.795333333333333337e-01
3.798666666666666858e-01
3.801333333333333231e-01
3.800666666666666638e-01
3.810000000000000053e-01
3.814000000000000168e-01
3.819333333333333469e-01
3.821333333333333249e-01
3.826666666666666550e-01
3.829333333333333478e-01
3.830666666666666664e-01
3.834666666666666779e-01
3.838666666666666893e-01
3.841333333333333266e-01
3.844666666666666788e-01
3.849333333333333496e-01
3.854666666666666797e-01
3.857999999999999763e-01
3.865333333333333399e-01
3.870666666666666700e-01
3.872666666666666480e-01
3.877333333333333187e-01
3.880666666666666709e-01
3.885333333333333417e-01
3.885333333333333417e-01
3.888666666666666938e-01
3.894000000000000239e-01
3.898666666666666392e-01
3.899333333333333540e-01
3.903333333333333099e-01
3.907999999999999807e-01
3.909333333333333549e-01
3.911999999999999922e-01
3.917333333333333223e-01
3.918666666666666409e-01
3.923333333333333117e-01
3.928666666666666418e-01
3.934666666666666868e-01
3.934666666666666868e-01
3.940666666666666762e-01
3.942666666666666542e-01
3.947999999999999843e-01
3.948666666666666436e-01
3.951333333333333364e-01
3.953999999999999737e-01
3.958666666666666445e-01
3.966666666666666674e-01
3.970666666666666789e-01
3.971999999999999975e-01
3.974666666666666903e-01
3.977999999999999869e-01
3.977333333333333276e-01
3.975333333333333496e-01
3.980666666666666798e-01
3.986666666666666692e-01
3.990000000000000213e-01
3.993999999999999773e-01
4.000666666666666815e-01
4.006000000000000116e-01
4.011333333333333417e-01
4.014666666666666939e-01
4.015333333333333532e-01
4.016666666666666718e-01
4.019333333333333091e-01
4.022000000000000020e-01
4.026000000000000134e-01
4.028666666666666507e-01
4.030666666666666842e-01
4.033333333333333215e-01
4.031333333333333435e-01
4.033333333333333215e-01
4.036000000000000143e-01
4.038666666666666516e-01
4.041333333333333444e-01
4.043333333333333224e-01
4.048666666666666525e-01
4.052000000000000046e-01
4.056000000000000161e-01
4.056000000000000161e-01
4.057999999999999940e-01
4.058666666666666534e-01
4.063999999999999835e-01
4.064666666666666428e-01
4.069333333333333136e-01
4.069999999999999729e-01
4.073333333333333250e-01
4.077333333333333365e-01
4.077999999999999958e-01
4.079999999999999738e-01
4.080666666666666886e-01
4.083333333333333259e-01
4.085333333333333594e-01
4.087333333333333374e-01
4.088666666666666560e-01
4.090666666666666895e-01
4.096666666666666790e-01
4.098666666666666569e-01
4.097999999999999976e-01
4.097999999999999976e-01
4.098666666666666569e-01
4.098666666666666569e-01
4.096666666666666790e-01
4.103999999999999870e-01
4.107999999999999985e-01
4.113333333333333286e-01
4.116666666666666807e-01
4.119999999999999774e-01
4.122666666666666702e-01
4.122666666666666702e-01
4.124666666666666481e-01
4.128666666666666596e-01
4.131333333333333524e-01
4.132666666666666710e-01
4.133333333333333304e-01
4.135333333333333083e-01
4.135333333333333083e-01
4.136666666666666825e-01
4.137333333333333418e-01
4.141333333333333533e-01
4.140666666666666940e-01
4.141333333333333533e-01
4.144666666666666499e-01
4.143333333333333313e-01
4.148000000000000020e-01
4.149333333333333207e-01
4.150666666666666393e-01
4.152000000000000135e-01
4.155333333333333101e-01
4.158666666666666623e-01
4.162666666666666737e-01
4.166000000000000258e-01
4.171333333333333560e-01
4.171333333333333560e-01
4.173999999999999932e-01
4.177333333333333454e-01
4.178000000000000047e-01
4.178000000000000047e-01
4.179999999999999827e-01
4.178666666666666640e-01
4.182666666666666755e-01
4.186000000000000276e-01
4.188666666666666649e-01
4.191333333333333577e-01
4.191333333333333577e-01
4.193999999999999950e-01
4.198000000000000065e-01
4.201333333333333586e-01
4.202666666666666773e-01
4.203333333333333366e-01
4.204666666666666552e-01
4.201333333333333586e-01
4.207333333333333480e-01
4.211333333333333595e-01
4.214666666666666561e-01
4.218000000000000083e-01
4.219333333333333269e-01
4.221333333333333604e-01
4.222666666666666790e-01
4.225333333333333163e-01
4.228000000000000091e-01
4.227333333333333498e-01
4.228000000000000091e-01
4.228000000000000091e-01
4.230666666666666464e-01
4.230666666666666464e-01
4.232000000000000206e-01
4.235333333333333172e-01
4.236666666666666914e-01
4.241333333333333067e-01
4.248000000000000109e-01
4.248000000000000109e-01
4.248666666666666702e-01
4.252000000000000224e-01
4.255999999999999783e-01
4.258666666666666711e-01
4.262666666666666826e-01
4.266666666666666941e-01
4.269999999999999907e-01
4.269999999999999907e-01
4.275333333333333208e-01
4.278000000000000136e-01
4.279333333333333322e-01
4.282666666666666844e-01
4.282666666666666844e-01
4.287333333333333552e-01
4.288000000000000145e-01
4.289999999999999925e-01
4.290666666666666518e-01
4.291333333333333111e-01
4.294666666666666632e-01
4.295333333333333226e-01
4.295333333333333226e-01
4.295333333333333226e-01
4.298666666666666747e-01
4.298666666666666747e-01
4.299999999999999933e-01
4.302000000000000268e-01
4.302000000000000268e-01
4.305999999999999828e-01
4.303333333333333455e-01
4.309333333333333349e-01
4.312000000000000277e-01
4.314000000000000057e-01
4.316666666666666430e-01
4.317333333333333578e-01
4.318000000000000171e-01
4.320666666666666544e-01
4.323333333333333472e-01
4.322666666666666879e-01
4.324666666666666659e-01
4.328000000000000180e-01
4.329333333333333367e-01
4.329999999999999960e-01
4.330666666666666553e-01
4.329999999999999960e-01
4.334000000000000075e-01
4.336666666666666448e-01
4.339999999999999969e-01
4.341333333333333155e-01
4.344000000000000083e-01
4.344000000000000083e-01
4.348666666666666791e-01
4.349999999999999978e-01
4.349999999999999978e-01
4.353333333333333499e-01
4.355333333333333279e-01
4.356666666666666465e-01
4.358000000000000207e-01
4.361333333333333173e-01
4.361999999999999766e-01
4.364000000000000101e-01
4.365333333333333288e-01
4.369333333333333402e-01
4.370666666666666589e-01
4.368666666666666809e-01
4.370666666666666589e-01
4.370666666666666589e-01
4.374666666666666703e-01
4.378000000000000225e-01
4.381333333333333191e-01
4.384000000000000119e-01
4.383333333333333526e-01
4.388000000000000234e-01
4.388000000000000234e-01
4.389333333333333420e-01
4.389333333333333420e-01
4.386666666666666492e-01
4.389333333333333420e-01
4.389333333333333420e-01
4.394000000000000128e-01
4.394000000000000128e-01
4.398000000000000242e-01
4.398666666666666836e-01
4.401333333333333209e-01
4.402666666666666395e-01
4.403333333333333544e-01
4.405999999999999917e-01
4.407333333333333103e-01
4.409333333333333438e-01
4.410666666666666624e-01
4.411999999999999811e-01
4.411999999999999811e-01
4.415333333333333332e-01
4.417333333333333112e-01
4.420000000000000040e-01
4.422666666666666413e-01
4.423333333333333561e-01
4.424000000000000155e-01
4.424666666666666748e-01
4.425999999999999934e-01
4.430666666666666642e-01
4.431333333333333235e-01
4.432666666666666422e-01
4.435999999999999943e-01
4.436666666666666536e-01
4.438666666666666871e-01
4.437333333333333130e-01
4.440666666666666651e-01
4.442666666666666431e-01
4.444000000000000172e-01
4.444666666666666766e-01
4.447333333333333139e-01
4.449333333333333473e-01
4.451999999999999846e-01
4.456666666666666554e-01
4.458666666666666889e-01
4.458666666666666889e-01
4.460666666666666669e-01
4.462666666666666448e-01
4.462666666666666448e-01
4.464000000000000190e-01
4.466666666666666563e-01
4.470666666666666678e-01
4.471333333333333271e-01
4.474666666666666792e-01
4.474000000000000199e-01
4.474666666666666792e-01
4.474666666666666792e-01
4.475333333333333385e-01
4.478666666666666907e-01
4.481333333333333280e-01
4.480000000000000093e-01
4.484000000000000208e-01
4.482666666666666466e-01
4.481333333333333280e-01
4.484000000000000208e-01
4.485999999999999988e-01
4.487333333333333174e-01
4.486666666666666581e-01
4.489333333333333509e-01
4.490000000000000102e-01
4.490666666666666695e-01
4.491999999999999882e-01
4.493333333333333068e-01
4.494000000000000217e-01
4.494000000000000217e-01
4.495999999999999996e-01
4.497333333333333183e-01
4.497333333333333183e-01
4.499333333333333518e-01
4.498666666666666925e-01
4.498666666666666925e-01
4.500000000000000111e-01
4.500666666666666704e-01
4.501999999999999891e-01
4.502666666666666484e-01
4.501999999999999891e-01
4.501999999999999891e-01
4.503333333333333077e-01
4.504666666666666819e-01
4.505333333333333412e-01
4.506666666666666599e-01
4.507333333333333192e-01
4.507999999999999785e-01
4.511333333333333306e-01
4.512666666666666493e-01
4.514666666666666828e-01
4.516666666666666607e-01
4.517999999999999794e-01
4.516666666666666607e-01
4.518666666666666942e-01
4.521333333333333315e-01
4.521999999999999909e-01
4.521999999999999909e-01
4.520000000000000129e-01
4.520666666666666722e-01
4.519333333333333536e-01
4.525333333333333430e-01
4.527999999999999803e-01
4.527999999999999803e-01
4.527333333333333210e-01
4.528666666666666396e-01
4.530000000000000138e-01
4.529333333333333544e-01
4.533333333333333104e-01
4.536666666666666625e-01
4.536000000000000032e-01
4.536666666666666625e-01
4.536666666666666625e-01
4.537999999999999812e-01
4.536666666666666625e-01
4.537999999999999812e-01
4.538666666666666405e-01
4.540666666666666740e-01
4.543333333333333113e-01
4.544000000000000261e-01
4.544666666666666854e-01
4.543333333333333113e-01
4.544666666666666854e-01
4.546000000000000041e-01
4.545333333333333448e-01
4.547999999999999821e-01
4.549333333333333562e-01
4.550666666666666749e-01
4.550666666666666749e-01
4.551333333333333342e-01
4.551999999999999935e-01
4.551333333333333342e-01
4.552666666666666528e-01
4.555333333333333456e-01
4.557999999999999829e-01
4.557333333333333236e-01
4.560666666666666758e-01
4.561333333333333351e-01
4.561999999999999944e-01
4.566000000000000059e-01
4.567999999999999838e-01
4.568666666666666432e-01
4.567999999999999838e-01
4.570666666666666766e-01
4.571333333333333360e-01
4.572666666666666546e-01
4.570666666666666766e-01
4.573333333333333139e-01
4.573999999999999733e-01
4.571999999999999953e-01
4.576666666666666661e-01
4.580666666666666775e-01
4.577999999999999847e-01
4.582666666666666555e-01
4.581333333333333369e-01
4.583333333333333148e-01
4.586000000000000076e-01
4.587999999999999856e-01
4.590000000000000191e-01
4.590000000000000191e-01
4.590000000000000191e-01
4.594666666666666899e-01
4.597333333333333272e-01
4.597333333333333272e-01
4.598666666666666458e-01
4.600666666666666793e-01
4.600666666666666793e-01
4.602666666666666573e-01
4.602666666666666573e-01
4.606000000000000094e-01
4.606000000000000094e-01
4.608666666666666467e-01
4.609333333333333060e-01
4.611333333333333395e-01
4.611999999999999988e-01
4.612666666666666582e-01
4.611999999999999988e-01
4.613999999999999768e-01
4.616000000000000103e-01
4.618666666666666476e-01
4.617333333333333290e-01
4.618666666666666476e-01
4.620666666666666811e-01
4.621999999999999997e-01
4.621999999999999997e-01
4.620666666666666811e-01
4.623999999999999777e-01
4.623999999999999777e-01
4.627333333333333298e-01
4.628666666666666485e-01
4.629333333333333078e-01
4.630000000000000226e-01
4.630666666666666820e-01
4.632000000000000006e-01
4.632666666666666599e-01
4.632666666666666599e-01
4.630666666666666820e-01
4.633333333333333193e-01
4.633999999999999786e-01
4.636666666666666714e-01
4.638666666666666494e-01
4.638666666666666494e-01
4.640000000000000235e-01
4.639333333333333087e-01
4.638666666666666494e-01
4.640666666666666829e-01
4.641333333333333422e-01
4.641333333333333422e-01
4.640666666666666829e-01
4.644666666666666943e-01
4.646666666666666723e-01
4.647333333333333316e-01
4.648666666666666503e-01
4.647333333333333316e-01
4.648666666666666503e-01
4.647999999999999909e-01
4.648666666666666503e-01
4.647333333333333316e-01
4.647333333333333316e-01
4.647999999999999909e-01
4.647333333333333316e-01
4.647999999999999909e-01
4.648666666666666503e-01
4.648666666666666503e-01
4.653333333333333210e-01
4.653333333333333210e-01
4.653333333333333210e-01
4.652000000000000024e-01
4.653333333333333210e-01
4.653999999999999804e-01
4.657999999999999918e-01
4.657999999999999918e-01
4.660000000000000253e-01
4.661333333333333440e-01
4.660666666666666846e-01
4.662666666666666626e-01
4.663333333333333219e-01
4.663999999999999813e-01
4.663333333333333219e-01
4.663999999999999813e-01
4.665333333333333554e-01
4.666000000000000147e-01
4.667999999999999927e-01
4.669333333333333114e-01
4.668666666666666520e-01
4.667999999999999927e-01
4.666666666666666741e-01
4.667999999999999927e-01
4.671333333333333449e-01
4.673333333333333228e-01
4.671333333333333449e-01
4.672666666666666635e-01
4.673333333333333228e-01
4.675333333333333563e-01
4.677333333333333343e-01
4.679333333333333123e-01
4.680000000000000271e-01
4.680000000000000271e-01
4.681333333333333457e-01
4.681333333333333457e-01
4.684666666666666424e-01
4.685333333333333572e-01
4.685333333333333572e-01
4.685333333333333572e-01
4.683333333333333237e-01
4.683333333333333237e-01
4.686666666666666758e-01
4.687999999999999945e-01
4.686666666666666758e-01
4.689999999999999725e-01
4.689999999999999725e-01
4.690666666666666873e-01
4.690666666666666873e-01
4.692000000000000060e-01
4.693999999999999839e-01
4.696666666666666767e-01
4.695333333333333581e-01
4.697999999999999954e-01
4.697999999999999954e-01
4.697999999999999954e-01
4.699333333333333140e-01
4.697333333333333361e-01
4.698666666666666547e-01
4.701333333333333475e-01
4.700666666666666882e-01
4.702000000000000068e-01
4.702666666666666662e-01
4.703999999999999848e-01
4.703333333333333255e-01
4.706000000000000183e-01
4.705333333333333590e-01
4.705333333333333590e-01
4.705333333333333590e-01
4.708666666666666556e-01
4.707999999999999963e-01
4.707999999999999963e-01
4.709333333333333149e-01
4.712666666666666671e-01
4.713999999999999857e-01
4.713999999999999857e-01
4.713333333333333264e-01
4.715333333333333599e-01
4.717333333333333378e-01
4.719333333333333158e-01
4.719999999999999751e-01
4.718666666666666565e-01
4.718666666666666565e-01
4.720666666666666900e-01
4.721333333333333493e-01
4.723333333333333273e-01
4.724666666666666459e-01
4.724666666666666459e-01
4.726666666666666794e-01
4.726666666666666794e-01
4.727333333333333387e-01
4.728666666666666574e-01
4.729333333333333167e-01
4.731333333333333502e-01
4.731333333333333502e-01
4.730666666666666909e-01
4.730666666666666909e-01
4.733333333333333282e-01
4.732666666666666688e-01
4.732666666666666688e-01
4.733333333333333282e-01
4.733999999999999875e-01
4.736000000000000210e-01
4.737333333333333396e-01
4.739333333333333176e-01
4.737999999999999989e-01
4.740666666666666917e-01
4.740666666666666917e-01
4.739999999999999769e-01
4.739999999999999769e-01
4.739333333333333176e-01
4.739999999999999769e-01
4.744666666666666477e-01
4.743333333333333290e-01
4.746000000000000218e-01
4.746000000000000218e-01
4.747333333333333405e-01
4.746000000000000218e-01
4.749333333333333185e-01
4.749999999999999778e-01
4.749999999999999778e-01
4.752000000000000113e-01
4.752666666666666706e-01
4.756666666666666821e-01
4.757333333333333414e-01
4.758000000000000007e-01
4.759999999999999787e-01
4.761333333333333528e-01
4.761333333333333528e-01
4.763999999999999901e-01
4.765333333333333088e-01
4.766000000000000236e-01
4.767333333333333423e-01
4.768000000000000016e-01
4.769333333333333202e-01
4.768666666666666609e-01
4.769333333333333202e-01
4.769999999999999796e-01
4.769333333333333202e-01
4.773333333333333317e-01
4.775333333333333097e-01
4.776000000000000245e-01
4.775333333333333097e-01
4.777333333333333432e-01
4.776000000000000245e-01
4.774666666666666504e-01
4.778000000000000025e-01
4.778666666666666618e-01
4.778666666666666618e-01
4.777333333333333432e-01
4.778000000000000025e-01
4.778666666666666618e-01
4.779999999999999805e-01
4.781333333333333546e-01
4.783333333333333326e-01
4.784666666666666512e-01
4.783999999999999919e-01
4.782000000000000139e-01
4.784666666666666512e-01
4.785333333333333106e-01
4.786000000000000254e-01
4.787333333333333441e-01
4.788000000000000034e-01
4.786666666666666847e-01
4.788000000000000034e-01
4.792000000000000148e-01
