3.261999999999999900e-01
3.275333333333333430e-01
3.286666666666666625e-01
3.294666666666666854e-01
3.304666666666666863e-01
3.311333333333333351e-01
3.321333333333333360e-01
3.325333333333333474e-01
3.330000000000000182e-01
3.336666666666666670e-01
3.343999999999999750e-01
3.348666666666666458e-01
3.357999999999999874e-01
3.364666666666666917e-01
3.370000000000000218e-01
3.376666666666666705e-01
3.379333333333333078e-01
3.385333333333333528e-01
3.392000000000000015e-01
3.399333333333333096e-01
3.405333333333333545e-01
3.413333333333333219e-01
3.420666666666666855e-01
3.426666666666666750e-01
3.433999999999999830e-01
3.438666666666666538e-01
3.450666666666666882e-01
3.456000000000000183e-01
3.462000000000000077e-01
3.472666666666666679e-01
3.477333333333333387e-01
3.482000000000000095e-01
3.483999999999999875e-01
3.492000000000000104e-01
3.497333333333333405e-01
3.499999999999999778e-01
3.508000000000000007e-01
3.512666666666666715e-01
3.519333333333333202e-01
3.524666666666666504e-01
3.532666666666666733e-01
3.538666666666666627e-01
3.539999999999999813e-01
3.546666666666666856e-01
3.553333333333333344e-01
3.555333333333333123e-01
3.563333333333333353e-01
3.568666666666666654e-01
3.574666666666666548e-01
3.580666666666666442e-01
3.588000000000000078e-01
3.592666666666666786e-01
3.595999999999999752e-01
3.599999999999999867e-01
3.603999999999999981e-01
3.608000000000000096e-01
3.613333333333333397e-01
3.617333333333333512e-01
3.622666666666666813e-01
3.628000000000000114e-01
3.631333333333333080e-01
3.637333333333333529e-01
3.640666666666666496e-01
3.646666666666666390e-01
3.649999999999999911e-01
3.655999999999999805e-01
3.659333333333333327e-01
3.664000000000000035e-01
3.665999999999999814e-01
3.672666666666666857e-01
3.673333333333333450e-01
3.678000000000000158e-01
3.682000000000000273e-01
3.685999999999999832e-01
3.690666666666666540e-01
3.698000000000000176e-01
3.700666666666666549e-01
3.709333333333333371e-01
3.712666666666666893e-01
3.717333333333333600e-01
3.725999999999999868e-01
3.729333333333333389e-01
3.737333333333333063e-01
3.741999999999999771e-01
3.744666666666666699e-01
3.748666666666666814e-01
3.753333333333333521e-01
3.757333333333333081e-01
3.763333333333333530e-01
3.765999999999999903e-01
3.770666666666666611e-01
3.773333333333333539e-01
3.778000000000000247e-01
3.783333333333333548e-01
3.786666666666666514e-01
3.790666666666666629e-01
3.791999999999999815e-01
3.795999999999999930e-01
3.800000000000000044e-01
3.804000000000000159e-01
3.809333333333333460e-01
3.814000000000000168e-01
3.815999999999999948e-01
3.820666666666666655e-01
3.821999999999999842e-01
3.828666666666666885e-01
3.827999999999999736e-01
3.830666666666666664e-01
3.835333333333333372e-01
3.838666666666666893e-01
3.842666666666666453e-01
3.847999999999999754e-01
3.852666666666666462e-01
3.855999999999999983e-01
3.860666666666666691e-01
3.868666666666666920e-01
3.872666666666666480e-01
3.876000000000000001e-01
3.878666666666666929e-01
3.882666666666666488e-01
3.884000000000000230e-01
3.886666666666666603e-01
3.892666666666666497e-01
3.896666666666666612e-01
3.897333333333333205e-01
3.901333333333333320e-01
3.906000000000000028e-01
3.908666666666666401e-01
3.907333333333333214e-01
3.915333333333333443e-01
3.916666666666666630e-01
3.921333333333333337e-01
3.926666666666666639e-01
3.930666666666666753e-01
3.932666666666666533e-01
3.938666666666666427e-01
3.941333333333333355e-01
3.944666666666666877e-01
3.946000000000000063e-01
3.950000000000000178e-01
3.952666666666666551e-01
3.956666666666666665e-01
3.963999999999999746e-01
3.969333333333333602e-01
3.970666666666666789e-01
3.973333333333333162e-01
3.976666666666666683e-01
3.977999999999999869e-01
3.980000000000000204e-01
3.981333333333333391e-01
3.983999999999999764e-01
3.991333333333333400e-01
3.991999999999999993e-01
3.998666666666666480e-01
4.004666666666666930e-01
4.009333333333333083e-01
4.013333333333333197e-01
4.014666666666666939e-01
4.016000000000000125e-01
4.015333333333333532e-01
4.022666666666666613e-01
4.026000000000000134e-01
4.027333333333333321e-01
4.027999999999999914e-01
4.031333333333333435e-01
4.033333333333333215e-01
4.033999999999999808e-01
4.037333333333333329e-01
4.037999999999999923e-01
4.040000000000000258e-01
4.040666666666666851e-01
4.047333333333333338e-01
4.050666666666666860e-01
4.053333333333333233e-01
4.054666666666666419e-01
4.055333333333333568e-01
4.058666666666666534e-01
4.061333333333333462e-01
4.062666666666666648e-01
4.065333333333333576e-01
4.069999999999999729e-01
4.073999999999999844e-01
4.075333333333333585e-01
4.077999999999999958e-01
4.078666666666666551e-01
4.079999999999999738e-01
4.082000000000000073e-01
4.083333333333333259e-01
4.085333333333333594e-01
4.087999999999999967e-01
4.089999999999999747e-01
4.095333333333333603e-01
4.098666666666666569e-01
4.097999999999999976e-01
4.097333333333333383e-01
4.099999999999999756e-01
4.101333333333333497e-01
4.103999999999999870e-01
4.104666666666666464e-01
4.108666666666666578e-01
4.111333333333333506e-01
4.112666666666666693e-01
4.117333333333333401e-01
4.121333333333333515e-01
4.122666666666666702e-01
4.123999999999999888e-01
4.126666666666666816e-01
4.129999999999999782e-01
4.132666666666666710e-01
4.132666666666666710e-01
4.133999999999999897e-01
4.136000000000000232e-01
4.136000000000000232e-01
4.137333333333333418e-01
4.139333333333333198e-01
4.140666666666666940e-01
4.142666666666666719e-01
4.143333333333333313e-01
4.143999999999999906e-01
4.145333333333333092e-01
4.146666666666666834e-01
4.149333333333333207e-01
4.151333333333333542e-01
4.153999999999999915e-01
4.156666666666666843e-01
4.163999999999999924e-01
4.163333333333333330e-01
4.169333333333333225e-01
4.172666666666666746e-01
4.171333333333333560e-01
4.177333333333333454e-01
4.176000000000000267e-01
4.177333333333333454e-01
4.179333333333333234e-01
4.180666666666666420e-01
4.182666666666666755e-01
4.183999999999999941e-01
4.188000000000000056e-01
4.189999999999999836e-01
4.193999999999999950e-01
4.195999999999999730e-01
4.197333333333333472e-01
4.203333333333333366e-01
4.203333333333333366e-01
4.204666666666666552e-01
4.204666666666666552e-01
4.209333333333333260e-01
4.208666666666666667e-01
4.209333333333333260e-01
4.213999999999999968e-01
4.215999999999999748e-01
4.217333333333333489e-01
4.219333333333333269e-01
4.222000000000000197e-01
4.222666666666666790e-01
4.225333333333333163e-01
4.225999999999999757e-01
4.226666666666666905e-01
4.228000000000000091e-01
4.231333333333333058e-01
4.232000000000000206e-01
4.233333333333333393e-01
4.233999999999999986e-01
4.236666666666666914e-01
4.240666666666666473e-01
4.245333333333333181e-01
4.246666666666666923e-01
4.248000000000000109e-01
4.249333333333333296e-01
4.252666666666666817e-01
4.256666666666666932e-01
4.260666666666666491e-01
4.265999999999999792e-01
4.269999999999999907e-01
4.271333333333333093e-01
4.275999999999999801e-01
4.278666666666666729e-01
4.278000000000000136e-01
4.279333333333333322e-01
4.283333333333333437e-01
4.287333333333333552e-01
4.289333333333333331e-01
4.291333333333333111e-01
4.292000000000000259e-01
4.292000000000000259e-01
4.292666666666666853e-01
4.295333333333333226e-01
4.295333333333333226e-01
4.296666666666666412e-01
4.295333333333333226e-01
4.297333333333333560e-01
4.299999999999999933e-01
4.302666666666666861e-01
4.302666666666666861e-01
4.305333333333333234e-01
4.308000000000000163e-01
4.309999999999999942e-01
4.312666666666666870e-01
4.312666666666666870e-01
4.314000000000000057e-01
4.314666666666666650e-01
4.318000000000000171e-01
4.322666666666666879e-01
4.323333333333333472e-01
4.324000000000000066e-01
4.325333333333333252e-01
4.326666666666666439e-01
4.329333333333333367e-01
4.329333333333333367e-01
4.331999999999999740e-01
4.332666666666666888e-01
4.333333333333333481e-01
4.334000000000000075e-01
4.336666666666666448e-01
4.341333333333333155e-01
4.341999999999999749e-01
4.344000000000000083e-01
4.347333333333333605e-01
4.348000000000000198e-01
4.350666666666666571e-01
4.352666666666666906e-01
4.355333333333333279e-01
4.356666666666666465e-01
4.358000000000000207e-01
4.358666666666666800e-01
4.360666666666666580e-01
4.364000000000000101e-01
4.364666666666666694e-01
4.368000000000000216e-01
4.371333333333333182e-01
4.370666666666666589e-01
4.371999999999999775e-01
4.371999999999999775e-01
4.375333333333333297e-01
4.375999999999999890e-01
4.379333333333333411e-01
4.381333333333333191e-01
4.384000000000000119e-01
4.385999999999999899e-01
4.384000000000000119e-01
4.386666666666666492e-01
4.387333333333333085e-01
4.389333333333333420e-01
4.391333333333333200e-01
4.394000000000000128e-01
4.395333333333333314e-01
4.395333333333333314e-01
4.398666666666666836e-01
4.399333333333333429e-01
4.400666666666666615e-01
4.401333333333333209e-01
4.401999999999999802e-01
4.404000000000000137e-01
4.407333333333333103e-01
4.407333333333333103e-01
4.411333333333333218e-01
4.412666666666666404e-01
4.411999999999999811e-01
4.413333333333333552e-01
4.417333333333333112e-01
4.419333333333333447e-01
4.423333333333333561e-01
4.425333333333333341e-01
4.424000000000000155e-01
4.424666666666666748e-01
4.425333333333333341e-01
4.427333333333333121e-01
4.428666666666666862e-01
4.432666666666666422e-01
4.433333333333333570e-01
4.432666666666666422e-01
4.437333333333333130e-01
4.438666666666666871e-01
4.440666666666666651e-01
4.441333333333333244e-01
4.441999999999999837e-01
4.442666666666666431e-01
4.444666666666666766e-01
4.449333333333333473e-01
4.451333333333333253e-01
4.454000000000000181e-01
4.456666666666666554e-01
4.457999999999999741e-01
4.461333333333333262e-01
4.460666666666666669e-01
4.460000000000000075e-01
4.463333333333333597e-01
4.468666666666666898e-01
4.470000000000000084e-01
4.470666666666666678e-01
4.474000000000000199e-01
4.475333333333333385e-01
4.476666666666666572e-01
4.477333333333333165e-01
4.477333333333333165e-01
4.479333333333333500e-01
4.481999999999999873e-01
4.481333333333333280e-01
4.481999999999999873e-01
4.481999999999999873e-01
4.482666666666666466e-01
4.483333333333333059e-01
4.484000000000000208e-01
4.485333333333333394e-01
4.486666666666666581e-01
4.485999999999999988e-01
4.488666666666666916e-01
4.490000000000000102e-01
4.491333333333333289e-01
4.493333333333333068e-01
4.494000000000000217e-01
4.494000000000000217e-01
4.494666666666666810e-01
4.497333333333333183e-01
4.497999999999999776e-01
4.498666666666666925e-01
4.500000000000000111e-01
4.498666666666666925e-01
4.500666666666666704e-01
4.500666666666666704e-01
4.501999999999999891e-01
4.501999999999999891e-01
4.502666666666666484e-01
4.502666666666666484e-01
4.502666666666666484e-01
4.503333333333333077e-01
4.504666666666666819e-01
4.506666666666666599e-01
4.506000000000000005e-01
4.508666666666666933e-01
4.510666666666666713e-01
4.511333333333333306e-01
4.514000000000000234e-01
4.515333333333333421e-01
4.515333333333333421e-01
4.516000000000000014e-01
4.517333333333333201e-01
4.518666666666666942e-01
4.520666666666666722e-01
4.521999999999999909e-01
4.521999999999999909e-01
4.521999999999999909e-01
4.522666666666666502e-01
4.524000000000000243e-01
4.526666666666666616e-01
4.527333333333333210e-01
4.530000000000000138e-01
4.529333333333333544e-01
4.530000000000000138e-01
4.526666666666666616e-01
4.527333333333333210e-01
4.530666666666666731e-01
4.535333333333333439e-01
4.536666666666666625e-01
4.535333333333333439e-01
4.537333333333333218e-01
4.537999999999999812e-01
4.537999999999999812e-01
4.539333333333333553e-01
4.540666666666666740e-01
4.539333333333333553e-01
4.541333333333333333e-01
4.541999999999999926e-01
4.540666666666666740e-01
4.542666666666666520e-01
4.543333333333333113e-01
4.546000000000000041e-01
4.547999999999999821e-01
4.548666666666666414e-01
4.550000000000000155e-01
4.551333333333333342e-01
4.551333333333333342e-01
4.551999999999999935e-01
4.551333333333333342e-01
4.551999999999999935e-01
4.554000000000000270e-01
4.556000000000000050e-01
4.558666666666666423e-01
4.560666666666666758e-01
4.561999999999999944e-01
4.561999999999999944e-01
4.562666666666666537e-01
4.562666666666666537e-01
4.567999999999999838e-01
4.570000000000000173e-01
4.570000000000000173e-01
4.570000000000000173e-01
4.571333333333333360e-01
4.571999999999999953e-01
4.572666666666666546e-01
4.572666666666666546e-01
4.571999999999999953e-01
4.575333333333333474e-01
4.578666666666666440e-01
4.579333333333333589e-01
4.579333333333333589e-01
4.580000000000000182e-01
4.583999999999999742e-01
4.585333333333333483e-01
4.587333333333333263e-01
4.586666666666666670e-01
4.590000000000000191e-01
4.590666666666666784e-01
4.593333333333333157e-01
4.595333333333333492e-01
4.597333333333333272e-01
4.597999999999999865e-01
4.598666666666666458e-01
4.600666666666666793e-01
4.601333333333333386e-01
4.603999999999999759e-01
4.601999999999999980e-01
4.605333333333333501e-01
4.608666666666666467e-01
4.607333333333333281e-01
4.610666666666666802e-01
4.610666666666666802e-01
4.610000000000000209e-01
4.612666666666666582e-01
4.613333333333333175e-01
4.613999999999999768e-01
4.620000000000000218e-01
4.618666666666666476e-01
4.617333333333333290e-01
4.621333333333333404e-01
4.621999999999999997e-01
4.621999999999999997e-01
4.621999999999999997e-01
4.623333333333333184e-01
4.625333333333333519e-01
4.622666666666666591e-01
4.625333333333333519e-01
4.624666666666666925e-01
4.627999999999999892e-01
4.627333333333333298e-01
4.633333333333333193e-01
4.632666666666666599e-01
4.633333333333333193e-01
4.634666666666666934e-01
4.633333333333333193e-01
4.635333333333333528e-01
4.636666666666666714e-01
4.637999999999999901e-01
4.640000000000000235e-01
4.639333333333333087e-01
4.638666666666666494e-01
4.637999999999999901e-01
4.640000000000000235e-01
4.640666666666666829e-01
4.641333333333333422e-01
4.641333333333333422e-01
4.643999999999999795e-01
4.646000000000000130e-01
4.648666666666666503e-01
4.648666666666666503e-01
4.647333333333333316e-01
4.648666666666666503e-01
4.648666666666666503e-01
4.647999999999999909e-01
4.647999999999999909e-01
4.647999999999999909e-01
4.647999999999999909e-01
4.650000000000000244e-01
4.647999999999999909e-01
4.647999999999999909e-01
4.649333333333333096e-01
4.650000000000000244e-01
4.650666666666666837e-01
4.652000000000000024e-01
4.653333333333333210e-01
4.653333333333333210e-01
4.654666666666666397e-01
4.654666666666666397e-01
4.657333333333333325e-01
4.660000000000000253e-01
4.660000000000000253e-01
4.659333333333333105e-01
4.658666666666666512e-01
4.662000000000000033e-01
4.663333333333333219e-01
4.663333333333333219e-01
4.663333333333333219e-01
4.664666666666666406e-01
4.665333333333333554e-01
4.666666666666666741e-01
4.669333333333333114e-01
4.668666666666666520e-01
4.669333333333333114e-01
4.670666666666666855e-01
4.670000000000000262e-01
4.670000000000000262e-01
4.670666666666666855e-01
4.670666666666666855e-01
4.672666666666666635e-01
4.674666666666666415e-01
4.674666666666666415e-01
4.676000000000000156e-01
4.673333333333333228e-01
4.680000000000000271e-01
4.680666666666666864e-01
4.680000000000000271e-01
4.679333333333333123e-01
4.679333333333333123e-01
4.681333333333333457e-01
4.682000000000000051e-01
4.682000000000000051e-01
4.680666666666666864e-01
4.682000000000000051e-01
4.685333333333333572e-01
4.685333333333333572e-01
4.686666666666666758e-01
4.687333333333333352e-01
4.688666666666666538e-01
4.687333333333333352e-01
4.687999999999999945e-01
4.689333333333333131e-01
4.692000000000000060e-01
4.694666666666666432e-01
4.694666666666666432e-01
4.696000000000000174e-01
4.696000000000000174e-01
4.696000000000000174e-01
4.695333333333333581e-01
4.697333333333333361e-01
4.696666666666666767e-01
4.696666666666666767e-01
4.697333333333333361e-01
4.698666666666666547e-01
4.701333333333333475e-01
4.701333333333333475e-01
4.703999999999999848e-01
4.703333333333333255e-01
4.704666666666666441e-01
4.705333333333333590e-01
4.706000000000000183e-01
4.709333333333333149e-01
4.708666666666666556e-01
4.708666666666666556e-01
4.707999999999999963e-01
4.710666666666666891e-01
4.710666666666666891e-01
4.712666666666666671e-01
4.714666666666666450e-01
4.713999999999999857e-01
4.716666666666666785e-01
4.716666666666666785e-01
4.717333333333333378e-01
4.718666666666666565e-01
4.717333333333333378e-01
4.719333333333333158e-01
4.720666666666666900e-01
4.719999999999999751e-01
4.723333333333333273e-01
4.723999999999999866e-01
4.724666666666666459e-01
4.726000000000000201e-01
4.726000000000000201e-01
4.727333333333333387e-01
4.727999999999999980e-01
4.729333333333333167e-01
4.729333333333333167e-01
4.729999999999999760e-01
4.732000000000000095e-01
4.730666666666666909e-01
4.732000000000000095e-01
4.732666666666666688e-01
4.732666666666666688e-01
4.735333333333333061e-01
4.735333333333333061e-01
4.735333333333333061e-01
4.737333333333333396e-01
4.737333333333333396e-01
4.738666666666666583e-01
4.739333333333333176e-01
4.738666666666666583e-01
4.740666666666666917e-01
4.738666666666666583e-01
4.740666666666666917e-01
4.743999999999999884e-01
4.745333333333333070e-01
4.746000000000000218e-01
4.746000000000000218e-01
4.746000000000000218e-01
4.746666666666666812e-01
4.747999999999999998e-01
4.752000000000000113e-01
4.751333333333333520e-01
4.752000000000000113e-01
4.753999999999999893e-01
4.754666666666666486e-01
4.758000000000000007e-01
4.759333333333333194e-01
4.760666666666666935e-01
4.761333333333333528e-01
4.761333333333333528e-01
4.762000000000000122e-01
4.763333333333333308e-01
4.764666666666666495e-01
4.766000000000000236e-01
4.766666666666666829e-01
4.766666666666666829e-01
4.766666666666666829e-01
4.768000000000000016e-01
4.769999999999999796e-01
4.770666666666666944e-01
4.769999999999999796e-01
4.771333333333333537e-01
4.774666666666666504e-01
4.774666666666666504e-01
4.775333333333333097e-01
4.775333333333333097e-01
4.775333333333333097e-01
4.778000000000000025e-01
4.778000000000000025e-01
4.779999999999999805e-01
4.778666666666666618e-01
4.776666666666666838e-01
4.779999999999999805e-01
4.779999999999999805e-01
4.781333333333333546e-01
4.781333333333333546e-01
4.782666666666666733e-01
4.782666666666666733e-01
4.784666666666666512e-01
4.784666666666666512e-01
4.784666666666666512e-01
4.786000000000000254e-01
4.785333333333333106e-01
4.786000000000000254e-01
4.788000000000000034e-01
