3.251333333333333298e-01
3.264000000000000234e-01
3.271999999999999909e-01
3.281999999999999917e-01
3.291333333333333333e-01
3.297999999999999821e-01
3.310000000000000164e-01
3.316666666666666652e-01
3.323999999999999733e-01
3.327333333333333254e-01
3.333999999999999742e-01
3.341999999999999971e-01
3.346666666666666679e-01
3.354666666666666908e-01
3.362666666666666582e-01
3.369333333333333069e-01
3.374666666666666925e-01
3.379333333333333078e-01
3.385333333333333528e-01
3.392666666666666608e-01
3.398666666666666503e-01
3.402666666666666617e-01
3.407999999999999918e-01
3.422000000000000042e-01
3.426666666666666750e-01
3.433999999999999830e-01
3.439333333333333131e-01
3.449999999999999734e-01
3.457333333333333369e-01
3.459999999999999742e-01
3.472666666666666679e-01
3.477333333333333387e-01
3.480666666666666909e-01
3.483999999999999875e-01
3.489999999999999769e-01
3.496666666666666812e-01
3.499999999999999778e-01
3.507333333333333414e-01
3.511333333333333528e-01
3.518666666666666609e-01
3.523999999999999910e-01
3.532666666666666733e-01
3.538000000000000034e-01
3.540666666666666407e-01
3.540666666666666407e-01
3.553999999999999937e-01
3.558666666666666645e-01
3.563333333333333353e-01
3.567333333333333467e-01
3.574666666666666548e-01
3.580666666666666442e-01
3.589333333333333265e-01
3.593999999999999972e-01
3.597333333333333494e-01
3.599333333333333274e-01
3.604666666666666575e-01
3.609333333333333282e-01
3.614666666666666583e-01
3.619999999999999885e-01
3.621333333333333071e-01
3.628000000000000114e-01
3.631333333333333080e-01
3.637333333333333529e-01
3.643333333333333424e-01
3.646666666666666390e-01
3.651333333333333098e-01
3.656666666666666399e-01
3.658666666666666734e-01
3.664666666666666628e-01
3.668000000000000149e-01
3.672666666666666857e-01
3.674000000000000044e-01
3.679333333333333345e-01
3.682000000000000273e-01
3.686666666666666425e-01
3.692666666666666875e-01
3.699333333333333362e-01
3.703333333333333477e-01
3.708666666666666778e-01
3.714666666666666672e-01
3.719333333333333380e-01
3.724000000000000088e-01
3.729999999999999982e-01
3.738666666666666805e-01
3.742666666666666919e-01
3.745333333333333292e-01
3.748666666666666814e-01
3.753333333333333521e-01
3.754666666666666708e-01
3.761333333333333195e-01
3.765999999999999903e-01
3.772666666666666391e-01
3.775999999999999912e-01
3.777333333333333099e-01
3.784000000000000141e-01
3.788000000000000256e-01
3.790000000000000036e-01
3.792666666666666409e-01
3.796666666666666523e-01
3.801333333333333231e-01
3.805333333333333345e-01
3.810666666666666647e-01
3.814000000000000168e-01
3.817333333333333134e-01
3.820666666666666655e-01
3.824000000000000177e-01
3.827333333333333143e-01
3.828666666666666885e-01
3.831999999999999851e-01
3.835999999999999965e-01
3.840000000000000080e-01
3.841333333333333266e-01
3.846666666666666567e-01
3.854000000000000203e-01
3.857333333333333170e-01
3.863333333333333064e-01
3.869333333333333513e-01
3.873333333333333073e-01
3.876000000000000001e-01
3.880666666666666709e-01
3.883333333333333082e-01
3.884666666666666823e-01
3.887333333333333196e-01
3.892666666666666497e-01
3.896000000000000019e-01
3.899333333333333540e-01
3.901333333333333320e-01
3.907333333333333214e-01
3.910666666666666735e-01
3.910000000000000142e-01
3.916000000000000036e-01
3.916666666666666630e-01
3.921999999999999931e-01
3.925333333333333452e-01
3.929333333333333567e-01
3.931333333333333346e-01
3.939333333333333576e-01
3.941999999999999948e-01
3.945333333333333470e-01
3.946666666666666656e-01
3.949333333333333584e-01
3.954666666666666885e-01
3.958666666666666445e-01
3.965333333333333488e-01
3.968666666666666454e-01
3.970666666666666789e-01
3.973333333333333162e-01
3.974666666666666903e-01
3.977999999999999869e-01
3.980000000000000204e-01
3.981333333333333391e-01
3.985333333333333505e-01
3.990000000000000213e-01
3.995333333333333514e-01
4.001333333333333409e-01
4.006000000000000116e-01
4.008666666666666489e-01
4.012000000000000011e-01
4.016000000000000125e-01
4.016666666666666718e-01
4.018666666666666498e-01
4.023999999999999799e-01
4.026000000000000134e-01
4.027333333333333321e-01
4.029333333333333100e-01
4.032666666666666622e-01
4.032666666666666622e-01
4.033333333333333215e-01
4.036666666666666736e-01
4.038666666666666516e-01
4.040000000000000258e-01
4.042000000000000037e-01
4.047999999999999932e-01
4.050666666666666860e-01
4.053333333333333233e-01
4.055333333333333568e-01
4.056000000000000161e-01
4.057333333333333347e-01
4.060666666666666869e-01
4.060666666666666869e-01
4.063999999999999835e-01
4.070666666666666877e-01
4.074666666666666437e-01
4.076666666666666772e-01
4.078666666666666551e-01
4.077333333333333365e-01
4.079999999999999738e-01
4.081333333333333480e-01
4.083999999999999853e-01
4.085333333333333594e-01
4.087333333333333374e-01
4.092666666666666675e-01
4.096000000000000196e-01
4.097999999999999976e-01
4.099333333333333163e-01
4.097333333333333383e-01
4.100666666666666904e-01
4.102666666666666684e-01
4.106000000000000205e-01
4.107999999999999985e-01
4.109333333333333171e-01
4.110666666666666913e-01
4.112000000000000099e-01
4.117333333333333401e-01
4.120666666666666922e-01
4.122666666666666702e-01
4.125333333333333075e-01
4.127333333333333409e-01
4.130666666666666931e-01
4.133333333333333304e-01
4.133999999999999897e-01
4.132666666666666710e-01
4.136000000000000232e-01
4.136666666666666825e-01
4.137333333333333418e-01
4.139333333333333198e-01
4.140666666666666940e-01
4.142000000000000126e-01
4.143999999999999906e-01
4.146000000000000241e-01
4.145333333333333092e-01
4.146000000000000241e-01
4.149333333333333207e-01
4.150666666666666393e-01
4.152000000000000135e-01
4.158666666666666623e-01
4.162666666666666737e-01
4.165333333333333110e-01
4.169999999999999818e-01
4.173333333333333339e-01
4.174666666666666526e-01
4.176666666666666861e-01
4.176000000000000267e-01
4.176666666666666861e-01
4.178666666666666640e-01
4.182000000000000162e-01
4.182000000000000162e-01
4.183999999999999941e-01
4.187333333333333463e-01
4.192666666666666764e-01
4.195333333333333137e-01
4.196666666666666878e-01
4.197333333333333472e-01
4.203333333333333366e-01
4.205333333333333146e-01
4.204666666666666552e-01
4.204666666666666552e-01
4.209333333333333260e-01
4.208666666666666667e-01
4.210666666666666447e-01
4.213999999999999968e-01
4.216666666666666896e-01
4.217333333333333489e-01
4.219999999999999862e-01
4.221333333333333604e-01
4.223333333333333384e-01
4.223999999999999977e-01
4.227333333333333498e-01
4.227333333333333498e-01
4.227333333333333498e-01
4.230666666666666464e-01
4.232666666666666799e-01
4.232666666666666799e-01
4.234666666666666579e-01
4.237333333333333507e-01
4.241333333333333067e-01
4.244666666666666588e-01
4.247333333333333516e-01
4.247333333333333516e-01
4.246666666666666923e-01
4.251333333333333075e-01
4.255333333333333190e-01
4.262000000000000233e-01
4.264666666666666606e-01
4.270666666666666500e-01
4.273333333333333428e-01
4.275999999999999801e-01
4.279999999999999916e-01
4.279333333333333322e-01
4.279999999999999916e-01
4.284000000000000030e-01
4.289333333333333331e-01
4.288666666666666738e-01
4.291333333333333111e-01
4.292666666666666853e-01
4.293333333333333446e-01
4.294000000000000039e-01
4.295333333333333226e-01
4.294000000000000039e-01
4.296666666666666412e-01
4.298666666666666747e-01
4.299333333333333340e-01
4.299333333333333340e-01
4.302000000000000268e-01
4.303333333333333455e-01
4.305333333333333234e-01
4.309333333333333349e-01
4.309999999999999942e-01
4.311333333333333129e-01
4.312000000000000277e-01
4.315333333333333243e-01
4.314666666666666650e-01
4.319333333333333358e-01
4.322666666666666879e-01
4.322666666666666879e-01
4.323333333333333472e-01
4.327333333333333587e-01
4.327333333333333587e-01
4.329999999999999960e-01
4.330666666666666553e-01
4.330666666666666553e-01
4.331999999999999740e-01
4.334000000000000075e-01
4.333333333333333481e-01
4.336666666666666448e-01
4.341999999999999749e-01
4.341333333333333155e-01
4.345999999999999863e-01
4.346666666666666456e-01
4.349333333333333385e-01
4.349999999999999978e-01
4.354666666666666686e-01
4.355333333333333279e-01
4.357333333333333059e-01
4.356666666666666465e-01
4.358666666666666800e-01
4.361333333333333173e-01
4.361999999999999766e-01
4.365333333333333288e-01
4.369333333333333402e-01
4.370666666666666589e-01
4.371999999999999775e-01
4.371999999999999775e-01
4.369999999999999996e-01
4.374000000000000110e-01
4.377333333333333076e-01
4.380666666666666598e-01
4.381999999999999784e-01
4.384000000000000119e-01
4.383333333333333526e-01
4.385333333333333306e-01
4.388000000000000234e-01
4.389333333333333420e-01
4.389333333333333420e-01
4.391333333333333200e-01
4.395999999999999908e-01
4.394000000000000128e-01
4.396666666666666501e-01
4.398666666666666836e-01
4.399333333333333429e-01
4.399333333333333429e-01
4.402666666666666395e-01
4.404000000000000137e-01
4.405333333333333323e-01
4.407333333333333103e-01
4.408666666666666845e-01
4.411333333333333218e-01
4.413333333333333552e-01
4.410666666666666624e-01
4.413333333333333552e-01
4.417333333333333112e-01
4.420000000000000040e-01
4.423333333333333561e-01
4.424666666666666748e-01
4.423333333333333561e-01
4.424666666666666748e-01
4.427333333333333121e-01
4.426666666666666528e-01
4.431333333333333235e-01
4.431333333333333235e-01
4.434000000000000163e-01
4.435333333333333350e-01
4.437999999999999723e-01
4.439333333333333464e-01
4.439333333333333464e-01
4.441999999999999837e-01
4.443333333333333579e-01
4.442666666666666431e-01
4.444666666666666766e-01
4.448666666666666880e-01
4.451333333333333253e-01
4.454666666666666774e-01
4.457333333333333147e-01
4.458666666666666889e-01
4.459333333333333482e-01
4.461333333333333262e-01
4.461999999999999855e-01
4.465333333333333377e-01
4.467999999999999750e-01
4.470666666666666678e-01
4.473333333333333606e-01
4.473333333333333606e-01
4.475999999999999979e-01
4.477999999999999758e-01
4.478666666666666907e-01
4.477999999999999758e-01
4.481333333333333280e-01
4.481333333333333280e-01
4.482666666666666466e-01
4.482666666666666466e-01
4.482666666666666466e-01
4.480666666666666687e-01
4.484666666666666801e-01
4.484000000000000208e-01
4.484000000000000208e-01
4.485333333333333394e-01
4.485999999999999988e-01
4.487999999999999767e-01
4.489333333333333509e-01
4.491333333333333289e-01
4.492666666666666475e-01
4.494000000000000217e-01
4.494666666666666810e-01
4.495999999999999996e-01
4.497999999999999776e-01
4.499333333333333518e-01
4.499333333333333518e-01
4.500666666666666704e-01
4.500000000000000111e-01
4.500666666666666704e-01
4.500666666666666704e-01
4.503333333333333077e-01
4.501999999999999891e-01
4.501999999999999891e-01
4.502666666666666484e-01
4.502666666666666484e-01
4.505333333333333412e-01
4.506666666666666599e-01
4.506000000000000005e-01
4.506666666666666599e-01
4.507999999999999785e-01
4.510000000000000120e-01
4.510666666666666713e-01
4.515333333333333421e-01
4.514666666666666828e-01
4.513333333333333086e-01
4.514000000000000234e-01
4.516666666666666607e-01
4.520000000000000129e-01
4.521999999999999909e-01
4.521333333333333315e-01
4.523333333333333095e-01
4.522666666666666502e-01
4.523333333333333095e-01
4.524000000000000243e-01
4.526666666666666616e-01
4.526000000000000023e-01
4.530000000000000138e-01
4.530000000000000138e-01
4.526666666666666616e-01
4.526666666666666616e-01
4.527999999999999803e-01
4.530000000000000138e-01
4.534666666666666845e-01
4.536666666666666625e-01
4.536666666666666625e-01
4.536666666666666625e-01
4.537999999999999812e-01
4.539333333333333553e-01
4.540666666666666740e-01
4.540666666666666740e-01
4.540666666666666740e-01
4.541999999999999926e-01
4.540666666666666740e-01
4.543333333333333113e-01
4.543333333333333113e-01
4.546000000000000041e-01
4.544000000000000261e-01
4.546666666666666634e-01
4.548666666666666414e-01
4.549333333333333562e-01
4.551999999999999935e-01
4.550000000000000155e-01
4.551999999999999935e-01
4.551999999999999935e-01
4.552666666666666528e-01
4.554666666666666863e-01
4.556000000000000050e-01
4.558666666666666423e-01
4.561333333333333351e-01
4.560666666666666758e-01
4.561999999999999944e-01
4.563999999999999724e-01
4.564666666666666872e-01
4.567999999999999838e-01
4.571333333333333360e-01
4.570666666666666766e-01
4.570000000000000173e-01
4.571999999999999953e-01
4.571999999999999953e-01
4.571999999999999953e-01
4.571999999999999953e-01
4.576000000000000068e-01
4.576666666666666661e-01
4.576000000000000068e-01
4.577999999999999847e-01
4.579333333333333589e-01
4.580666666666666775e-01
4.584666666666666890e-01
4.586666666666666670e-01
4.585333333333333483e-01
4.587999999999999856e-01
4.590000000000000191e-01
4.591333333333333377e-01
4.593999999999999750e-01
4.597333333333333272e-01
4.596666666666666679e-01
4.597999999999999865e-01
4.598666666666666458e-01
4.602666666666666573e-01
4.602666666666666573e-01
4.603333333333333166e-01
4.606000000000000094e-01
4.606666666666666687e-01
4.607333333333333281e-01
4.608666666666666467e-01
4.610000000000000209e-01
4.608666666666666467e-01
4.609333333333333060e-01
4.610666666666666802e-01
4.611999999999999988e-01
4.615333333333333510e-01
4.616666666666666696e-01
4.616666666666666696e-01
4.619333333333333069e-01
4.621333333333333404e-01
4.620666666666666811e-01
4.621999999999999997e-01
4.621999999999999997e-01
4.624666666666666925e-01
4.624666666666666925e-01
4.623999999999999777e-01
4.624666666666666925e-01
4.626000000000000112e-01
4.626666666666666705e-01
4.627999999999999892e-01
4.632000000000000006e-01
4.632000000000000006e-01
4.633333333333333193e-01
4.633999999999999786e-01
4.631333333333333413e-01
4.634666666666666934e-01
4.636666666666666714e-01
4.637333333333333307e-01
4.639333333333333087e-01
4.640666666666666829e-01
4.640000000000000235e-01
4.640000000000000235e-01
4.638666666666666494e-01
4.640000000000000235e-01
4.640666666666666829e-01
4.643999999999999795e-01
4.645333333333333536e-01
4.646000000000000130e-01
4.647999999999999909e-01
4.650000000000000244e-01
4.647333333333333316e-01
4.647999999999999909e-01
4.646666666666666723e-01
4.647333333333333316e-01
4.647999999999999909e-01
4.648666666666666503e-01
4.647999999999999909e-01
4.648666666666666503e-01
4.649333333333333096e-01
4.648666666666666503e-01
4.649333333333333096e-01
4.648666666666666503e-01
4.652000000000000024e-01
4.653333333333333210e-01
4.651333333333333431e-01
4.652000000000000024e-01
4.654666666666666397e-01
4.653999999999999804e-01
4.657333333333333325e-01
4.660000000000000253e-01
4.660000000000000253e-01
4.660000000000000253e-01
4.657999999999999918e-01
4.662000000000000033e-01
4.662666666666666626e-01
4.665333333333333554e-01
4.662666666666666626e-01
4.663999999999999813e-01
4.666666666666666741e-01
4.665333333333333554e-01
4.667999999999999927e-01
4.667333333333333334e-01
4.669333333333333114e-01
4.670666666666666855e-01
4.670666666666666855e-01
4.672000000000000042e-01
4.672666666666666635e-01
4.672666666666666635e-01
4.673333333333333228e-01
4.673999999999999821e-01
4.676000000000000156e-01
4.675333333333333563e-01
4.676666666666666750e-01
4.680000000000000271e-01
4.679333333333333123e-01
4.678666666666666529e-01
4.679333333333333123e-01
4.678666666666666529e-01
4.680666666666666864e-01
4.680666666666666864e-01
4.682666666666666644e-01
4.682666666666666644e-01
4.682000000000000051e-01
4.685333333333333572e-01
4.685333333333333572e-01
4.687999999999999945e-01
4.687333333333333352e-01
4.687999999999999945e-01
4.688666666666666538e-01
4.687999999999999945e-01
4.688666666666666538e-01
4.689999999999999725e-01
4.694666666666666432e-01
4.696000000000000174e-01
4.694666666666666432e-01
4.696000000000000174e-01
4.696000000000000174e-01
4.694666666666666432e-01
4.696666666666666767e-01
4.697333333333333361e-01
4.696666666666666767e-01
4.695333333333333581e-01
4.697333333333333361e-01
4.700666666666666882e-01
4.699333333333333140e-01
4.703999999999999848e-01
4.702666666666666662e-01
4.703999999999999848e-01
4.706000000000000183e-01
4.706000000000000183e-01
4.709333333333333149e-01
4.710666666666666891e-01
4.707333333333333369e-01
4.710666666666666891e-01
4.711333333333333484e-01
4.711333333333333484e-01
4.712000000000000077e-01
4.714666666666666450e-01
4.714666666666666450e-01
4.715333333333333599e-01
4.716666666666666785e-01
4.717333333333333378e-01
4.717333333333333378e-01
4.717999999999999972e-01
4.719333333333333158e-01
4.718666666666666565e-01
4.718666666666666565e-01
4.722000000000000086e-01
4.723999999999999866e-01
4.725333333333333607e-01
4.725333333333333607e-01
4.724666666666666459e-01
4.726666666666666794e-01
4.729333333333333167e-01
4.728666666666666574e-01
4.728666666666666574e-01
4.730666666666666909e-01
4.729999999999999760e-01
4.731333333333333502e-01
4.731333333333333502e-01
4.732666666666666688e-01
4.733999999999999875e-01
4.734666666666666468e-01
4.733999999999999875e-01
4.736666666666666803e-01
4.737999999999999989e-01
4.736666666666666803e-01
4.737999999999999989e-01
4.740666666666666917e-01
4.739999999999999769e-01
4.739999999999999769e-01
4.740666666666666917e-01
4.741333333333333511e-01
4.743333333333333290e-01
4.745333333333333070e-01
4.745333333333333070e-01
4.746666666666666812e-01
4.746000000000000218e-01
4.747999999999999998e-01
4.750666666666666926e-01
4.752000000000000113e-01
4.752000000000000113e-01
4.754666666666666486e-01
4.753999999999999893e-01
4.757333333333333414e-01
4.759333333333333194e-01
4.759333333333333194e-01
4.759999999999999787e-01
4.759999999999999787e-01
4.761333333333333528e-01
4.762666666666666715e-01
4.763333333333333308e-01
4.763999999999999901e-01
4.766000000000000236e-01
4.766000000000000236e-01
4.765333333333333088e-01
4.767333333333333423e-01
4.769999999999999796e-01
4.770666666666666944e-01
4.770666666666666944e-01
4.770666666666666944e-01
4.772666666666666724e-01
4.772666666666666724e-01
4.771333333333333537e-01
4.774666666666666504e-01
4.776000000000000245e-01
4.775333333333333097e-01
4.776666666666666838e-01
4.776666666666666838e-01
4.780666666666666398e-01
4.779999999999999805e-01
4.778666666666666618e-01
4.779333333333333211e-01
4.780666666666666398e-01
4.780666666666666398e-01
4.782000000000000139e-01
4.783333333333333326e-01
4.783999999999999919e-01
4.784666666666666512e-01
4.785333333333333106e-01
4.785333333333333106e-01
4.785333333333333106e-01
4.784666666666666512e-01
4.785333333333333106e-01
