3.281999999999999917e-01
3.298666666666666414e-01
3.310666666666666758e-01
3.317333333333333245e-01
3.322666666666666546e-01
3.326000000000000068e-01
3.333999999999999742e-01
3.340000000000000191e-01
3.346666666666666679e-01
3.354666666666666908e-01
3.362666666666666582e-01
3.367999999999999883e-01
3.375333333333333519e-01
3.378666666666666485e-01
3.382000000000000006e-01
3.386666666666666714e-01
3.393999999999999795e-01
3.401333333333333431e-01
3.406666666666666732e-01
3.413999999999999813e-01
3.422666666666666635e-01
3.430000000000000271e-01
3.434666666666666424e-01
3.441333333333333466e-01
3.449999999999999734e-01
3.459333333333333149e-01
3.466000000000000192e-01
3.472666666666666679e-01
3.476666666666666794e-01
3.482666666666666688e-01
3.486000000000000210e-01
3.488666666666666583e-01
3.497999999999999998e-01
3.502000000000000113e-01
3.508666666666666600e-01
3.512000000000000122e-01
3.519333333333333202e-01
3.526000000000000245e-01
3.531333333333333546e-01
3.536000000000000254e-01
3.541333333333333555e-01
3.545333333333333115e-01
3.553333333333333344e-01
3.559333333333333238e-01
3.563999999999999946e-01
3.569999999999999840e-01
3.573333333333333361e-01
3.574666666666666548e-01
3.584666666666666557e-01
3.592000000000000193e-01
3.594666666666666566e-01
3.599999999999999867e-01
3.600666666666666460e-01
3.608000000000000096e-01
3.612666666666666804e-01
3.615999999999999770e-01
3.621333333333333071e-01
3.625333333333333186e-01
3.632000000000000228e-01
3.637333333333333529e-01
3.638666666666666716e-01
3.644666666666666610e-01
3.648000000000000131e-01
3.651333333333333098e-01
3.658666666666666734e-01
3.664666666666666628e-01
3.666666666666666408e-01
3.670666666666666522e-01
3.672666666666666857e-01
3.678000000000000158e-01
3.679999999999999938e-01
3.683333333333333459e-01
3.688000000000000167e-01
3.694666666666666655e-01
3.699333333333333362e-01
3.709333333333333371e-01
3.709999999999999964e-01
3.717333333333333600e-01
3.725333333333333274e-01
3.726666666666666461e-01
3.735333333333333283e-01
3.741999999999999771e-01
3.744666666666666699e-01
3.748000000000000220e-01
3.753333333333333521e-01
3.757333333333333081e-01
3.761333333333333195e-01
3.765999999999999903e-01
3.767333333333333090e-01
3.772666666666666391e-01
3.777333333333333099e-01
3.784666666666666734e-01
3.785999999999999921e-01
3.790000000000000036e-01
3.790000000000000036e-01
3.791333333333333222e-01
3.796666666666666523e-01
3.801999999999999824e-01
3.805999999999999939e-01
3.812666666666666426e-01
3.815333333333333354e-01
3.820000000000000062e-01
3.820666666666666655e-01
3.826666666666666550e-01
3.828666666666666885e-01
3.831333333333333258e-01
3.832666666666666444e-01
3.838666666666666893e-01
3.841333333333333266e-01
3.845999999999999974e-01
3.850666666666666682e-01
3.852666666666666462e-01
3.857999999999999763e-01
3.865333333333333399e-01
3.870666666666666700e-01
3.872666666666666480e-01
3.877999999999999781e-01
3.881333333333333302e-01
3.885333333333333417e-01
3.885333333333333417e-01
3.888666666666666938e-01
3.895333333333333425e-01
3.896666666666666612e-01
3.900000000000000133e-01
3.904666666666666841e-01
3.906000000000000028e-01
3.910000000000000142e-01
3.913333333333333108e-01
3.916666666666666630e-01
3.919333333333333558e-01
3.924000000000000266e-01
3.928666666666666418e-01
3.934000000000000274e-01
3.935333333333333461e-01
3.940000000000000169e-01
3.942666666666666542e-01
3.947999999999999843e-01
3.949333333333333584e-01
3.949333333333333584e-01
3.956000000000000072e-01
3.961999999999999966e-01
3.964666666666666894e-01
3.967333333333333267e-01
3.970666666666666789e-01
3.973333333333333162e-01
3.977999999999999869e-01
3.976666666666666683e-01
3.977999999999999869e-01
3.983999999999999764e-01
3.987999999999999878e-01
3.990666666666666806e-01
3.996666666666666701e-01
4.001333333333333409e-01
4.007333333333333303e-01
4.010666666666666824e-01
4.013999999999999790e-01
4.015333333333333532e-01
4.016000000000000125e-01
4.020000000000000240e-01
4.022666666666666613e-01
4.025333333333333541e-01
4.029333333333333100e-01
4.030666666666666842e-01
4.032000000000000028e-01
4.031333333333333435e-01
4.032000000000000028e-01
4.037333333333333329e-01
4.039333333333333109e-01
4.042666666666666631e-01
4.042666666666666631e-01
4.049333333333333118e-01
4.052666666666666639e-01
4.056000000000000161e-01
4.056666666666666754e-01
4.057999999999999940e-01
4.059333333333333127e-01
4.063999999999999835e-01
4.063999999999999835e-01
4.069999999999999729e-01
4.071333333333333471e-01
4.073999999999999844e-01
4.077999999999999958e-01
4.077999999999999958e-01
4.078666666666666551e-01
4.083333333333333259e-01
4.082666666666666666e-01
4.083333333333333259e-01
4.086000000000000187e-01
4.089333333333333154e-01
4.091333333333333488e-01
4.096666666666666790e-01
4.096000000000000196e-01
4.096666666666666790e-01
4.098666666666666569e-01
4.097999999999999976e-01
4.099333333333333163e-01
4.104666666666666464e-01
4.107333333333333392e-01
4.107999999999999985e-01
4.112666666666666693e-01
4.116666666666666807e-01
4.119333333333333180e-01
4.122666666666666702e-01
4.123333333333333295e-01
4.125333333333333075e-01
4.128000000000000003e-01
4.132000000000000117e-01
4.132000000000000117e-01
4.133999999999999897e-01
4.134666666666666490e-01
4.135333333333333083e-01
4.138000000000000012e-01
4.136000000000000232e-01
4.138666666666666605e-01
4.141333333333333533e-01
4.141333333333333533e-01
4.144666666666666499e-01
4.143999999999999906e-01
4.148000000000000020e-01
4.148666666666666614e-01
4.151333333333333542e-01
4.152666666666666728e-01
4.155333333333333101e-01
4.159333333333333216e-01
4.166000000000000258e-01
4.168000000000000038e-01
4.169999999999999818e-01
4.172000000000000153e-01
4.175333333333333119e-01
4.176666666666666861e-01
4.179333333333333234e-01
4.179999999999999827e-01
4.179999999999999827e-01
4.181333333333333568e-01
4.182666666666666755e-01
4.186666666666666869e-01
4.188000000000000056e-01
4.191333333333333577e-01
4.193333333333333357e-01
4.194666666666666544e-01
4.197333333333333472e-01
4.201333333333333586e-01
4.203333333333333366e-01
4.203333333333333366e-01
4.204666666666666552e-01
4.207333333333333480e-01
4.209333333333333260e-01
4.210666666666666447e-01
4.212666666666666782e-01
4.216666666666666896e-01
4.219999999999999862e-01
4.220666666666666456e-01
4.223999999999999977e-01
4.225333333333333163e-01
4.226666666666666905e-01
4.227333333333333498e-01
4.228000000000000091e-01
4.228000000000000091e-01
4.231333333333333058e-01
4.232666666666666799e-01
4.233333333333333393e-01
4.235333333333333172e-01
4.237333333333333507e-01
4.243999999999999995e-01
4.244666666666666588e-01
4.247333333333333516e-01
4.250666666666666482e-01
4.252000000000000224e-01
4.258000000000000118e-01
4.260666666666666491e-01
4.263333333333333419e-01
4.267333333333333534e-01
4.269999999999999907e-01
4.274000000000000021e-01
4.275333333333333208e-01
4.277333333333333543e-01
4.279999999999999916e-01
4.282000000000000250e-01
4.285333333333333217e-01
4.288666666666666738e-01
4.288666666666666738e-01
4.292000000000000259e-01
4.291333333333333111e-01
4.293333333333333446e-01
4.293333333333333446e-01
4.293333333333333446e-01
4.294000000000000039e-01
4.295999999999999819e-01
4.298666666666666747e-01
4.298000000000000154e-01
4.295999999999999819e-01
4.302000000000000268e-01
4.302000000000000268e-01
4.305333333333333234e-01
4.308000000000000163e-01
4.310666666666666536e-01
4.312000000000000277e-01
4.315333333333333243e-01
4.315333333333333243e-01
4.318000000000000171e-01
4.319999999999999951e-01
4.321333333333333138e-01
4.322666666666666879e-01
4.322666666666666879e-01
4.325333333333333252e-01
4.328666666666666774e-01
4.328666666666666774e-01
4.331999999999999740e-01
4.329999999999999960e-01
4.329999999999999960e-01
4.333333333333333481e-01
4.336666666666666448e-01
4.339333333333333376e-01
4.341999999999999749e-01
4.341999999999999749e-01
4.344666666666666677e-01
4.349333333333333385e-01
4.349333333333333385e-01
4.349999999999999978e-01
4.351999999999999758e-01
4.354000000000000092e-01
4.355999999999999872e-01
4.356666666666666465e-01
4.359999999999999987e-01
4.362666666666666915e-01
4.363333333333333508e-01
4.364000000000000101e-01
4.368666666666666809e-01
4.369333333333333402e-01
4.369333333333333402e-01
4.369333333333333402e-01
4.372666666666666924e-01
4.374000000000000110e-01
4.378000000000000225e-01
4.381999999999999784e-01
4.381333333333333191e-01
4.383333333333333526e-01
4.387333333333333085e-01
4.385333333333333306e-01
4.388000000000000234e-01
4.388666666666666827e-01
4.390000000000000013e-01
4.390000000000000013e-01
4.393333333333333535e-01
4.394000000000000128e-01
4.396666666666666501e-01
4.397333333333333094e-01
4.398666666666666836e-01
4.400000000000000022e-01
4.401333333333333209e-01
4.404000000000000137e-01
4.406666666666666510e-01
4.408000000000000251e-01
4.410000000000000031e-01
4.411999999999999811e-01
4.411333333333333218e-01
4.412666666666666404e-01
4.416666666666666519e-01
4.419333333333333447e-01
4.420000000000000040e-01
4.424000000000000155e-01
4.424000000000000155e-01
4.423333333333333561e-01
4.425999999999999934e-01
4.428666666666666862e-01
4.430000000000000049e-01
4.431333333333333235e-01
4.431333333333333235e-01
4.434000000000000163e-01
4.436666666666666536e-01
4.438666666666666871e-01
4.440000000000000058e-01
4.440666666666666651e-01
4.440666666666666651e-01
4.444000000000000172e-01
4.444666666666666766e-01
4.447333333333333139e-01
4.448666666666666880e-01
4.453333333333333588e-01
4.454666666666666774e-01
4.459333333333333482e-01
4.459333333333333482e-01
4.459333333333333482e-01
4.458666666666666889e-01
4.462666666666666448e-01
4.464000000000000190e-01
4.465999999999999970e-01
4.470000000000000084e-01
4.471333333333333271e-01
4.472666666666666457e-01
4.474666666666666792e-01
4.474666666666666792e-01
4.476666666666666572e-01
4.476666666666666572e-01
4.481999999999999873e-01
4.479333333333333500e-01
4.481333333333333280e-01
4.480666666666666687e-01
4.482666666666666466e-01
4.482666666666666466e-01
4.483333333333333059e-01
4.486666666666666581e-01
4.488666666666666916e-01
4.487333333333333174e-01
4.489333333333333509e-01
4.491333333333333289e-01
4.491999999999999882e-01
4.494000000000000217e-01
4.493333333333333068e-01
4.493333333333333068e-01
4.494000000000000217e-01
4.495333333333333403e-01
4.497333333333333183e-01
4.497999999999999776e-01
4.500000000000000111e-01
4.497999999999999776e-01
4.499333333333333518e-01
4.500000000000000111e-01
4.501333333333333298e-01
4.500666666666666704e-01
4.502666666666666484e-01
4.500666666666666704e-01
4.502666666666666484e-01
4.505333333333333412e-01
4.505333333333333412e-01
4.505333333333333412e-01
4.505333333333333412e-01
4.505333333333333412e-01
4.507333333333333192e-01
4.511333333333333306e-01
4.512666666666666493e-01
4.514000000000000234e-01
4.516666666666666607e-01
4.516000000000000014e-01
4.517999999999999794e-01
4.516000000000000014e-01
4.519333333333333536e-01
4.522666666666666502e-01
4.522666666666666502e-01
4.521333333333333315e-01
4.521999999999999909e-01
4.523333333333333095e-01
4.526666666666666616e-01
4.526666666666666616e-01
4.527333333333333210e-01
4.528666666666666396e-01
4.527999999999999803e-01
4.528666666666666396e-01
4.530000000000000138e-01
4.533333333333333104e-01
4.535333333333333439e-01
4.534666666666666845e-01
4.536666666666666625e-01
4.537333333333333218e-01
4.538666666666666405e-01
4.536666666666666625e-01
4.538666666666666405e-01
4.540000000000000147e-01
4.541333333333333333e-01
4.539333333333333553e-01
4.542666666666666520e-01
4.545333333333333448e-01
4.543333333333333113e-01
4.545333333333333448e-01
4.546666666666666634e-01
4.547333333333333227e-01
4.549333333333333562e-01
4.547999999999999821e-01
4.549333333333333562e-01
4.551999999999999935e-01
4.552666666666666528e-01
4.551999999999999935e-01
4.552666666666666528e-01
4.554666666666666863e-01
4.553333333333333122e-01
4.556000000000000050e-01
4.560000000000000164e-01
4.560000000000000164e-01
4.561333333333333351e-01
4.561999999999999944e-01
4.566000000000000059e-01
4.566000000000000059e-01
4.569333333333333580e-01
4.567333333333333245e-01
4.569333333333333580e-01
4.570666666666666766e-01
4.571999999999999953e-01
4.571999999999999953e-01
4.573999999999999733e-01
4.576000000000000068e-01
4.576666666666666661e-01
4.576666666666666661e-01
4.579333333333333589e-01
4.578666666666666440e-01
4.582666666666666555e-01
4.581333333333333369e-01
4.584666666666666890e-01
4.586666666666666670e-01
4.586666666666666670e-01
4.589333333333333598e-01
4.590000000000000191e-01
4.592666666666666564e-01
4.593999999999999750e-01
4.597333333333333272e-01
4.597333333333333272e-01
4.599333333333333607e-01
4.600000000000000200e-01
4.600666666666666793e-01
4.602666666666666573e-01
4.604666666666666908e-01
4.606000000000000094e-01
4.606666666666666687e-01
4.607999999999999874e-01
4.610000000000000209e-01
4.611333333333333395e-01
4.609333333333333060e-01
4.611333333333333395e-01
4.611999999999999988e-01
4.614666666666666917e-01
4.616666666666666696e-01
4.619333333333333069e-01
4.617999999999999883e-01
4.617333333333333290e-01
4.619333333333333069e-01
4.620666666666666811e-01
4.620000000000000218e-01
4.621333333333333404e-01
4.623333333333333184e-01
4.624666666666666925e-01
4.626666666666666705e-01
4.627333333333333298e-01
4.628666666666666485e-01
4.626000000000000112e-01
4.630666666666666820e-01
4.629333333333333078e-01
4.633333333333333193e-01
4.634666666666666934e-01
4.633333333333333193e-01
4.633999999999999786e-01
4.632666666666666599e-01
4.636000000000000121e-01
4.637333333333333307e-01
4.640000000000000235e-01
4.638666666666666494e-01
4.639333333333333087e-01
4.639333333333333087e-01
4.640000000000000235e-01
4.641333333333333422e-01
4.639333333333333087e-01
4.642666666666666608e-01
4.643999999999999795e-01
4.647333333333333316e-01
4.647333333333333316e-01
4.649333333333333096e-01
4.647333333333333316e-01
4.646666666666666723e-01
4.647333333333333316e-01
4.647333333333333316e-01
4.647999999999999909e-01
4.647333333333333316e-01
4.647333333333333316e-01
4.647333333333333316e-01
4.647999999999999909e-01
4.646666666666666723e-01
4.648666666666666503e-01
4.652000000000000024e-01
4.652000000000000024e-01
4.652666666666666617e-01
4.652666666666666617e-01
4.653999999999999804e-01
4.654666666666666397e-01
4.658666666666666512e-01
4.657333333333333325e-01
4.658666666666666512e-01
4.661333333333333440e-01
4.657999999999999918e-01
4.661333333333333440e-01
4.662000000000000033e-01
4.663333333333333219e-01
4.663333333333333219e-01
4.662666666666666626e-01
4.663999999999999813e-01
4.663999999999999813e-01
4.667999999999999927e-01
4.668666666666666520e-01
4.668666666666666520e-01
4.669333333333333114e-01
4.665333333333333554e-01
4.668666666666666520e-01
4.671333333333333449e-01
4.671333333333333449e-01
4.672000000000000042e-01
4.671333333333333449e-01
4.671333333333333449e-01
4.674666666666666415e-01
4.674666666666666415e-01
4.677333333333333343e-01
4.678666666666666529e-01
4.680000000000000271e-01
4.680000000000000271e-01
4.680666666666666864e-01
4.683333333333333237e-01
4.683999999999999830e-01
4.680666666666666864e-01
4.682000000000000051e-01
4.680666666666666864e-01
4.682000000000000051e-01
4.685333333333333572e-01
4.684666666666666424e-01
4.686000000000000165e-01
4.689333333333333131e-01
4.687333333333333352e-01
4.690666666666666873e-01
4.690666666666666873e-01
4.691333333333333466e-01
4.694666666666666432e-01
4.694666666666666432e-01
4.694666666666666432e-01
4.696666666666666767e-01
4.696000000000000174e-01
4.697333333333333361e-01
4.695333333333333581e-01
4.696000000000000174e-01
4.696666666666666767e-01
4.698666666666666547e-01
4.700666666666666882e-01
4.702000000000000068e-01
4.702000000000000068e-01
4.702666666666666662e-01
4.703333333333333255e-01
4.704666666666666441e-01
4.705333333333333590e-01
4.704666666666666441e-01
4.706000000000000183e-01
4.709333333333333149e-01
4.707333333333333369e-01
4.707999999999999963e-01
4.709999999999999742e-01
4.712000000000000077e-01
4.713999999999999857e-01
4.712000000000000077e-01
4.712666666666666671e-01
4.714666666666666450e-01
4.716666666666666785e-01
4.718666666666666565e-01
4.717333333333333378e-01
4.717333333333333378e-01
4.719333333333333158e-01
4.719999999999999751e-01
4.721333333333333493e-01
4.722666666666666679e-01
4.723333333333333273e-01
4.724666666666666459e-01
4.725333333333333607e-01
4.727999999999999980e-01
4.727999999999999980e-01
4.727999999999999980e-01
4.728666666666666574e-01
4.729999999999999760e-01
4.729999999999999760e-01
4.732000000000000095e-01
4.731333333333333502e-01
4.733333333333333282e-01
4.733333333333333282e-01
4.731333333333333502e-01
4.735333333333333061e-01
4.735333333333333061e-01
4.736666666666666803e-01
4.737999999999999989e-01
4.737999999999999989e-01
4.736666666666666803e-01
4.739999999999999769e-01
4.741333333333333511e-01
4.739999999999999769e-01
4.740666666666666917e-01
4.740666666666666917e-01
4.739999999999999769e-01
4.743333333333333290e-01
4.744666666666666477e-01
4.746000000000000218e-01
4.746666666666666812e-01
4.747999999999999998e-01
4.747333333333333405e-01
4.749333333333333185e-01
4.751333333333333520e-01
4.751333333333333520e-01
4.752000000000000113e-01
4.752666666666666706e-01
4.757333333333333414e-01
4.756666666666666821e-01
4.756000000000000227e-01
4.759333333333333194e-01
4.759333333333333194e-01
4.758000000000000007e-01
4.762000000000000122e-01
4.764666666666666495e-01
4.765333333333333088e-01
4.764666666666666495e-01
4.766666666666666829e-01
4.768000000000000016e-01
4.768000000000000016e-01
4.768000000000000016e-01
4.769999999999999796e-01
4.769999999999999796e-01
4.771333333333333537e-01
4.775333333333333097e-01
4.773333333333333317e-01
4.775333333333333097e-01
4.776666666666666838e-01
4.776000000000000245e-01
4.776666666666666838e-01
4.777333333333333432e-01
4.778000000000000025e-01
4.778000000000000025e-01
4.776666666666666838e-01
4.776666666666666838e-01
4.779333333333333211e-01
4.779999999999999805e-01
4.778666666666666618e-01
4.783333333333333326e-01
4.783333333333333326e-01
4.782000000000000139e-01
4.783333333333333326e-01
4.786000000000000254e-01
4.786000000000000254e-01
4.785333333333333106e-01
4.786000000000000254e-01
4.788000000000000034e-01
4.787333333333333441e-01
4.792666666666666742e-01
