3.199333333333333473e-01
3.208666666666666889e-01
3.217999999999999750e-01
3.225333333333333385e-01
3.234666666666666801e-01
3.244666666666666810e-01
3.254666666666666819e-01
3.257999999999999785e-01
3.266666666666666607e-01
3.271333333333333315e-01
3.283333333333333104e-01
3.292666666666666520e-01
3.300666666666666749e-01
3.310000000000000164e-01
3.317333333333333245e-01
3.326000000000000068e-01
3.332666666666666555e-01
3.339333333333333598e-01
3.347999999999999865e-01
3.351999999999999980e-01
3.361333333333333395e-01
3.367999999999999883e-01
3.377333333333333298e-01
3.382000000000000006e-01
3.389333333333333087e-01
3.395333333333333536e-01
3.400000000000000244e-01
3.405333333333333545e-01
3.413333333333333219e-01
3.423333333333333228e-01
3.432000000000000051e-01
3.435333333333333572e-01
3.446666666666666767e-01
3.451333333333333475e-01
3.459999999999999742e-01
3.469333333333333158e-01
3.477333333333333387e-01
3.479333333333333167e-01
3.482000000000000095e-01
3.482000000000000095e-01
3.496666666666666812e-01
3.499999999999999778e-01
3.508666666666666600e-01
3.511333333333333528e-01
3.518666666666666609e-01
3.524666666666666504e-01
3.533999999999999919e-01
3.536000000000000254e-01
3.542000000000000148e-01
3.547333333333333449e-01
3.555333333333333123e-01
3.561333333333333573e-01
3.563999999999999946e-01
3.569999999999999840e-01
3.578000000000000069e-01
3.582666666666666777e-01
3.592666666666666786e-01
3.594666666666666566e-01
3.598000000000000087e-01
3.598000000000000087e-01
3.605999999999999761e-01
3.611333333333333062e-01
3.616666666666666918e-01
3.620666666666666478e-01
3.624666666666666592e-01
3.631333333333333080e-01
3.635999999999999788e-01
3.640666666666666496e-01
3.645333333333333203e-01
3.649333333333333318e-01
3.655333333333333212e-01
3.657333333333333547e-01
3.661333333333333107e-01
3.665999999999999814e-01
3.670666666666666522e-01
3.674000000000000044e-01
3.678000000000000158e-01
3.682000000000000273e-01
3.684666666666666646e-01
3.685333333333333239e-01
3.695333333333333248e-01
3.701333333333333142e-01
3.709333333333333371e-01
3.712666666666666893e-01
3.716666666666666452e-01
3.724666666666666681e-01
3.728666666666666796e-01
3.736666666666666470e-01
3.741999999999999771e-01
3.744000000000000106e-01
3.748666666666666814e-01
3.754000000000000115e-01
3.753333333333333521e-01
3.761999999999999789e-01
3.764666666666666717e-01
3.768666666666666831e-01
3.775333333333333319e-01
3.778666666666666840e-01
3.781999999999999806e-01
3.786666666666666514e-01
3.788666666666666849e-01
3.794000000000000150e-01
3.797333333333333116e-01
3.800000000000000044e-01
3.804000000000000159e-01
3.809333333333333460e-01
3.815999999999999948e-01
3.815999999999999948e-01
3.817999999999999727e-01
3.824000000000000177e-01
3.825999999999999956e-01
3.827999999999999736e-01
3.831999999999999851e-01
3.834666666666666779e-01
3.838666666666666893e-01
3.843333333333333601e-01
3.846666666666666567e-01
3.853333333333333610e-01
3.855999999999999983e-01
3.855333333333333390e-01
3.865333333333333399e-01
3.870666666666666700e-01
3.876666666666666594e-01
3.877999999999999781e-01
3.882666666666666488e-01
3.884666666666666823e-01
3.890000000000000124e-01
3.892666666666666497e-01
3.896000000000000019e-01
3.896000000000000019e-01
3.901333333333333320e-01
3.906000000000000028e-01
3.907333333333333214e-01
3.914000000000000257e-01
3.913333333333333108e-01
3.918666666666666409e-01
3.923333333333333117e-01
3.927333333333333232e-01
3.929333333333333567e-01
3.930666666666666753e-01
3.936000000000000054e-01
3.941999999999999948e-01
3.945333333333333470e-01
3.946666666666666656e-01
3.950000000000000178e-01
3.955333333333333479e-01
3.961999999999999966e-01
3.966000000000000081e-01
3.966000000000000081e-01
3.970666666666666789e-01
3.971333333333333382e-01
3.976000000000000090e-01
3.976666666666666683e-01
3.978666666666666463e-01
3.980666666666666798e-01
3.985333333333333505e-01
3.991333333333333400e-01
3.996666666666666701e-01
4.000666666666666815e-01
4.002666666666666595e-01
4.007333333333333303e-01
4.010666666666666824e-01
4.013999999999999790e-01
4.015333333333333532e-01
4.021333333333333426e-01
4.023999999999999799e-01
4.025333333333333541e-01
4.026000000000000134e-01
4.030000000000000249e-01
4.030666666666666842e-01
4.032000000000000028e-01
4.036000000000000143e-01
4.037999999999999923e-01
4.038666666666666516e-01
4.040666666666666851e-01
4.044666666666666410e-01
4.047999999999999932e-01
4.050666666666666860e-01
4.052666666666666639e-01
4.053333333333333233e-01
4.056000000000000161e-01
4.058666666666666534e-01
4.061333333333333462e-01
4.063333333333333242e-01
4.064666666666666428e-01
4.065333333333333576e-01
4.074666666666666437e-01
4.076666666666666772e-01
4.077999999999999958e-01
4.078666666666666551e-01
4.080666666666666886e-01
4.081333333333333480e-01
4.083333333333333259e-01
4.084666666666666446e-01
4.089333333333333154e-01
4.095333333333333603e-01
4.096666666666666790e-01
4.097333333333333383e-01
4.098666666666666569e-01
4.096666666666666790e-01
4.099999999999999756e-01
4.101333333333333497e-01
4.106000000000000205e-01
4.109999999999999765e-01
4.109999999999999765e-01
4.113333333333333286e-01
4.113333333333333286e-01
4.114666666666666472e-01
4.117333333333333401e-01
4.118666666666666587e-01
4.122666666666666702e-01
4.126666666666666816e-01
4.129333333333333189e-01
4.131333333333333524e-01
4.132666666666666710e-01
4.133999999999999897e-01
4.136666666666666825e-01
4.138000000000000012e-01
4.141333333333333533e-01
4.138000000000000012e-01
4.142000000000000126e-01
4.143333333333333313e-01
4.143999999999999906e-01
4.147333333333333427e-01
4.147333333333333427e-01
4.147333333333333427e-01
4.149333333333333207e-01
4.151333333333333542e-01
4.153333333333333321e-01
4.157333333333333436e-01
4.160666666666666402e-01
4.166000000000000258e-01
4.169333333333333225e-01
4.168666666666666631e-01
4.173999999999999932e-01
4.173999999999999932e-01
4.175333333333333119e-01
4.177333333333333454e-01
4.178000000000000047e-01
4.176666666666666861e-01
4.180666666666666420e-01
4.181333333333333568e-01
4.188000000000000056e-01
4.191333333333333577e-01
4.195333333333333137e-01
4.198000000000000065e-01
4.200666666666666438e-01
4.201333333333333586e-01
4.203999999999999959e-01
4.202666666666666773e-01
4.207333333333333480e-01
4.209333333333333260e-01
4.210666666666666447e-01
4.212666666666666782e-01
4.214666666666666561e-01
4.214666666666666561e-01
4.218000000000000083e-01
4.217333333333333489e-01
4.221333333333333604e-01
4.221333333333333604e-01
4.224666666666666570e-01
4.225999999999999757e-01
4.227333333333333498e-01
4.229333333333333278e-01
4.230666666666666464e-01
4.229999999999999871e-01
4.232666666666666799e-01
4.237333333333333507e-01
4.239333333333333287e-01
4.238666666666666694e-01
4.244666666666666588e-01
4.248000000000000109e-01
4.249999999999999889e-01
4.252000000000000224e-01
4.255333333333333190e-01
4.256666666666666932e-01
4.258666666666666711e-01
4.264666666666666606e-01
4.267333333333333534e-01
4.268666666666666720e-01
4.274666666666666615e-01
4.278666666666666729e-01
4.278666666666666729e-01
4.281333333333333102e-01
4.285999999999999810e-01
4.288000000000000145e-01
4.289333333333333331e-01
4.291333333333333111e-01
4.294666666666666632e-01
4.294000000000000039e-01
4.295333333333333226e-01
4.295333333333333226e-01
4.298000000000000154e-01
4.296666666666666412e-01
4.299333333333333340e-01
4.299333333333333340e-01
4.302000000000000268e-01
4.304666666666666641e-01
4.305333333333333234e-01
4.306666666666666421e-01
4.307333333333333569e-01
4.310666666666666536e-01
4.313333333333333464e-01
4.312666666666666870e-01
4.313333333333333464e-01
4.316666666666666430e-01
4.319999999999999951e-01
4.320666666666666544e-01
4.320666666666666544e-01
4.321999999999999731e-01
4.324666666666666659e-01
4.326666666666666439e-01
4.327333333333333587e-01
4.329999999999999960e-01
4.329999999999999960e-01
4.333333333333333481e-01
4.334666666666666668e-01
4.337333333333333596e-01
4.339999999999999969e-01
4.338000000000000189e-01
4.345333333333333270e-01
4.345999999999999863e-01
4.345333333333333270e-01
4.348000000000000198e-01
4.350666666666666571e-01
4.354000000000000092e-01
4.354666666666666686e-01
4.355999999999999872e-01
4.358000000000000207e-01
4.359333333333333393e-01
4.360666666666666580e-01
4.361333333333333173e-01
4.363333333333333508e-01
4.368000000000000216e-01
4.370666666666666589e-01
4.370666666666666589e-01
4.373333333333333517e-01
4.375999999999999890e-01
4.375333333333333297e-01
4.377333333333333076e-01
4.378666666666666818e-01
4.380000000000000004e-01
4.384666666666666712e-01
4.384666666666666712e-01
4.385333333333333306e-01
4.387333333333333085e-01
4.390666666666666607e-01
4.390666666666666607e-01
4.394000000000000128e-01
4.390666666666666607e-01
4.395999999999999908e-01
4.395999999999999908e-01
4.400000000000000022e-01
4.400666666666666615e-01
4.400666666666666615e-01
4.403333333333333544e-01
4.404666666666666730e-01
4.407333333333333103e-01
4.407333333333333103e-01
4.406666666666666510e-01
4.409333333333333438e-01
4.410666666666666624e-01
4.412666666666666404e-01
4.418000000000000260e-01
4.418666666666666853e-01
4.420666666666666633e-01
4.421999999999999820e-01
4.423333333333333561e-01
4.425333333333333341e-01
4.424000000000000155e-01
4.424666666666666748e-01
4.424000000000000155e-01
4.428666666666666862e-01
4.428000000000000269e-01
4.434000000000000163e-01
4.435333333333333350e-01
4.437333333333333130e-01
4.439333333333333464e-01
4.441333333333333244e-01
4.439333333333333464e-01
4.439333333333333464e-01
4.440666666666666651e-01
4.445999999999999952e-01
4.446666666666666545e-01
4.450666666666666660e-01
4.451999999999999846e-01
4.454666666666666774e-01
4.455999999999999961e-01
4.459333333333333482e-01
4.460000000000000075e-01
4.462666666666666448e-01
4.464000000000000190e-01
4.470000000000000084e-01
4.470666666666666678e-01
4.471999999999999864e-01
4.473333333333333606e-01
4.477333333333333165e-01
4.477999999999999758e-01
4.477333333333333165e-01
4.479333333333333500e-01
4.481333333333333280e-01
4.480666666666666687e-01
4.481999999999999873e-01
4.483333333333333059e-01
4.484666666666666801e-01
4.484000000000000208e-01
4.484666666666666801e-01
4.486666666666666581e-01
4.487333333333333174e-01
4.486666666666666581e-01
4.490000000000000102e-01
4.486666666666666581e-01
4.488666666666666916e-01
4.488666666666666916e-01
4.489333333333333509e-01
4.491999999999999882e-01
4.492666666666666475e-01
4.495999999999999996e-01
4.495333333333333403e-01
4.494000000000000217e-01
4.497999999999999776e-01
4.499333333333333518e-01
4.500666666666666704e-01
4.500000000000000111e-01
4.500666666666666704e-01
4.502666666666666484e-01
4.502666666666666484e-01
4.500666666666666704e-01
4.501333333333333298e-01
4.502666666666666484e-01
4.504666666666666819e-01
4.506000000000000005e-01
4.506666666666666599e-01
4.505333333333333412e-01
4.507333333333333192e-01
4.509333333333333527e-01
4.512666666666666493e-01
4.511333333333333306e-01
4.511999999999999900e-01
4.511999999999999900e-01
4.512666666666666493e-01
4.516000000000000014e-01
4.518666666666666942e-01
4.520000000000000129e-01
4.521333333333333315e-01
4.522666666666666502e-01
4.523333333333333095e-01
4.524000000000000243e-01
4.524666666666666837e-01
4.526666666666666616e-01
4.528666666666666396e-01
4.528666666666666396e-01
4.528666666666666396e-01
4.527999999999999803e-01
4.528666666666666396e-01
4.530000000000000138e-01
4.531999999999999917e-01
4.534000000000000252e-01
4.535333333333333439e-01
4.531999999999999917e-01
4.536666666666666625e-01
4.536666666666666625e-01
4.539333333333333553e-01
4.536000000000000032e-01
4.537333333333333218e-01
4.540666666666666740e-01
4.543333333333333113e-01
4.541999999999999926e-01
4.541333333333333333e-01
4.542666666666666520e-01
4.541999999999999926e-01
4.546666666666666634e-01
4.549333333333333562e-01
4.548666666666666414e-01
4.550000000000000155e-01
4.548666666666666414e-01
4.550000000000000155e-01
4.549333333333333562e-01
4.550000000000000155e-01
4.550000000000000155e-01
4.551333333333333342e-01
4.554000000000000270e-01
4.557999999999999829e-01
4.559333333333333571e-01
4.560666666666666758e-01
4.562666666666666537e-01
4.561333333333333351e-01
4.563333333333333131e-01
4.566666666666666652e-01
4.567999999999999838e-01
4.570000000000000173e-01
4.568666666666666432e-01
4.570666666666666766e-01
4.571999999999999953e-01
4.573999999999999733e-01
4.573333333333333139e-01
4.575333333333333474e-01
4.576000000000000068e-01
4.577999999999999847e-01
4.576000000000000068e-01
4.580000000000000182e-01
4.581999999999999962e-01
4.585333333333333483e-01
4.583999999999999742e-01
4.586000000000000076e-01
4.587999999999999856e-01
4.587999999999999856e-01
4.590666666666666784e-01
4.591333333333333377e-01
4.593333333333333157e-01
4.595333333333333492e-01
4.596000000000000085e-01
4.597333333333333272e-01
4.598666666666666458e-01
4.599333333333333607e-01
4.598666666666666458e-01
4.600666666666666793e-01
4.604666666666666908e-01
4.603999999999999759e-01
4.603999999999999759e-01
4.606000000000000094e-01
4.606666666666666687e-01
4.608666666666666467e-01
4.608666666666666467e-01
4.611999999999999988e-01
4.613333333333333175e-01
4.613333333333333175e-01
4.615333333333333510e-01
4.617333333333333290e-01
4.618666666666666476e-01
4.620000000000000218e-01
4.617999999999999883e-01
4.622666666666666591e-01
4.621333333333333404e-01
4.621999999999999997e-01
4.625333333333333519e-01
4.624666666666666925e-01
4.624666666666666925e-01
4.626000000000000112e-01
4.626666666666666705e-01
4.629333333333333078e-01
4.630000000000000226e-01
4.630666666666666820e-01
4.632666666666666599e-01
4.632000000000000006e-01
4.633999999999999786e-01
4.633333333333333193e-01
4.633999999999999786e-01
4.634666666666666934e-01
4.636000000000000121e-01
4.637333333333333307e-01
4.637333333333333307e-01
4.638666666666666494e-01
4.637999999999999901e-01
4.639333333333333087e-01
4.640666666666666829e-01
4.641333333333333422e-01
4.643333333333333202e-01
4.644666666666666943e-01
4.644666666666666943e-01
4.646666666666666723e-01
4.646666666666666723e-01
4.646666666666666723e-01
4.647333333333333316e-01
4.645333333333333536e-01
4.646000000000000130e-01
4.647333333333333316e-01
4.644666666666666943e-01
4.645333333333333536e-01
4.643999999999999795e-01
4.647999999999999909e-01
4.647999999999999909e-01
4.647333333333333316e-01
4.650666666666666837e-01
4.650666666666666837e-01
4.651333333333333431e-01
4.652666666666666617e-01
4.651333333333333431e-01
4.653333333333333210e-01
4.654666666666666397e-01
4.658666666666666512e-01
4.657999999999999918e-01
4.659333333333333105e-01
4.663333333333333219e-01
4.663999999999999813e-01
4.664666666666666406e-01
4.665333333333333554e-01
4.666666666666666741e-01
4.666666666666666741e-01
4.667999999999999927e-01
4.668666666666666520e-01
4.670000000000000262e-01
4.670000000000000262e-01
4.672666666666666635e-01
4.673333333333333228e-01
4.671333333333333449e-01
4.672000000000000042e-01
4.672666666666666635e-01
4.672666666666666635e-01
4.672666666666666635e-01
4.674666666666666415e-01
4.673999999999999821e-01
4.673333333333333228e-01
4.674666666666666415e-01
4.677999999999999936e-01
4.678666666666666529e-01
4.679333333333333123e-01
4.681333333333333457e-01
4.678666666666666529e-01
4.677999999999999936e-01
4.679333333333333123e-01
4.680666666666666864e-01
4.683333333333333237e-01
4.683999999999999830e-01
4.684666666666666424e-01
4.685333333333333572e-01
4.686666666666666758e-01
4.683333333333333237e-01
4.683999999999999830e-01
4.682000000000000051e-01
4.687999999999999945e-01
4.686666666666666758e-01
4.689999999999999725e-01
4.692666666666666653e-01
4.692000000000000060e-01
4.692000000000000060e-01
4.693999999999999839e-01
4.694666666666666432e-01
4.695333333333333581e-01
4.694666666666666432e-01
4.694666666666666432e-01
4.695333333333333581e-01
4.696666666666666767e-01
4.696666666666666767e-01
4.699999999999999734e-01
4.700666666666666882e-01
4.702666666666666662e-01
4.699333333333333140e-01
4.699333333333333140e-01
4.702666666666666662e-01
4.705333333333333590e-01
4.703999999999999848e-01
4.704666666666666441e-01
4.706666666666666776e-01
4.707333333333333369e-01
4.705333333333333590e-01
4.707999999999999963e-01
4.712000000000000077e-01
4.712666666666666671e-01
4.712666666666666671e-01
4.714666666666666450e-01
4.714666666666666450e-01
4.716666666666666785e-01
4.716000000000000192e-01
4.715333333333333599e-01
4.717333333333333378e-01
4.717999999999999972e-01
4.719333333333333158e-01
4.721333333333333493e-01
4.721333333333333493e-01
4.724666666666666459e-01
4.723999999999999866e-01
4.726000000000000201e-01
4.727333333333333387e-01
4.727333333333333387e-01
4.728666666666666574e-01
4.730666666666666909e-01
4.729999999999999760e-01
4.729333333333333167e-01
4.729999999999999760e-01
4.732666666666666688e-01
4.734666666666666468e-01
4.735333333333333061e-01
4.735333333333333061e-01
4.736000000000000210e-01
4.737999999999999989e-01
4.740666666666666917e-01
4.739333333333333176e-01
4.739999999999999769e-01
4.739999999999999769e-01
4.742000000000000104e-01
4.738666666666666583e-01
4.738666666666666583e-01
4.741333333333333511e-01
4.743999999999999884e-01
4.743999999999999884e-01
4.746666666666666812e-01
4.747333333333333405e-01
4.747333333333333405e-01
4.749333333333333185e-01
4.752000000000000113e-01
4.753333333333333299e-01
4.752666666666666706e-01
4.753333333333333299e-01
4.754666666666666486e-01
4.755333333333333079e-01
4.755333333333333079e-01
4.759333333333333194e-01
4.759333333333333194e-01
4.758666666666666600e-01
4.759999999999999787e-01
4.759333333333333194e-01
4.758666666666666600e-01
4.762000000000000122e-01
4.763333333333333308e-01
4.763999999999999901e-01
4.763999999999999901e-01
4.766000000000000236e-01
4.766000000000000236e-01
4.768666666666666609e-01
4.772000000000000131e-01
4.771333333333333537e-01
4.771333333333333537e-01
4.774666666666666504e-01
4.773333333333333317e-01
4.773999999999999910e-01
4.774666666666666504e-01
4.773999999999999910e-01
4.774666666666666504e-01
4.776000000000000245e-01
4.778000000000000025e-01
4.778666666666666618e-01
4.776000000000000245e-01
4.778666666666666618e-01
4.778666666666666618e-01
4.779333333333333211e-01
4.779333333333333211e-01
4.783999999999999919e-01
4.783999999999999919e-01
4.782666666666666733e-01
