3.362666666666666582e-01
3.373999999999999777e-01
3.379333333333333078e-01
3.385333333333333528e-01
3.390000000000000235e-01
3.398666666666666503e-01
3.408666666666666512e-01
3.411333333333333440e-01
3.413333333333333219e-01
3.420666666666666855e-01
3.427999999999999936e-01
3.437999999999999945e-01
3.445333333333333581e-01
3.453333333333333255e-01
3.460666666666666891e-01
3.466666666666666785e-01
3.469999999999999751e-01
3.473333333333333273e-01
3.476666666666666794e-01
3.486000000000000210e-01
3.492666666666666697e-01
3.495333333333333070e-01
3.499333333333333185e-01
3.505333333333333079e-01
3.510666666666666935e-01
3.517333333333333423e-01
3.519999999999999796e-01
3.525333333333333097e-01
3.532000000000000139e-01
3.538000000000000034e-01
3.540666666666666407e-01
3.543999999999999928e-01
3.552666666666666750e-01
3.556666666666666865e-01
3.562666666666666759e-01
3.563999999999999946e-01
3.567333333333333467e-01
3.577333333333333476e-01
3.582000000000000184e-01
3.587333333333333485e-01
3.592666666666666786e-01
3.595999999999999752e-01
3.599333333333333274e-01
3.601333333333333608e-01
3.608000000000000096e-01
3.613999999999999990e-01
3.618000000000000105e-01
3.622000000000000219e-01
3.625333333333333186e-01
3.629999999999999893e-01
3.634666666666666601e-01
3.639999999999999902e-01
3.644666666666666610e-01
3.648000000000000131e-01
3.652666666666666839e-01
3.660666666666666513e-01
3.653333333333333433e-01
3.664000000000000035e-01
3.667333333333333556e-01
3.672000000000000264e-01
3.674666666666666637e-01
3.679333333333333345e-01
3.684000000000000052e-01
3.686666666666666425e-01
3.690666666666666540e-01
3.694666666666666655e-01
3.701333333333333142e-01
3.709999999999999964e-01
3.712666666666666893e-01
3.718000000000000194e-01
3.724666666666666681e-01
3.728666666666666796e-01
3.735999999999999877e-01
3.741999999999999771e-01
3.745999999999999885e-01
3.748000000000000220e-01
3.753333333333333521e-01
3.757333333333333081e-01
3.760000000000000009e-01
3.765333333333333310e-01
3.768666666666666831e-01
3.774000000000000132e-01
3.780000000000000027e-01
3.781333333333333213e-01
3.784666666666666734e-01
3.788000000000000256e-01
3.791999999999999815e-01
3.793333333333333557e-01
3.798000000000000265e-01
3.802666666666666417e-01
3.805999999999999939e-01
3.811333333333333240e-01
3.815999999999999948e-01
3.818666666666666876e-01
3.821999999999999842e-01
3.825333333333333363e-01
3.828666666666666885e-01
3.830666666666666664e-01
3.834666666666666779e-01
3.835999999999999965e-01
3.840000000000000080e-01
3.845333333333333381e-01
3.848666666666666902e-01
3.853333333333333610e-01
3.857999999999999763e-01
3.862666666666666471e-01
3.869333333333333513e-01
3.875333333333333408e-01
3.876666666666666594e-01
3.880000000000000115e-01
3.881333333333333302e-01
3.886000000000000010e-01
3.888666666666666938e-01
3.887999999999999790e-01
3.894000000000000239e-01
3.897999999999999798e-01
3.900666666666666726e-01
3.903333333333333099e-01
3.906666666666666621e-01
3.911333333333333329e-01
3.915333333333333443e-01
3.920666666666666744e-01
3.922666666666666524e-01
3.927999999999999825e-01
3.933333333333333126e-01
3.937999999999999834e-01
3.939333333333333576e-01
3.941999999999999948e-01
3.945333333333333470e-01
3.947999999999999843e-01
3.950666666666666771e-01
3.953333333333333144e-01
3.957333333333333258e-01
3.961999999999999966e-01
3.969333333333333602e-01
3.973333333333333162e-01
3.975333333333333496e-01
3.977999999999999869e-01
3.981333333333333391e-01
3.982666666666666577e-01
3.984666666666666912e-01
3.983333333333333171e-01
3.985333333333333505e-01
3.992666666666666586e-01
3.997999999999999887e-01
4.003999999999999782e-01
4.007333333333333303e-01
4.010000000000000231e-01
4.014666666666666939e-01
4.017333333333333312e-01
4.020666666666666833e-01
4.022000000000000020e-01
4.026000000000000134e-01
4.027333333333333321e-01
4.029333333333333100e-01
4.032000000000000028e-01
4.033333333333333215e-01
4.034666666666666401e-01
4.035333333333333550e-01
4.035333333333333550e-01
4.038666666666666516e-01
4.042666666666666631e-01
4.046666666666666745e-01
4.050000000000000266e-01
4.052000000000000046e-01
4.056666666666666754e-01
4.057999999999999940e-01
4.060000000000000275e-01
4.059333333333333127e-01
4.064666666666666428e-01
4.063999999999999835e-01
4.068666666666666543e-01
4.069333333333333136e-01
4.073333333333333250e-01
4.073999999999999844e-01
4.077999999999999958e-01
4.079999999999999738e-01
4.083333333333333259e-01
4.086666666666666781e-01
4.086000000000000187e-01
4.087333333333333374e-01
4.092000000000000082e-01
4.093333333333333268e-01
4.094666666666666455e-01
4.097333333333333383e-01
4.099333333333333163e-01
4.100666666666666904e-01
4.099999999999999756e-01
4.103333333333333277e-01
4.106666666666666798e-01
4.108666666666666578e-01
4.113333333333333286e-01
4.114666666666666472e-01
4.116000000000000214e-01
4.117999999999999994e-01
4.121333333333333515e-01
4.123999999999999888e-01
4.125333333333333075e-01
4.124666666666666481e-01
4.129333333333333189e-01
4.133999999999999897e-01
4.133999999999999897e-01
4.135333333333333083e-01
4.133999999999999897e-01
4.136000000000000232e-01
4.139999999999999791e-01
4.141333333333333533e-01
4.143333333333333313e-01
4.144666666666666499e-01
4.145333333333333092e-01
4.148666666666666614e-01
4.151333333333333542e-01
4.152000000000000135e-01
4.153333333333333321e-01
4.156000000000000250e-01
4.156666666666666843e-01
4.158666666666666623e-01
4.164666666666666517e-01
4.169333333333333225e-01
4.172666666666666746e-01
4.176000000000000267e-01
4.175333333333333119e-01
4.178000000000000047e-01
4.180666666666666420e-01
4.180666666666666420e-01
4.180666666666666420e-01
4.182666666666666755e-01
4.182666666666666755e-01
4.183999999999999941e-01
4.186666666666666869e-01
4.190666666666666429e-01
4.192000000000000171e-01
4.192666666666666764e-01
4.198000000000000065e-01
4.200666666666666438e-01
4.205999999999999739e-01
4.208666666666666667e-01
4.210666666666666447e-01
4.212000000000000188e-01
4.213333333333333375e-01
4.213333333333333375e-01
4.218000000000000083e-01
4.219999999999999862e-01
4.223333333333333384e-01
4.223333333333333384e-01
4.225999999999999757e-01
4.226666666666666905e-01
4.228666666666666685e-01
4.229333333333333278e-01
4.230666666666666464e-01
4.232666666666666799e-01
4.233333333333333393e-01
4.236666666666666914e-01
4.239333333333333287e-01
4.241333333333333067e-01
4.242666666666666808e-01
4.244666666666666588e-01
4.246666666666666923e-01
4.251333333333333075e-01
4.252666666666666817e-01
4.255999999999999783e-01
4.258000000000000118e-01
4.261333333333333084e-01
4.264000000000000012e-01
4.265999999999999792e-01
4.265999999999999792e-01
4.270666666666666500e-01
4.273333333333333428e-01
4.278666666666666729e-01
4.281333333333333102e-01
4.282000000000000250e-01
4.284000000000000030e-01
4.285999999999999810e-01
4.288000000000000145e-01
4.287333333333333552e-01
4.289333333333333331e-01
4.290666666666666518e-01
4.290666666666666518e-01
4.294666666666666632e-01
4.295333333333333226e-01
4.296666666666666412e-01
4.296666666666666412e-01
4.299333333333333340e-01
4.300666666666666527e-01
4.300666666666666527e-01
4.304000000000000048e-01
4.305333333333333234e-01
4.309333333333333349e-01
4.312666666666666870e-01
4.314000000000000057e-01
4.314666666666666650e-01
4.315333333333333243e-01
4.316666666666666430e-01
4.319999999999999951e-01
4.322666666666666879e-01
4.324000000000000066e-01
4.325999999999999845e-01
4.327333333333333587e-01
4.328000000000000180e-01
4.329999999999999960e-01
4.329999999999999960e-01
4.331333333333333147e-01
4.333333333333333481e-01
4.335999999999999854e-01
4.338000000000000189e-01
4.338666666666666782e-01
4.340666666666666562e-01
4.342666666666666897e-01
4.342666666666666897e-01
4.345333333333333270e-01
4.348666666666666791e-01
4.351999999999999758e-01
4.352666666666666906e-01
4.355333333333333279e-01
4.358000000000000207e-01
4.359333333333333393e-01
4.359999999999999987e-01
4.359333333333333393e-01
4.362666666666666915e-01
4.365999999999999881e-01
4.368000000000000216e-01
4.368000000000000216e-01
4.370666666666666589e-01
4.371333333333333182e-01
4.371999999999999775e-01
4.374666666666666703e-01
4.380000000000000004e-01
4.382666666666666933e-01
4.384666666666666712e-01
4.388000000000000234e-01
4.387333333333333085e-01
4.388666666666666827e-01
4.388666666666666827e-01
4.390000000000000013e-01
4.392666666666666941e-01
4.394000000000000128e-01
4.395333333333333314e-01
4.395999999999999908e-01
4.400000000000000022e-01
4.399333333333333429e-01
4.397333333333333094e-01
4.398000000000000242e-01
4.400666666666666615e-01
4.401333333333333209e-01
4.405333333333333323e-01
4.407333333333333103e-01
4.405999999999999917e-01
4.409333333333333438e-01
4.412666666666666404e-01
4.411333333333333218e-01
4.414666666666666739e-01
4.415333333333333332e-01
4.417333333333333112e-01
4.420666666666666633e-01
4.421999999999999820e-01
4.422666666666666413e-01
4.428666666666666862e-01
4.429333333333333456e-01
4.431333333333333235e-01
4.432666666666666422e-01
4.435999999999999943e-01
4.438666666666666871e-01
4.440000000000000058e-01
4.441333333333333244e-01
4.443333333333333579e-01
4.444666666666666766e-01
4.446666666666666545e-01
4.448666666666666880e-01
4.450000000000000067e-01
4.450666666666666660e-01
4.452666666666666440e-01
4.454666666666666774e-01
4.458666666666666889e-01
4.461333333333333262e-01
4.463333333333333597e-01
4.462666666666666448e-01
4.464000000000000190e-01
4.462666666666666448e-01
4.462666666666666448e-01
4.464666666666666783e-01
4.467333333333333156e-01
4.470000000000000084e-01
4.474000000000000199e-01
4.476666666666666572e-01
4.477333333333333165e-01
4.477999999999999758e-01
4.477999999999999758e-01
4.480000000000000093e-01
4.481333333333333280e-01
4.483333333333333059e-01
4.484666666666666801e-01
4.484666666666666801e-01
4.485999999999999988e-01
4.486666666666666581e-01
4.485333333333333394e-01
4.485999999999999988e-01
4.487333333333333174e-01
4.485333333333333394e-01
4.485999999999999988e-01
4.491333333333333289e-01
4.492666666666666475e-01
4.493333333333333068e-01
4.494666666666666810e-01
4.493333333333333068e-01
4.494000000000000217e-01
4.495333333333333403e-01
4.494000000000000217e-01
4.495333333333333403e-01
4.494000000000000217e-01
4.495999999999999996e-01
4.500000000000000111e-01
4.498666666666666925e-01
4.498666666666666925e-01
4.500666666666666704e-01
4.503333333333333077e-01
4.502666666666666484e-01
4.502666666666666484e-01
4.506000000000000005e-01
4.506000000000000005e-01
4.508666666666666933e-01
4.509333333333333527e-01
4.511999999999999900e-01
4.514000000000000234e-01
4.515333333333333421e-01
4.516666666666666607e-01
4.517333333333333201e-01
4.516000000000000014e-01
4.516666666666666607e-01
4.517999999999999794e-01
4.518666666666666942e-01
4.520000000000000129e-01
4.522666666666666502e-01
4.523333333333333095e-01
4.524000000000000243e-01
4.525333333333333430e-01
4.524000000000000243e-01
4.526000000000000023e-01
4.528666666666666396e-01
4.531333333333333324e-01
4.530000000000000138e-01
4.531999999999999917e-01
4.532666666666666511e-01
4.533333333333333104e-01
4.531333333333333324e-01
4.533333333333333104e-01
4.536000000000000032e-01
4.536000000000000032e-01
4.537333333333333218e-01
4.538666666666666405e-01
4.541333333333333333e-01
4.541999999999999926e-01
4.541333333333333333e-01
4.542666666666666520e-01
4.542666666666666520e-01
4.542666666666666520e-01
4.543333333333333113e-01
4.544666666666666854e-01
4.545333333333333448e-01
4.544666666666666854e-01
4.545333333333333448e-01
4.544666666666666854e-01
4.546666666666666634e-01
4.547333333333333227e-01
4.551333333333333342e-01
4.551333333333333342e-01
4.552666666666666528e-01
4.556000000000000050e-01
4.556666666666666643e-01
4.558666666666666423e-01
4.561333333333333351e-01
4.563333333333333131e-01
4.565333333333333465e-01
4.568666666666666432e-01
4.568666666666666432e-01
4.571333333333333360e-01
4.570000000000000173e-01
4.572666666666666546e-01
4.573333333333333139e-01
4.576666666666666661e-01
4.577333333333333254e-01
4.576666666666666661e-01
4.577999999999999847e-01
4.580666666666666775e-01
4.581333333333333369e-01
4.583333333333333148e-01
4.583999999999999742e-01
4.581333333333333369e-01
4.583333333333333148e-01
4.583999999999999742e-01
4.585333333333333483e-01
4.585333333333333483e-01
4.584666666666666890e-01
4.589333333333333598e-01
4.591999999999999971e-01
4.593333333333333157e-01
4.593333333333333157e-01
4.597333333333333272e-01
4.597333333333333272e-01
4.598666666666666458e-01
4.601333333333333386e-01
4.600666666666666793e-01
4.602666666666666573e-01
4.605333333333333501e-01
4.605333333333333501e-01
4.608666666666666467e-01
4.607999999999999874e-01
4.609333333333333060e-01
4.610000000000000209e-01
4.610000000000000209e-01
4.610666666666666802e-01
4.611333333333333395e-01
4.610000000000000209e-01
4.611999999999999988e-01
4.612666666666666582e-01
4.613999999999999768e-01
4.615333333333333510e-01
4.619333333333333069e-01
4.620000000000000218e-01
4.621999999999999997e-01
4.621333333333333404e-01
4.621999999999999997e-01
4.622666666666666591e-01
4.624666666666666925e-01
4.625333333333333519e-01
4.626000000000000112e-01
4.627999999999999892e-01
4.630000000000000226e-01
4.630666666666666820e-01
4.632666666666666599e-01
4.635333333333333528e-01
4.636000000000000121e-01
4.636000000000000121e-01
4.638666666666666494e-01
4.638666666666666494e-01
4.640666666666666829e-01
4.642666666666666608e-01
4.641333333333333422e-01
4.642000000000000015e-01
4.642666666666666608e-01
4.643999999999999795e-01
4.644666666666666943e-01
4.645333333333333536e-01
4.644666666666666943e-01
4.647999999999999909e-01
4.647333333333333316e-01
4.647999999999999909e-01
4.647999999999999909e-01
4.649333333333333096e-01
4.650666666666666837e-01
4.647333333333333316e-01
4.647999999999999909e-01
4.647999999999999909e-01
4.649333333333333096e-01
4.649333333333333096e-01
4.649333333333333096e-01
4.649333333333333096e-01
4.652666666666666617e-01
4.653333333333333210e-01
4.653999999999999804e-01
4.655333333333333545e-01
4.656000000000000139e-01
4.657333333333333325e-01
4.660000000000000253e-01
4.660000000000000253e-01
4.658666666666666512e-01
4.658666666666666512e-01
4.661333333333333440e-01
4.662000000000000033e-01
4.663999999999999813e-01
4.663999999999999813e-01
4.664666666666666406e-01
4.665333333333333554e-01
4.667333333333333334e-01
4.668666666666666520e-01
4.667333333333333334e-01
4.669333333333333114e-01
4.670666666666666855e-01
4.672000000000000042e-01
4.672666666666666635e-01
4.672000000000000042e-01
4.672000000000000042e-01
4.673999999999999821e-01
4.673999999999999821e-01
4.674666666666666415e-01
4.672666666666666635e-01
4.676000000000000156e-01
4.676666666666666750e-01
4.679333333333333123e-01
4.681333333333333457e-01
4.681333333333333457e-01
4.680666666666666864e-01
4.682000000000000051e-01
4.685333333333333572e-01
4.686000000000000165e-01
4.687999999999999945e-01
4.687333333333333352e-01
4.686000000000000165e-01
4.686000000000000165e-01
4.687999999999999945e-01
4.688666666666666538e-01
4.687999999999999945e-01
4.689999999999999725e-01
4.692000000000000060e-01
4.692666666666666653e-01
4.693999999999999839e-01
4.694666666666666432e-01
4.696000000000000174e-01
4.693999999999999839e-01
4.695333333333333581e-01
4.697999999999999954e-01
4.699333333333333140e-01
4.699999999999999734e-01
4.699999999999999734e-01
4.699999999999999734e-01
4.698666666666666547e-01
4.698666666666666547e-01
4.698666666666666547e-01
4.699999999999999734e-01
4.701333333333333475e-01
4.701333333333333475e-01
4.702666666666666662e-01
4.702000000000000068e-01
4.702666666666666662e-01
4.702000000000000068e-01
4.703333333333333255e-01
4.704666666666666441e-01
4.704666666666666441e-01
4.707333333333333369e-01
4.709999999999999742e-01
4.712666666666666671e-01
4.713333333333333264e-01
4.712666666666666671e-01
4.716000000000000192e-01
4.716000000000000192e-01
4.717333333333333378e-01
4.718666666666666565e-01
4.718666666666666565e-01
4.721333333333333493e-01
4.719999999999999751e-01
4.720666666666666900e-01
4.719999999999999751e-01
4.720666666666666900e-01
4.722000000000000086e-01
4.722666666666666679e-01
4.725333333333333607e-01
4.726000000000000201e-01
4.726000000000000201e-01
4.727999999999999980e-01
4.727333333333333387e-01
4.729333333333333167e-01
4.729999999999999760e-01
4.729999999999999760e-01
4.732666666666666688e-01
4.732000000000000095e-01
4.732000000000000095e-01
4.733333333333333282e-01
4.732000000000000095e-01
4.732666666666666688e-01
4.732000000000000095e-01
4.736000000000000210e-01
4.737999999999999989e-01
4.739999999999999769e-01
4.738666666666666583e-01
4.739999999999999769e-01
4.739999999999999769e-01
4.737999999999999989e-01
4.741333333333333511e-01
4.742666666666666697e-01
4.746000000000000218e-01
4.745333333333333070e-01
4.746000000000000218e-01
4.746000000000000218e-01
4.747999999999999998e-01
4.749333333333333185e-01
4.752000000000000113e-01
4.752666666666666706e-01
4.753333333333333299e-01
4.754666666666666486e-01
4.756666666666666821e-01
4.758000000000000007e-01
4.758666666666666600e-01
4.758666666666666600e-01
4.759333333333333194e-01
4.760666666666666935e-01
4.762000000000000122e-01
4.763333333333333308e-01
4.765333333333333088e-01
4.767333333333333423e-01
4.768666666666666609e-01
4.770666666666666944e-01
4.770666666666666944e-01
4.770666666666666944e-01
4.772000000000000131e-01
4.772000000000000131e-01
4.769333333333333202e-01
4.769999999999999796e-01
4.769999999999999796e-01
4.770666666666666944e-01
4.773333333333333317e-01
4.773999999999999910e-01
4.775333333333333097e-01
4.774666666666666504e-01
4.777333333333333432e-01
4.776666666666666838e-01
4.776666666666666838e-01
4.778000000000000025e-01
4.780666666666666398e-01
4.780666666666666398e-01
4.782000000000000139e-01
4.783333333333333326e-01
4.783333333333333326e-01
4.783999999999999919e-01
4.785333333333333106e-01
4.784666666666666512e-01
4.786000000000000254e-01
4.786000000000000254e-01
4.786000000000000254e-01
4.787333333333333441e-01
4.789333333333333220e-01
4.789999999999999813e-01
4.789333333333333220e-01
4.789999999999999813e-01
4.788000000000000034e-01
4.790666666666666407e-01
4.795333333333333115e-01
4.796000000000000263e-01
4.798666666666666636e-01
4.797333333333333449e-01
4.797333333333333449e-01
4.799333333333333229e-01
