3.316000000000000059e-01
3.330666666666666775e-01
3.337999999999999856e-01
3.340666666666666784e-01
3.351333333333333386e-01
3.358666666666666467e-01
3.361333333333333395e-01
3.369333333333333069e-01
3.373999999999999777e-01
3.376000000000000112e-01
3.380666666666666820e-01
3.387999999999999901e-01
3.392666666666666608e-01
3.397999999999999909e-01
3.405333333333333545e-01
3.413333333333333219e-01
3.413999999999999813e-01
3.423999999999999821e-01
3.431333333333333457e-01
3.439999999999999725e-01
3.448666666666666547e-01
3.455333333333333590e-01
3.460666666666666891e-01
3.470666666666666900e-01
3.474666666666666459e-01
3.479333333333333167e-01
3.482666666666666688e-01
3.489999999999999769e-01
3.496666666666666812e-01
3.499999999999999778e-01
3.506000000000000227e-01
3.512000000000000122e-01
3.517333333333333423e-01
3.519333333333333202e-01
3.529333333333333211e-01
3.535333333333333106e-01
3.538000000000000034e-01
3.542666666666666742e-01
3.547333333333333449e-01
3.554666666666666530e-01
3.560666666666666424e-01
3.563333333333333353e-01
3.568666666666666654e-01
3.576666666666666883e-01
3.580666666666666442e-01
3.587333333333333485e-01
3.593999999999999972e-01
3.594666666666666566e-01
3.598666666666666680e-01
3.600666666666666460e-01
3.602000000000000202e-01
3.613333333333333397e-01
3.617333333333333512e-01
3.622000000000000219e-01
3.625333333333333186e-01
3.629333333333333300e-01
3.636666666666666936e-01
3.639999999999999902e-01
3.645333333333333203e-01
3.649333333333333318e-01
3.654666666666666619e-01
3.659333333333333327e-01
3.662000000000000255e-01
3.667333333333333556e-01
3.669999999999999929e-01
3.671333333333333115e-01
3.675333333333333230e-01
3.677333333333333565e-01
3.682666666666666866e-01
3.686666666666666425e-01
3.694000000000000061e-01
3.699999999999999956e-01
3.706666666666666443e-01
3.711999999999999744e-01
3.716666666666666452e-01
3.722666666666666901e-01
3.726666666666666461e-01
3.733333333333333504e-01
3.739999999999999991e-01
3.745333333333333292e-01
3.748000000000000220e-01
3.751333333333333186e-01
3.757333333333333081e-01
3.760666666666666602e-01
3.762666666666666937e-01
3.768666666666666831e-01
3.772666666666666391e-01
3.775999999999999912e-01
3.781999999999999806e-01
3.783333333333333548e-01
3.789333333333333442e-01
3.791999999999999815e-01
3.791333333333333222e-01
3.798000000000000265e-01
3.801333333333333231e-01
3.804000000000000159e-01
3.810000000000000053e-01
3.814666666666666761e-01
3.817999999999999727e-01
3.820000000000000062e-01
3.824000000000000177e-01
3.824666666666666770e-01
3.828666666666666885e-01
3.831999999999999851e-01
3.835999999999999965e-01
3.840000000000000080e-01
3.845999999999999974e-01
3.850000000000000089e-01
3.851333333333333275e-01
3.857999999999999763e-01
3.861999999999999877e-01
3.869333333333333513e-01
3.873333333333333073e-01
3.877333333333333187e-01
3.879333333333333522e-01
3.882666666666666488e-01
3.884666666666666823e-01
3.888666666666666938e-01
3.891333333333333311e-01
3.898666666666666392e-01
3.898666666666666392e-01
3.901999999999999913e-01
3.906666666666666621e-01
3.908666666666666401e-01
3.910666666666666735e-01
3.915333333333333443e-01
3.916666666666666630e-01
3.921333333333333337e-01
3.925333333333333452e-01
3.931333333333333346e-01
3.935333333333333461e-01
3.938666666666666427e-01
3.943333333333333135e-01
3.946000000000000063e-01
3.947999999999999843e-01
3.948666666666666436e-01
3.953333333333333144e-01
3.957999999999999852e-01
3.963999999999999746e-01
3.970666666666666789e-01
3.971333333333333382e-01
3.974666666666666903e-01
3.978666666666666463e-01
3.978666666666666463e-01
3.981333333333333391e-01
3.982666666666666577e-01
3.984666666666666912e-01
3.988666666666666472e-01
3.991999999999999993e-01
4.000000000000000222e-01
4.006000000000000116e-01
4.009333333333333083e-01
4.010000000000000231e-01
4.013999999999999790e-01
4.016000000000000125e-01
4.016666666666666718e-01
4.021333333333333426e-01
4.025333333333333541e-01
4.026666666666666727e-01
4.029333333333333100e-01
4.032000000000000028e-01
4.033333333333333215e-01
4.032666666666666622e-01
4.036000000000000143e-01
4.037999999999999923e-01
4.039333333333333109e-01
4.042000000000000037e-01
4.047999999999999932e-01
4.050666666666666860e-01
4.054666666666666419e-01
4.055333333333333568e-01
4.057999999999999940e-01
4.059333333333333127e-01
4.061333333333333462e-01
4.063999999999999835e-01
4.067999999999999949e-01
4.072000000000000064e-01
4.072666666666666657e-01
4.074666666666666437e-01
4.077999999999999958e-01
4.080666666666666886e-01
4.080666666666666886e-01
4.082000000000000073e-01
4.083333333333333259e-01
4.086666666666666781e-01
4.087333333333333374e-01
4.089333333333333154e-01
4.093999999999999861e-01
4.096000000000000196e-01
4.096666666666666790e-01
4.099999999999999756e-01
4.097999999999999976e-01
4.099999999999999756e-01
4.103333333333333277e-01
4.106666666666666798e-01
4.110666666666666913e-01
4.112666666666666693e-01
4.114666666666666472e-01
4.116666666666666807e-01
4.121333333333333515e-01
4.122000000000000108e-01
4.124666666666666481e-01
4.125333333333333075e-01
4.126000000000000223e-01
4.132000000000000117e-01
4.134666666666666490e-01
4.134666666666666490e-01
4.134666666666666490e-01
4.134666666666666490e-01
4.137333333333333418e-01
4.139999999999999791e-01
4.143999999999999906e-01
4.142666666666666719e-01
4.143333333333333313e-01
4.143999999999999906e-01
4.147333333333333427e-01
4.149999999999999800e-01
4.149999999999999800e-01
4.152666666666666728e-01
4.153999999999999915e-01
4.156000000000000250e-01
4.161333333333333551e-01
4.165333333333333110e-01
4.169333333333333225e-01
4.172000000000000153e-01
4.175333333333333119e-01
4.178000000000000047e-01
4.178000000000000047e-01
4.179333333333333234e-01
4.181333333333333568e-01
4.179999999999999827e-01
4.182666666666666755e-01
4.186666666666666869e-01
4.186000000000000276e-01
4.188666666666666649e-01
4.192000000000000171e-01
4.192000000000000171e-01
4.194666666666666544e-01
4.198000000000000065e-01
4.202000000000000179e-01
4.203999999999999959e-01
4.205333333333333146e-01
4.206666666666666887e-01
4.208666666666666667e-01
4.212000000000000188e-01
4.213999999999999968e-01
4.216666666666666896e-01
4.218000000000000083e-01
4.220666666666666456e-01
4.223999999999999977e-01
4.225333333333333163e-01
4.225999999999999757e-01
4.227333333333333498e-01
4.225999999999999757e-01
4.226666666666666905e-01
4.228000000000000091e-01
4.231333333333333058e-01
4.233333333333333393e-01
4.237333333333333507e-01
4.236666666666666914e-01
4.241333333333333067e-01
4.244666666666666588e-01
4.249333333333333296e-01
4.251333333333333075e-01
4.254000000000000004e-01
4.254666666666666597e-01
4.258666666666666711e-01
4.262000000000000233e-01
4.264666666666666606e-01
4.268000000000000127e-01
4.269999999999999907e-01
4.273333333333333428e-01
4.275999999999999801e-01
4.278666666666666729e-01
4.282000000000000250e-01
4.282000000000000250e-01
4.285999999999999810e-01
4.288666666666666738e-01
4.288666666666666738e-01
4.290666666666666518e-01
4.290666666666666518e-01
4.292000000000000259e-01
4.293333333333333446e-01
4.294666666666666632e-01
4.294666666666666632e-01
4.297333333333333560e-01
4.299333333333333340e-01
4.298000000000000154e-01
4.299333333333333340e-01
4.303333333333333455e-01
4.306666666666666421e-01
4.308000000000000163e-01
4.308666666666666756e-01
4.312666666666666870e-01
4.314666666666666650e-01
4.315999999999999837e-01
4.315999999999999837e-01
4.316666666666666430e-01
4.319999999999999951e-01
4.322666666666666879e-01
4.324666666666666659e-01
4.324666666666666659e-01
4.327333333333333587e-01
4.327333333333333587e-01
4.329333333333333367e-01
4.328666666666666774e-01
4.330666666666666553e-01
4.332666666666666888e-01
4.335999999999999854e-01
4.336666666666666448e-01
4.338666666666666782e-01
4.342666666666666897e-01
4.344000000000000083e-01
4.345999999999999863e-01
4.349999999999999978e-01
4.350666666666666571e-01
4.352666666666666906e-01
4.355333333333333279e-01
4.357333333333333059e-01
4.358666666666666800e-01
4.359999999999999987e-01
4.360666666666666580e-01
4.361333333333333173e-01
4.361999999999999766e-01
4.367333333333333067e-01
4.368666666666666809e-01
4.369999999999999996e-01
4.368666666666666809e-01
4.372666666666666924e-01
4.373333333333333517e-01
4.375333333333333297e-01
4.378000000000000225e-01
4.381999999999999784e-01
4.384000000000000119e-01
4.385999999999999899e-01
4.388000000000000234e-01
4.389333333333333420e-01
4.388000000000000234e-01
4.388666666666666827e-01
4.390666666666666607e-01
4.390666666666666607e-01
4.395333333333333314e-01
4.395999999999999908e-01
4.398000000000000242e-01
4.398000000000000242e-01
4.400666666666666615e-01
4.400666666666666615e-01
4.401333333333333209e-01
4.402666666666666395e-01
4.405999999999999917e-01
4.406666666666666510e-01
4.410000000000000031e-01
4.411999999999999811e-01
4.413333333333333552e-01
4.414666666666666739e-01
4.415333333333333332e-01
4.417333333333333112e-01
4.420000000000000040e-01
4.421333333333333226e-01
4.424000000000000155e-01
4.425333333333333341e-01
4.425999999999999934e-01
4.430000000000000049e-01
4.428666666666666862e-01
4.431999999999999829e-01
4.434666666666666757e-01
4.438666666666666871e-01
4.438666666666666871e-01
4.440000000000000058e-01
4.441999999999999837e-01
4.443333333333333579e-01
4.445333333333333359e-01
4.447333333333333139e-01
4.445999999999999952e-01
4.446666666666666545e-01
4.453333333333333588e-01
4.456666666666666554e-01
4.457999999999999741e-01
4.459333333333333482e-01
4.461333333333333262e-01
4.461333333333333262e-01
4.462666666666666448e-01
4.464666666666666783e-01
4.464666666666666783e-01
4.465999999999999970e-01
4.471333333333333271e-01
4.473333333333333606e-01
4.475999999999999979e-01
4.475999999999999979e-01
4.479333333333333500e-01
4.475999999999999979e-01
4.477999999999999758e-01
4.481333333333333280e-01
4.481999999999999873e-01
4.484000000000000208e-01
4.483333333333333059e-01
4.483333333333333059e-01
4.483333333333333059e-01
4.484666666666666801e-01
4.487333333333333174e-01
4.486666666666666581e-01
4.487333333333333174e-01
4.488666666666666916e-01
4.490666666666666695e-01
4.491999999999999882e-01
4.491999999999999882e-01
4.494000000000000217e-01
4.491999999999999882e-01
4.495333333333333403e-01
4.497333333333333183e-01
4.498666666666666925e-01
4.497999999999999776e-01
4.496666666666666590e-01
4.500000000000000111e-01
4.497333333333333183e-01
4.498666666666666925e-01
4.500000000000000111e-01
4.501333333333333298e-01
4.502666666666666484e-01
4.501999999999999891e-01
4.505333333333333412e-01
4.504000000000000226e-01
4.504000000000000226e-01
4.506000000000000005e-01
4.507333333333333192e-01
4.508666666666666933e-01
4.510666666666666713e-01
4.512666666666666493e-01
4.513333333333333086e-01
4.515333333333333421e-01
4.517999999999999794e-01
4.516666666666666607e-01
4.518666666666666942e-01
4.520000000000000129e-01
4.520000000000000129e-01
4.520666666666666722e-01
4.521999999999999909e-01
4.523333333333333095e-01
4.524000000000000243e-01
4.526000000000000023e-01
4.527333333333333210e-01
4.526666666666666616e-01
4.529333333333333544e-01
4.530666666666666731e-01
4.531333333333333324e-01
4.531999999999999917e-01
4.531999999999999917e-01
4.531333333333333324e-01
4.535333333333333439e-01
4.536000000000000032e-01
4.536000000000000032e-01
4.537333333333333218e-01
4.537333333333333218e-01
4.539333333333333553e-01
4.540000000000000147e-01
4.541999999999999926e-01
4.543333333333333113e-01
4.543333333333333113e-01
4.541999999999999926e-01
4.542666666666666520e-01
4.545333333333333448e-01
4.545333333333333448e-01
4.546000000000000041e-01
4.544666666666666854e-01
4.546000000000000041e-01
4.546666666666666634e-01
4.550666666666666749e-01
4.551333333333333342e-01
4.551999999999999935e-01
4.552666666666666528e-01
4.554666666666666863e-01
4.556666666666666643e-01
4.555333333333333456e-01
4.557333333333333236e-01
4.556666666666666643e-01
4.560666666666666758e-01
4.562666666666666537e-01
4.565333333333333465e-01
4.567333333333333245e-01
4.568666666666666432e-01
4.567999999999999838e-01
4.570000000000000173e-01
4.571999999999999953e-01
4.573999999999999733e-01
4.571333333333333360e-01
4.571333333333333360e-01
4.572666666666666546e-01
4.573999999999999733e-01
4.576666666666666661e-01
4.580000000000000182e-01
4.581333333333333369e-01
4.581999999999999962e-01
4.581333333333333369e-01
4.581999999999999962e-01
4.583999999999999742e-01
4.587999999999999856e-01
4.585333333333333483e-01
4.588666666666666449e-01
4.590666666666666784e-01
4.592666666666666564e-01
4.594666666666666899e-01
4.597333333333333272e-01
4.597333333333333272e-01
4.601333333333333386e-01
4.602666666666666573e-01
4.601999999999999980e-01
4.601999999999999980e-01
4.604666666666666908e-01
4.606000000000000094e-01
4.606666666666666687e-01
4.610666666666666802e-01
4.611999999999999988e-01
4.611333333333333395e-01
4.611333333333333395e-01
4.611999999999999988e-01
4.611999999999999988e-01
4.613999999999999768e-01
4.614666666666666917e-01
4.617333333333333290e-01
4.616000000000000103e-01
4.620000000000000218e-01
4.620666666666666811e-01
4.621999999999999997e-01
4.621333333333333404e-01
4.623999999999999777e-01
4.625333333333333519e-01
4.626666666666666705e-01
4.627999999999999892e-01
4.630000000000000226e-01
4.630666666666666820e-01
4.632000000000000006e-01
4.632666666666666599e-01
4.635333333333333528e-01
4.633333333333333193e-01
4.633999999999999786e-01
4.635333333333333528e-01
4.636666666666666714e-01
4.636666666666666714e-01
4.637999999999999901e-01
4.638666666666666494e-01
4.641333333333333422e-01
4.641333333333333422e-01
4.639333333333333087e-01
4.642000000000000015e-01
4.642000000000000015e-01
4.642000000000000015e-01
4.642666666666666608e-01
4.646666666666666723e-01
4.649333333333333096e-01
4.649333333333333096e-01
4.647999999999999909e-01
4.647999999999999909e-01
4.650000000000000244e-01
4.650000000000000244e-01
4.650666666666666837e-01
4.647999999999999909e-01
4.647333333333333316e-01
4.647999999999999909e-01
4.648666666666666503e-01
4.647999999999999909e-01
4.649333333333333096e-01
4.650666666666666837e-01
4.652666666666666617e-01
4.653333333333333210e-01
4.653999999999999804e-01
4.653999999999999804e-01
4.656000000000000139e-01
4.655333333333333545e-01
4.657333333333333325e-01
4.657333333333333325e-01
4.659333333333333105e-01
4.659333333333333105e-01
4.662000000000000033e-01
4.663333333333333219e-01
4.662666666666666626e-01
4.664666666666666406e-01
4.664666666666666406e-01
4.665333333333333554e-01
4.664666666666666406e-01
4.666666666666666741e-01
4.667999999999999927e-01
4.669333333333333114e-01
4.670000000000000262e-01
4.670000000000000262e-01
4.668666666666666520e-01
4.669333333333333114e-01
4.672000000000000042e-01
4.673333333333333228e-01
4.673999999999999821e-01
4.673333333333333228e-01
4.674666666666666415e-01
4.676000000000000156e-01
4.677999999999999936e-01
4.677333333333333343e-01
4.676666666666666750e-01
4.679333333333333123e-01
4.680000000000000271e-01
4.682666666666666644e-01
4.683333333333333237e-01
4.685333333333333572e-01
4.686000000000000165e-01
4.686666666666666758e-01
4.684666666666666424e-01
4.685333333333333572e-01
4.686666666666666758e-01
4.689999999999999725e-01
4.689999999999999725e-01
4.691333333333333466e-01
4.692000000000000060e-01
4.691333333333333466e-01
4.692000000000000060e-01
4.692000000000000060e-01
4.695333333333333581e-01
4.696666666666666767e-01
4.699333333333333140e-01
4.697333333333333361e-01
4.699333333333333140e-01
4.698666666666666547e-01
4.699999999999999734e-01
4.698666666666666547e-01
4.699333333333333140e-01
4.699999999999999734e-01
4.701333333333333475e-01
4.701333333333333475e-01
4.701333333333333475e-01
4.702666666666666662e-01
4.702666666666666662e-01
4.705333333333333590e-01
4.704666666666666441e-01
4.705333333333333590e-01
4.704666666666666441e-01
4.706666666666666776e-01
4.708666666666666556e-01
4.709999999999999742e-01
4.712666666666666671e-01
4.713333333333333264e-01
4.715333333333333599e-01
4.714666666666666450e-01
4.715333333333333599e-01
4.716666666666666785e-01
4.716000000000000192e-01
4.718666666666666565e-01
4.719333333333333158e-01
4.720666666666666900e-01
4.720666666666666900e-01
4.721333333333333493e-01
4.720666666666666900e-01
4.722000000000000086e-01
4.723999999999999866e-01
4.724666666666666459e-01
4.726666666666666794e-01
4.727333333333333387e-01
4.727999999999999980e-01
4.727999999999999980e-01
4.729333333333333167e-01
4.728666666666666574e-01
4.732000000000000095e-01
4.731333333333333502e-01
4.732000000000000095e-01
4.732666666666666688e-01
4.731333333333333502e-01
4.733333333333333282e-01
4.732000000000000095e-01
4.736000000000000210e-01
4.735333333333333061e-01
4.737999999999999989e-01
4.737333333333333396e-01
4.735333333333333061e-01
4.738666666666666583e-01
4.741333333333333511e-01
4.741333333333333511e-01
4.741333333333333511e-01
4.739999999999999769e-01
4.740666666666666917e-01
4.743333333333333290e-01
4.746000000000000218e-01
4.746000000000000218e-01
4.747333333333333405e-01
4.747999999999999998e-01
4.747999999999999998e-01
4.749999999999999778e-01
4.752666666666666706e-01
4.753333333333333299e-01
4.753333333333333299e-01
4.756000000000000227e-01
4.757333333333333414e-01
4.758666666666666600e-01
4.758666666666666600e-01
4.759999999999999787e-01
4.760666666666666935e-01
4.762666666666666715e-01
4.762666666666666715e-01
4.763333333333333308e-01
4.765333333333333088e-01
4.767333333333333423e-01
4.769333333333333202e-01
4.768000000000000016e-01
4.769333333333333202e-01
4.769333333333333202e-01
4.769333333333333202e-01
4.769333333333333202e-01
4.771333333333333537e-01
4.772666666666666724e-01
4.773333333333333317e-01
4.774666666666666504e-01
4.775333333333333097e-01
4.773333333333333317e-01
4.774666666666666504e-01
4.776000000000000245e-01
4.777333333333333432e-01
4.778000000000000025e-01
4.778000000000000025e-01
4.778666666666666618e-01
4.778666666666666618e-01
4.780666666666666398e-01
4.782666666666666733e-01
4.783999999999999919e-01
4.781333333333333546e-01
4.781333333333333546e-01
4.783333333333333326e-01
4.784666666666666512e-01
4.785333333333333106e-01
4.786000000000000254e-01
4.786000000000000254e-01
4.785333333333333106e-01
4.786000000000000254e-01
4.786666666666666847e-01
4.788000000000000034e-01
4.790666666666666407e-01
4.792666666666666742e-01
