2.340000000000000135e-01
2.379999999999999893e-01
2.419999999999999929e-01
2.474000000000000088e-01
2.510666666666666602e-01
2.555999999999999939e-01
2.601333333333333275e-01
2.646666666666666612e-01
2.679333333333333567e-01
2.701333333333333364e-01
2.735333333333333505e-01
2.762000000000000011e-01
2.793999999999999817e-01
2.822666666666666657e-01
2.849999999999999756e-01
2.866000000000000214e-01
2.887333333333333418e-01
2.906666666666666843e-01
2.926666666666666861e-01
2.948000000000000065e-01
2.970666666666666456e-01
2.983999999999999986e-01
3.008666666666666711e-01
3.023333333333333428e-01
3.039999999999999925e-01
3.050666666666666527e-01
3.070666666666666544e-01
3.088000000000000189e-01
3.103333333333333499e-01
3.114666666666666694e-01
3.128000000000000225e-01
3.138666666666666827e-01
3.154000000000000137e-01
3.164666666666666739e-01
3.177333333333333121e-01
3.191333333333333244e-01
3.204666666666666774e-01
3.215333333333333377e-01
3.227333333333333165e-01
3.237333333333333174e-01
3.251333333333333298e-01
3.257999999999999785e-01
3.267333333333333201e-01
3.281333333333333324e-01
3.292666666666666520e-01
3.307333333333333236e-01
3.317333333333333245e-01
3.323333333333333139e-01
3.330666666666666775e-01
3.336666666666666670e-01
3.348666666666666458e-01
3.355333333333333501e-01
3.363333333333333175e-01
3.370000000000000218e-01
3.375333333333333519e-01
3.385333333333333528e-01
3.391333333333333422e-01
3.402000000000000024e-01
3.407999999999999918e-01
3.420000000000000262e-01
3.430666666666666864e-01
3.442666666666666653e-01
3.449999999999999734e-01
3.460666666666666891e-01
3.465333333333333599e-01
3.469999999999999751e-01
3.477333333333333387e-01
3.483999999999999875e-01
3.490666666666666917e-01
3.497999999999999998e-01
3.504666666666666486e-01
3.509333333333333194e-01
3.517333333333333423e-01
3.520666666666666944e-01
3.526666666666666838e-01
3.537333333333333441e-01
3.543333333333333335e-01
3.548666666666666636e-01
3.549333333333333229e-01
3.556666666666666865e-01
3.560666666666666424e-01
3.568000000000000060e-01
3.571333333333333582e-01
3.575333333333333141e-01
3.579333333333333256e-01
3.582000000000000184e-01
3.583333333333333370e-01
3.591333333333333599e-01
3.601333333333333608e-01
3.609333333333333282e-01
3.612666666666666804e-01
3.615333333333333177e-01
3.620666666666666478e-01
3.626666666666666927e-01
3.631333333333333080e-01
3.635999999999999788e-01
3.642000000000000237e-01
3.645999999999999797e-01
3.652666666666666839e-01
3.656666666666666399e-01
3.662000000000000255e-01
3.665999999999999814e-01
3.669999999999999929e-01
3.674666666666666637e-01
3.682000000000000273e-01
3.689333333333333353e-01
3.694000000000000061e-01
3.699999999999999956e-01
3.704000000000000070e-01
3.706666666666666443e-01
3.714666666666666672e-01
3.721333333333333160e-01
3.724666666666666681e-01
3.724666666666666681e-01
3.732666666666666910e-01
3.731999999999999762e-01
3.739999999999999991e-01
3.744000000000000106e-01
3.745333333333333292e-01
3.751333333333333186e-01
3.760000000000000009e-01
3.765999999999999903e-01
3.770000000000000018e-01
3.772666666666666391e-01
3.774000000000000132e-01
3.778000000000000247e-01
3.778666666666666840e-01
3.779333333333333433e-01
3.784666666666666734e-01
3.791999999999999815e-01
3.796666666666666523e-01
3.798000000000000265e-01
3.802666666666666417e-01
3.811333333333333240e-01
3.811999999999999833e-01
3.815999999999999948e-01
3.818666666666666876e-01
3.824666666666666770e-01
3.827333333333333143e-01
3.830000000000000071e-01
3.835999999999999965e-01
3.841333333333333266e-01
3.844666666666666788e-01
3.844666666666666788e-01
3.850666666666666682e-01
3.853333333333333610e-01
3.855999999999999983e-01
3.857999999999999763e-01
3.859333333333333504e-01
3.861999999999999877e-01
3.866666666666666585e-01
3.869333333333333513e-01
3.874000000000000221e-01
3.877333333333333187e-01
3.880666666666666709e-01
3.884666666666666823e-01
3.888666666666666938e-01
3.890666666666666718e-01
3.898666666666666392e-01
3.903333333333333099e-01
3.905333333333333434e-01
3.910000000000000142e-01
3.914666666666666850e-01
3.916666666666666630e-01
3.920666666666666744e-01
3.921999999999999931e-01
3.921333333333333337e-01
3.923333333333333117e-01
3.926000000000000045e-01
3.926000000000000045e-01
3.929333333333333567e-01
3.934000000000000274e-01
3.938666666666666427e-01
3.938666666666666427e-01
3.940666666666666762e-01
3.942666666666666542e-01
3.949333333333333584e-01
3.954666666666666885e-01
3.957999999999999852e-01
3.961999999999999966e-01
3.963999999999999746e-01
3.969333333333333602e-01
3.971333333333333382e-01
3.979333333333333056e-01
3.983333333333333171e-01
3.987333333333333285e-01
3.987999999999999878e-01
3.989333333333333065e-01
3.991333333333333400e-01
3.995333333333333514e-01
3.998666666666666480e-01
4.000666666666666815e-01
4.001333333333333409e-01
4.004666666666666930e-01
4.011333333333333417e-01
4.013333333333333197e-01
4.016666666666666718e-01
4.022666666666666613e-01
4.026666666666666727e-01
4.032000000000000028e-01
4.035333333333333550e-01
4.037333333333333329e-01
4.041333333333333444e-01
4.042000000000000037e-01
4.045333333333333559e-01
4.048666666666666525e-01
4.050666666666666860e-01
4.050000000000000266e-01
4.050000000000000266e-01
4.055333333333333568e-01
4.060666666666666869e-01
4.063333333333333242e-01
4.066000000000000170e-01
4.066000000000000170e-01
4.066666666666666763e-01
4.070666666666666877e-01
4.071333333333333471e-01
4.071333333333333471e-01
4.071333333333333471e-01
4.074666666666666437e-01
4.074666666666666437e-01
4.076666666666666772e-01
4.078666666666666551e-01
4.081333333333333480e-01
4.084666666666666446e-01
4.087999999999999967e-01
4.088666666666666560e-01
4.088666666666666560e-01
4.093333333333333268e-01
4.094666666666666455e-01
4.098666666666666569e-01
4.100666666666666904e-01
4.099999999999999756e-01
4.100666666666666904e-01
4.099999999999999756e-01
4.102666666666666684e-01
4.103333333333333277e-01
4.106000000000000205e-01
4.109333333333333171e-01
4.112666666666666693e-01
4.117333333333333401e-01
4.117999999999999994e-01
4.118666666666666587e-01
4.119999999999999774e-01
4.122000000000000108e-01
4.123999999999999888e-01
4.126000000000000223e-01
4.123999999999999888e-01
4.129333333333333189e-01
4.133999999999999897e-01
4.138000000000000012e-01
4.140666666666666940e-01
4.140666666666666940e-01
4.145333333333333092e-01
4.146000000000000241e-01
4.150666666666666393e-01
4.152000000000000135e-01
4.150666666666666393e-01
4.151333333333333542e-01
4.151333333333333542e-01
4.155333333333333101e-01
4.154666666666666508e-01
4.155333333333333101e-01
4.157333333333333436e-01
4.157333333333333436e-01
4.162000000000000144e-01
4.165333333333333110e-01
4.166000000000000258e-01
4.167333333333333445e-01
4.170666666666666411e-01
4.175333333333333119e-01
4.177333333333333454e-01
4.178000000000000047e-01
4.183333333333333348e-01
4.183333333333333348e-01
4.183333333333333348e-01
4.186666666666666869e-01
4.188666666666666649e-01
4.190666666666666429e-01
4.193999999999999950e-01
4.197333333333333472e-01
4.199333333333333251e-01
4.200666666666666438e-01
4.203999999999999959e-01
4.203999999999999959e-01
4.205333333333333146e-01
4.207333333333333480e-01
4.208666666666666667e-01
4.209999999999999853e-01
4.211333333333333595e-01
4.210666666666666447e-01
4.213333333333333375e-01
4.216666666666666896e-01
4.219333333333333269e-01
4.219333333333333269e-01
4.220666666666666456e-01
4.225333333333333163e-01
4.228666666666666685e-01
4.230666666666666464e-01
4.234666666666666579e-01
4.236666666666666914e-01
4.237333333333333507e-01
4.235999999999999766e-01
4.238000000000000100e-01
4.242666666666666808e-01
4.245333333333333181e-01
4.250666666666666482e-01
4.252000000000000224e-01
4.254666666666666597e-01
4.254000000000000004e-01
4.255999999999999783e-01
4.257333333333333525e-01
4.257333333333333525e-01
4.259999999999999898e-01
4.260666666666666491e-01
4.261333333333333084e-01
4.264666666666666606e-01
4.263333333333333419e-01
4.266666666666666941e-01
4.270666666666666500e-01
4.271333333333333093e-01
4.274666666666666615e-01
4.276666666666666394e-01
4.275999999999999801e-01
4.279333333333333322e-01
4.278666666666666729e-01
4.279333333333333322e-01
4.284000000000000030e-01
4.282666666666666844e-01
4.279333333333333322e-01
4.279999999999999916e-01
4.284000000000000030e-01
4.285999999999999810e-01
4.289333333333333331e-01
4.289999999999999925e-01
4.292000000000000259e-01
4.293333333333333446e-01
4.294666666666666632e-01
4.304666666666666641e-01
4.305333333333333234e-01
4.307333333333333569e-01
4.309333333333333349e-01
4.311333333333333129e-01
4.313333333333333464e-01
4.313333333333333464e-01
4.315999999999999837e-01
4.319333333333333358e-01
4.321333333333333138e-01
4.320666666666666544e-01
4.323333333333333472e-01
4.326666666666666439e-01
4.328666666666666774e-01
4.329333333333333367e-01
4.330666666666666553e-01
4.331333333333333147e-01
4.333333333333333481e-01
4.332666666666666888e-01
4.335333333333333261e-01
4.338000000000000189e-01
4.338000000000000189e-01
4.338666666666666782e-01
4.342666666666666897e-01
4.345999999999999863e-01
4.350666666666666571e-01
4.352666666666666906e-01
4.352666666666666906e-01
4.357333333333333059e-01
4.356666666666666465e-01
4.359333333333333393e-01
4.362666666666666915e-01
4.361333333333333173e-01
4.361333333333333173e-01
4.361999999999999766e-01
4.364666666666666694e-01
4.366666666666666474e-01
4.368000000000000216e-01
4.370666666666666589e-01
4.371999999999999775e-01
4.375333333333333297e-01
4.377333333333333076e-01
4.378666666666666818e-01
4.380666666666666598e-01
4.381999999999999784e-01
4.386666666666666492e-01
4.390666666666666607e-01
4.390000000000000013e-01
4.391999999999999793e-01
4.395333333333333314e-01
4.394000000000000128e-01
4.392666666666666941e-01
4.390666666666666607e-01
4.389333333333333420e-01
4.392666666666666941e-01
4.394000000000000128e-01
4.398000000000000242e-01
4.402666666666666395e-01
4.405333333333333323e-01
4.404666666666666730e-01
4.407333333333333103e-01
4.409333333333333438e-01
4.414000000000000146e-01
4.414666666666666739e-01
4.418000000000000260e-01
4.418000000000000260e-01
4.421999999999999820e-01
4.422666666666666413e-01
4.422666666666666413e-01
4.426666666666666528e-01
4.428666666666666862e-01
4.430000000000000049e-01
4.430000000000000049e-01
4.435333333333333350e-01
4.438666666666666871e-01
4.436666666666666536e-01
4.440000000000000058e-01
4.442666666666666431e-01
4.442666666666666431e-01
4.444000000000000172e-01
4.446666666666666545e-01
4.446666666666666545e-01
4.448666666666666880e-01
4.449333333333333473e-01
4.446666666666666545e-01
4.446666666666666545e-01
4.450000000000000067e-01
4.450666666666666660e-01
4.448666666666666880e-01
4.450666666666666660e-01
4.451999999999999846e-01
4.454666666666666774e-01
4.455999999999999961e-01
4.456666666666666554e-01
4.457999999999999741e-01
4.457999999999999741e-01
4.460666666666666669e-01
4.462666666666666448e-01
4.461999999999999855e-01
4.465333333333333377e-01
4.467333333333333156e-01
4.470666666666666678e-01
4.470666666666666678e-01
4.470000000000000084e-01
4.469333333333333491e-01
4.473333333333333606e-01
4.471999999999999864e-01
4.474000000000000199e-01
4.474000000000000199e-01
4.473333333333333606e-01
4.475333333333333385e-01
4.477333333333333165e-01
4.480000000000000093e-01
4.480000000000000093e-01
4.484000000000000208e-01
4.485333333333333394e-01
4.488666666666666916e-01
4.490666666666666695e-01
4.489333333333333509e-01
4.491999999999999882e-01
4.489333333333333509e-01
4.490000000000000102e-01
4.492666666666666475e-01
4.492666666666666475e-01
4.493333333333333068e-01
4.494000000000000217e-01
4.496666666666666590e-01
4.497999999999999776e-01
4.497999999999999776e-01
4.497333333333333183e-01
4.495333333333333403e-01
4.493333333333333068e-01
4.497999999999999776e-01
4.498666666666666925e-01
4.502666666666666484e-01
4.502666666666666484e-01
4.502666666666666484e-01
4.504000000000000226e-01
4.503333333333333077e-01
4.505333333333333412e-01
4.505333333333333412e-01
4.506000000000000005e-01
4.508666666666666933e-01
4.511999999999999900e-01
4.514000000000000234e-01
4.516000000000000014e-01
4.514666666666666828e-01
4.520000000000000129e-01
4.520666666666666722e-01
4.516666666666666607e-01
4.521333333333333315e-01
4.520000000000000129e-01
4.517999999999999794e-01
4.517999999999999794e-01
4.520666666666666722e-01
4.522666666666666502e-01
4.523333333333333095e-01
4.525333333333333430e-01
4.526666666666666616e-01
4.528666666666666396e-01
4.530000000000000138e-01
4.531999999999999917e-01
4.534666666666666845e-01
4.536666666666666625e-01
4.536666666666666625e-01
4.537333333333333218e-01
4.537333333333333218e-01
4.537333333333333218e-01
4.539333333333333553e-01
4.541333333333333333e-01
4.541333333333333333e-01
4.541333333333333333e-01
4.541999999999999926e-01
4.541333333333333333e-01
4.540000000000000147e-01
4.540666666666666740e-01
4.542666666666666520e-01
4.544000000000000261e-01
4.545333333333333448e-01
4.547333333333333227e-01
4.550666666666666749e-01
4.546666666666666634e-01
4.550000000000000155e-01
4.549333333333333562e-01
4.547333333333333227e-01
4.551999999999999935e-01
4.552666666666666528e-01
4.555333333333333456e-01
4.556000000000000050e-01
4.557999999999999829e-01
4.561333333333333351e-01
4.563999999999999724e-01
4.567999999999999838e-01
4.571333333333333360e-01
4.570000000000000173e-01
4.570666666666666766e-01
4.574666666666666881e-01
4.572666666666666546e-01
4.573333333333333139e-01
4.575333333333333474e-01
4.576000000000000068e-01
4.574666666666666881e-01
4.576666666666666661e-01
4.579333333333333589e-01
4.579333333333333589e-01
4.579333333333333589e-01
4.578666666666666440e-01
4.580666666666666775e-01
4.579333333333333589e-01
4.580000000000000182e-01
4.580000000000000182e-01
4.580000000000000182e-01
4.582666666666666555e-01
4.582666666666666555e-01
4.585333333333333483e-01
4.586666666666666670e-01
4.587999999999999856e-01
4.590666666666666784e-01
4.595333333333333492e-01
4.597333333333333272e-01
4.598666666666666458e-01
4.596666666666666679e-01
4.597333333333333272e-01
4.597999999999999865e-01
4.600666666666666793e-01
4.603999999999999759e-01
4.602666666666666573e-01
4.603999999999999759e-01
4.606000000000000094e-01
4.603999999999999759e-01
4.603999999999999759e-01
4.606000000000000094e-01
4.605333333333333501e-01
4.607999999999999874e-01
4.610666666666666802e-01
4.609333333333333060e-01
4.613999999999999768e-01
4.613333333333333175e-01
4.613999999999999768e-01
4.614666666666666917e-01
4.614666666666666917e-01
4.617333333333333290e-01
4.617333333333333290e-01
4.617999999999999883e-01
4.620666666666666811e-01
4.621333333333333404e-01
4.620666666666666811e-01
4.622666666666666591e-01
4.623999999999999777e-01
4.624666666666666925e-01
4.625333333333333519e-01
4.623999999999999777e-01
4.627999999999999892e-01
4.627333333333333298e-01
4.629333333333333078e-01
4.628666666666666485e-01
4.628666666666666485e-01
4.627999999999999892e-01
4.627333333333333298e-01
4.627999999999999892e-01
4.630666666666666820e-01
4.631333333333333413e-01
4.632000000000000006e-01
4.634666666666666934e-01
4.635333333333333528e-01
4.636666666666666714e-01
4.637333333333333307e-01
4.637333333333333307e-01
4.637999999999999901e-01
4.638666666666666494e-01
4.637999999999999901e-01
4.642666666666666608e-01
4.642000000000000015e-01
4.643999999999999795e-01
4.643999999999999795e-01
4.645333333333333536e-01
4.644666666666666943e-01
4.642666666666666608e-01
4.642666666666666608e-01
4.646666666666666723e-01
4.646666666666666723e-01
4.644666666666666943e-01
4.647333333333333316e-01
4.647333333333333316e-01
4.648666666666666503e-01
4.652000000000000024e-01
4.651333333333333431e-01
4.652666666666666617e-01
4.652666666666666617e-01
4.655333333333333545e-01
4.656666666666666732e-01
4.656666666666666732e-01
4.656000000000000139e-01
4.654666666666666397e-01
4.656000000000000139e-01
4.657333333333333325e-01
4.656666666666666732e-01
4.657999999999999918e-01
4.656000000000000139e-01
4.656666666666666732e-01
4.654666666666666397e-01
4.656000000000000139e-01
4.653999999999999804e-01
4.653333333333333210e-01
4.653333333333333210e-01
4.652666666666666617e-01
4.656000000000000139e-01
4.656666666666666732e-01
4.656666666666666732e-01
4.657333333333333325e-01
4.660000000000000253e-01
4.659333333333333105e-01
4.662000000000000033e-01
4.663333333333333219e-01
4.663333333333333219e-01
4.666000000000000147e-01
4.666000000000000147e-01
4.664666666666666406e-01
4.665333333333333554e-01
4.664666666666666406e-01
4.663999999999999813e-01
4.665333333333333554e-01
4.669333333333333114e-01
4.667999999999999927e-01
4.674666666666666415e-01
4.674666666666666415e-01
4.676000000000000156e-01
4.676000000000000156e-01
4.678666666666666529e-01
4.677999999999999936e-01
4.677333333333333343e-01
4.677333333333333343e-01
4.677999999999999936e-01
4.676000000000000156e-01
4.677999999999999936e-01
4.678666666666666529e-01
4.677999999999999936e-01
4.679333333333333123e-01
4.679333333333333123e-01
4.681333333333333457e-01
4.681333333333333457e-01
4.680000000000000271e-01
4.683999999999999830e-01
4.684666666666666424e-01
4.683999999999999830e-01
4.684666666666666424e-01
4.682000000000000051e-01
4.683999999999999830e-01
4.687333333333333352e-01
4.685333333333333572e-01
4.686000000000000165e-01
4.686000000000000165e-01
4.687333333333333352e-01
4.687333333333333352e-01
4.692000000000000060e-01
4.692666666666666653e-01
4.692000000000000060e-01
4.693333333333333246e-01
4.695333333333333581e-01
4.697333333333333361e-01
4.697999999999999954e-01
4.696000000000000174e-01
4.696000000000000174e-01
4.699999999999999734e-01
4.699333333333333140e-01
4.701333333333333475e-01
4.701333333333333475e-01
4.699333333333333140e-01
4.703333333333333255e-01
4.700666666666666882e-01
4.703999999999999848e-01
4.702666666666666662e-01
4.703333333333333255e-01
4.701333333333333475e-01
4.705333333333333590e-01
4.704666666666666441e-01
4.704666666666666441e-01
4.705333333333333590e-01
4.707333333333333369e-01
4.706666666666666776e-01
4.709333333333333149e-01
4.712666666666666671e-01
4.713999999999999857e-01
4.713999999999999857e-01
4.712000000000000077e-01
4.710666666666666891e-01
4.711333333333333484e-01
4.712000000000000077e-01
4.710666666666666891e-01
4.712666666666666671e-01
4.715333333333333599e-01
4.717999999999999972e-01
