3.379333333333333078e-01
3.387999999999999901e-01
3.397333333333333316e-01
3.403333333333333210e-01
3.407333333333333325e-01
3.413999999999999813e-01
3.417333333333333334e-01
3.427999999999999936e-01
3.435333333333333572e-01
3.444666666666666432e-01
3.452000000000000068e-01
3.457999999999999963e-01
3.465333333333333599e-01
3.468666666666666565e-01
3.472000000000000086e-01
3.476666666666666794e-01
3.481333333333333502e-01
3.487333333333333396e-01
3.493333333333333290e-01
3.494666666666666477e-01
3.502666666666666706e-01
3.508666666666666600e-01
3.513999999999999901e-01
3.517333333333333423e-01
3.524666666666666504e-01
3.528666666666666618e-01
3.533999999999999919e-01
3.537333333333333441e-01
3.539333333333333220e-01
3.546666666666666856e-01
3.553999999999999937e-01
3.558666666666666645e-01
3.563333333333333353e-01
3.564666666666666539e-01
3.568000000000000060e-01
3.575333333333333141e-01
3.582666666666666777e-01
3.586666666666666892e-01
3.592666666666666786e-01
3.595333333333333159e-01
3.599999999999999867e-01
3.601333333333333608e-01
3.608000000000000096e-01
3.613999999999999990e-01
3.619333333333333291e-01
3.622666666666666813e-01
3.625333333333333186e-01
3.629333333333333300e-01
3.635333333333333194e-01
3.640666666666666496e-01
3.644666666666666610e-01
3.648666666666666725e-01
3.653333333333333433e-01
3.659999999999999920e-01
3.659999999999999920e-01
3.662666666666666848e-01
3.665999999999999814e-01
3.671333333333333115e-01
3.670666666666666522e-01
3.679333333333333345e-01
3.684000000000000052e-01
3.687333333333333574e-01
3.691999999999999726e-01
3.695999999999999841e-01
3.702666666666666884e-01
3.708000000000000185e-01
3.712666666666666893e-01
3.718000000000000194e-01
3.724666666666666681e-01
3.728666666666666796e-01
3.734666666666666690e-01
3.743333333333333512e-01
3.745999999999999885e-01
3.749333333333333407e-01
3.752666666666666928e-01
3.757333333333333081e-01
3.759333333333333416e-01
3.765333333333333310e-01
3.768666666666666831e-01
3.772666666666666391e-01
3.779333333333333433e-01
3.781999999999999806e-01
3.784000000000000141e-01
3.787333333333333107e-01
3.791333333333333222e-01
3.793333333333333557e-01
3.797333333333333116e-01
3.800666666666666638e-01
3.804666666666666752e-01
3.810666666666666647e-01
3.815999999999999948e-01
3.817333333333333134e-01
3.820666666666666655e-01
3.824000000000000177e-01
3.826666666666666550e-01
3.829333333333333478e-01
3.834000000000000186e-01
3.835999999999999965e-01
3.836666666666666559e-01
3.845333333333333381e-01
3.847999999999999754e-01
3.851999999999999869e-01
3.856666666666666576e-01
3.861999999999999877e-01
3.867999999999999772e-01
3.874000000000000221e-01
3.875333333333333408e-01
3.880666666666666709e-01
3.881999999999999895e-01
3.886000000000000010e-01
3.887333333333333196e-01
3.890000000000000124e-01
3.895333333333333425e-01
3.898666666666666392e-01
3.900666666666666726e-01
3.903333333333333099e-01
3.907333333333333214e-01
3.907999999999999807e-01
3.912666666666666515e-01
3.920000000000000151e-01
3.921999999999999931e-01
3.928666666666666418e-01
3.930666666666666753e-01
3.936000000000000054e-01
3.938666666666666427e-01
3.940000000000000169e-01
3.945333333333333470e-01
3.948666666666666436e-01
3.950666666666666771e-01
3.953999999999999737e-01
3.956666666666666665e-01
3.960666666666666780e-01
3.970000000000000195e-01
3.971333333333333382e-01
3.976000000000000090e-01
3.977333333333333276e-01
3.981333333333333391e-01
3.981999999999999984e-01
3.983333333333333171e-01
3.983333333333333171e-01
3.985333333333333505e-01
3.990000000000000213e-01
3.994666666666666921e-01
4.003333333333333188e-01
4.007999999999999896e-01
4.010000000000000231e-01
4.014666666666666939e-01
4.017333333333333312e-01
4.018666666666666498e-01
4.020666666666666833e-01
4.023999999999999799e-01
4.026666666666666727e-01
4.030666666666666842e-01
4.031333333333333435e-01
4.031333333333333435e-01
4.033333333333333215e-01
4.036000000000000143e-01
4.036000000000000143e-01
4.039333333333333109e-01
4.042666666666666631e-01
4.046666666666666745e-01
4.047999999999999932e-01
4.050000000000000266e-01
4.053999999999999826e-01
4.057333333333333347e-01
4.059333333333333127e-01
4.060000000000000275e-01
4.061333333333333462e-01
4.064666666666666428e-01
4.067333333333333356e-01
4.071333333333333471e-01
4.073333333333333250e-01
4.072666666666666657e-01
4.077333333333333365e-01
4.081333333333333480e-01
4.079999999999999738e-01
4.082666666666666666e-01
4.087333333333333374e-01
4.087333333333333374e-01
4.090666666666666895e-01
4.092000000000000082e-01
4.095333333333333603e-01
4.096666666666666790e-01
4.097999999999999976e-01
4.100666666666666904e-01
4.101333333333333497e-01
4.102666666666666684e-01
4.104666666666666464e-01
4.107999999999999985e-01
4.111333333333333506e-01
4.111333333333333506e-01
4.116666666666666807e-01
4.117999999999999994e-01
4.120666666666666922e-01
4.124666666666666481e-01
4.124666666666666481e-01
4.124666666666666481e-01
4.128000000000000003e-01
4.132000000000000117e-01
4.133999999999999897e-01
4.135333333333333083e-01
4.136666666666666825e-01
4.136000000000000232e-01
4.137333333333333418e-01
4.139999999999999791e-01
4.143999999999999906e-01
4.143999999999999906e-01
4.147333333333333427e-01
4.147333333333333427e-01
4.148666666666666614e-01
4.152000000000000135e-01
4.152666666666666728e-01
4.154666666666666508e-01
4.155333333333333101e-01
4.158666666666666623e-01
4.160666666666666402e-01
4.166666666666666852e-01
4.169333333333333225e-01
4.173999999999999932e-01
4.174666666666666526e-01
4.176666666666666861e-01
4.180666666666666420e-01
4.181333333333333568e-01
4.181333333333333568e-01
4.182666666666666755e-01
4.182000000000000162e-01
4.183999999999999941e-01
4.187333333333333463e-01
4.189999999999999836e-01
4.192666666666666764e-01
4.193999999999999950e-01
4.199999999999999845e-01
4.200666666666666438e-01
4.204666666666666552e-01
4.205999999999999739e-01
4.208666666666666667e-01
4.212000000000000188e-01
4.213333333333333375e-01
4.215999999999999748e-01
4.218000000000000083e-01
4.219999999999999862e-01
4.221333333333333604e-01
4.225333333333333163e-01
4.226666666666666905e-01
4.226666666666666905e-01
4.228000000000000091e-01
4.229333333333333278e-01
4.231333333333333058e-01
4.232000000000000206e-01
4.231333333333333058e-01
4.235333333333333172e-01
4.237333333333333507e-01
4.239333333333333287e-01
4.241333333333333067e-01
4.245333333333333181e-01
4.248666666666666702e-01
4.252000000000000224e-01
4.253333333333333410e-01
4.258000000000000118e-01
4.258000000000000118e-01
4.259999999999999898e-01
4.262000000000000233e-01
4.265333333333333199e-01
4.265999999999999792e-01
4.268000000000000127e-01
4.270666666666666500e-01
4.276666666666666394e-01
4.279999999999999916e-01
4.281333333333333102e-01
4.284666666666666623e-01
4.285999999999999810e-01
4.288666666666666738e-01
4.288666666666666738e-01
4.288666666666666738e-01
4.290666666666666518e-01
4.291333333333333111e-01
4.290666666666666518e-01
4.295333333333333226e-01
4.296666666666666412e-01
4.297333333333333560e-01
4.298000000000000154e-01
4.301333333333333120e-01
4.303333333333333455e-01
4.304000000000000048e-01
4.306666666666666421e-01
4.308000000000000163e-01
4.312000000000000277e-01
4.315333333333333243e-01
4.315999999999999837e-01
4.317333333333333578e-01
4.319333333333333358e-01
4.319999999999999951e-01
4.319333333333333358e-01
4.323333333333333472e-01
4.324666666666666659e-01
4.327333333333333587e-01
4.328000000000000180e-01
4.328000000000000180e-01
4.329333333333333367e-01
4.330666666666666553e-01
4.333333333333333481e-01
4.335333333333333261e-01
4.336666666666666448e-01
4.337333333333333596e-01
4.338666666666666782e-01
4.340666666666666562e-01
4.343333333333333490e-01
4.344666666666666677e-01
4.346666666666666456e-01
4.350666666666666571e-01
4.350666666666666571e-01
4.353333333333333499e-01
4.356666666666666465e-01
4.358000000000000207e-01
4.359333333333333393e-01
4.359333333333333393e-01
4.362666666666666915e-01
4.365999999999999881e-01
4.366666666666666474e-01
4.368000000000000216e-01
4.371333333333333182e-01
4.371999999999999775e-01
4.375333333333333297e-01
4.375999999999999890e-01
4.378000000000000225e-01
4.380666666666666598e-01
4.382666666666666933e-01
4.387333333333333085e-01
4.388666666666666827e-01
4.388666666666666827e-01
4.389333333333333420e-01
4.388000000000000234e-01
4.390666666666666607e-01
4.394666666666666721e-01
4.393333333333333535e-01
4.394666666666666721e-01
4.398000000000000242e-01
4.395999999999999908e-01
4.398666666666666836e-01
4.400000000000000022e-01
4.402666666666666395e-01
4.402666666666666395e-01
4.405333333333333323e-01
4.406666666666666510e-01
4.405999999999999917e-01
4.409333333333333438e-01
4.412666666666666404e-01
4.412666666666666404e-01
4.414666666666666739e-01
4.417333333333333112e-01
4.418666666666666853e-01
4.419333333333333447e-01
4.420000000000000040e-01
4.423333333333333561e-01
4.426666666666666528e-01
4.429333333333333456e-01
4.428666666666666862e-01
4.433333333333333570e-01
4.434666666666666757e-01
4.437999999999999723e-01
4.438666666666666871e-01
4.439333333333333464e-01
4.442666666666666431e-01
4.445999999999999952e-01
4.445999999999999952e-01
4.447333333333333139e-01
4.450000000000000067e-01
4.450666666666666660e-01
4.451333333333333253e-01
4.454666666666666774e-01
4.455999999999999961e-01
4.461333333333333262e-01
4.461999999999999855e-01
4.461999999999999855e-01
4.461999999999999855e-01
4.461999999999999855e-01
4.463333333333333597e-01
4.463333333333333597e-01
4.467999999999999750e-01
4.470666666666666678e-01
4.472666666666666457e-01
4.475999999999999979e-01
4.476666666666666572e-01
4.477999999999999758e-01
4.479333333333333500e-01
4.479333333333333500e-01
4.479333333333333500e-01
4.482666666666666466e-01
4.484666666666666801e-01
4.485999999999999988e-01
4.484000000000000208e-01
4.485999999999999988e-01
4.484666666666666801e-01
4.485333333333333394e-01
4.486666666666666581e-01
4.488666666666666916e-01
4.487999999999999767e-01
4.489333333333333509e-01
4.493333333333333068e-01
4.492666666666666475e-01
4.494666666666666810e-01
4.494000000000000217e-01
4.493333333333333068e-01
4.492666666666666475e-01
4.492666666666666475e-01
4.495999999999999996e-01
4.494000000000000217e-01
4.496666666666666590e-01
4.499333333333333518e-01
4.498666666666666925e-01
4.499333333333333518e-01
4.499333333333333518e-01
4.501999999999999891e-01
4.503333333333333077e-01
4.502666666666666484e-01
4.504666666666666819e-01
4.506000000000000005e-01
4.507333333333333192e-01
4.507999999999999785e-01
4.510666666666666713e-01
4.513333333333333086e-01
4.514666666666666828e-01
4.515333333333333421e-01
4.516000000000000014e-01
4.517999999999999794e-01
4.517999999999999794e-01
4.518666666666666942e-01
4.518666666666666942e-01
4.519333333333333536e-01
4.521999999999999909e-01
4.524000000000000243e-01
4.523333333333333095e-01
4.526000000000000023e-01
4.525333333333333430e-01
4.525333333333333430e-01
4.527333333333333210e-01
4.527333333333333210e-01
4.530666666666666731e-01
4.533333333333333104e-01
4.533333333333333104e-01
4.531999999999999917e-01
4.532666666666666511e-01
4.531333333333333324e-01
4.534666666666666845e-01
4.535333333333333439e-01
4.536000000000000032e-01
4.537999999999999812e-01
4.540000000000000147e-01
4.542666666666666520e-01
4.539333333333333553e-01
4.541333333333333333e-01
4.542666666666666520e-01
4.543333333333333113e-01
4.546000000000000041e-01
4.546000000000000041e-01
4.545333333333333448e-01
4.544666666666666854e-01
4.544666666666666854e-01
4.545333333333333448e-01
4.546000000000000041e-01
4.549333333333333562e-01
4.551333333333333342e-01
4.552666666666666528e-01
4.554666666666666863e-01
4.556666666666666643e-01
4.556000000000000050e-01
4.558666666666666423e-01
4.561333333333333351e-01
4.561999999999999944e-01
4.563999999999999724e-01
4.566666666666666652e-01
4.568666666666666432e-01
4.569333333333333580e-01
4.569333333333333580e-01
4.572666666666666546e-01
4.572666666666666546e-01
4.575333333333333474e-01
4.577999999999999847e-01
4.576666666666666661e-01
4.578666666666666440e-01
4.578666666666666440e-01
4.580666666666666775e-01
4.581333333333333369e-01
4.581333333333333369e-01
4.581333333333333369e-01
4.583333333333333148e-01
4.584666666666666890e-01
4.586666666666666670e-01
4.587333333333333263e-01
4.586666666666666670e-01
4.587999999999999856e-01
4.592666666666666564e-01
4.593999999999999750e-01
4.594666666666666899e-01
4.596666666666666679e-01
4.597999999999999865e-01
4.597999999999999865e-01
4.600000000000000200e-01
4.601999999999999980e-01
4.603333333333333166e-01
4.604666666666666908e-01
4.605333333333333501e-01
4.608666666666666467e-01
4.608666666666666467e-01
4.609333333333333060e-01
4.610666666666666802e-01
4.610666666666666802e-01
4.611999999999999988e-01
4.610000000000000209e-01
4.610666666666666802e-01
4.613333333333333175e-01
4.613999999999999768e-01
4.611999999999999988e-01
4.614666666666666917e-01
4.617999999999999883e-01
4.620000000000000218e-01
4.621999999999999997e-01
4.621333333333333404e-01
4.623333333333333184e-01
4.623333333333333184e-01
4.624666666666666925e-01
4.626000000000000112e-01
4.627999999999999892e-01
4.627999999999999892e-01
4.630666666666666820e-01
4.632666666666666599e-01
4.633333333333333193e-01
4.636000000000000121e-01
4.635333333333333528e-01
4.637333333333333307e-01
4.636666666666666714e-01
4.638666666666666494e-01
4.638666666666666494e-01
4.642000000000000015e-01
4.642000000000000015e-01
4.640666666666666829e-01
4.644666666666666943e-01
4.643333333333333202e-01
4.646000000000000130e-01
4.643999999999999795e-01
4.644666666666666943e-01
4.644666666666666943e-01
4.647999999999999909e-01
4.647333333333333316e-01
4.648666666666666503e-01
4.647999999999999909e-01
4.651333333333333431e-01
4.649333333333333096e-01
4.647999999999999909e-01
4.647999999999999909e-01
4.647999999999999909e-01
4.649333333333333096e-01
4.650000000000000244e-01
4.650666666666666837e-01
4.652666666666666617e-01
4.653333333333333210e-01
4.653999999999999804e-01
4.655333333333333545e-01
4.656000000000000139e-01
4.656666666666666732e-01
4.660000000000000253e-01
4.660000000000000253e-01
4.657999999999999918e-01
4.659333333333333105e-01
4.658666666666666512e-01
4.661333333333333440e-01
4.663999999999999813e-01
4.664666666666666406e-01
4.664666666666666406e-01
4.666666666666666741e-01
4.666666666666666741e-01
4.667999999999999927e-01
4.668666666666666520e-01
4.669333333333333114e-01
4.670000000000000262e-01
4.672000000000000042e-01
4.672000000000000042e-01
4.671333333333333449e-01
4.671333333333333449e-01
4.673999999999999821e-01
4.674666666666666415e-01
4.676666666666666750e-01
4.676666666666666750e-01
4.677999999999999936e-01
4.678666666666666529e-01
4.680666666666666864e-01
4.682000000000000051e-01
4.681333333333333457e-01
4.682666666666666644e-01
4.681333333333333457e-01
4.686000000000000165e-01
4.688666666666666538e-01
4.688666666666666538e-01
4.687333333333333352e-01
4.684666666666666424e-01
4.687999999999999945e-01
4.687999999999999945e-01
4.689333333333333131e-01
4.689333333333333131e-01
4.689999999999999725e-01
4.690666666666666873e-01
4.692666666666666653e-01
4.693999999999999839e-01
4.695333333333333581e-01
4.696666666666666767e-01
4.696666666666666767e-01
4.694666666666666432e-01
4.697999999999999954e-01
4.699999999999999734e-01
4.699999999999999734e-01
4.701333333333333475e-01
4.701333333333333475e-01
4.698666666666666547e-01
4.699999999999999734e-01
4.700666666666666882e-01
4.702000000000000068e-01
4.699999999999999734e-01
4.703999999999999848e-01
4.700666666666666882e-01
4.702666666666666662e-01
4.703999999999999848e-01
4.703333333333333255e-01
4.706000000000000183e-01
4.708666666666666556e-01
4.709333333333333149e-01
4.709999999999999742e-01
4.712666666666666671e-01
4.713999999999999857e-01
4.714666666666666450e-01
4.714666666666666450e-01
4.715333333333333599e-01
4.717999999999999972e-01
4.719333333333333158e-01
4.719333333333333158e-01
4.720666666666666900e-01
4.720666666666666900e-01
4.721333333333333493e-01
4.722000000000000086e-01
4.721333333333333493e-01
4.722666666666666679e-01
4.723999999999999866e-01
4.725333333333333607e-01
4.725333333333333607e-01
4.726000000000000201e-01
4.725333333333333607e-01
4.727999999999999980e-01
4.727333333333333387e-01
4.729999999999999760e-01
4.729999999999999760e-01
4.731333333333333502e-01
4.733333333333333282e-01
4.733999999999999875e-01
4.733999999999999875e-01
4.733999999999999875e-01
4.732000000000000095e-01
4.732666666666666688e-01
4.733999999999999875e-01
4.736666666666666803e-01
4.737333333333333396e-01
4.740666666666666917e-01
4.741333333333333511e-01
4.741333333333333511e-01
4.741333333333333511e-01
4.739333333333333176e-01
4.741333333333333511e-01
4.742000000000000104e-01
4.743999999999999884e-01
4.746000000000000218e-01
4.746000000000000218e-01
4.747999999999999998e-01
4.748666666666666591e-01
4.748666666666666591e-01
4.752000000000000113e-01
4.753333333333333299e-01
4.754666666666666486e-01
4.755333333333333079e-01
4.757333333333333414e-01
4.757333333333333414e-01
4.757333333333333414e-01
4.760666666666666935e-01
4.761333333333333528e-01
4.763333333333333308e-01
4.763333333333333308e-01
4.766000000000000236e-01
4.767333333333333423e-01
4.768000000000000016e-01
4.769333333333333202e-01
4.770666666666666944e-01
4.771333333333333537e-01
4.772000000000000131e-01
4.771333333333333537e-01
4.773333333333333317e-01
4.771333333333333537e-01
4.768666666666666609e-01
4.770666666666666944e-01
4.769999999999999796e-01
4.769999999999999796e-01
4.773333333333333317e-01
4.773999999999999910e-01
4.776666666666666838e-01
4.776666666666666838e-01
4.778666666666666618e-01
4.779999999999999805e-01
4.779333333333333211e-01
4.780666666666666398e-01
4.780666666666666398e-01
4.782000000000000139e-01
4.782666666666666733e-01
4.783999999999999919e-01
4.784666666666666512e-01
4.786000000000000254e-01
4.786666666666666847e-01
4.786666666666666847e-01
4.786000000000000254e-01
4.786000000000000254e-01
4.787333333333333441e-01
4.787333333333333441e-01
4.788666666666666627e-01
4.788666666666666627e-01
4.789999999999999813e-01
4.789999999999999813e-01
4.789333333333333220e-01
4.793999999999999928e-01
4.797333333333333449e-01
4.798000000000000043e-01
4.797333333333333449e-01
4.797333333333333449e-01
4.799999999999999822e-01
4.798666666666666636e-01
4.800666666666666416e-01
