3.419333333333333114e-01
3.435333333333333572e-01
3.442666666666666653e-01
3.453999999999999848e-01
3.458666666666666556e-01
3.460666666666666891e-01
3.466666666666666785e-01
3.469333333333333158e-01
3.472666666666666679e-01
3.480666666666666909e-01
3.486666666666666803e-01
3.487333333333333396e-01
3.493333333333333290e-01
3.497999999999999998e-01
3.504666666666666486e-01
3.507333333333333414e-01
3.514666666666666495e-01
3.519999999999999796e-01
3.525333333333333097e-01
3.530666666666666398e-01
3.532666666666666733e-01
3.536666666666666847e-01
3.541333333333333555e-01
3.546666666666666856e-01
3.553999999999999937e-01
3.558000000000000052e-01
3.560666666666666424e-01
3.563333333333333353e-01
3.570666666666666433e-01
3.574666666666666548e-01
3.579999999999999849e-01
3.582666666666666777e-01
3.587333333333333485e-01
3.591333333333333599e-01
3.597333333333333494e-01
3.599999999999999867e-01
3.604666666666666575e-01
3.610666666666666469e-01
3.616666666666666918e-01
3.619333333333333291e-01
3.623999999999999999e-01
3.628000000000000114e-01
3.629999999999999893e-01
3.635999999999999788e-01
3.640666666666666496e-01
3.647333333333333538e-01
3.649999999999999911e-01
3.651333333333333098e-01
3.660666666666666513e-01
3.661333333333333107e-01
3.667333333333333556e-01
3.670666666666666522e-01
3.674666666666666637e-01
3.675999999999999823e-01
3.680666666666666531e-01
3.682666666666666866e-01
3.686666666666666425e-01
3.691333333333333133e-01
3.694000000000000061e-01
3.698666666666666769e-01
3.709333333333333371e-01
3.712666666666666893e-01
3.714666666666666672e-01
3.710666666666666558e-01
3.725999999999999868e-01
3.731999999999999762e-01
3.738666666666666805e-01
3.743333333333333512e-01
3.746666666666666479e-01
3.751999999999999780e-01
3.756666666666666488e-01
3.756666666666666488e-01
3.761333333333333195e-01
3.767333333333333090e-01
3.770000000000000018e-01
3.776666666666666505e-01
3.780000000000000027e-01
3.783333333333333548e-01
3.787333333333333107e-01
3.790000000000000036e-01
3.793333333333333557e-01
3.795333333333333337e-01
3.800666666666666638e-01
3.803333333333333566e-01
3.808666666666666867e-01
3.812666666666666426e-01
3.815999999999999948e-01
3.819333333333333469e-01
3.821999999999999842e-01
3.825999999999999956e-01
3.828666666666666885e-01
3.831999999999999851e-01
3.834000000000000186e-01
3.837333333333333152e-01
3.840666666666666673e-01
3.842666666666666453e-01
3.848666666666666902e-01
3.854000000000000203e-01
3.858666666666666911e-01
3.862666666666666471e-01
3.867999999999999772e-01
3.874000000000000221e-01
3.877999999999999781e-01
3.880666666666666709e-01
3.883333333333333082e-01
3.887999999999999790e-01
3.889333333333333531e-01
3.893333333333333091e-01
3.897999999999999798e-01
3.901999999999999913e-01
3.904000000000000248e-01
3.905333333333333434e-01
3.910000000000000142e-01
3.916666666666666630e-01
3.918666666666666409e-01
3.924666666666666859e-01
3.926666666666666639e-01
3.931333333333333346e-01
3.932666666666666533e-01
3.938666666666666427e-01
3.941333333333333355e-01
3.942666666666666542e-01
3.946000000000000063e-01
3.947999999999999843e-01
3.952666666666666551e-01
3.956000000000000072e-01
3.956000000000000072e-01
3.957333333333333258e-01
3.970000000000000195e-01
3.972666666666666568e-01
3.974666666666666903e-01
3.976666666666666683e-01
3.980666666666666798e-01
3.981999999999999984e-01
3.983999999999999764e-01
3.985333333333333505e-01
3.987333333333333285e-01
3.992666666666666586e-01
3.997333333333333294e-01
4.004666666666666930e-01
4.009333333333333083e-01
4.012666666666666604e-01
4.017333333333333312e-01
4.017999999999999905e-01
4.019333333333333091e-01
4.020666666666666833e-01
4.025333333333333541e-01
4.027333333333333321e-01
4.029333333333333100e-01
4.031333333333333435e-01
4.032666666666666622e-01
4.036000000000000143e-01
4.036666666666666736e-01
4.036000000000000143e-01
4.039333333333333109e-01
4.042000000000000037e-01
4.045333333333333559e-01
4.047999999999999932e-01
4.050000000000000266e-01
4.053999999999999826e-01
4.059333333333333127e-01
4.058666666666666534e-01
4.062000000000000055e-01
4.060666666666666869e-01
4.063999999999999835e-01
4.069333333333333136e-01
4.073999999999999844e-01
4.073333333333333250e-01
4.076000000000000179e-01
4.078666666666666551e-01
4.081333333333333480e-01
4.082000000000000073e-01
4.085333333333333594e-01
4.086666666666666781e-01
4.089333333333333154e-01
4.087999999999999967e-01
4.093333333333333268e-01
4.093999999999999861e-01
4.093999999999999861e-01
4.099999999999999756e-01
4.100666666666666904e-01
4.101333333333333497e-01
4.100666666666666904e-01
4.106666666666666798e-01
4.107999999999999985e-01
4.109999999999999765e-01
4.112666666666666693e-01
4.114666666666666472e-01
4.117999999999999994e-01
4.117999999999999994e-01
4.123333333333333295e-01
4.117333333333333401e-01
4.124666666666666481e-01
4.128666666666666596e-01
4.132666666666666710e-01
4.136000000000000232e-01
4.134666666666666490e-01
4.136000000000000232e-01
4.138000000000000012e-01
4.138000000000000012e-01
4.139999999999999791e-01
4.143999999999999906e-01
4.145333333333333092e-01
4.148666666666666614e-01
4.148000000000000020e-01
4.149999999999999800e-01
4.153333333333333321e-01
4.153999999999999915e-01
4.155333333333333101e-01
4.155333333333333101e-01
4.160666666666666402e-01
4.161333333333333551e-01
4.167333333333333445e-01
4.167333333333333445e-01
4.172000000000000153e-01
4.176666666666666861e-01
4.176666666666666861e-01
4.177333333333333454e-01
4.179999999999999827e-01
4.183999999999999941e-01
4.183999999999999941e-01
4.182666666666666755e-01
4.185333333333333128e-01
4.187333333333333463e-01
4.192000000000000171e-01
4.195333333333333137e-01
4.198666666666666658e-01
4.199999999999999845e-01
4.203333333333333366e-01
4.204666666666666552e-01
4.208666666666666667e-01
4.211333333333333595e-01
4.212666666666666782e-01
4.213333333333333375e-01
4.218000000000000083e-01
4.218666666666666676e-01
4.220666666666666456e-01
4.223999999999999977e-01
4.224666666666666570e-01
4.228000000000000091e-01
4.228000000000000091e-01
4.225999999999999757e-01
4.229333333333333278e-01
4.231333333333333058e-01
4.232000000000000206e-01
4.232000000000000206e-01
4.233999999999999986e-01
4.238000000000000100e-01
4.240666666666666473e-01
4.245999999999999774e-01
4.246666666666666923e-01
4.249999999999999889e-01
4.252000000000000224e-01
4.252666666666666817e-01
4.252666666666666817e-01
4.252666666666666817e-01
4.257333333333333525e-01
4.260666666666666491e-01
4.263333333333333419e-01
4.265999999999999792e-01
4.268666666666666720e-01
4.268666666666666720e-01
4.272666666666666835e-01
4.275999999999999801e-01
4.279333333333333322e-01
4.282666666666666844e-01
4.284000000000000030e-01
4.284666666666666623e-01
4.288666666666666738e-01
4.291333333333333111e-01
4.292000000000000259e-01
4.292666666666666853e-01
4.291333333333333111e-01
4.294000000000000039e-01
4.296666666666666412e-01
4.298000000000000154e-01
4.300666666666666527e-01
4.302000000000000268e-01
4.302666666666666861e-01
4.305333333333333234e-01
4.308666666666666756e-01
4.309999999999999942e-01
4.312000000000000277e-01
4.316666666666666430e-01
4.318000000000000171e-01
4.321333333333333138e-01
4.321333333333333138e-01
4.321333333333333138e-01
4.322666666666666879e-01
4.325999999999999845e-01
4.326666666666666439e-01
4.329333333333333367e-01
4.329333333333333367e-01
4.329333333333333367e-01
4.331333333333333147e-01
4.331999999999999740e-01
4.335999999999999854e-01
4.338000000000000189e-01
4.335999999999999854e-01
4.336666666666666448e-01
4.336666666666666448e-01
4.339333333333333376e-01
4.341333333333333155e-01
4.347333333333333605e-01
4.347333333333333605e-01
4.349333333333333385e-01
4.351333333333333164e-01
4.352666666666666906e-01
4.355999999999999872e-01
4.356666666666666465e-01
4.356666666666666465e-01
4.359333333333333393e-01
4.361999999999999766e-01
4.364000000000000101e-01
4.367333333333333067e-01
4.371333333333333182e-01
4.371333333333333182e-01
4.373333333333333517e-01
4.374000000000000110e-01
4.371999999999999775e-01
4.374666666666666703e-01
4.380000000000000004e-01
4.380666666666666598e-01
4.384666666666666712e-01
4.385999999999999899e-01
4.388000000000000234e-01
4.387333333333333085e-01
4.388666666666666827e-01
4.388666666666666827e-01
4.390666666666666607e-01
4.391333333333333200e-01
4.392666666666666941e-01
4.394666666666666721e-01
4.398000000000000242e-01
4.398000000000000242e-01
4.399333333333333429e-01
4.399333333333333429e-01
4.402666666666666395e-01
4.403333333333333544e-01
4.407333333333333103e-01
4.410000000000000031e-01
4.410000000000000031e-01
4.410000000000000031e-01
4.412666666666666404e-01
4.416666666666666519e-01
4.415999999999999925e-01
4.416666666666666519e-01
4.419333333333333447e-01
4.421333333333333226e-01
4.424000000000000155e-01
4.426666666666666528e-01
4.428000000000000269e-01
4.428000000000000269e-01
4.430666666666666642e-01
4.431999999999999829e-01
4.432666666666666422e-01
4.437999999999999723e-01
4.440666666666666651e-01
4.441999999999999837e-01
4.443333333333333579e-01
4.444000000000000172e-01
4.446666666666666545e-01
4.445999999999999952e-01
4.445999999999999952e-01
4.450666666666666660e-01
4.451999999999999846e-01
4.454666666666666774e-01
4.457999999999999741e-01
4.457999999999999741e-01
4.461999999999999855e-01
4.461333333333333262e-01
4.460000000000000075e-01
4.461999999999999855e-01
4.463333333333333597e-01
4.464000000000000190e-01
4.468666666666666898e-01
4.472666666666666457e-01
4.473333333333333606e-01
4.475999999999999979e-01
4.475333333333333385e-01
4.479333333333333500e-01
4.478666666666666907e-01
4.480000000000000093e-01
4.477333333333333165e-01
4.482666666666666466e-01
4.485333333333333394e-01
4.486666666666666581e-01
4.484000000000000208e-01
4.485999999999999988e-01
4.487999999999999767e-01
4.488666666666666916e-01
4.489333333333333509e-01
4.489333333333333509e-01
4.489333333333333509e-01
4.490000000000000102e-01
4.490000000000000102e-01
4.492666666666666475e-01
4.494000000000000217e-01
4.494000000000000217e-01
4.493333333333333068e-01
4.493333333333333068e-01
4.495999999999999996e-01
4.496666666666666590e-01
4.495999999999999996e-01
4.497999999999999776e-01
4.497333333333333183e-01
4.500000000000000111e-01
4.502666666666666484e-01
4.503333333333333077e-01
4.501999999999999891e-01
4.504666666666666819e-01
4.503333333333333077e-01
4.505333333333333412e-01
4.506666666666666599e-01
4.507999999999999785e-01
4.511333333333333306e-01
4.513333333333333086e-01
4.514000000000000234e-01
4.516666666666666607e-01
4.516666666666666607e-01
4.518666666666666942e-01
4.520000000000000129e-01
4.520666666666666722e-01
4.519333333333333536e-01
4.520000000000000129e-01
4.519333333333333536e-01
4.522666666666666502e-01
4.522666666666666502e-01
4.525333333333333430e-01
4.525333333333333430e-01
4.526000000000000023e-01
4.525333333333333430e-01
4.528666666666666396e-01
4.529333333333333544e-01
4.529333333333333544e-01
4.530000000000000138e-01
4.533333333333333104e-01
4.532666666666666511e-01
4.534000000000000252e-01
4.535333333333333439e-01
4.536000000000000032e-01
4.536666666666666625e-01
4.537999999999999812e-01
4.537333333333333218e-01
4.540000000000000147e-01
4.540000000000000147e-01
4.542666666666666520e-01
4.539333333333333553e-01
4.543333333333333113e-01
4.544000000000000261e-01
4.544666666666666854e-01
4.544666666666666854e-01
4.546000000000000041e-01
4.546000000000000041e-01
4.547333333333333227e-01
4.549333333333333562e-01
4.548666666666666414e-01
4.554000000000000270e-01
4.554666666666666863e-01
4.554666666666666863e-01
4.554000000000000270e-01
4.555333333333333456e-01
4.557333333333333236e-01
4.558666666666666423e-01
4.560666666666666758e-01
4.564666666666666872e-01
4.566666666666666652e-01
4.565333333333333465e-01
4.570666666666666766e-01
4.571333333333333360e-01
4.573333333333333139e-01
4.575333333333333474e-01
4.573999999999999733e-01
4.574666666666666881e-01
4.576666666666666661e-01
4.577333333333333254e-01
4.577999999999999847e-01
4.580000000000000182e-01
4.580666666666666775e-01
4.581333333333333369e-01
4.581333333333333369e-01
4.582666666666666555e-01
4.585333333333333483e-01
4.586000000000000076e-01
4.587333333333333263e-01
4.587999999999999856e-01
4.588666666666666449e-01
4.591333333333333377e-01
4.595333333333333492e-01
4.594666666666666899e-01
4.596666666666666679e-01
4.596000000000000085e-01
4.598666666666666458e-01
4.597999999999999865e-01
4.600666666666666793e-01
4.601333333333333386e-01
4.603999999999999759e-01
4.604666666666666908e-01
4.607333333333333281e-01
4.608666666666666467e-01
4.606666666666666687e-01
4.607333333333333281e-01
4.608666666666666467e-01
4.611999999999999988e-01
4.613333333333333175e-01
4.613333333333333175e-01
4.611333333333333395e-01
4.609333333333333060e-01
4.612666666666666582e-01
4.613999999999999768e-01
4.617999999999999883e-01
4.616000000000000103e-01
4.619333333333333069e-01
4.621999999999999997e-01
4.622666666666666591e-01
4.623999999999999777e-01
4.623333333333333184e-01
4.624666666666666925e-01
4.625333333333333519e-01
4.629333333333333078e-01
4.629333333333333078e-01
4.630666666666666820e-01
4.633333333333333193e-01
4.632666666666666599e-01
4.633333333333333193e-01
4.636000000000000121e-01
4.636666666666666714e-01
4.636666666666666714e-01
4.638666666666666494e-01
4.640666666666666829e-01
4.642000000000000015e-01
4.642666666666666608e-01
4.643333333333333202e-01
4.642666666666666608e-01
4.641333333333333422e-01
4.642666666666666608e-01
4.643333333333333202e-01
4.643999999999999795e-01
4.646000000000000130e-01
4.646666666666666723e-01
4.647333333333333316e-01
4.646666666666666723e-01
4.647999999999999909e-01
4.648666666666666503e-01
4.649333333333333096e-01
4.647333333333333316e-01
4.648666666666666503e-01
4.650666666666666837e-01
4.650666666666666837e-01
4.651333333333333431e-01
4.651333333333333431e-01
4.653999999999999804e-01
4.653999999999999804e-01
4.656000000000000139e-01
4.656666666666666732e-01
4.657999999999999918e-01
4.656666666666666732e-01
4.657333333333333325e-01
4.659333333333333105e-01
4.658666666666666512e-01
4.659333333333333105e-01
4.660666666666666846e-01
4.663333333333333219e-01
4.662666666666666626e-01
4.666000000000000147e-01
4.666000000000000147e-01
4.666000000000000147e-01
4.667999999999999927e-01
4.670000000000000262e-01
4.671333333333333449e-01
4.671333333333333449e-01
4.671333333333333449e-01
4.668666666666666520e-01
4.671333333333333449e-01
4.671333333333333449e-01
4.671333333333333449e-01
4.676000000000000156e-01
4.677999999999999936e-01
4.680000000000000271e-01
4.679333333333333123e-01
4.680666666666666864e-01
4.680666666666666864e-01
4.680000000000000271e-01
4.682666666666666644e-01
4.684666666666666424e-01
4.686666666666666758e-01
4.686666666666666758e-01
4.686666666666666758e-01
4.686666666666666758e-01
4.686666666666666758e-01
4.690666666666666873e-01
4.689999999999999725e-01
4.692000000000000060e-01
4.692000000000000060e-01
4.689999999999999725e-01
4.691333333333333466e-01
4.693999999999999839e-01
4.692666666666666653e-01
4.694666666666666432e-01
4.696666666666666767e-01
4.697999999999999954e-01
4.696666666666666767e-01
4.698666666666666547e-01
4.700666666666666882e-01
4.701333333333333475e-01
4.702666666666666662e-01
4.702666666666666662e-01
4.701333333333333475e-01
4.703333333333333255e-01
4.700666666666666882e-01
4.702666666666666662e-01
4.702666666666666662e-01
4.703999999999999848e-01
4.703333333333333255e-01
4.703999999999999848e-01
4.704666666666666441e-01
4.706000000000000183e-01
4.707333333333333369e-01
4.707999999999999963e-01
4.708666666666666556e-01
4.708666666666666556e-01
4.709333333333333149e-01
4.712666666666666671e-01
4.714666666666666450e-01
4.717999999999999972e-01
4.718666666666666565e-01
4.718666666666666565e-01
4.717999999999999972e-01
4.720666666666666900e-01
4.720666666666666900e-01
4.720666666666666900e-01
4.722666666666666679e-01
4.723333333333333273e-01
4.723333333333333273e-01
4.723333333333333273e-01
4.723333333333333273e-01
4.723999999999999866e-01
4.723333333333333273e-01
4.722666666666666679e-01
4.722000000000000086e-01
4.724666666666666459e-01
4.725333333333333607e-01
4.728666666666666574e-01
4.729333333333333167e-01
4.733333333333333282e-01
4.732666666666666688e-01
4.732000000000000095e-01
4.733999999999999875e-01
4.732666666666666688e-01
4.732666666666666688e-01
4.733999999999999875e-01
4.733999999999999875e-01
4.733999999999999875e-01
4.736000000000000210e-01
4.737999999999999989e-01
4.739333333333333176e-01
4.737999999999999989e-01
4.738666666666666583e-01
4.741333333333333511e-01
4.742000000000000104e-01
4.744666666666666477e-01
4.745333333333333070e-01
4.746000000000000218e-01
4.745333333333333070e-01
4.746000000000000218e-01
4.746000000000000218e-01
4.748666666666666591e-01
4.752000000000000113e-01
4.752666666666666706e-01
4.753333333333333299e-01
4.756000000000000227e-01
4.756000000000000227e-01
4.757333333333333414e-01
4.755333333333333079e-01
4.758666666666666600e-01
4.761333333333333528e-01
4.762666666666666715e-01
4.765333333333333088e-01
4.765333333333333088e-01
4.767333333333333423e-01
4.766666666666666829e-01
4.768666666666666609e-01
4.768666666666666609e-01
4.771333333333333537e-01
4.772000000000000131e-01
4.770666666666666944e-01
4.772666666666666724e-01
4.771333333333333537e-01
4.772000000000000131e-01
4.772666666666666724e-01
4.773333333333333317e-01
4.772666666666666724e-01
4.775333333333333097e-01
4.773333333333333317e-01
4.773333333333333317e-01
4.776666666666666838e-01
4.779999999999999805e-01
4.778666666666666618e-01
4.781333333333333546e-01
4.780666666666666398e-01
4.779333333333333211e-01
4.779999999999999805e-01
4.781333333333333546e-01
4.781333333333333546e-01
4.783999999999999919e-01
4.784666666666666512e-01
4.785333333333333106e-01
4.785333333333333106e-01
4.786666666666666847e-01
4.786000000000000254e-01
4.785333333333333106e-01
4.784666666666666512e-01
4.783999999999999919e-01
4.786000000000000254e-01
4.789333333333333220e-01
4.789333333333333220e-01
4.790666666666666407e-01
4.790666666666666407e-01
4.792666666666666742e-01
4.796000000000000263e-01
4.798666666666666636e-01
4.797333333333333449e-01
4.799999999999999822e-01
4.800666666666666416e-01
4.801333333333333564e-01
4.799999999999999822e-01
4.799333333333333229e-01
4.801333333333333564e-01
4.801333333333333564e-01
4.801333333333333564e-01
