3.447333333333333361e-01
3.459333333333333149e-01
3.463333333333333264e-01
3.469999999999999751e-01
3.477333333333333387e-01
3.482666666666666688e-01
3.484666666666666468e-01
3.488666666666666583e-01
3.494666666666666477e-01
3.498666666666666591e-01
3.503333333333333299e-01
3.509999999999999787e-01
3.512666666666666715e-01
3.521333333333333537e-01
3.523999999999999910e-01
3.529333333333333211e-01
3.533999999999999919e-01
3.539999999999999813e-01
3.539999999999999813e-01
3.548666666666666636e-01
3.552666666666666750e-01
3.556000000000000272e-01
3.561333333333333573e-01
3.564666666666666539e-01
3.568666666666666654e-01
3.574666666666666548e-01
3.575999999999999734e-01
3.583333333333333370e-01
3.587333333333333485e-01
3.585999999999999743e-01
3.593999999999999972e-01
3.597333333333333494e-01
3.599333333333333274e-01
3.605999999999999761e-01
3.612666666666666804e-01
3.617333333333333512e-01
3.622666666666666813e-01
3.625333333333333186e-01
3.629999999999999893e-01
3.634000000000000008e-01
3.639999999999999902e-01
3.643333333333333424e-01
3.648666666666666725e-01
3.648000000000000131e-01
3.655333333333333212e-01
3.660666666666666513e-01
3.662000000000000255e-01
3.668000000000000149e-01
3.669999999999999929e-01
3.674666666666666637e-01
3.677333333333333565e-01
3.682666666666666866e-01
3.684666666666666646e-01
3.687333333333333574e-01
3.691333333333333133e-01
3.694666666666666655e-01
3.699999999999999956e-01
3.708666666666666778e-01
3.712666666666666893e-01
3.715333333333333266e-01
3.720666666666666567e-01
3.725999999999999868e-01
3.731999999999999762e-01
3.739999999999999991e-01
3.743333333333333512e-01
3.739999999999999991e-01
3.743333333333333512e-01
3.755999999999999894e-01
3.757333333333333081e-01
3.760000000000000009e-01
3.765999999999999903e-01
3.768000000000000238e-01
3.775333333333333319e-01
3.779333333333333433e-01
3.781333333333333213e-01
3.784000000000000141e-01
3.789333333333333442e-01
3.791999999999999815e-01
3.796666666666666523e-01
3.799333333333333451e-01
3.802666666666666417e-01
3.805999999999999939e-01
3.811999999999999833e-01
3.816666666666666541e-01
3.820666666666666655e-01
3.821333333333333249e-01
3.825999999999999956e-01
3.831333333333333258e-01
3.832666666666666444e-01
3.835333333333333372e-01
3.837333333333333152e-01
3.841333333333333266e-01
3.845333333333333381e-01
3.847999999999999754e-01
3.852666666666666462e-01
3.857333333333333170e-01
3.860000000000000098e-01
3.865999999999999992e-01
3.874000000000000221e-01
3.875333333333333408e-01
3.877333333333333187e-01
3.883333333333333082e-01
3.886666666666666603e-01
3.889333333333333531e-01
3.892666666666666497e-01
3.897333333333333205e-01
3.902666666666666506e-01
3.902666666666666506e-01
3.907333333333333214e-01
3.908666666666666401e-01
3.916000000000000036e-01
3.917333333333333223e-01
3.921999999999999931e-01
3.925333333333333452e-01
3.927999999999999825e-01
3.932666666666666533e-01
3.940000000000000169e-01
3.942666666666666542e-01
3.944666666666666877e-01
3.947333333333333250e-01
3.949333333333333584e-01
3.953333333333333144e-01
3.954666666666666885e-01
3.956666666666666665e-01
3.960666666666666780e-01
3.964666666666666894e-01
3.970666666666666789e-01
3.974666666666666903e-01
3.975333333333333496e-01
3.980000000000000204e-01
3.981333333333333391e-01
3.982666666666666577e-01
3.983999999999999764e-01
3.983333333333333171e-01
3.987999999999999878e-01
3.993999999999999773e-01
4.000666666666666815e-01
4.006666666666666710e-01
4.011333333333333417e-01
4.013333333333333197e-01
4.017333333333333312e-01
4.017999999999999905e-01
4.017999999999999905e-01
4.022000000000000020e-01
4.024666666666666393e-01
4.026000000000000134e-01
4.030666666666666842e-01
4.032666666666666622e-01
4.033333333333333215e-01
4.035333333333333550e-01
4.037999999999999923e-01
4.039333333333333109e-01
4.042000000000000037e-01
4.043999999999999817e-01
4.046000000000000152e-01
4.050000000000000266e-01
4.053999999999999826e-01
4.057999999999999940e-01
4.060000000000000275e-01
4.062000000000000055e-01
4.062666666666666648e-01
4.063999999999999835e-01
4.067999999999999949e-01
4.070666666666666877e-01
4.072000000000000064e-01
4.074666666666666437e-01
4.076000000000000179e-01
4.079333333333333145e-01
4.084666666666666446e-01
4.085333333333333594e-01
4.088666666666666560e-01
4.089999999999999747e-01
4.090666666666666895e-01
4.093333333333333268e-01
4.094666666666666455e-01
4.096000000000000196e-01
4.097999999999999976e-01
4.101333333333333497e-01
4.102000000000000091e-01
4.103999999999999870e-01
4.104666666666666464e-01
4.107333333333333392e-01
4.107999999999999985e-01
4.112666666666666693e-01
4.113333333333333286e-01
4.116000000000000214e-01
4.118666666666666587e-01
4.120666666666666922e-01
4.123333333333333295e-01
4.123999999999999888e-01
4.125333333333333075e-01
4.129999999999999782e-01
4.133333333333333304e-01
4.135333333333333083e-01
4.137333333333333418e-01
4.138666666666666605e-01
4.137333333333333418e-01
4.141333333333333533e-01
4.142666666666666719e-01
4.143999999999999906e-01
4.143999999999999906e-01
4.143999999999999906e-01
4.147333333333333427e-01
4.149333333333333207e-01
4.153333333333333321e-01
4.154666666666666508e-01
4.156666666666666843e-01
4.158000000000000029e-01
4.160666666666666402e-01
4.161333333333333551e-01
4.167333333333333445e-01
4.168000000000000038e-01
4.172000000000000153e-01
4.176666666666666861e-01
4.177333333333333454e-01
4.179333333333333234e-01
4.182000000000000162e-01
4.183999999999999941e-01
4.184666666666666535e-01
4.185333333333333128e-01
4.187333333333333463e-01
4.191333333333333577e-01
4.193999999999999950e-01
4.196666666666666878e-01
4.198000000000000065e-01
4.201333333333333586e-01
4.203999999999999959e-01
4.208000000000000074e-01
4.206666666666666887e-01
4.211333333333333595e-01
4.213999999999999968e-01
4.216666666666666896e-01
4.217333333333333489e-01
4.218000000000000083e-01
4.220666666666666456e-01
4.223333333333333384e-01
4.225999999999999757e-01
4.228000000000000091e-01
4.228000000000000091e-01
4.228000000000000091e-01
4.229999999999999871e-01
4.233333333333333393e-01
4.233999999999999986e-01
4.235333333333333172e-01
4.239333333333333287e-01
4.241333333333333067e-01
4.243999999999999995e-01
4.246666666666666923e-01
4.247333333333333516e-01
4.247333333333333516e-01
4.252000000000000224e-01
4.252000000000000224e-01
4.254666666666666597e-01
4.258666666666666711e-01
4.261333333333333084e-01
4.262000000000000233e-01
4.264666666666666606e-01
4.265999999999999792e-01
4.266666666666666941e-01
4.269333333333333313e-01
4.272666666666666835e-01
4.275333333333333208e-01
4.282000000000000250e-01
4.283333333333333437e-01
4.284666666666666623e-01
4.285999999999999810e-01
4.289999999999999925e-01
4.288000000000000145e-01
4.287333333333333552e-01
4.292666666666666853e-01
4.293333333333333446e-01
4.295999999999999819e-01
4.296666666666666412e-01
4.298666666666666747e-01
4.301333333333333120e-01
4.302666666666666861e-01
4.304000000000000048e-01
4.306666666666666421e-01
4.309333333333333349e-01
4.312000000000000277e-01
4.314666666666666650e-01
4.317333333333333578e-01
4.318666666666666765e-01
4.320666666666666544e-01
4.321999999999999731e-01
4.322666666666666879e-01
4.323333333333333472e-01
4.327333333333333587e-01
4.329333333333333367e-01
4.329999999999999960e-01
4.328666666666666774e-01
4.330666666666666553e-01
4.329999999999999960e-01
4.334000000000000075e-01
4.335999999999999854e-01
4.335333333333333261e-01
4.337333333333333596e-01
4.338000000000000189e-01
4.338666666666666782e-01
4.342666666666666897e-01
4.342666666666666897e-01
4.346666666666666456e-01
4.348000000000000198e-01
4.349333333333333385e-01
4.352666666666666906e-01
4.354000000000000092e-01
4.357333333333333059e-01
4.358666666666666800e-01
4.359999999999999987e-01
4.359999999999999987e-01
4.362666666666666915e-01
4.364000000000000101e-01
4.369333333333333402e-01
4.371999999999999775e-01
4.371999999999999775e-01
4.373333333333333517e-01
4.374000000000000110e-01
4.375999999999999890e-01
4.375333333333333297e-01
4.378000000000000225e-01
4.382666666666666933e-01
4.385333333333333306e-01
4.385333333333333306e-01
4.386666666666666492e-01
4.387333333333333085e-01
4.389333333333333420e-01
4.390666666666666607e-01
4.389333333333333420e-01
4.390000000000000013e-01
4.394666666666666721e-01
4.394000000000000128e-01
4.398000000000000242e-01
4.397333333333333094e-01
4.398000000000000242e-01
4.398666666666666836e-01
4.401333333333333209e-01
4.404666666666666730e-01
4.409333333333333438e-01
4.410000000000000031e-01
4.411333333333333218e-01
4.411999999999999811e-01
4.413333333333333552e-01
4.415999999999999925e-01
4.419333333333333447e-01
4.418000000000000260e-01
4.420666666666666633e-01
4.421999999999999820e-01
4.423333333333333561e-01
4.425999999999999934e-01
4.427333333333333121e-01
4.431333333333333235e-01
4.431999999999999829e-01
4.432666666666666422e-01
4.435333333333333350e-01
4.440000000000000058e-01
4.440666666666666651e-01
4.441333333333333244e-01
4.441333333333333244e-01
4.442666666666666431e-01
4.445999999999999952e-01
4.445333333333333359e-01
4.446666666666666545e-01
4.451333333333333253e-01
4.454000000000000181e-01
4.455333333333333368e-01
4.457999999999999741e-01
4.461333333333333262e-01
4.460666666666666669e-01
4.461333333333333262e-01
4.461999999999999855e-01
4.464000000000000190e-01
4.464666666666666783e-01
4.467333333333333156e-01
4.470000000000000084e-01
4.473333333333333606e-01
4.474666666666666792e-01
4.475333333333333385e-01
4.477999999999999758e-01
4.480000000000000093e-01
4.480000000000000093e-01
4.478666666666666907e-01
4.480666666666666687e-01
4.482666666666666466e-01
4.485999999999999988e-01
4.485333333333333394e-01
4.487999999999999767e-01
4.488666666666666916e-01
4.489333333333333509e-01
4.488666666666666916e-01
4.488666666666666916e-01
4.487333333333333174e-01
4.490000000000000102e-01
4.490000000000000102e-01
4.491999999999999882e-01
4.491333333333333289e-01
4.494000000000000217e-01
4.493333333333333068e-01
4.491999999999999882e-01
4.494000000000000217e-01
4.493333333333333068e-01
4.493333333333333068e-01
4.494000000000000217e-01
4.496666666666666590e-01
4.497333333333333183e-01
4.501333333333333298e-01
4.501999999999999891e-01
4.501999999999999891e-01
4.504000000000000226e-01
4.505333333333333412e-01
4.504000000000000226e-01
4.506666666666666599e-01
4.510000000000000120e-01
4.511999999999999900e-01
4.511333333333333306e-01
4.513333333333333086e-01
4.516000000000000014e-01
4.514666666666666828e-01
4.517999999999999794e-01
4.520000000000000129e-01
4.519333333333333536e-01
4.521333333333333315e-01
4.520666666666666722e-01
4.520666666666666722e-01
4.521333333333333315e-01
4.524000000000000243e-01
4.523333333333333095e-01
4.524666666666666837e-01
4.524000000000000243e-01
4.526000000000000023e-01
4.526000000000000023e-01
4.531333333333333324e-01
4.530666666666666731e-01
4.531999999999999917e-01
4.532666666666666511e-01
4.531333333333333324e-01
4.534666666666666845e-01
4.534666666666666845e-01
4.535333333333333439e-01
4.537333333333333218e-01
4.537333333333333218e-01
4.538666666666666405e-01
4.538666666666666405e-01
4.541333333333333333e-01
4.540666666666666740e-01
4.541333333333333333e-01
4.542666666666666520e-01
4.544666666666666854e-01
4.544666666666666854e-01
4.545333333333333448e-01
4.547333333333333227e-01
4.547999999999999821e-01
4.549333333333333562e-01
4.550000000000000155e-01
4.548666666666666414e-01
4.551333333333333342e-01
4.553333333333333122e-01
4.555333333333333456e-01
4.554666666666666863e-01
4.555333333333333456e-01
4.557333333333333236e-01
4.558666666666666423e-01
4.559333333333333571e-01
4.560666666666666758e-01
4.564666666666666872e-01
4.564666666666666872e-01
4.567333333333333245e-01
4.568666666666666432e-01
4.568666666666666432e-01
4.571333333333333360e-01
4.573999999999999733e-01
4.571999999999999953e-01
4.572666666666666546e-01
4.576000000000000068e-01
4.577333333333333254e-01
4.579333333333333589e-01
4.581333333333333369e-01
4.579333333333333589e-01
4.581333333333333369e-01
4.580666666666666775e-01
4.584666666666666890e-01
4.585333333333333483e-01
4.586000000000000076e-01
4.587333333333333263e-01
4.587999999999999856e-01
4.590666666666666784e-01
4.593333333333333157e-01
4.593999999999999750e-01
4.596000000000000085e-01
4.597999999999999865e-01
4.599333333333333607e-01
4.600666666666666793e-01
4.601333333333333386e-01
4.601999999999999980e-01
4.602666666666666573e-01
4.604666666666666908e-01
4.604666666666666908e-01
4.607333333333333281e-01
4.606666666666666687e-01
4.607999999999999874e-01
4.608666666666666467e-01
4.612666666666666582e-01
4.611999999999999988e-01
4.611999999999999988e-01
4.611999999999999988e-01
4.611333333333333395e-01
4.610666666666666802e-01
4.613333333333333175e-01
4.616000000000000103e-01
4.619333333333333069e-01
4.618666666666666476e-01
4.621999999999999997e-01
4.623999999999999777e-01
4.624666666666666925e-01
4.623999999999999777e-01
4.626666666666666705e-01
4.626666666666666705e-01
4.628666666666666485e-01
4.630666666666666820e-01
4.629333333333333078e-01
4.632000000000000006e-01
4.632000000000000006e-01
4.633333333333333193e-01
4.633999999999999786e-01
4.637333333333333307e-01
4.637333333333333307e-01
4.639333333333333087e-01
4.641333333333333422e-01
4.641333333333333422e-01
4.641333333333333422e-01
4.643999999999999795e-01
4.643333333333333202e-01
4.644666666666666943e-01
4.642666666666666608e-01
4.642666666666666608e-01
4.643999999999999795e-01
4.643999999999999795e-01
4.646666666666666723e-01
4.646666666666666723e-01
4.646666666666666723e-01
4.647999999999999909e-01
4.647333333333333316e-01
4.649333333333333096e-01
4.650000000000000244e-01
4.650666666666666837e-01
4.651333333333333431e-01
4.651333333333333431e-01
4.652000000000000024e-01
4.650666666666666837e-01
4.652666666666666617e-01
4.655333333333333545e-01
4.656000000000000139e-01
4.656000000000000139e-01
4.658666666666666512e-01
4.657999999999999918e-01
4.656666666666666732e-01
4.658666666666666512e-01
4.659333333333333105e-01
4.660666666666666846e-01
4.662000000000000033e-01
4.662666666666666626e-01
4.663999999999999813e-01
4.667333333333333334e-01
4.666666666666666741e-01
4.667999999999999927e-01
4.667999999999999927e-01
4.668666666666666520e-01
4.670000000000000262e-01
4.670666666666666855e-01
4.670000000000000262e-01
4.670666666666666855e-01
4.671333333333333449e-01
4.670000000000000262e-01
4.672000000000000042e-01
4.673999999999999821e-01
4.678666666666666529e-01
4.679333333333333123e-01
4.680666666666666864e-01
4.680666666666666864e-01
4.680666666666666864e-01
4.682666666666666644e-01
4.682666666666666644e-01
4.685333333333333572e-01
4.686666666666666758e-01
4.686000000000000165e-01
4.686000000000000165e-01
4.687333333333333352e-01
4.687999999999999945e-01
4.689999999999999725e-01
4.688666666666666538e-01
4.690666666666666873e-01
4.689999999999999725e-01
4.690666666666666873e-01
4.693333333333333246e-01
4.694666666666666432e-01
4.696000000000000174e-01
4.693999999999999839e-01
4.696000000000000174e-01
4.696666666666666767e-01
4.697333333333333361e-01
4.697999999999999954e-01
4.698666666666666547e-01
4.699999999999999734e-01
4.700666666666666882e-01
4.701333333333333475e-01
4.701333333333333475e-01
4.703333333333333255e-01
4.703333333333333255e-01
4.702000000000000068e-01
4.703999999999999848e-01
4.703999999999999848e-01
4.701333333333333475e-01
4.703999999999999848e-01
4.706000000000000183e-01
4.705333333333333590e-01
4.707999999999999963e-01
4.708666666666666556e-01
4.709333333333333149e-01
4.711333333333333484e-01
4.711333333333333484e-01
4.712666666666666671e-01
4.716000000000000192e-01
4.715333333333333599e-01
4.718666666666666565e-01
4.718666666666666565e-01
4.718666666666666565e-01
4.719999999999999751e-01
4.722000000000000086e-01
4.723333333333333273e-01
4.722000000000000086e-01
4.721333333333333493e-01
4.722666666666666679e-01
4.722666666666666679e-01
4.723999999999999866e-01
4.723999999999999866e-01
4.724666666666666459e-01
4.722666666666666679e-01
4.722666666666666679e-01
4.724666666666666459e-01
4.722666666666666679e-01
4.726666666666666794e-01
4.727999999999999980e-01
4.732000000000000095e-01
4.732666666666666688e-01
4.733333333333333282e-01
4.732666666666666688e-01
4.731333333333333502e-01
4.733333333333333282e-01
4.733999999999999875e-01
4.734666666666666468e-01
4.733999999999999875e-01
4.734666666666666468e-01
4.736666666666666803e-01
4.738666666666666583e-01
4.739999999999999769e-01
4.739999999999999769e-01
4.739999999999999769e-01
4.740666666666666917e-01
4.742666666666666697e-01
4.745333333333333070e-01
4.747333333333333405e-01
4.747333333333333405e-01
4.747333333333333405e-01
4.746666666666666812e-01
4.746000000000000218e-01
4.749333333333333185e-01
4.751333333333333520e-01
4.753333333333333299e-01
4.753333333333333299e-01
4.754666666666666486e-01
4.756666666666666821e-01
4.754666666666666486e-01
4.759999999999999787e-01
4.759333333333333194e-01
4.763333333333333308e-01
4.765333333333333088e-01
4.765333333333333088e-01
4.765333333333333088e-01
4.764666666666666495e-01
4.767333333333333423e-01
4.768666666666666609e-01
4.769999999999999796e-01
4.771333333333333537e-01
4.772000000000000131e-01
4.772666666666666724e-01
4.772000000000000131e-01
4.772000000000000131e-01
4.773333333333333317e-01
4.772000000000000131e-01
4.772666666666666724e-01
4.774666666666666504e-01
4.772666666666666724e-01
4.773999999999999910e-01
4.776000000000000245e-01
4.778000000000000025e-01
4.779999999999999805e-01
4.780666666666666398e-01
4.779333333333333211e-01
4.779333333333333211e-01
4.780666666666666398e-01
4.782000000000000139e-01
4.784666666666666512e-01
4.784666666666666512e-01
4.786000000000000254e-01
4.785333333333333106e-01
4.784666666666666512e-01
4.783999999999999919e-01
4.783333333333333326e-01
4.784666666666666512e-01
4.783999999999999919e-01
4.784666666666666512e-01
4.785333333333333106e-01
4.786666666666666847e-01
4.787333333333333441e-01
4.791333333333333555e-01
4.792000000000000148e-01
4.791333333333333555e-01
4.793999999999999928e-01
4.794666666666666521e-01
4.799333333333333229e-01
4.800666666666666416e-01
4.799333333333333229e-01
4.798000000000000043e-01
4.797333333333333449e-01
4.799333333333333229e-01
4.803333333333333344e-01
4.802000000000000157e-01
4.800666666666666416e-01
4.803333333333333344e-01
4.802666666666666750e-01
4.802000000000000157e-01
