3.410000000000000253e-01
3.420000000000000262e-01
3.433333333333333237e-01
3.443333333333333246e-01
3.449999999999999734e-01
3.456000000000000183e-01
3.458666666666666556e-01
3.464666666666666450e-01
3.468666666666666565e-01
3.472000000000000086e-01
3.476666666666666794e-01
3.483999999999999875e-01
3.487333333333333396e-01
3.489999999999999769e-01
3.497333333333333405e-01
3.499999999999999778e-01
3.506666666666666821e-01
3.512666666666666715e-01
3.516666666666666829e-01
3.523999999999999910e-01
3.524666666666666504e-01
3.533333333333333326e-01
3.536666666666666847e-01
3.541333333333333555e-01
3.546666666666666856e-01
3.553333333333333344e-01
3.556666666666666865e-01
3.560666666666666424e-01
3.563333333333333353e-01
3.568666666666666654e-01
3.573999999999999955e-01
3.578000000000000069e-01
3.585999999999999743e-01
3.587333333333333485e-01
3.588666666666666671e-01
3.597333333333333494e-01
3.598000000000000087e-01
3.604666666666666575e-01
3.610666666666666469e-01
3.615333333333333177e-01
3.619999999999999885e-01
3.621333333333333071e-01
3.628000000000000114e-01
3.629999999999999893e-01
3.635999999999999788e-01
3.640666666666666496e-01
3.647333333333333538e-01
3.649999999999999911e-01
3.652000000000000246e-01
3.660666666666666513e-01
3.661333333333333107e-01
3.664666666666666628e-01
3.669333333333333336e-01
3.674000000000000044e-01
3.675333333333333230e-01
3.679999999999999938e-01
3.683333333333333459e-01
3.686666666666666425e-01
3.691333333333333133e-01
3.694666666666666655e-01
3.698666666666666769e-01
3.708000000000000185e-01
3.707333333333333591e-01
3.714666666666666672e-01
3.719333333333333380e-01
3.726666666666666461e-01
3.732666666666666910e-01
3.739999999999999991e-01
3.744000000000000106e-01
3.747333333333333072e-01
3.752666666666666928e-01
3.755999999999999894e-01
3.756666666666666488e-01
3.762666666666666937e-01
3.768000000000000238e-01
3.770666666666666611e-01
3.775999999999999912e-01
3.780666666666666620e-01
3.783333333333333548e-01
3.787333333333333107e-01
3.791999999999999815e-01
3.793333333333333557e-01
3.796666666666666523e-01
3.801333333333333231e-01
3.803333333333333566e-01
3.808666666666666867e-01
3.813333333333333575e-01
3.817333333333333134e-01
3.821999999999999842e-01
3.823333333333333584e-01
3.826666666666666550e-01
3.830666666666666664e-01
3.831333333333333258e-01
3.834666666666666779e-01
3.837999999999999745e-01
3.841999999999999860e-01
3.846666666666666567e-01
3.849333333333333496e-01
3.854000000000000203e-01
3.857333333333333170e-01
3.864000000000000212e-01
3.870000000000000107e-01
3.876000000000000001e-01
3.877999999999999781e-01
3.880000000000000115e-01
3.884000000000000230e-01
3.888666666666666938e-01
3.889333333333333531e-01
3.891999999999999904e-01
3.898666666666666392e-01
3.901999999999999913e-01
3.902666666666666506e-01
3.907999999999999807e-01
3.911333333333333329e-01
3.915333333333333443e-01
3.919333333333333558e-01
3.923333333333333117e-01
3.926000000000000045e-01
3.929333333333333567e-01
3.933333333333333126e-01
3.937333333333333241e-01
3.941333333333333355e-01
3.943333333333333135e-01
3.947333333333333250e-01
3.947999999999999843e-01
3.948666666666666436e-01
3.955333333333333479e-01
3.957999999999999852e-01
3.963333333333333153e-01
3.970666666666666789e-01
3.973333333333333162e-01
3.973999999999999755e-01
3.977333333333333276e-01
3.981999999999999984e-01
3.982666666666666577e-01
3.984666666666666912e-01
3.984666666666666912e-01
3.990000000000000213e-01
3.993999999999999773e-01
3.997333333333333294e-01
4.005333333333333523e-01
4.010666666666666824e-01
4.012000000000000011e-01
4.017333333333333312e-01
4.018666666666666498e-01
4.018666666666666498e-01
4.021333333333333426e-01
4.026000000000000134e-01
4.027999999999999914e-01
4.030000000000000249e-01
4.032666666666666622e-01
4.033333333333333215e-01
4.034666666666666401e-01
4.036000000000000143e-01
4.037999999999999923e-01
4.040666666666666851e-01
4.043333333333333224e-01
4.046666666666666745e-01
4.047999999999999932e-01
4.052000000000000046e-01
4.055333333333333568e-01
4.059333333333333127e-01
4.059333333333333127e-01
4.062000000000000055e-01
4.062000000000000055e-01
4.065333333333333576e-01
4.069999999999999729e-01
4.072666666666666657e-01
4.074666666666666437e-01
4.076666666666666772e-01
4.079333333333333145e-01
4.080666666666666886e-01
4.083333333333333259e-01
4.086000000000000187e-01
4.086666666666666781e-01
4.089333333333333154e-01
4.090666666666666895e-01
4.092666666666666675e-01
4.095333333333333603e-01
4.095333333333333603e-01
4.099333333333333163e-01
4.099333333333333163e-01
4.103333333333333277e-01
4.102666666666666684e-01
4.106000000000000205e-01
4.107999999999999985e-01
4.110666666666666913e-01
4.112000000000000099e-01
4.113333333333333286e-01
4.117333333333333401e-01
4.119333333333333180e-01
4.124666666666666481e-01
4.124666666666666481e-01
4.125333333333333075e-01
4.128666666666666596e-01
4.132000000000000117e-01
4.136000000000000232e-01
4.135333333333333083e-01
4.136000000000000232e-01
4.136666666666666825e-01
4.139333333333333198e-01
4.142666666666666719e-01
4.143999999999999906e-01
4.145333333333333092e-01
4.148666666666666614e-01
4.148666666666666614e-01
4.149999999999999800e-01
4.153333333333333321e-01
4.153999999999999915e-01
4.155333333333333101e-01
4.157333333333333436e-01
4.159999999999999809e-01
4.161333333333333551e-01
4.168000000000000038e-01
4.169333333333333225e-01
4.173333333333333339e-01
4.175333333333333119e-01
4.178000000000000047e-01
4.179333333333333234e-01
4.181333333333333568e-01
4.185333333333333128e-01
4.183999999999999941e-01
4.182666666666666755e-01
4.185333333333333128e-01
4.189999999999999836e-01
4.193999999999999950e-01
4.196666666666666878e-01
4.199999999999999845e-01
4.201333333333333586e-01
4.203333333333333366e-01
4.204666666666666552e-01
4.208000000000000074e-01
4.210666666666666447e-01
4.212000000000000188e-01
4.214666666666666561e-01
4.217333333333333489e-01
4.218000000000000083e-01
4.220666666666666456e-01
4.223333333333333384e-01
4.225999999999999757e-01
4.225999999999999757e-01
4.227333333333333498e-01
4.228000000000000091e-01
4.229999999999999871e-01
4.230666666666666464e-01
4.232666666666666799e-01
4.234666666666666579e-01
4.236666666666666914e-01
4.238666666666666694e-01
4.238666666666666694e-01
4.244666666666666588e-01
4.243333333333333401e-01
4.248000000000000109e-01
4.252666666666666817e-01
4.254000000000000004e-01
4.254666666666666597e-01
4.258666666666666711e-01
4.258666666666666711e-01
4.260666666666666491e-01
4.264666666666666606e-01
4.265999999999999792e-01
4.267333333333333534e-01
4.269333333333333313e-01
4.274000000000000021e-01
4.278000000000000136e-01
4.279999999999999916e-01
4.282000000000000250e-01
4.285333333333333217e-01
4.287333333333333552e-01
4.289333333333333331e-01
4.289999999999999925e-01
4.291333333333333111e-01
4.291333333333333111e-01
4.293333333333333446e-01
4.295999999999999819e-01
4.298000000000000154e-01
4.298000000000000154e-01
4.299999999999999933e-01
4.302666666666666861e-01
4.302000000000000268e-01
4.307333333333333569e-01
4.309999999999999942e-01
4.312666666666666870e-01
4.315333333333333243e-01
4.316666666666666430e-01
4.318666666666666765e-01
4.319333333333333358e-01
4.322666666666666879e-01
4.321333333333333138e-01
4.322666666666666879e-01
4.327333333333333587e-01
4.328666666666666774e-01
4.329999999999999960e-01
4.328666666666666774e-01
4.329999999999999960e-01
4.329999999999999960e-01
4.331333333333333147e-01
4.334666666666666668e-01
4.336666666666666448e-01
4.336666666666666448e-01
4.335999999999999854e-01
4.338666666666666782e-01
4.340666666666666562e-01
4.341333333333333155e-01
4.347333333333333605e-01
4.348000000000000198e-01
4.349999999999999978e-01
4.350666666666666571e-01
4.352666666666666906e-01
4.355999999999999872e-01
4.357333333333333059e-01
4.358666666666666800e-01
4.358666666666666800e-01
4.363333333333333508e-01
4.360666666666666580e-01
4.366666666666666474e-01
4.371333333333333182e-01
4.371333333333333182e-01
4.373333333333333517e-01
4.374666666666666703e-01
4.375333333333333297e-01
4.375333333333333297e-01
4.380000000000000004e-01
4.383333333333333526e-01
4.384000000000000119e-01
4.386666666666666492e-01
4.387333333333333085e-01
4.390000000000000013e-01
4.388000000000000234e-01
4.391333333333333200e-01
4.391999999999999793e-01
4.391999999999999793e-01
4.394666666666666721e-01
4.395999999999999908e-01
4.399333333333333429e-01
4.399333333333333429e-01
4.400666666666666615e-01
4.401999999999999802e-01
4.403333333333333544e-01
4.405999999999999917e-01
4.408666666666666845e-01
4.410666666666666624e-01
4.410000000000000031e-01
4.412666666666666404e-01
4.414666666666666739e-01
4.417333333333333112e-01
4.418666666666666853e-01
4.418666666666666853e-01
4.420000000000000040e-01
4.420666666666666633e-01
4.424666666666666748e-01
4.427333333333333121e-01
4.428000000000000269e-01
4.429333333333333456e-01
4.432666666666666422e-01
4.432666666666666422e-01
4.434666666666666757e-01
4.437333333333333130e-01
4.438666666666666871e-01
4.441999999999999837e-01
4.443333333333333579e-01
4.444000000000000172e-01
4.445999999999999952e-01
4.445999999999999952e-01
4.448666666666666880e-01
4.451333333333333253e-01
4.453333333333333588e-01
4.455333333333333368e-01
4.457999999999999741e-01
4.459333333333333482e-01
4.461333333333333262e-01
4.461999999999999855e-01
4.462666666666666448e-01
4.461333333333333262e-01
4.464000000000000190e-01
4.465333333333333377e-01
4.468666666666666898e-01
4.471333333333333271e-01
4.474000000000000199e-01
4.475999999999999979e-01
4.477333333333333165e-01
4.480000000000000093e-01
4.480666666666666687e-01
4.480666666666666687e-01
4.480000000000000093e-01
4.484000000000000208e-01
4.485999999999999988e-01
4.485333333333333394e-01
4.485333333333333394e-01
4.485999999999999988e-01
4.488666666666666916e-01
4.487333333333333174e-01
4.490666666666666695e-01
4.490000000000000102e-01
4.488666666666666916e-01
4.490000000000000102e-01
4.491999999999999882e-01
4.492666666666666475e-01
4.493333333333333068e-01
4.493333333333333068e-01
4.493333333333333068e-01
4.495333333333333403e-01
4.496666666666666590e-01
4.496666666666666590e-01
4.497333333333333183e-01
4.496666666666666590e-01
4.497333333333333183e-01
4.500666666666666704e-01
4.500666666666666704e-01
4.501333333333333298e-01
4.501333333333333298e-01
4.504000000000000226e-01
4.504666666666666819e-01
4.506000000000000005e-01
4.505333333333333412e-01
4.508666666666666933e-01
4.511999999999999900e-01
4.514666666666666828e-01
4.515333333333333421e-01
4.514000000000000234e-01
4.517999999999999794e-01
4.518666666666666942e-01
4.518666666666666942e-01
4.519333333333333536e-01
4.519333333333333536e-01
4.520666666666666722e-01
4.519333333333333536e-01
4.521999999999999909e-01
4.526666666666666616e-01
4.525333333333333430e-01
4.526000000000000023e-01
4.525333333333333430e-01
4.526000000000000023e-01
4.527333333333333210e-01
4.530000000000000138e-01
4.531333333333333324e-01
4.530666666666666731e-01
4.531333333333333324e-01
4.533333333333333104e-01
4.534000000000000252e-01
4.532666666666666511e-01
4.536000000000000032e-01
4.537333333333333218e-01
4.537333333333333218e-01
4.539333333333333553e-01
4.540666666666666740e-01
4.542666666666666520e-01
4.541999999999999926e-01
4.544666666666666854e-01
4.543333333333333113e-01
4.543333333333333113e-01
4.544666666666666854e-01
4.544666666666666854e-01
4.545333333333333448e-01
4.544666666666666854e-01
4.547333333333333227e-01
4.550000000000000155e-01
4.550000000000000155e-01
4.554666666666666863e-01
4.556000000000000050e-01
4.556000000000000050e-01
4.553333333333333122e-01
4.554666666666666863e-01
4.557999999999999829e-01
4.559333333333333571e-01
4.561999999999999944e-01
4.565333333333333465e-01
4.565333333333333465e-01
4.566000000000000059e-01
4.570666666666666766e-01
4.573333333333333139e-01
4.573999999999999733e-01
4.573333333333333139e-01
4.575333333333333474e-01
4.576000000000000068e-01
4.577333333333333254e-01
4.578666666666666440e-01
4.577999999999999847e-01
4.579333333333333589e-01
4.581999999999999962e-01
4.581999999999999962e-01
4.583333333333333148e-01
4.583333333333333148e-01
4.586000000000000076e-01
4.586000000000000076e-01
4.587999999999999856e-01
4.588666666666666449e-01
4.589333333333333598e-01
4.592666666666666564e-01
4.593999999999999750e-01
4.596000000000000085e-01
4.596666666666666679e-01
4.597999999999999865e-01
4.599333333333333607e-01
4.600666666666666793e-01
4.601333333333333386e-01
4.601999999999999980e-01
4.603999999999999759e-01
4.606666666666666687e-01
4.606000000000000094e-01
4.608666666666666467e-01
4.606666666666666687e-01
4.608666666666666467e-01
4.607999999999999874e-01
4.612666666666666582e-01
4.612666666666666582e-01
4.611333333333333395e-01
4.611333333333333395e-01
4.610666666666666802e-01
4.613999999999999768e-01
4.615333333333333510e-01
4.619333333333333069e-01
4.618666666666666476e-01
4.618666666666666476e-01
4.621999999999999997e-01
4.622666666666666591e-01
4.623999999999999777e-01
4.623333333333333184e-01
4.625333333333333519e-01
4.627333333333333298e-01
4.628666666666666485e-01
4.630000000000000226e-01
4.632000000000000006e-01
4.632666666666666599e-01
4.633333333333333193e-01
4.633999999999999786e-01
4.635333333333333528e-01
4.636000000000000121e-01
4.638666666666666494e-01
4.640000000000000235e-01
4.640666666666666829e-01
4.642000000000000015e-01
4.643333333333333202e-01
4.643999999999999795e-01
4.643333333333333202e-01
4.643333333333333202e-01
4.643999999999999795e-01
4.643999999999999795e-01
4.645333333333333536e-01
4.647333333333333316e-01
4.645333333333333536e-01
4.648666666666666503e-01
4.647333333333333316e-01
4.648666666666666503e-01
4.648666666666666503e-01
4.647999999999999909e-01
4.647999999999999909e-01
4.647333333333333316e-01
4.650666666666666837e-01
4.651333333333333431e-01
4.652666666666666617e-01
4.652666666666666617e-01
4.653333333333333210e-01
4.653999999999999804e-01
4.656000000000000139e-01
4.656666666666666732e-01
4.659333333333333105e-01
4.658666666666666512e-01
4.658666666666666512e-01
4.659333333333333105e-01
4.659333333333333105e-01
4.659333333333333105e-01
4.660000000000000253e-01
4.663999999999999813e-01
4.665333333333333554e-01
4.666666666666666741e-01
4.665333333333333554e-01
4.667333333333333334e-01
4.667333333333333334e-01
4.670000000000000262e-01
4.670666666666666855e-01
4.671333333333333449e-01
4.672000000000000042e-01
4.669333333333333114e-01
4.673333333333333228e-01
4.673999999999999821e-01
4.673999999999999821e-01
4.677333333333333343e-01
4.678666666666666529e-01
4.680000000000000271e-01
4.680666666666666864e-01
4.681333333333333457e-01
4.680666666666666864e-01
4.681333333333333457e-01
4.682666666666666644e-01
4.686666666666666758e-01
4.687333333333333352e-01
4.685333333333333572e-01
4.686666666666666758e-01
4.686000000000000165e-01
4.687999999999999945e-01
4.689333333333333131e-01
4.689333333333333131e-01
4.690666666666666873e-01
4.690666666666666873e-01
4.689999999999999725e-01
4.691333333333333466e-01
4.693333333333333246e-01
4.694666666666666432e-01
4.695333333333333581e-01
4.696666666666666767e-01
4.697999999999999954e-01
4.696000000000000174e-01
4.697333333333333361e-01
4.700666666666666882e-01
4.700666666666666882e-01
4.703333333333333255e-01
4.702000000000000068e-01
4.701333333333333475e-01
4.701333333333333475e-01
4.701333333333333475e-01
4.702000000000000068e-01
4.702000000000000068e-01
4.703999999999999848e-01
4.702666666666666662e-01
4.703333333333333255e-01
4.704666666666666441e-01
4.705333333333333590e-01
4.707333333333333369e-01
4.709333333333333149e-01
4.709333333333333149e-01
4.709333333333333149e-01
4.710666666666666891e-01
4.712666666666666671e-01
4.716000000000000192e-01
4.716000000000000192e-01
4.717999999999999972e-01
4.718666666666666565e-01
4.720666666666666900e-01
4.719999999999999751e-01
4.722666666666666679e-01
4.722000000000000086e-01
4.722000000000000086e-01
4.722666666666666679e-01
4.723999999999999866e-01
4.723333333333333273e-01
4.723999999999999866e-01
4.725333333333333607e-01
4.724666666666666459e-01
4.723999999999999866e-01
4.726000000000000201e-01
4.725333333333333607e-01
4.725333333333333607e-01
4.729999999999999760e-01
4.730666666666666909e-01
4.732666666666666688e-01
4.733333333333333282e-01
4.732000000000000095e-01
4.733999999999999875e-01
4.733333333333333282e-01
4.733999999999999875e-01
4.733333333333333282e-01
4.733333333333333282e-01
4.733999999999999875e-01
4.736000000000000210e-01
4.738666666666666583e-01
4.739999999999999769e-01
4.740666666666666917e-01
4.739333333333333176e-01
4.741333333333333511e-01
4.741333333333333511e-01
4.743999999999999884e-01
4.746666666666666812e-01
4.746666666666666812e-01
4.747333333333333405e-01
4.746000000000000218e-01
4.746000000000000218e-01
4.748666666666666591e-01
4.751333333333333520e-01
4.752000000000000113e-01
4.753999999999999893e-01
4.756000000000000227e-01
4.756666666666666821e-01
4.758000000000000007e-01
4.757333333333333414e-01
4.758666666666666600e-01
4.760666666666666935e-01
4.762000000000000122e-01
4.763999999999999901e-01
4.766000000000000236e-01
4.767333333333333423e-01
4.766000000000000236e-01
4.768000000000000016e-01
4.769333333333333202e-01
4.771333333333333537e-01
4.772000000000000131e-01
4.772000000000000131e-01
4.771333333333333537e-01
4.769999999999999796e-01
4.769999999999999796e-01
4.773333333333333317e-01
4.773333333333333317e-01
4.772000000000000131e-01
4.775333333333333097e-01
4.774666666666666504e-01
4.775333333333333097e-01
4.776666666666666838e-01
4.778000000000000025e-01
4.778000000000000025e-01
4.780666666666666398e-01
4.779999999999999805e-01
4.781333333333333546e-01
4.780666666666666398e-01
4.783333333333333326e-01
4.784666666666666512e-01
4.782000000000000139e-01
4.785333333333333106e-01
4.784666666666666512e-01
4.786666666666666847e-01
4.786000000000000254e-01
4.786666666666666847e-01
4.786666666666666847e-01
4.783999999999999919e-01
4.786000000000000254e-01
4.788666666666666627e-01
4.789333333333333220e-01
4.789333333333333220e-01
4.791333333333333555e-01
4.792000000000000148e-01
4.793999999999999928e-01
4.798666666666666636e-01
4.798000000000000043e-01
4.798666666666666636e-01
4.797333333333333449e-01
4.799999999999999822e-01
4.801333333333333564e-01
4.799999999999999822e-01
4.799999999999999822e-01
4.801333333333333564e-01
4.800666666666666416e-01
