3.392666666666666608e-01
3.402000000000000024e-01
3.407999999999999918e-01
3.415333333333333554e-01
3.430666666666666864e-01
3.436666666666666758e-01
3.445333333333333581e-01
3.449999999999999734e-01
3.457333333333333369e-01
3.463333333333333264e-01
3.465333333333333599e-01
3.469999999999999751e-01
3.473999999999999866e-01
3.476000000000000201e-01
3.486000000000000210e-01
3.489333333333333176e-01
3.492666666666666697e-01
3.499333333333333185e-01
3.504666666666666486e-01
3.510666666666666935e-01
3.516000000000000236e-01
3.519999999999999796e-01
3.526000000000000245e-01
3.531333333333333546e-01
3.534666666666666512e-01
3.541333333333333555e-01
3.543333333333333335e-01
3.550666666666666416e-01
3.556000000000000272e-01
3.558000000000000052e-01
3.561333333333333573e-01
3.565999999999999726e-01
3.572000000000000175e-01
3.577333333333333476e-01
3.583999999999999964e-01
3.588000000000000078e-01
3.590666666666666451e-01
3.595999999999999752e-01
3.600666666666666460e-01
3.602000000000000202e-01
3.609999999999999876e-01
3.614666666666666583e-01
3.619333333333333291e-01
3.622000000000000219e-01
3.627333333333333520e-01
3.627333333333333520e-01
3.635999999999999788e-01
3.642000000000000237e-01
3.645999999999999797e-01
3.649333333333333318e-01
3.652666666666666839e-01
3.660666666666666513e-01
3.661333333333333107e-01
3.665999999999999814e-01
3.669999999999999929e-01
3.674000000000000044e-01
3.675333333333333230e-01
3.679999999999999938e-01
3.684666666666666646e-01
3.685333333333333239e-01
3.685999999999999832e-01
3.694666666666666655e-01
3.700666666666666549e-01
3.708666666666666778e-01
3.709999999999999964e-01
3.716666666666666452e-01
3.722666666666666901e-01
3.729333333333333389e-01
3.734000000000000097e-01
3.741999999999999771e-01
3.744666666666666699e-01
3.749333333333333407e-01
3.752666666666666928e-01
3.756666666666666488e-01
3.759333333333333416e-01
3.763333333333333530e-01
3.766666666666666496e-01
3.770666666666666611e-01
3.777333333333333099e-01
3.781333333333333213e-01
3.785333333333333328e-01
3.788000000000000256e-01
3.790000000000000036e-01
3.794000000000000150e-01
3.796666666666666523e-01
3.801999999999999824e-01
3.805333333333333345e-01
3.809333333333333460e-01
3.815333333333333354e-01
3.816666666666666541e-01
3.820000000000000062e-01
3.820666666666666655e-01
3.825999999999999956e-01
3.830000000000000071e-01
3.832666666666666444e-01
3.835333333333333372e-01
3.837999999999999745e-01
3.841333333333333266e-01
3.845999999999999974e-01
3.850666666666666682e-01
3.855333333333333390e-01
3.860666666666666691e-01
3.864666666666666806e-01
3.871999999999999886e-01
3.875333333333333408e-01
3.879333333333333522e-01
3.880666666666666709e-01
3.886000000000000010e-01
3.887999999999999790e-01
3.891999999999999904e-01
3.896666666666666612e-01
3.901333333333333320e-01
3.901999999999999913e-01
3.903333333333333099e-01
3.907999999999999807e-01
3.911999999999999922e-01
3.914666666666666850e-01
3.920666666666666744e-01
3.921999999999999931e-01
3.926000000000000045e-01
3.928666666666666418e-01
3.929333333333333567e-01
3.934666666666666868e-01
3.940000000000000169e-01
3.943999999999999728e-01
3.946666666666666656e-01
3.949333333333333584e-01
3.951333333333333364e-01
3.956666666666666665e-01
3.959333333333333593e-01
3.966000000000000081e-01
3.970666666666666789e-01
3.974666666666666903e-01
3.976666666666666683e-01
3.979333333333333056e-01
3.982666666666666577e-01
3.983999999999999764e-01
3.985333333333333505e-01
3.987333333333333285e-01
3.991333333333333400e-01
3.994666666666666921e-01
4.002000000000000002e-01
4.007333333333333303e-01
4.009333333333333083e-01
4.014666666666666939e-01
4.017333333333333312e-01
4.017333333333333312e-01
4.019333333333333091e-01
4.022666666666666613e-01
4.027333333333333321e-01
4.030000000000000249e-01
4.030666666666666842e-01
4.030666666666666842e-01
4.033999999999999808e-01
4.035333333333333550e-01
4.036666666666666736e-01
4.038666666666666516e-01
4.042000000000000037e-01
4.042666666666666631e-01
4.047333333333333338e-01
4.050000000000000266e-01
4.053333333333333233e-01
4.056666666666666754e-01
4.057333333333333347e-01
4.059333333333333127e-01
4.061333333333333462e-01
4.064666666666666428e-01
4.067333333333333356e-01
4.072000000000000064e-01
4.073999999999999844e-01
4.074666666666666437e-01
4.075333333333333585e-01
4.082000000000000073e-01
4.082666666666666666e-01
4.084666666666666446e-01
4.087333333333333374e-01
4.087333333333333374e-01
4.089999999999999747e-01
4.092000000000000082e-01
4.092666666666666675e-01
4.093333333333333268e-01
4.097333333333333383e-01
4.095333333333333603e-01
4.097999999999999976e-01
4.101333333333333497e-01
4.103333333333333277e-01
4.107333333333333392e-01
4.110666666666666913e-01
4.113333333333333286e-01
4.113999999999999879e-01
4.116666666666666807e-01
4.117999999999999994e-01
4.122000000000000108e-01
4.125333333333333075e-01
4.125333333333333075e-01
4.128000000000000003e-01
4.132000000000000117e-01
4.134666666666666490e-01
4.136000000000000232e-01
4.136666666666666825e-01
4.136666666666666825e-01
4.138000000000000012e-01
4.141333333333333533e-01
4.145333333333333092e-01
4.146000000000000241e-01
4.146000000000000241e-01
4.147333333333333427e-01
4.149999999999999800e-01
4.152000000000000135e-01
4.152666666666666728e-01
4.153999999999999915e-01
4.155333333333333101e-01
4.156000000000000250e-01
4.158666666666666623e-01
4.163333333333333330e-01
4.168666666666666631e-01
4.170666666666666411e-01
4.174666666666666526e-01
4.176666666666666861e-01
4.177333333333333454e-01
4.179999999999999827e-01
4.181333333333333568e-01
4.184666666666666535e-01
4.182666666666666755e-01
4.182666666666666755e-01
4.186666666666666869e-01
4.187333333333333463e-01
4.194666666666666544e-01
4.198000000000000065e-01
4.198666666666666658e-01
4.202000000000000179e-01
4.203333333333333366e-01
4.205999999999999739e-01
4.210666666666666447e-01
4.212000000000000188e-01
4.213999999999999968e-01
4.215999999999999748e-01
4.218000000000000083e-01
4.219333333333333269e-01
4.220666666666666456e-01
4.223333333333333384e-01
4.225999999999999757e-01
4.226666666666666905e-01
4.222666666666666790e-01
4.226666666666666905e-01
4.230666666666666464e-01
4.230666666666666464e-01
4.231333333333333058e-01
4.233333333333333393e-01
4.237333333333333507e-01
4.240666666666666473e-01
4.239333333333333287e-01
4.243999999999999995e-01
4.248000000000000109e-01
4.250666666666666482e-01
4.253333333333333410e-01
4.254000000000000004e-01
4.259333333333333305e-01
4.260666666666666491e-01
4.260666666666666491e-01
4.264666666666666606e-01
4.265333333333333199e-01
4.269333333333333313e-01
4.269999999999999907e-01
4.274000000000000021e-01
4.278666666666666729e-01
4.279333333333333322e-01
4.283333333333333437e-01
4.284666666666666623e-01
4.285999999999999810e-01
4.288666666666666738e-01
4.289999999999999925e-01
4.288666666666666738e-01
4.289999999999999925e-01
4.290666666666666518e-01
4.293333333333333446e-01
4.295999999999999819e-01
4.296666666666666412e-01
4.298000000000000154e-01
4.301333333333333120e-01
4.302000000000000268e-01
4.302666666666666861e-01
4.306666666666666421e-01
4.309999999999999942e-01
4.312666666666666870e-01
4.315333333333333243e-01
4.315999999999999837e-01
4.318000000000000171e-01
4.319999999999999951e-01
4.319999999999999951e-01
4.320666666666666544e-01
4.323333333333333472e-01
4.325999999999999845e-01
4.326666666666666439e-01
4.329333333333333367e-01
4.328000000000000180e-01
4.329333333333333367e-01
4.330666666666666553e-01
4.334000000000000075e-01
4.335333333333333261e-01
4.337333333333333596e-01
4.338000000000000189e-01
4.338666666666666782e-01
4.339333333333333376e-01
4.335999999999999854e-01
4.343333333333333490e-01
4.344666666666666677e-01
4.348666666666666791e-01
4.350666666666666571e-01
4.351999999999999758e-01
4.354666666666666686e-01
4.357333333333333059e-01
4.357333333333333059e-01
4.358000000000000207e-01
4.361333333333333173e-01
4.361333333333333173e-01
4.365333333333333288e-01
4.365999999999999881e-01
4.370666666666666589e-01
4.370666666666666589e-01
4.372666666666666924e-01
4.374666666666666703e-01
4.375999999999999890e-01
4.380666666666666598e-01
4.381999999999999784e-01
4.385999999999999899e-01
4.386666666666666492e-01
4.388666666666666827e-01
4.388000000000000234e-01
4.390000000000000013e-01
4.390000000000000013e-01
4.393333333333333535e-01
4.393333333333333535e-01
4.394000000000000128e-01
4.395333333333333314e-01
4.397333333333333094e-01
4.398000000000000242e-01
4.400666666666666615e-01
4.401333333333333209e-01
4.401999999999999802e-01
4.403333333333333544e-01
4.406666666666666510e-01
4.408000000000000251e-01
4.411333333333333218e-01
4.412666666666666404e-01
4.413333333333333552e-01
4.415333333333333332e-01
4.416666666666666519e-01
4.416666666666666519e-01
4.420000000000000040e-01
4.420666666666666633e-01
4.423333333333333561e-01
4.424666666666666748e-01
4.428666666666666862e-01
4.429333333333333456e-01
4.431999999999999829e-01
4.433333333333333570e-01
4.435999999999999943e-01
4.437999999999999723e-01
4.438666666666666871e-01
4.441333333333333244e-01
4.444666666666666766e-01
4.444666666666666766e-01
4.447333333333333139e-01
4.445333333333333359e-01
4.446666666666666545e-01
4.449333333333333473e-01
4.451999999999999846e-01
4.455999999999999961e-01
4.455999999999999961e-01
4.460000000000000075e-01
4.461999999999999855e-01
4.461999999999999855e-01
4.460000000000000075e-01
4.460666666666666669e-01
4.463333333333333597e-01
4.465333333333333377e-01
4.467999999999999750e-01
4.471999999999999864e-01
4.472666666666666457e-01
4.474000000000000199e-01
4.477999999999999758e-01
4.477999999999999758e-01
4.479333333333333500e-01
4.480000000000000093e-01
4.480666666666666687e-01
4.482666666666666466e-01
4.485999999999999988e-01
4.485333333333333394e-01
4.485333333333333394e-01
4.485333333333333394e-01
4.484666666666666801e-01
4.488666666666666916e-01
4.489333333333333509e-01
4.490666666666666695e-01
4.490000000000000102e-01
4.490666666666666695e-01
4.492666666666666475e-01
4.492666666666666475e-01
4.494666666666666810e-01
4.494000000000000217e-01
4.494000000000000217e-01
4.495333333333333403e-01
4.495999999999999996e-01
4.496666666666666590e-01
4.495999999999999996e-01
4.497999999999999776e-01
4.497999999999999776e-01
4.498666666666666925e-01
4.501333333333333298e-01
4.501999999999999891e-01
4.502666666666666484e-01
4.503333333333333077e-01
4.503333333333333077e-01
4.505333333333333412e-01
4.506666666666666599e-01
4.507999999999999785e-01
4.510000000000000120e-01
4.514666666666666828e-01
4.513333333333333086e-01
4.514000000000000234e-01
4.517333333333333201e-01
4.517999999999999794e-01
4.517999999999999794e-01
4.519333333333333536e-01
4.518666666666666942e-01
4.517999999999999794e-01
4.521333333333333315e-01
4.521999999999999909e-01
4.524000000000000243e-01
4.525333333333333430e-01
4.524666666666666837e-01
4.525333333333333430e-01
4.526666666666666616e-01
4.526666666666666616e-01
4.526666666666666616e-01
4.531999999999999917e-01
4.531999999999999917e-01
4.531999999999999917e-01
4.531999999999999917e-01
4.531999999999999917e-01
4.533333333333333104e-01
4.536000000000000032e-01
4.535333333333333439e-01
4.535333333333333439e-01
4.538666666666666405e-01
4.541333333333333333e-01
4.541333333333333333e-01
4.542666666666666520e-01
4.542666666666666520e-01
4.544666666666666854e-01
4.543333333333333113e-01
4.542666666666666520e-01
4.546000000000000041e-01
4.546000000000000041e-01
4.546000000000000041e-01
4.545333333333333448e-01
4.545333333333333448e-01
4.548666666666666414e-01
4.550000000000000155e-01
4.555333333333333456e-01
4.556000000000000050e-01
4.556666666666666643e-01
4.556666666666666643e-01
4.558666666666666423e-01
4.560000000000000164e-01
4.560666666666666758e-01
4.561999999999999944e-01
4.566666666666666652e-01
4.567333333333333245e-01
4.569333333333333580e-01
4.570666666666666766e-01
4.571999999999999953e-01
4.574666666666666881e-01
4.573999999999999733e-01
4.576000000000000068e-01
4.577999999999999847e-01
4.577999999999999847e-01
4.576666666666666661e-01
4.578666666666666440e-01
4.580000000000000182e-01
4.581333333333333369e-01
4.580000000000000182e-01
4.583333333333333148e-01
4.584666666666666890e-01
4.586666666666666670e-01
4.586000000000000076e-01
4.586000000000000076e-01
4.588666666666666449e-01
4.589333333333333598e-01
4.591333333333333377e-01
4.595333333333333492e-01
4.596666666666666679e-01
4.597333333333333272e-01
4.598666666666666458e-01
4.599333333333333607e-01
4.598666666666666458e-01
4.601333333333333386e-01
4.603333333333333166e-01
4.603999999999999759e-01
4.606000000000000094e-01
4.608666666666666467e-01
4.608666666666666467e-01
4.608666666666666467e-01
4.609333333333333060e-01
4.610666666666666802e-01
4.612666666666666582e-01
4.610666666666666802e-01
4.611333333333333395e-01
4.611333333333333395e-01
4.612666666666666582e-01
4.612666666666666582e-01
4.617333333333333290e-01
4.618666666666666476e-01
4.621333333333333404e-01
4.621333333333333404e-01
4.623333333333333184e-01
4.623333333333333184e-01
4.625333333333333519e-01
4.626000000000000112e-01
4.626000000000000112e-01
4.627999999999999892e-01
4.628666666666666485e-01
4.630000000000000226e-01
4.633333333333333193e-01
4.633999999999999786e-01
4.635333333333333528e-01
4.636666666666666714e-01
4.636666666666666714e-01
4.639333333333333087e-01
4.640000000000000235e-01
4.641333333333333422e-01
4.642000000000000015e-01
4.642000000000000015e-01
4.643333333333333202e-01
4.645333333333333536e-01
4.645333333333333536e-01
4.645333333333333536e-01
4.643999999999999795e-01
4.643999999999999795e-01
4.644666666666666943e-01
4.647999999999999909e-01
4.649333333333333096e-01
4.648666666666666503e-01
4.648666666666666503e-01
4.650000000000000244e-01
4.650000000000000244e-01
4.647333333333333316e-01
4.646000000000000130e-01
4.650000000000000244e-01
4.649333333333333096e-01
4.650666666666666837e-01
4.652000000000000024e-01
4.651333333333333431e-01
4.653333333333333210e-01
4.654666666666666397e-01
4.656666666666666732e-01
4.657333333333333325e-01
4.659333333333333105e-01
4.660000000000000253e-01
4.657333333333333325e-01
4.657999999999999918e-01
4.658666666666666512e-01
4.659333333333333105e-01
4.662666666666666626e-01
4.662666666666666626e-01
4.665333333333333554e-01
4.666666666666666741e-01
4.666000000000000147e-01
4.667333333333333334e-01
4.670000000000000262e-01
4.670000000000000262e-01
4.670000000000000262e-01
4.671333333333333449e-01
4.668666666666666520e-01
4.670000000000000262e-01
4.673999999999999821e-01
4.675333333333333563e-01
4.674666666666666415e-01
4.677333333333333343e-01
4.679333333333333123e-01
4.678666666666666529e-01
4.677333333333333343e-01
4.681333333333333457e-01
4.678666666666666529e-01
4.682000000000000051e-01
4.682666666666666644e-01
4.684666666666666424e-01
4.687333333333333352e-01
4.687333333333333352e-01
4.688666666666666538e-01
4.686666666666666758e-01
4.688666666666666538e-01
4.688666666666666538e-01
4.687999999999999945e-01
4.689333333333333131e-01
4.690666666666666873e-01
4.689999999999999725e-01
4.689333333333333131e-01
4.692666666666666653e-01
4.694666666666666432e-01
4.694666666666666432e-01
4.696666666666666767e-01
4.698666666666666547e-01
4.696666666666666767e-01
4.698666666666666547e-01
4.699333333333333140e-01
4.699333333333333140e-01
4.699999999999999734e-01
4.697999999999999954e-01
4.700666666666666882e-01
4.701333333333333475e-01
4.699999999999999734e-01
4.701333333333333475e-01
4.701333333333333475e-01
4.702000000000000068e-01
4.702666666666666662e-01
4.703333333333333255e-01
4.703999999999999848e-01
4.705333333333333590e-01
4.704666666666666441e-01
4.707999999999999963e-01
4.709333333333333149e-01
4.709333333333333149e-01
4.709999999999999742e-01
4.713999999999999857e-01
4.715333333333333599e-01
4.716000000000000192e-01
4.716666666666666785e-01
4.718666666666666565e-01
4.717999999999999972e-01
4.722000000000000086e-01
4.722000000000000086e-01
4.721333333333333493e-01
4.721333333333333493e-01
4.720666666666666900e-01
4.720666666666666900e-01
4.722666666666666679e-01
4.723999999999999866e-01
4.723999999999999866e-01
4.725333333333333607e-01
4.725333333333333607e-01
4.726000000000000201e-01
4.725333333333333607e-01
4.728666666666666574e-01
4.730666666666666909e-01
4.730666666666666909e-01
4.732666666666666688e-01
4.733333333333333282e-01
4.733999999999999875e-01
4.733333333333333282e-01
4.733999999999999875e-01
4.732000000000000095e-01
4.734666666666666468e-01
4.733333333333333282e-01
4.733999999999999875e-01
4.736666666666666803e-01
4.739333333333333176e-01
4.742666666666666697e-01
4.742666666666666697e-01
4.739999999999999769e-01
4.740666666666666917e-01
4.743999999999999884e-01
4.743999999999999884e-01
4.747333333333333405e-01
4.747333333333333405e-01
4.747333333333333405e-01
4.746666666666666812e-01
4.746666666666666812e-01
4.749333333333333185e-01
4.750666666666666926e-01
4.752000000000000113e-01
4.755333333333333079e-01
4.753333333333333299e-01
4.754666666666666486e-01
4.758666666666666600e-01
4.758666666666666600e-01
4.759999999999999787e-01
4.762000000000000122e-01
4.763333333333333308e-01
4.762000000000000122e-01
4.765333333333333088e-01
4.766666666666666829e-01
4.766666666666666829e-01
4.768666666666666609e-01
4.770666666666666944e-01
4.772666666666666724e-01
4.772000000000000131e-01
4.772000000000000131e-01
4.772666666666666724e-01
4.772000000000000131e-01
4.770666666666666944e-01
4.771333333333333537e-01
4.769999999999999796e-01
4.772666666666666724e-01
4.773999999999999910e-01
4.775333333333333097e-01
4.773999999999999910e-01
4.776000000000000245e-01
4.777333333333333432e-01
4.777333333333333432e-01
4.778000000000000025e-01
4.780666666666666398e-01
4.781333333333333546e-01
4.781333333333333546e-01
4.783999999999999919e-01
4.783333333333333326e-01
4.785333333333333106e-01
4.786000000000000254e-01
4.785333333333333106e-01
4.786000000000000254e-01
4.786666666666666847e-01
4.786666666666666847e-01
4.784666666666666512e-01
4.786666666666666847e-01
4.789333333333333220e-01
4.788666666666666627e-01
4.789333333333333220e-01
4.789333333333333220e-01
4.791333333333333555e-01
4.792000000000000148e-01
4.796000000000000263e-01
4.798000000000000043e-01
4.798666666666666636e-01
4.798000000000000043e-01
4.798666666666666636e-01
4.799999999999999822e-01
4.801333333333333564e-01
4.801333333333333564e-01
4.799333333333333229e-01
