3.469333333333333158e-01
3.477999999999999980e-01
3.482000000000000095e-01
3.486000000000000210e-01
3.490666666666666917e-01
3.492666666666666697e-01
3.496666666666666812e-01
3.505333333333333079e-01
3.510666666666666935e-01
3.513333333333333308e-01
3.520666666666666944e-01
3.523999999999999910e-01
3.528000000000000025e-01
3.533333333333333326e-01
3.537333333333333441e-01
3.539333333333333220e-01
3.546000000000000263e-01
3.552000000000000157e-01
3.553333333333333344e-01
3.558000000000000052e-01
3.562000000000000166e-01
3.566666666666666874e-01
3.572666666666666768e-01
3.575333333333333141e-01
3.581333333333333591e-01
3.585999999999999743e-01
3.587333333333333485e-01
3.589999999999999858e-01
3.595999999999999752e-01
3.599333333333333274e-01
3.602000000000000202e-01
3.609333333333333282e-01
3.612666666666666804e-01
3.615999999999999770e-01
3.624666666666666592e-01
3.628000000000000114e-01
3.631333333333333080e-01
3.635333333333333194e-01
3.641333333333333089e-01
3.645333333333333203e-01
3.648000000000000131e-01
3.648666666666666725e-01
3.655333333333333212e-01
3.658666666666666734e-01
3.664666666666666628e-01
3.667333333333333556e-01
3.671333333333333115e-01
3.675333333333333230e-01
3.677333333333333565e-01
3.683333333333333459e-01
3.684000000000000052e-01
3.688666666666666760e-01
3.689333333333333353e-01
3.696666666666666434e-01
3.699333333333333362e-01
3.709999999999999964e-01
3.712666666666666893e-01
3.715999999999999859e-01
3.720666666666666567e-01
3.725999999999999868e-01
3.734666666666666690e-01
3.740666666666666584e-01
3.745999999999999885e-01
3.746666666666666479e-01
3.750666666666666593e-01
3.756666666666666488e-01
3.756666666666666488e-01
3.758666666666666822e-01
3.760000000000000009e-01
3.768000000000000238e-01
3.774666666666666726e-01
3.777333333333333099e-01
3.781333333333333213e-01
3.785999999999999921e-01
3.790000000000000036e-01
3.792666666666666409e-01
3.796666666666666523e-01
3.799333333333333451e-01
3.804000000000000159e-01
3.807333333333333125e-01
3.811999999999999833e-01
3.815333333333333354e-01
3.820000000000000062e-01
3.822666666666666435e-01
3.825333333333333363e-01
3.830666666666666664e-01
3.832666666666666444e-01
3.835333333333333372e-01
3.837999999999999745e-01
3.840000000000000080e-01
3.844666666666666788e-01
3.848666666666666902e-01
3.854000000000000203e-01
3.857999999999999763e-01
3.861999999999999877e-01
3.867333333333333178e-01
3.873333333333333073e-01
3.877999999999999781e-01
3.880666666666666709e-01
3.881333333333333302e-01
3.885333333333333417e-01
3.887999999999999790e-01
3.891333333333333311e-01
3.896666666666666612e-01
3.901333333333333320e-01
3.901999999999999913e-01
3.906000000000000028e-01
3.910000000000000142e-01
3.916666666666666630e-01
3.916666666666666630e-01
3.920666666666666744e-01
3.925333333333333452e-01
3.927999999999999825e-01
3.934000000000000274e-01
3.939333333333333576e-01
3.942666666666666542e-01
3.943333333333333135e-01
3.945333333333333470e-01
3.950000000000000178e-01
3.951333333333333364e-01
3.956666666666666665e-01
3.953999999999999737e-01
3.957999999999999852e-01
3.964666666666666894e-01
3.971333333333333382e-01
3.974666666666666903e-01
3.975333333333333496e-01
3.980000000000000204e-01
3.982666666666666577e-01
3.985333333333333505e-01
3.986666666666666692e-01
3.986000000000000099e-01
3.990666666666666806e-01
3.993333333333333179e-01
3.999333333333333074e-01
4.004666666666666930e-01
4.008666666666666489e-01
4.010000000000000231e-01
4.015333333333333532e-01
4.017999999999999905e-01
4.017999999999999905e-01
4.021333333333333426e-01
4.023999999999999799e-01
4.026666666666666727e-01
4.029333333333333100e-01
4.032000000000000028e-01
4.033999999999999808e-01
4.035333333333333550e-01
4.037333333333333329e-01
4.038666666666666516e-01
4.040666666666666851e-01
4.044666666666666410e-01
4.046000000000000152e-01
4.049333333333333118e-01
4.052000000000000046e-01
4.057999999999999940e-01
4.059333333333333127e-01
4.062000000000000055e-01
4.062666666666666648e-01
4.063999999999999835e-01
4.068666666666666543e-01
4.072000000000000064e-01
4.075333333333333585e-01
4.076000000000000179e-01
4.077333333333333365e-01
4.080666666666666886e-01
4.085333333333333594e-01
4.085333333333333594e-01
4.086666666666666781e-01
4.089999999999999747e-01
4.089999999999999747e-01
4.092000000000000082e-01
4.093999999999999861e-01
4.096000000000000196e-01
4.096000000000000196e-01
4.099333333333333163e-01
4.101333333333333497e-01
4.103333333333333277e-01
4.103999999999999870e-01
4.106666666666666798e-01
4.108666666666666578e-01
4.109999999999999765e-01
4.114666666666666472e-01
4.116000000000000214e-01
4.117333333333333401e-01
4.119999999999999774e-01
4.121333333333333515e-01
4.126000000000000223e-01
4.126000000000000223e-01
4.129999999999999782e-01
4.133999999999999897e-01
4.138000000000000012e-01
4.139333333333333198e-01
4.138666666666666605e-01
4.139999999999999791e-01
4.138666666666666605e-01
4.142000000000000126e-01
4.146000000000000241e-01
4.148666666666666614e-01
4.148000000000000020e-01
4.146666666666666834e-01
4.148666666666666614e-01
4.150666666666666393e-01
4.154666666666666508e-01
4.155333333333333101e-01
4.156666666666666843e-01
4.158666666666666623e-01
4.161333333333333551e-01
4.163333333333333330e-01
4.168000000000000038e-01
4.171333333333333560e-01
4.173999999999999932e-01
4.175333333333333119e-01
4.179333333333333234e-01
4.183333333333333348e-01
4.183333333333333348e-01
4.185333333333333128e-01
4.186000000000000276e-01
4.187333333333333463e-01
4.192000000000000171e-01
4.192666666666666764e-01
4.195333333333333137e-01
4.198666666666666658e-01
4.199333333333333251e-01
4.203999999999999959e-01
4.204666666666666552e-01
4.208666666666666667e-01
4.210666666666666447e-01
4.214666666666666561e-01
4.216666666666666896e-01
4.218000000000000083e-01
4.219333333333333269e-01
4.219999999999999862e-01
4.222000000000000197e-01
4.223999999999999977e-01
4.225333333333333163e-01
4.228000000000000091e-01
4.227333333333333498e-01
4.230666666666666464e-01
4.233999999999999986e-01
4.235999999999999766e-01
4.236666666666666914e-01
4.239999999999999880e-01
4.239333333333333287e-01
4.241333333333333067e-01
4.246666666666666923e-01
4.247333333333333516e-01
4.248666666666666702e-01
4.249333333333333296e-01
4.253333333333333410e-01
4.254666666666666597e-01
4.257333333333333525e-01
4.260666666666666491e-01
4.261333333333333084e-01
4.263333333333333419e-01
4.264666666666666606e-01
4.268000000000000127e-01
4.268000000000000127e-01
4.272000000000000242e-01
4.275999999999999801e-01
4.281333333333333102e-01
4.284000000000000030e-01
4.284666666666666623e-01
4.287333333333333552e-01
4.288000000000000145e-01
4.292000000000000259e-01
4.291333333333333111e-01
4.289999999999999925e-01
4.293333333333333446e-01
4.294000000000000039e-01
4.295333333333333226e-01
4.298666666666666747e-01
4.300666666666666527e-01
4.299999999999999933e-01
4.304666666666666641e-01
4.302666666666666861e-01
4.309999999999999942e-01
4.311333333333333129e-01
4.313333333333333464e-01
4.315999999999999837e-01
4.317333333333333578e-01
4.319333333333333358e-01
4.322666666666666879e-01
4.321999999999999731e-01
4.323333333333333472e-01
4.324000000000000066e-01
4.328666666666666774e-01
4.329333333333333367e-01
4.329333333333333367e-01
4.330666666666666553e-01
4.331333333333333147e-01
4.334000000000000075e-01
4.334666666666666668e-01
4.338666666666666782e-01
4.338666666666666782e-01
4.339333333333333376e-01
4.339999999999999969e-01
4.341999999999999749e-01
4.341333333333333155e-01
4.345999999999999863e-01
4.349333333333333385e-01
4.348666666666666791e-01
4.349999999999999978e-01
4.353333333333333499e-01
4.354000000000000092e-01
4.358666666666666800e-01
4.358666666666666800e-01
4.360666666666666580e-01
4.363333333333333508e-01
4.364666666666666694e-01
4.368666666666666809e-01
4.369333333333333402e-01
4.372666666666666924e-01
4.373333333333333517e-01
4.374666666666666703e-01
4.375999999999999890e-01
4.377333333333333076e-01
4.378666666666666818e-01
4.382666666666666933e-01
4.385333333333333306e-01
4.387333333333333085e-01
4.387333333333333085e-01
4.388000000000000234e-01
4.390666666666666607e-01
4.390666666666666607e-01
4.391333333333333200e-01
4.393333333333333535e-01
4.394666666666666721e-01
4.395999999999999908e-01
4.396666666666666501e-01
4.400000000000000022e-01
4.399333333333333429e-01
4.400666666666666615e-01
4.400666666666666615e-01
4.404666666666666730e-01
4.408666666666666845e-01
4.408666666666666845e-01
4.409333333333333438e-01
4.411333333333333218e-01
4.414000000000000146e-01
4.415999999999999925e-01
4.416666666666666519e-01
4.418000000000000260e-01
4.418666666666666853e-01
4.418666666666666853e-01
4.421999999999999820e-01
4.424000000000000155e-01
4.427333333333333121e-01
4.428666666666666862e-01
4.429333333333333456e-01
4.431999999999999829e-01
4.433333333333333570e-01
4.439333333333333464e-01
4.439333333333333464e-01
4.439333333333333464e-01
4.441999999999999837e-01
4.443333333333333579e-01
4.444666666666666766e-01
4.446666666666666545e-01
4.449333333333333473e-01
4.450666666666666660e-01
4.451333333333333253e-01
4.453333333333333588e-01
4.456666666666666554e-01
4.460000000000000075e-01
4.461333333333333262e-01
4.464000000000000190e-01
4.464000000000000190e-01
4.464000000000000190e-01
4.464666666666666783e-01
4.464666666666666783e-01
4.469333333333333491e-01
4.472666666666666457e-01
4.475333333333333385e-01
4.475333333333333385e-01
4.477333333333333165e-01
4.478666666666666907e-01
4.479333333333333500e-01
4.480000000000000093e-01
4.481333333333333280e-01
4.481999999999999873e-01
4.484666666666666801e-01
4.485999999999999988e-01
4.486666666666666581e-01
4.488666666666666916e-01
4.488666666666666916e-01
4.490000000000000102e-01
4.490000000000000102e-01
4.491333333333333289e-01
4.490000000000000102e-01
4.491333333333333289e-01
4.490000000000000102e-01
4.493333333333333068e-01
4.493333333333333068e-01
4.494000000000000217e-01
4.494000000000000217e-01
4.495999999999999996e-01
4.495999999999999996e-01
4.496666666666666590e-01
4.497333333333333183e-01
4.495999999999999996e-01
4.497333333333333183e-01
4.500666666666666704e-01
4.501333333333333298e-01
4.500666666666666704e-01
4.502666666666666484e-01
4.504000000000000226e-01
4.505333333333333412e-01
4.509333333333333527e-01
4.509333333333333527e-01
4.510666666666666713e-01
4.512666666666666493e-01
4.510666666666666713e-01
4.514000000000000234e-01
4.515333333333333421e-01
4.515333333333333421e-01
4.517999999999999794e-01
4.519333333333333536e-01
4.521333333333333315e-01
4.521999999999999909e-01
4.520000000000000129e-01
4.521333333333333315e-01
4.523333333333333095e-01
4.523333333333333095e-01
4.524666666666666837e-01
4.526666666666666616e-01
4.527333333333333210e-01
4.528666666666666396e-01
4.529333333333333544e-01
4.530666666666666731e-01
4.531333333333333324e-01
4.532666666666666511e-01
4.531999999999999917e-01
4.535333333333333439e-01
4.535333333333333439e-01
4.536000000000000032e-01
4.536666666666666625e-01
4.537999999999999812e-01
4.537999999999999812e-01
4.538666666666666405e-01
4.542666666666666520e-01
4.542666666666666520e-01
4.542666666666666520e-01
4.545333333333333448e-01
4.544666666666666854e-01
4.546666666666666634e-01
4.547333333333333227e-01
4.544666666666666854e-01
4.549333333333333562e-01
4.547999999999999821e-01
4.550000000000000155e-01
4.550666666666666749e-01
4.551999999999999935e-01
4.553333333333333122e-01
4.557333333333333236e-01
4.557999999999999829e-01
4.557333333333333236e-01
4.558666666666666423e-01
4.559333333333333571e-01
4.560000000000000164e-01
4.560666666666666758e-01
4.562666666666666537e-01
4.563999999999999724e-01
4.567999999999999838e-01
4.569333333333333580e-01
4.572666666666666546e-01
4.571999999999999953e-01
4.574666666666666881e-01
4.574666666666666881e-01
4.574666666666666881e-01
4.575333333333333474e-01
4.576666666666666661e-01
4.577999999999999847e-01
4.580000000000000182e-01
4.579333333333333589e-01
4.579333333333333589e-01
4.581333333333333369e-01
4.581999999999999962e-01
4.583333333333333148e-01
4.586000000000000076e-01
4.587333333333333263e-01
4.586666666666666670e-01
4.588666666666666449e-01
4.591333333333333377e-01
4.594666666666666899e-01
4.596666666666666679e-01
4.596666666666666679e-01
4.597333333333333272e-01
4.599333333333333607e-01
4.601999999999999980e-01
4.601999999999999980e-01
4.603333333333333166e-01
4.602666666666666573e-01
4.604666666666666908e-01
4.605333333333333501e-01
4.609333333333333060e-01
4.610666666666666802e-01
4.609333333333333060e-01
4.612666666666666582e-01
4.613333333333333175e-01
4.613999999999999768e-01
4.613999999999999768e-01
4.611999999999999988e-01
4.612666666666666582e-01
4.613999999999999768e-01
4.613999999999999768e-01
4.616000000000000103e-01
4.617333333333333290e-01
4.621333333333333404e-01
4.623333333333333184e-01
4.625333333333333519e-01
4.624666666666666925e-01
4.626000000000000112e-01
4.623999999999999777e-01
4.627333333333333298e-01
4.630000000000000226e-01
4.629333333333333078e-01
4.630000000000000226e-01
4.632666666666666599e-01
4.632666666666666599e-01
4.635333333333333528e-01
4.637333333333333307e-01
4.639333333333333087e-01
4.639333333333333087e-01
4.639333333333333087e-01
4.640666666666666829e-01
4.641333333333333422e-01
4.644666666666666943e-01
4.645333333333333536e-01
4.646000000000000130e-01
4.645333333333333536e-01
4.643333333333333202e-01
4.644666666666666943e-01
4.643333333333333202e-01
4.645333333333333536e-01
4.646666666666666723e-01
4.646666666666666723e-01
4.647333333333333316e-01
4.646000000000000130e-01
4.647333333333333316e-01
4.646666666666666723e-01
4.649333333333333096e-01
4.651333333333333431e-01
4.651333333333333431e-01
4.652000000000000024e-01
4.653333333333333210e-01
4.653999999999999804e-01
4.655333333333333545e-01
4.656666666666666732e-01
4.656000000000000139e-01
4.657999999999999918e-01
4.657999999999999918e-01
4.659333333333333105e-01
4.660000000000000253e-01
4.661333333333333440e-01
4.661333333333333440e-01
4.663999999999999813e-01
4.664666666666666406e-01
4.666000000000000147e-01
4.667333333333333334e-01
4.667999999999999927e-01
4.667333333333333334e-01
4.667999999999999927e-01
4.667333333333333334e-01
4.670666666666666855e-01
4.672000000000000042e-01
4.672000000000000042e-01
4.671333333333333449e-01
4.670000000000000262e-01
4.670000000000000262e-01
4.673333333333333228e-01
4.675333333333333563e-01
4.677333333333333343e-01
4.678666666666666529e-01
4.679333333333333123e-01
4.681333333333333457e-01
4.682000000000000051e-01
4.682666666666666644e-01
4.684666666666666424e-01
4.684666666666666424e-01
4.685333333333333572e-01
4.686000000000000165e-01
4.685333333333333572e-01
4.687333333333333352e-01
4.687333333333333352e-01
4.688666666666666538e-01
4.691333333333333466e-01
4.692000000000000060e-01
4.692666666666666653e-01
4.693999999999999839e-01
4.693999999999999839e-01
4.695333333333333581e-01
4.696000000000000174e-01
4.696666666666666767e-01
4.698666666666666547e-01
4.698666666666666547e-01
4.697999999999999954e-01
4.699333333333333140e-01
4.699333333333333140e-01
4.699999999999999734e-01
4.700666666666666882e-01
4.702000000000000068e-01
4.701333333333333475e-01
4.702666666666666662e-01
4.700666666666666882e-01
4.703333333333333255e-01
4.705333333333333590e-01
4.702666666666666662e-01
4.702000000000000068e-01
4.702000000000000068e-01
4.703999999999999848e-01
4.705333333333333590e-01
4.707333333333333369e-01
4.709999999999999742e-01
4.710666666666666891e-01
4.711333333333333484e-01
4.713333333333333264e-01
4.714666666666666450e-01
4.715333333333333599e-01
4.715333333333333599e-01
4.717999999999999972e-01
4.719999999999999751e-01
4.719999999999999751e-01
4.718666666666666565e-01
4.719999999999999751e-01
4.720666666666666900e-01
4.721333333333333493e-01
4.720666666666666900e-01
4.722666666666666679e-01
4.723333333333333273e-01
4.723999999999999866e-01
4.724666666666666459e-01
4.724666666666666459e-01
4.723999999999999866e-01
4.723999999999999866e-01
4.723333333333333273e-01
4.725333333333333607e-01
4.727333333333333387e-01
4.728666666666666574e-01
4.731333333333333502e-01
4.731333333333333502e-01
4.732666666666666688e-01
4.732000000000000095e-01
4.733333333333333282e-01
4.732666666666666688e-01
4.733333333333333282e-01
4.733999999999999875e-01
4.734666666666666468e-01
4.736000000000000210e-01
4.736666666666666803e-01
4.739333333333333176e-01
4.742666666666666697e-01
4.743333333333333290e-01
4.742666666666666697e-01
4.743333333333333290e-01
4.744666666666666477e-01
4.743999999999999884e-01
4.746000000000000218e-01
4.747333333333333405e-01
4.747333333333333405e-01
4.748666666666666591e-01
4.747999999999999998e-01
4.751333333333333520e-01
4.752000000000000113e-01
4.753333333333333299e-01
4.754666666666666486e-01
4.755333333333333079e-01
4.757333333333333414e-01
4.758000000000000007e-01
4.759999999999999787e-01
4.761333333333333528e-01
4.762000000000000122e-01
4.763333333333333308e-01
4.763333333333333308e-01
4.765333333333333088e-01
4.763999999999999901e-01
4.766000000000000236e-01
4.768000000000000016e-01
4.768000000000000016e-01
4.770666666666666944e-01
4.772000000000000131e-01
4.772666666666666724e-01
4.772666666666666724e-01
4.772666666666666724e-01
4.773333333333333317e-01
4.772000000000000131e-01
4.773333333333333317e-01
4.773999999999999910e-01
4.771333333333333537e-01
4.773999999999999910e-01
4.774666666666666504e-01
4.777333333333333432e-01
4.778000000000000025e-01
4.780666666666666398e-01
4.780666666666666398e-01
4.781333333333333546e-01
4.779999999999999805e-01
4.782000000000000139e-01
4.784666666666666512e-01
4.785333333333333106e-01
4.786666666666666847e-01
4.784666666666666512e-01
4.785333333333333106e-01
4.785333333333333106e-01
4.784666666666666512e-01
4.785333333333333106e-01
4.784666666666666512e-01
4.783333333333333326e-01
4.784666666666666512e-01
4.782666666666666733e-01
4.787333333333333441e-01
4.790666666666666407e-01
4.792000000000000148e-01
4.792666666666666742e-01
4.793333333333333335e-01
4.796666666666666856e-01
4.799333333333333229e-01
4.802666666666666750e-01
4.800666666666666416e-01
4.801333333333333564e-01
4.802000000000000157e-01
4.802000000000000157e-01
4.802666666666666750e-01
4.801333333333333564e-01
4.800666666666666416e-01
4.803333333333333344e-01
4.803333333333333344e-01
4.803333333333333344e-01
4.804666666666666530e-01
4.806000000000000272e-01
