3.402000000000000024e-01
3.411333333333333440e-01
3.421333333333333449e-01
3.430000000000000271e-01
3.439999999999999725e-01
3.447333333333333361e-01
3.453999999999999848e-01
3.459333333333333149e-01
3.462666666666666671e-01
3.466666666666666785e-01
3.471333333333333493e-01
3.474666666666666459e-01
3.482000000000000095e-01
3.487333333333333396e-01
3.489999999999999769e-01
3.496000000000000218e-01
3.499333333333333185e-01
3.506000000000000227e-01
3.512000000000000122e-01
3.516000000000000236e-01
3.523333333333333317e-01
3.528000000000000025e-01
3.531333333333333546e-01
3.534666666666666512e-01
3.540666666666666407e-01
3.545333333333333115e-01
3.551333333333333564e-01
3.557333333333333458e-01
3.560666666666666424e-01
3.563999999999999946e-01
3.563999999999999946e-01
3.573999999999999955e-01
3.578000000000000069e-01
3.585333333333333150e-01
3.588000000000000078e-01
3.591333333333333599e-01
3.597333333333333494e-01
3.601333333333333608e-01
3.603333333333333388e-01
3.608000000000000096e-01
3.615333333333333177e-01
3.619999999999999885e-01
3.622666666666666813e-01
3.625999999999999779e-01
3.629999999999999893e-01
3.635333333333333194e-01
3.642666666666666830e-01
3.645999999999999797e-01
3.648000000000000131e-01
3.653333333333333433e-01
3.659999999999999920e-01
3.660666666666666513e-01
3.665333333333333221e-01
3.669999999999999929e-01
3.673333333333333450e-01
3.675333333333333230e-01
3.679333333333333345e-01
3.684000000000000052e-01
3.687333333333333574e-01
3.691333333333333133e-01
3.694666666666666655e-01
3.692666666666666875e-01
3.709333333333333371e-01
3.711333333333333151e-01
3.716666666666666452e-01
3.721999999999999753e-01
3.728000000000000203e-01
3.732666666666666910e-01
3.742666666666666919e-01
3.745333333333333292e-01
3.748000000000000220e-01
3.752666666666666928e-01
3.756666666666666488e-01
3.758000000000000229e-01
3.764000000000000123e-01
3.767333333333333090e-01
3.768666666666666831e-01
3.776666666666666505e-01
3.780000000000000027e-01
3.784666666666666734e-01
3.785999999999999921e-01
3.790666666666666629e-01
3.794000000000000150e-01
3.797333333333333116e-01
3.801999999999999824e-01
3.804666666666666752e-01
3.808666666666666867e-01
3.814666666666666761e-01
3.816666666666666541e-01
3.821333333333333249e-01
3.823333333333333584e-01
3.827333333333333143e-01
3.828666666666666885e-01
3.832666666666666444e-01
3.835333333333333372e-01
3.837999999999999745e-01
3.842666666666666453e-01
3.846666666666666567e-01
3.850666666666666682e-01
3.854666666666666797e-01
3.860666666666666691e-01
3.864000000000000212e-01
3.870000000000000107e-01
3.876000000000000001e-01
3.878666666666666929e-01
3.879333333333333522e-01
3.884000000000000230e-01
3.887333333333333196e-01
3.891333333333333311e-01
3.892666666666666497e-01
3.900000000000000133e-01
3.901333333333333320e-01
3.903333333333333099e-01
3.907999999999999807e-01
3.910000000000000142e-01
3.915333333333333443e-01
3.917999999999999816e-01
3.924000000000000266e-01
3.924666666666666859e-01
3.929333333333333567e-01
3.933333333333333126e-01
3.937999999999999834e-01
3.940666666666666762e-01
3.941333333333333355e-01
3.946666666666666656e-01
3.948666666666666436e-01
3.951999999999999957e-01
3.956000000000000072e-01
3.956666666666666665e-01
3.961999999999999966e-01
3.970000000000000195e-01
3.974666666666666903e-01
3.973999999999999755e-01
3.980000000000000204e-01
3.983333333333333171e-01
3.984666666666666912e-01
3.986000000000000099e-01
3.986666666666666692e-01
3.989333333333333065e-01
3.993999999999999773e-01
4.000666666666666815e-01
4.006666666666666710e-01
4.009333333333333083e-01
4.012666666666666604e-01
4.017999999999999905e-01
4.017999999999999905e-01
4.020000000000000240e-01
4.022000000000000020e-01
4.026666666666666727e-01
4.029333333333333100e-01
4.031333333333333435e-01
4.033999999999999808e-01
4.030666666666666842e-01
4.033999999999999808e-01
4.035333333333333550e-01
4.037999999999999923e-01
4.041333333333333444e-01
4.043333333333333224e-01
4.047333333333333338e-01
4.050000000000000266e-01
4.052666666666666639e-01
4.056666666666666754e-01
4.058666666666666534e-01
4.057999999999999940e-01
4.061333333333333462e-01
4.063333333333333242e-01
4.066666666666666763e-01
4.069333333333333136e-01
4.073333333333333250e-01
4.072666666666666657e-01
4.075333333333333585e-01
4.078666666666666551e-01
4.082000000000000073e-01
4.083333333333333259e-01
4.087333333333333374e-01
4.087999999999999967e-01
4.089333333333333154e-01
4.092000000000000082e-01
4.093333333333333268e-01
4.094666666666666455e-01
4.096666666666666790e-01
4.098666666666666569e-01
4.100666666666666904e-01
4.100666666666666904e-01
4.100666666666666904e-01
4.103999999999999870e-01
4.107999999999999985e-01
4.112000000000000099e-01
4.112666666666666693e-01
4.117333333333333401e-01
4.116666666666666807e-01
4.120666666666666922e-01
4.124666666666666481e-01
4.125333333333333075e-01
4.126000000000000223e-01
4.131333333333333524e-01
4.134666666666666490e-01
4.135333333333333083e-01
4.136666666666666825e-01
4.137333333333333418e-01
4.139333333333333198e-01
4.141333333333333533e-01
4.143333333333333313e-01
4.145333333333333092e-01
4.146000000000000241e-01
4.148000000000000020e-01
4.149333333333333207e-01
4.150666666666666393e-01
4.152666666666666728e-01
4.154666666666666508e-01
4.156000000000000250e-01
4.158000000000000029e-01
4.159999999999999809e-01
4.163333333333333330e-01
4.167333333333333445e-01
4.169333333333333225e-01
4.174666666666666526e-01
4.177333333333333454e-01
4.179333333333333234e-01
4.179999999999999827e-01
4.179999999999999827e-01
4.185333333333333128e-01
4.182666666666666755e-01
4.183999999999999941e-01
4.187333333333333463e-01
4.187333333333333463e-01
4.194666666666666544e-01
4.195999999999999730e-01
4.198666666666666658e-01
4.199999999999999845e-01
4.203333333333333366e-01
4.205333333333333146e-01
4.209333333333333260e-01
4.212000000000000188e-01
4.212666666666666782e-01
4.215333333333333155e-01
4.218000000000000083e-01
4.218666666666666676e-01
4.219333333333333269e-01
4.223999999999999977e-01
4.226666666666666905e-01
4.225999999999999757e-01
4.225999999999999757e-01
4.228000000000000091e-01
4.231333333333333058e-01
4.231333333333333058e-01
4.232000000000000206e-01
4.232000000000000206e-01
4.234666666666666579e-01
4.238666666666666694e-01
4.239999999999999880e-01
4.245333333333333181e-01
4.246666666666666923e-01
4.248666666666666702e-01
4.252666666666666817e-01
4.254666666666666597e-01
4.258000000000000118e-01
4.258000000000000118e-01
4.261333333333333084e-01
4.264000000000000012e-01
4.264666666666666606e-01
4.267333333333333534e-01
4.268666666666666720e-01
4.271333333333333093e-01
4.277333333333333543e-01
4.279333333333333322e-01
4.283333333333333437e-01
4.285333333333333217e-01
4.286666666666666403e-01
4.288000000000000145e-01
4.289333333333333331e-01
4.288666666666666738e-01
4.292666666666666853e-01
4.293333333333333446e-01
4.294000000000000039e-01
4.295999999999999819e-01
4.296666666666666412e-01
4.296666666666666412e-01
4.299999999999999933e-01
4.303333333333333455e-01
4.303333333333333455e-01
4.305999999999999828e-01
4.308000000000000163e-01
4.313333333333333464e-01
4.315333333333333243e-01
4.316666666666666430e-01
4.317333333333333578e-01
4.319333333333333358e-01
4.319333333333333358e-01
4.321333333333333138e-01
4.321999999999999731e-01
4.325999999999999845e-01
4.328000000000000180e-01
4.328666666666666774e-01
4.330666666666666553e-01
4.329999999999999960e-01
4.331333333333333147e-01
4.331333333333333147e-01
4.335333333333333261e-01
4.336666666666666448e-01
4.335333333333333261e-01
4.337333333333333596e-01
4.339333333333333376e-01
4.340666666666666562e-01
4.344000000000000083e-01
4.347333333333333605e-01
4.347333333333333605e-01
4.349999999999999978e-01
4.350666666666666571e-01
4.351333333333333164e-01
4.355999999999999872e-01
4.358000000000000207e-01
4.357333333333333059e-01
4.361999999999999766e-01
4.361999999999999766e-01
4.364000000000000101e-01
4.366666666666666474e-01
4.370666666666666589e-01
4.370666666666666589e-01
4.372666666666666924e-01
4.375333333333333297e-01
4.375333333333333297e-01
4.379333333333333411e-01
4.379333333333333411e-01
4.383333333333333526e-01
4.386666666666666492e-01
4.388666666666666827e-01
4.387333333333333085e-01
4.390000000000000013e-01
4.390000000000000013e-01
4.392666666666666941e-01
4.392666666666666941e-01
4.394000000000000128e-01
4.395333333333333314e-01
4.399333333333333429e-01
4.399333333333333429e-01
4.398666666666666836e-01
4.401333333333333209e-01
4.403333333333333544e-01
4.401999999999999802e-01
4.405333333333333323e-01
4.407333333333333103e-01
4.410666666666666624e-01
4.410000000000000031e-01
4.411999999999999811e-01
4.415333333333333332e-01
4.417333333333333112e-01
4.417333333333333112e-01
4.420000000000000040e-01
4.420000000000000040e-01
4.421999999999999820e-01
4.424000000000000155e-01
4.428666666666666862e-01
4.428000000000000269e-01
4.430666666666666642e-01
4.434666666666666757e-01
4.434000000000000163e-01
4.435333333333333350e-01
4.438666666666666871e-01
4.441333333333333244e-01
4.442666666666666431e-01
4.443333333333333579e-01
4.443333333333333579e-01
4.445333333333333359e-01
4.447999999999999732e-01
4.449333333333333473e-01
4.452666666666666440e-01
4.453333333333333588e-01
4.453333333333333588e-01
4.459333333333333482e-01
4.459333333333333482e-01
4.460666666666666669e-01
4.460666666666666669e-01
4.461999999999999855e-01
4.464000000000000190e-01
4.464000000000000190e-01
4.465333333333333377e-01
4.470000000000000084e-01
4.472666666666666457e-01
4.475333333333333385e-01
4.475333333333333385e-01
4.477999999999999758e-01
4.480666666666666687e-01
4.480666666666666687e-01
4.478666666666666907e-01
4.481999999999999873e-01
4.483333333333333059e-01
4.485999999999999988e-01
4.485333333333333394e-01
4.484666666666666801e-01
4.485999999999999988e-01
4.488666666666666916e-01
4.489333333333333509e-01
4.490666666666666695e-01
4.490666666666666695e-01
4.491333333333333289e-01
4.491999999999999882e-01
4.493333333333333068e-01
4.493333333333333068e-01
4.494666666666666810e-01
4.493333333333333068e-01
4.493333333333333068e-01
4.495999999999999996e-01
4.496666666666666590e-01
4.497333333333333183e-01
4.495999999999999996e-01
4.495999999999999996e-01
4.499333333333333518e-01
4.500000000000000111e-01
4.501333333333333298e-01
4.501333333333333298e-01
4.501999999999999891e-01
4.502666666666666484e-01
4.505333333333333412e-01
4.505333333333333412e-01
4.505333333333333412e-01
4.510666666666666713e-01
4.514000000000000234e-01
4.513333333333333086e-01
4.515333333333333421e-01
4.515333333333333421e-01
4.517333333333333201e-01
4.517999999999999794e-01
4.518666666666666942e-01
4.517999999999999794e-01
4.517333333333333201e-01
4.520000000000000129e-01
4.522666666666666502e-01
4.523333333333333095e-01
4.523333333333333095e-01
4.526000000000000023e-01
4.524666666666666837e-01
4.523333333333333095e-01
4.526000000000000023e-01
4.527333333333333210e-01
4.530000000000000138e-01
4.531999999999999917e-01
4.531333333333333324e-01
4.530000000000000138e-01
4.534000000000000252e-01
4.532666666666666511e-01
4.536000000000000032e-01
4.534666666666666845e-01
4.536000000000000032e-01
4.537999999999999812e-01
4.540000000000000147e-01
4.540000000000000147e-01
4.541999999999999926e-01
4.540666666666666740e-01
4.545333333333333448e-01
4.543333333333333113e-01
4.544000000000000261e-01
4.545333333333333448e-01
4.543333333333333113e-01
4.546000000000000041e-01
4.546000000000000041e-01
4.546000000000000041e-01
4.547333333333333227e-01
4.551333333333333342e-01
4.554666666666666863e-01
4.556666666666666643e-01
4.556666666666666643e-01
4.555333333333333456e-01
4.557333333333333236e-01
4.558666666666666423e-01
4.560000000000000164e-01
4.562666666666666537e-01
4.566000000000000059e-01
4.566666666666666652e-01
4.568666666666666432e-01
4.570666666666666766e-01
4.572666666666666546e-01
4.573333333333333139e-01
4.572666666666666546e-01
4.573999999999999733e-01
4.577999999999999847e-01
4.578666666666666440e-01
4.577333333333333254e-01
4.580000000000000182e-01
4.580666666666666775e-01
4.581333333333333369e-01
4.581333333333333369e-01
4.583333333333333148e-01
4.583333333333333148e-01
4.586000000000000076e-01
4.585333333333333483e-01
4.586666666666666670e-01
4.587999999999999856e-01
4.589333333333333598e-01
4.591999999999999971e-01
4.594666666666666899e-01
4.594666666666666899e-01
4.596666666666666679e-01
4.598666666666666458e-01
4.599333333333333607e-01
4.600000000000000200e-01
4.600666666666666793e-01
4.602666666666666573e-01
4.603333333333333166e-01
4.606666666666666687e-01
4.608666666666666467e-01
4.608666666666666467e-01
4.607999999999999874e-01
4.610000000000000209e-01
4.611333333333333395e-01
4.611333333333333395e-01
4.610666666666666802e-01
4.611333333333333395e-01
4.609333333333333060e-01
4.611999999999999988e-01
4.612666666666666582e-01
4.616666666666666696e-01
4.618666666666666476e-01
4.620000000000000218e-01
4.620666666666666811e-01
4.621333333333333404e-01
4.622666666666666591e-01
4.624666666666666925e-01
4.623999999999999777e-01
4.626000000000000112e-01
4.627999999999999892e-01
4.627999999999999892e-01
4.630000000000000226e-01
4.632666666666666599e-01
4.633333333333333193e-01
4.633999999999999786e-01
4.636000000000000121e-01
4.637333333333333307e-01
4.637999999999999901e-01
4.640666666666666829e-01
4.640000000000000235e-01
4.640666666666666829e-01
4.642666666666666608e-01
4.643999999999999795e-01
4.643999999999999795e-01
4.646000000000000130e-01
4.643999999999999795e-01
4.645333333333333536e-01
4.643999999999999795e-01
4.642666666666666608e-01
4.647999999999999909e-01
4.647333333333333316e-01
4.647999999999999909e-01
4.647333333333333316e-01
4.649333333333333096e-01
4.649333333333333096e-01
4.648666666666666503e-01
4.646666666666666723e-01
4.647999999999999909e-01
4.650666666666666837e-01
4.652000000000000024e-01
4.652000000000000024e-01
4.651333333333333431e-01
4.651333333333333431e-01
4.654666666666666397e-01
4.655333333333333545e-01
4.655333333333333545e-01
4.658666666666666512e-01
4.657999999999999918e-01
4.657333333333333325e-01
4.658666666666666512e-01
4.658666666666666512e-01
4.657999999999999918e-01
4.661333333333333440e-01
4.662666666666666626e-01
4.664666666666666406e-01
4.666666666666666741e-01
4.666000000000000147e-01
4.668666666666666520e-01
4.667999999999999927e-01
4.669333333333333114e-01
4.671333333333333449e-01
4.670666666666666855e-01
4.670666666666666855e-01
4.669333333333333114e-01
4.673999999999999821e-01
4.673999999999999821e-01
4.673999999999999821e-01
4.677333333333333343e-01
4.680000000000000271e-01
4.680666666666666864e-01
4.679333333333333123e-01
4.680666666666666864e-01
4.680000000000000271e-01
4.682000000000000051e-01
4.681333333333333457e-01
4.685333333333333572e-01
4.686666666666666758e-01
4.687333333333333352e-01
4.687999999999999945e-01
4.687999999999999945e-01
4.689333333333333131e-01
4.689999999999999725e-01
4.689999999999999725e-01
4.691333333333333466e-01
4.692000000000000060e-01
4.689333333333333131e-01
4.690666666666666873e-01
4.693333333333333246e-01
4.693999999999999839e-01
4.696000000000000174e-01
4.695333333333333581e-01
4.697333333333333361e-01
4.696000000000000174e-01
4.696000000000000174e-01
4.699333333333333140e-01
4.700666666666666882e-01
4.702000000000000068e-01
4.699999999999999734e-01
4.699999999999999734e-01
4.699999999999999734e-01
4.701333333333333475e-01
4.702666666666666662e-01
4.702000000000000068e-01
4.703333333333333255e-01
4.702666666666666662e-01
4.702666666666666662e-01
4.703333333333333255e-01
4.703999999999999848e-01
4.705333333333333590e-01
4.708666666666666556e-01
4.707999999999999963e-01
4.708666666666666556e-01
4.709999999999999742e-01
4.714666666666666450e-01
4.713999999999999857e-01
4.715333333333333599e-01
4.716666666666666785e-01
4.717999999999999972e-01
4.719999999999999751e-01
4.720666666666666900e-01
4.722000000000000086e-01
4.723999999999999866e-01
4.723333333333333273e-01
4.722000000000000086e-01
4.723333333333333273e-01
4.723999999999999866e-01
4.724666666666666459e-01
4.725333333333333607e-01
4.723999999999999866e-01
4.724666666666666459e-01
4.726666666666666794e-01
4.726000000000000201e-01
4.727999999999999980e-01
4.727999999999999980e-01
4.729999999999999760e-01
4.732666666666666688e-01
4.732666666666666688e-01
4.732000000000000095e-01
4.734666666666666468e-01
4.734666666666666468e-01
4.733999999999999875e-01
4.733999999999999875e-01
4.733333333333333282e-01
4.735333333333333061e-01
4.736000000000000210e-01
4.738666666666666583e-01
4.740666666666666917e-01
4.742666666666666697e-01
4.740666666666666917e-01
4.741333333333333511e-01
4.742666666666666697e-01
4.744666666666666477e-01
4.745333333333333070e-01
4.746000000000000218e-01
4.747333333333333405e-01
4.746000000000000218e-01
4.747999999999999998e-01
4.749999999999999778e-01
4.752666666666666706e-01
4.752000000000000113e-01
4.753333333333333299e-01
4.754666666666666486e-01
4.755333333333333079e-01
4.758666666666666600e-01
4.758666666666666600e-01
4.758666666666666600e-01
4.761333333333333528e-01
4.759999999999999787e-01
4.762000000000000122e-01
4.766000000000000236e-01
4.766666666666666829e-01
4.766666666666666829e-01
4.768666666666666609e-01
4.772000000000000131e-01
4.771333333333333537e-01
4.771333333333333537e-01
4.772000000000000131e-01
4.771333333333333537e-01
4.770666666666666944e-01
4.770666666666666944e-01
4.772666666666666724e-01
4.773333333333333317e-01
4.773333333333333317e-01
4.773999999999999910e-01
4.773333333333333317e-01
4.773333333333333317e-01
4.776000000000000245e-01
4.776666666666666838e-01
4.778666666666666618e-01
4.779333333333333211e-01
4.779999999999999805e-01
4.781333333333333546e-01
4.782666666666666733e-01
4.783999999999999919e-01
4.784666666666666512e-01
4.783333333333333326e-01
4.786000000000000254e-01
4.784666666666666512e-01
4.785333333333333106e-01
4.786666666666666847e-01
4.787333333333333441e-01
4.785333333333333106e-01
4.785333333333333106e-01
4.788000000000000034e-01
4.788000000000000034e-01
4.788666666666666627e-01
4.789333333333333220e-01
4.791333333333333555e-01
4.792666666666666742e-01
4.795333333333333115e-01
4.798666666666666636e-01
4.798666666666666636e-01
4.796666666666666856e-01
4.798666666666666636e-01
4.798666666666666636e-01
4.800666666666666416e-01
4.800666666666666416e-01
4.799333333333333229e-01
4.799333333333333229e-01
