3.437333333333333352e-01
3.451333333333333475e-01
3.457333333333333369e-01
3.463999999999999857e-01
3.469333333333333158e-01
3.472000000000000086e-01
3.482000000000000095e-01
3.486000000000000210e-01
3.487999999999999989e-01
3.493333333333333290e-01
3.497333333333333405e-01
3.502000000000000113e-01
3.508000000000000007e-01
3.512666666666666715e-01
3.518000000000000016e-01
3.523333333333333317e-01
3.526666666666666838e-01
3.531333333333333546e-01
3.538000000000000034e-01
3.540666666666666407e-01
3.546666666666666856e-01
3.549333333333333229e-01
3.556666666666666865e-01
3.560666666666666424e-01
3.562000000000000166e-01
3.567333333333333467e-01
3.573333333333333361e-01
3.575999999999999734e-01
3.583333333333333370e-01
3.588000000000000078e-01
3.587333333333333485e-01
3.592000000000000193e-01
3.595999999999999752e-01
3.599333333333333274e-01
3.607333333333333503e-01
3.612000000000000210e-01
3.616666666666666918e-01
3.622666666666666813e-01
3.625333333333333186e-01
3.629333333333333300e-01
3.631333333333333080e-01
3.637333333333333529e-01
3.642666666666666830e-01
3.646666666666666390e-01
3.648000000000000131e-01
3.654000000000000026e-01
3.660666666666666513e-01
3.662000000000000255e-01
3.668000000000000149e-01
3.671333333333333115e-01
3.674666666666666637e-01
3.675333333333333230e-01
3.682000000000000273e-01
3.684666666666666646e-01
3.687333333333333574e-01
3.691333333333333133e-01
3.694666666666666655e-01
3.699333333333333362e-01
3.708000000000000185e-01
3.712666666666666893e-01
3.716666666666666452e-01
3.720666666666666567e-01
3.726666666666666461e-01
3.729999999999999982e-01
3.738000000000000211e-01
3.739333333333333398e-01
3.741999999999999771e-01
3.749333333333333407e-01
3.755999999999999894e-01
3.757333333333333081e-01
3.761999999999999789e-01
3.765333333333333310e-01
3.769333333333333425e-01
3.775999999999999912e-01
3.779333333333333433e-01
3.781999999999999806e-01
3.786666666666666514e-01
3.790666666666666629e-01
3.794000000000000150e-01
3.795999999999999930e-01
3.798666666666666858e-01
3.802666666666666417e-01
3.807333333333333125e-01
3.812666666666666426e-01
3.816666666666666541e-01
3.820666666666666655e-01
3.822666666666666435e-01
3.825333333333333363e-01
3.832666666666666444e-01
3.832666666666666444e-01
3.834666666666666779e-01
3.837333333333333152e-01
3.840666666666666673e-01
3.845999999999999974e-01
3.850000000000000089e-01
3.853333333333333610e-01
3.856666666666666576e-01
3.861333333333333284e-01
3.866666666666666585e-01
3.873333333333333073e-01
3.876000000000000001e-01
3.879333333333333522e-01
3.883333333333333082e-01
3.886666666666666603e-01
3.890000000000000124e-01
3.892666666666666497e-01
3.896666666666666612e-01
3.901999999999999913e-01
3.904000000000000248e-01
3.906000000000000028e-01
3.908666666666666401e-01
3.916000000000000036e-01
3.918666666666666409e-01
3.924000000000000266e-01
3.925333333333333452e-01
3.929333333333333567e-01
3.934666666666666868e-01
3.940000000000000169e-01
3.943333333333333135e-01
3.944666666666666877e-01
3.946000000000000063e-01
3.950000000000000178e-01
3.953999999999999737e-01
3.954666666666666885e-01
3.956000000000000072e-01
3.961333333333333373e-01
3.966000000000000081e-01
3.971999999999999975e-01
3.973333333333333162e-01
3.976666666666666683e-01
3.977333333333333276e-01
3.980000000000000204e-01
3.980666666666666798e-01
3.984666666666666912e-01
3.986000000000000099e-01
3.991333333333333400e-01
3.995333333333333514e-01
4.001333333333333409e-01
4.007999999999999896e-01
4.012666666666666604e-01
4.015333333333333532e-01
4.017999999999999905e-01
4.017333333333333312e-01
4.020000000000000240e-01
4.023999999999999799e-01
4.027333333333333321e-01
4.026666666666666727e-01
4.031333333333333435e-01
4.033999999999999808e-01
4.035333333333333550e-01
4.036000000000000143e-01
4.037999999999999923e-01
4.039333333333333109e-01
4.042000000000000037e-01
4.043999999999999817e-01
4.046000000000000152e-01
4.050000000000000266e-01
4.053999999999999826e-01
4.058666666666666534e-01
4.059333333333333127e-01
4.062666666666666648e-01
4.062000000000000055e-01
4.066666666666666763e-01
4.068666666666666543e-01
4.070666666666666877e-01
4.072666666666666657e-01
4.075333333333333585e-01
4.077999999999999958e-01
4.079999999999999738e-01
4.083999999999999853e-01
4.086666666666666781e-01
4.087999999999999967e-01
4.089333333333333154e-01
4.088666666666666560e-01
4.093999999999999861e-01
4.095333333333333603e-01
4.096000000000000196e-01
4.098666666666666569e-01
4.101333333333333497e-01
4.103333333333333277e-01
4.103999999999999870e-01
4.105333333333333057e-01
4.107999999999999985e-01
4.108666666666666578e-01
4.113999999999999879e-01
4.114666666666666472e-01
4.116000000000000214e-01
4.118666666666666587e-01
4.119999999999999774e-01
4.124666666666666481e-01
4.122000000000000108e-01
4.126000000000000223e-01
4.131333333333333524e-01
4.132666666666666710e-01
4.135333333333333083e-01
4.137333333333333418e-01
4.135333333333333083e-01
4.136666666666666825e-01
4.139333333333333198e-01
4.142000000000000126e-01
4.143999999999999906e-01
4.145333333333333092e-01
4.146666666666666834e-01
4.147333333333333427e-01
4.149999999999999800e-01
4.152666666666666728e-01
4.155333333333333101e-01
4.156666666666666843e-01
4.158000000000000029e-01
4.161333333333333551e-01
4.162666666666666737e-01
4.168666666666666631e-01
4.169999999999999818e-01
4.174666666666666526e-01
4.178000000000000047e-01
4.178000000000000047e-01
4.178666666666666640e-01
4.182666666666666755e-01
4.182666666666666755e-01
4.183999999999999941e-01
4.184666666666666535e-01
4.187333333333333463e-01
4.191333333333333577e-01
4.194666666666666544e-01
4.197333333333333472e-01
4.199333333333333251e-01
4.202666666666666773e-01
4.203999999999999959e-01
4.208000000000000074e-01
4.209333333333333260e-01
4.212666666666666782e-01
4.214666666666666561e-01
4.217333333333333489e-01
4.218666666666666676e-01
4.218666666666666676e-01
4.222000000000000197e-01
4.223999999999999977e-01
4.226666666666666905e-01
4.228000000000000091e-01
4.227333333333333498e-01
4.228000000000000091e-01
4.231333333333333058e-01
4.233333333333333393e-01
4.234666666666666579e-01
4.235999999999999766e-01
4.238666666666666694e-01
4.242000000000000215e-01
4.243999999999999995e-01
4.245333333333333181e-01
4.247333333333333516e-01
4.248666666666666702e-01
4.252666666666666817e-01
4.251333333333333075e-01
4.255999999999999783e-01
4.257333333333333525e-01
4.261333333333333084e-01
4.261333333333333084e-01
4.264666666666666606e-01
4.266666666666666941e-01
4.266666666666666941e-01
4.269333333333333313e-01
4.272000000000000242e-01
4.275333333333333208e-01
4.280666666666666509e-01
4.283333333333333437e-01
4.284666666666666623e-01
4.285999999999999810e-01
4.290666666666666518e-01
4.289333333333333331e-01
4.289999999999999925e-01
4.292000000000000259e-01
4.294666666666666632e-01
4.296666666666666412e-01
4.297333333333333560e-01
4.298000000000000154e-01
4.299999999999999933e-01
4.304000000000000048e-01
4.305333333333333234e-01
4.308000000000000163e-01
4.311333333333333129e-01
4.312000000000000277e-01
4.315999999999999837e-01
4.318000000000000171e-01
4.319333333333333358e-01
4.321333333333333138e-01
4.321999999999999731e-01
4.323333333333333472e-01
4.323333333333333472e-01
4.328000000000000180e-01
4.329999999999999960e-01
4.330666666666666553e-01
4.329999999999999960e-01
4.331333333333333147e-01
4.330666666666666553e-01
4.334000000000000075e-01
4.335999999999999854e-01
4.336666666666666448e-01
4.337333333333333596e-01
4.338000000000000189e-01
4.338000000000000189e-01
4.340666666666666562e-01
4.344000000000000083e-01
4.347333333333333605e-01
4.349333333333333385e-01
4.350666666666666571e-01
4.353333333333333499e-01
4.354666666666666686e-01
4.357333333333333059e-01
4.358000000000000207e-01
4.360666666666666580e-01
4.361999999999999766e-01
4.363333333333333508e-01
4.365333333333333288e-01
4.369333333333333402e-01
4.371999999999999775e-01
4.371333333333333182e-01
4.373333333333333517e-01
4.374666666666666703e-01
4.374666666666666703e-01
4.375999999999999890e-01
4.378666666666666818e-01
4.383333333333333526e-01
4.385333333333333306e-01
4.386666666666666492e-01
4.387333333333333085e-01
4.386666666666666492e-01
4.386666666666666492e-01
4.388000000000000234e-01
4.388666666666666827e-01
4.391999999999999793e-01
4.394000000000000128e-01
4.392666666666666941e-01
4.397333333333333094e-01
4.397333333333333094e-01
4.400000000000000022e-01
4.399333333333333429e-01
4.402666666666666395e-01
4.406666666666666510e-01
4.410000000000000031e-01
4.409333333333333438e-01
4.409333333333333438e-01
4.411999999999999811e-01
4.414666666666666739e-01
4.416666666666666519e-01
4.418000000000000260e-01
4.419333333333333447e-01
4.421333333333333226e-01
4.421999999999999820e-01
4.424666666666666748e-01
4.428000000000000269e-01
4.427333333333333121e-01
4.430000000000000049e-01
4.430666666666666642e-01
4.433333333333333570e-01
4.435999999999999943e-01
4.440666666666666651e-01
4.441999999999999837e-01
4.441999999999999837e-01
4.444000000000000172e-01
4.444666666666666766e-01
4.445333333333333359e-01
4.446666666666666545e-01
4.451333333333333253e-01
4.451999999999999846e-01
4.454000000000000181e-01
4.455999999999999961e-01
4.457999999999999741e-01
4.461333333333333262e-01
4.460666666666666669e-01
4.461999999999999855e-01
4.463333333333333597e-01
4.463333333333333597e-01
4.464000000000000190e-01
4.468666666666666898e-01
4.471999999999999864e-01
4.473333333333333606e-01
4.474000000000000199e-01
4.475333333333333385e-01
4.479333333333333500e-01
4.479333333333333500e-01
4.480666666666666687e-01
4.477999999999999758e-01
4.480666666666666687e-01
4.482666666666666466e-01
4.485333333333333394e-01
4.485999999999999988e-01
4.486666666666666581e-01
4.489333333333333509e-01
4.489333333333333509e-01
4.487999999999999767e-01
4.488666666666666916e-01
4.488666666666666916e-01
4.487999999999999767e-01
4.488666666666666916e-01
4.491333333333333289e-01
4.492666666666666475e-01
4.493333333333333068e-01
4.491333333333333289e-01
4.494000000000000217e-01
4.495333333333333403e-01
4.494000000000000217e-01
4.495999999999999996e-01
4.494666666666666810e-01
4.496666666666666590e-01
4.500666666666666704e-01
4.500666666666666704e-01
4.501333333333333298e-01
4.503333333333333077e-01
4.504000000000000226e-01
4.504000000000000226e-01
4.504666666666666819e-01
4.505333333333333412e-01
4.510000000000000120e-01
4.511999999999999900e-01
4.511999999999999900e-01
4.515333333333333421e-01
4.516000000000000014e-01
4.516000000000000014e-01
4.517333333333333201e-01
4.519333333333333536e-01
4.520000000000000129e-01
4.520666666666666722e-01
4.521333333333333315e-01
4.521333333333333315e-01
4.521999999999999909e-01
4.525333333333333430e-01
4.524000000000000243e-01
4.525333333333333430e-01
4.524666666666666837e-01
4.526666666666666616e-01
4.526666666666666616e-01
4.528666666666666396e-01
4.530000000000000138e-01
4.530666666666666731e-01
4.533333333333333104e-01
4.533333333333333104e-01
4.534666666666666845e-01
4.534000000000000252e-01
4.536000000000000032e-01
4.537333333333333218e-01
4.536666666666666625e-01
4.538666666666666405e-01
4.537999999999999812e-01
4.540000000000000147e-01
4.540000000000000147e-01
4.541333333333333333e-01
4.543333333333333113e-01
4.544000000000000261e-01
4.545333333333333448e-01
4.544666666666666854e-01
4.547333333333333227e-01
4.547999999999999821e-01
4.548666666666666414e-01
4.549333333333333562e-01
4.549333333333333562e-01
4.550666666666666749e-01
4.554666666666666863e-01
4.555333333333333456e-01
4.556000000000000050e-01
4.552666666666666528e-01
4.556666666666666643e-01
4.558666666666666423e-01
4.560000000000000164e-01
4.561333333333333351e-01
4.563999999999999724e-01
4.566000000000000059e-01
4.567999999999999838e-01
4.570000000000000173e-01
4.571333333333333360e-01
4.572666666666666546e-01
4.573999999999999733e-01
4.576000000000000068e-01
4.573333333333333139e-01
4.576666666666666661e-01
4.578666666666666440e-01
4.579333333333333589e-01
4.580666666666666775e-01
4.580000000000000182e-01
4.580666666666666775e-01
4.583333333333333148e-01
4.585333333333333483e-01
4.586666666666666670e-01
4.587333333333333263e-01
4.587999999999999856e-01
4.587999999999999856e-01
4.591999999999999971e-01
4.594666666666666899e-01
4.594666666666666899e-01
4.594666666666666899e-01
4.597333333333333272e-01
4.599333333333333607e-01
4.600666666666666793e-01
4.601333333333333386e-01
4.600666666666666793e-01
4.603333333333333166e-01
4.603999999999999759e-01
4.605333333333333501e-01
4.606000000000000094e-01
4.606666666666666687e-01
4.606666666666666687e-01
4.610000000000000209e-01
4.613999999999999768e-01
4.614666666666666917e-01
4.611333333333333395e-01
4.612666666666666582e-01
4.611999999999999988e-01
4.611999999999999988e-01
4.613999999999999768e-01
4.617999999999999883e-01
4.619333333333333069e-01
4.617999999999999883e-01
4.621999999999999997e-01
4.622666666666666591e-01
4.623999999999999777e-01
4.624666666666666925e-01
4.625333333333333519e-01
4.625333333333333519e-01
4.628666666666666485e-01
4.630000000000000226e-01
4.630000000000000226e-01
4.630666666666666820e-01
4.631333333333333413e-01
4.633999999999999786e-01
4.633333333333333193e-01
4.636666666666666714e-01
4.632666666666666599e-01
4.639333333333333087e-01
4.640000000000000235e-01
4.640000000000000235e-01
4.642000000000000015e-01
4.642666666666666608e-01
4.643999999999999795e-01
4.642666666666666608e-01
4.644666666666666943e-01
4.642666666666666608e-01
4.643333333333333202e-01
4.643999999999999795e-01
4.646666666666666723e-01
4.647333333333333316e-01
4.647333333333333316e-01
4.647333333333333316e-01
4.648666666666666503e-01
4.650000000000000244e-01
4.649333333333333096e-01
4.650666666666666837e-01
4.651333333333333431e-01
4.651333333333333431e-01
4.651333333333333431e-01
4.652666666666666617e-01
4.653999999999999804e-01
4.654666666666666397e-01
4.656000000000000139e-01
4.657333333333333325e-01
4.660000000000000253e-01
4.657333333333333325e-01
4.657999999999999918e-01
4.658666666666666512e-01
4.660000000000000253e-01
4.659333333333333105e-01
4.662000000000000033e-01
4.662000000000000033e-01
4.663999999999999813e-01
4.667999999999999927e-01
4.667999999999999927e-01
4.667333333333333334e-01
4.667333333333333334e-01
4.669333333333333114e-01
4.671333333333333449e-01
4.672000000000000042e-01
4.669333333333333114e-01
4.670666666666666855e-01
4.670666666666666855e-01
4.672000000000000042e-01
4.672666666666666635e-01
4.676000000000000156e-01
4.678666666666666529e-01
4.680000000000000271e-01
4.681333333333333457e-01
4.682000000000000051e-01
4.680666666666666864e-01
4.682666666666666644e-01
4.683333333333333237e-01
4.686000000000000165e-01
4.686666666666666758e-01
4.687333333333333352e-01
4.686666666666666758e-01
4.687999999999999945e-01
4.687333333333333352e-01
4.689333333333333131e-01
4.689999999999999725e-01
4.691333333333333466e-01
4.687999999999999945e-01
4.689999999999999725e-01
4.693333333333333246e-01
4.693333333333333246e-01
4.696000000000000174e-01
4.695333333333333581e-01
4.696000000000000174e-01
4.698666666666666547e-01
4.697333333333333361e-01
4.699333333333333140e-01
4.697999999999999954e-01
4.700666666666666882e-01
4.702000000000000068e-01
4.701333333333333475e-01
4.701333333333333475e-01
4.703999999999999848e-01
4.703999999999999848e-01
4.702000000000000068e-01
4.703333333333333255e-01
4.703999999999999848e-01
4.702666666666666662e-01
4.703333333333333255e-01
4.704666666666666441e-01
4.706000000000000183e-01
4.707999999999999963e-01
4.709999999999999742e-01
4.708666666666666556e-01
4.710666666666666891e-01
4.711333333333333484e-01
4.713999999999999857e-01
4.715333333333333599e-01
4.717999999999999972e-01
4.719333333333333158e-01
4.719333333333333158e-01
4.718666666666666565e-01
4.719999999999999751e-01
4.722000000000000086e-01
4.722666666666666679e-01
4.722000000000000086e-01
4.723333333333333273e-01
4.721333333333333493e-01
4.723333333333333273e-01
4.723999999999999866e-01
4.724666666666666459e-01
4.723333333333333273e-01
4.722666666666666679e-01
4.723999999999999866e-01
4.725333333333333607e-01
4.724666666666666459e-01
4.727333333333333387e-01
4.727999999999999980e-01
4.732666666666666688e-01
4.733333333333333282e-01
4.733999999999999875e-01
4.733333333333333282e-01
4.733333333333333282e-01
4.732666666666666688e-01
4.733999999999999875e-01
4.733333333333333282e-01
4.735333333333333061e-01
4.736666666666666803e-01
4.737999999999999989e-01
4.738666666666666583e-01
4.739333333333333176e-01
4.739999999999999769e-01
4.739999999999999769e-01
4.738666666666666583e-01
4.742666666666666697e-01
4.746000000000000218e-01
4.747333333333333405e-01
4.746666666666666812e-01
4.746666666666666812e-01
4.747333333333333405e-01
4.748666666666666591e-01
4.748666666666666591e-01
4.751333333333333520e-01
4.752666666666666706e-01
4.753333333333333299e-01
4.756666666666666821e-01
4.757333333333333414e-01
4.756666666666666821e-01
4.759333333333333194e-01
4.761333333333333528e-01
4.763999999999999901e-01
4.764666666666666495e-01
4.765333333333333088e-01
4.766000000000000236e-01
4.766666666666666829e-01
4.766666666666666829e-01
4.767333333333333423e-01
4.772666666666666724e-01
4.771333333333333537e-01
4.771333333333333537e-01
4.772666666666666724e-01
4.772000000000000131e-01
4.772000000000000131e-01
4.773999999999999910e-01
4.772666666666666724e-01
4.773333333333333317e-01
4.773999999999999910e-01
4.774666666666666504e-01
4.776666666666666838e-01
4.776666666666666838e-01
4.778000000000000025e-01
4.779999999999999805e-01
4.780666666666666398e-01
4.779333333333333211e-01
4.780666666666666398e-01
4.781333333333333546e-01
4.783333333333333326e-01
4.783999999999999919e-01
4.785333333333333106e-01
4.786000000000000254e-01
4.785333333333333106e-01
4.783999999999999919e-01
4.784666666666666512e-01
4.786666666666666847e-01
4.786666666666666847e-01
4.786000000000000254e-01
4.784666666666666512e-01
4.786666666666666847e-01
4.787333333333333441e-01
4.787333333333333441e-01
4.791333333333333555e-01
4.792000000000000148e-01
4.792666666666666742e-01
4.794666666666666521e-01
4.796666666666666856e-01
4.796666666666666856e-01
4.800666666666666416e-01
4.798666666666666636e-01
4.799333333333333229e-01
4.797333333333333449e-01
4.799999999999999822e-01
4.801333333333333564e-01
4.802000000000000157e-01
4.801333333333333564e-01
4.802000000000000157e-01
4.801333333333333564e-01
