2.388666666666666716e-01
2.434666666666666646e-01
2.476666666666666738e-01
2.515999999999999903e-01
2.554000000000000159e-01
2.597999999999999754e-01
2.639333333333333531e-01
2.679333333333333567e-01
2.701999999999999957e-01
2.729333333333333056e-01
2.757999999999999896e-01
2.786666666666666736e-01
2.816666666666666763e-01
2.843999999999999861e-01
2.862666666666666693e-01
2.884666666666666490e-01
2.903333333333333321e-01
2.917333333333333445e-01
2.939999999999999836e-01
2.959999999999999853e-01
2.979999999999999871e-01
3.002000000000000224e-01
3.016666666666666941e-01
3.029999999999999916e-01
3.047333333333333560e-01
3.062666666666666870e-01
3.084000000000000075e-01
3.098000000000000198e-01
3.114000000000000101e-01
3.124000000000000110e-01
3.135999999999999899e-01
3.151999999999999802e-01
3.162666666666666404e-01
3.171333333333333226e-01
3.186666666666666536e-01
3.201333333333333253e-01
3.212666666666666448e-01
3.224666666666666792e-01
3.234666666666666801e-01
3.246666666666666590e-01
3.254000000000000226e-01
3.265333333333333421e-01
3.279333333333333544e-01
3.287999999999999812e-01
3.300666666666666749e-01
3.312666666666666537e-01
3.321999999999999953e-01
3.326000000000000068e-01
3.336666666666666670e-01
3.345333333333333492e-01
3.352666666666666573e-01
3.362666666666666582e-01
3.369333333333333069e-01
3.372666666666666591e-01
3.382000000000000006e-01
3.387999999999999901e-01
3.397999999999999909e-01
3.408666666666666512e-01
3.419333333333333114e-01
3.427333333333333343e-01
3.438666666666666538e-01
3.446666666666666767e-01
3.459333333333333149e-01
3.465333333333333599e-01
3.467999999999999972e-01
3.475333333333333607e-01
3.483333333333333282e-01
3.487999999999999989e-01
3.494666666666666477e-01
3.503999999999999893e-01
3.506000000000000227e-01
3.515333333333333088e-01
3.521333333333333537e-01
3.526000000000000245e-01
3.533999999999999919e-01
3.540666666666666407e-01
3.545333333333333115e-01
3.549999999999999822e-01
3.556000000000000272e-01
3.560666666666666424e-01
3.565333333333333132e-01
3.570666666666666433e-01
3.573999999999999955e-01
3.578000000000000069e-01
3.581333333333333591e-01
3.583999999999999964e-01
3.593333333333333379e-01
3.601333333333333608e-01
3.607333333333333503e-01
3.613999999999999990e-01
3.615333333333333177e-01
3.622000000000000219e-01
3.625999999999999779e-01
3.629999999999999893e-01
3.638000000000000123e-01
3.641333333333333089e-01
3.642666666666666830e-01
3.649333333333333318e-01
3.654666666666666619e-01
3.664000000000000035e-01
3.664666666666666628e-01
3.669333333333333336e-01
3.675333333333333230e-01
3.681333333333333124e-01
3.689999999999999947e-01
3.694666666666666655e-01
3.698666666666666769e-01
3.702666666666666884e-01
3.705999999999999850e-01
3.713333333333333486e-01
3.721333333333333160e-01
3.724000000000000088e-01
3.724000000000000088e-01
3.734000000000000097e-01
3.734666666666666690e-01
3.738666666666666805e-01
3.742666666666666919e-01
3.745333333333333292e-01
3.750666666666666593e-01
3.757333333333333081e-01
3.764000000000000123e-01
3.770666666666666611e-01
3.773333333333333539e-01
3.774000000000000132e-01
3.776666666666666505e-01
3.779333333333333433e-01
3.780000000000000027e-01
3.785333333333333328e-01
3.789333333333333442e-01
3.794000000000000150e-01
3.798666666666666858e-01
3.804000000000000159e-01
3.809333333333333460e-01
3.814000000000000168e-01
3.815333333333333354e-01
3.820000000000000062e-01
3.821333333333333249e-01
3.826666666666666550e-01
3.829333333333333478e-01
3.835999999999999965e-01
3.840666666666666673e-01
3.842666666666666453e-01
3.844666666666666788e-01
3.850666666666666682e-01
3.852666666666666462e-01
3.855999999999999983e-01
3.855999999999999983e-01
3.858666666666666911e-01
3.861333333333333284e-01
3.865999999999999992e-01
3.868666666666666920e-01
3.872666666666666480e-01
3.875333333333333408e-01
3.878666666666666929e-01
3.883333333333333082e-01
3.887333333333333196e-01
3.891999999999999904e-01
3.896000000000000019e-01
3.901333333333333320e-01
3.904666666666666841e-01
3.908666666666666401e-01
3.912666666666666515e-01
3.916000000000000036e-01
3.920666666666666744e-01
3.923333333333333117e-01
3.923333333333333117e-01
3.924666666666666859e-01
3.926666666666666639e-01
3.926666666666666639e-01
3.931999999999999940e-01
3.934000000000000274e-01
3.940000000000000169e-01
3.941999999999999948e-01
3.943333333333333135e-01
3.943999999999999728e-01
3.951999999999999957e-01
3.956000000000000072e-01
3.963333333333333153e-01
3.966000000000000081e-01
3.966666666666666674e-01
3.971333333333333382e-01
3.974666666666666903e-01
3.982666666666666577e-01
3.984666666666666912e-01
3.987333333333333285e-01
3.990000000000000213e-01
3.990666666666666806e-01
3.996000000000000107e-01
3.998666666666666480e-01
3.997999999999999887e-01
4.002000000000000002e-01
4.003333333333333188e-01
4.008666666666666489e-01
4.012666666666666604e-01
4.015333333333333532e-01
4.017333333333333312e-01
4.022666666666666613e-01
4.027999999999999914e-01
4.030000000000000249e-01
4.035333333333333550e-01
4.039333333333333109e-01
4.040000000000000258e-01
4.043333333333333224e-01
4.046666666666666745e-01
4.048666666666666525e-01
4.051333333333333453e-01
4.051333333333333453e-01
4.050000000000000266e-01
4.056000000000000161e-01
4.060000000000000275e-01
4.062666666666666648e-01
4.067333333333333356e-01
4.067999999999999949e-01
4.067333333333333356e-01
4.072000000000000064e-01
4.071333333333333471e-01
4.070666666666666877e-01
4.073999999999999844e-01
4.073999999999999844e-01
4.073999999999999844e-01
4.077999999999999958e-01
4.078666666666666551e-01
4.084666666666666446e-01
4.086666666666666781e-01
4.087999999999999967e-01
4.089333333333333154e-01
4.089999999999999747e-01
4.094666666666666455e-01
4.097333333333333383e-01
4.099999999999999756e-01
4.103333333333333277e-01
4.100666666666666904e-01
4.103333333333333277e-01
4.103333333333333277e-01
4.103999999999999870e-01
4.106000000000000205e-01
4.107333333333333392e-01
4.109333333333333171e-01
4.112000000000000099e-01
4.116000000000000214e-01
4.117999999999999994e-01
4.119999999999999774e-01
4.120666666666666922e-01
4.121333333333333515e-01
4.124666666666666481e-01
4.128000000000000003e-01
4.128666666666666596e-01
4.131333333333333524e-01
4.132666666666666710e-01
4.137333333333333418e-01
4.142000000000000126e-01
4.145333333333333092e-01
4.147333333333333427e-01
4.147333333333333427e-01
4.150666666666666393e-01
4.153333333333333321e-01
4.151333333333333542e-01
4.153999999999999915e-01
4.153333333333333321e-01
4.153999999999999915e-01
4.154666666666666508e-01
4.157333333333333436e-01
4.158666666666666623e-01
4.158666666666666623e-01
4.163333333333333330e-01
4.164666666666666517e-01
4.165333333333333110e-01
4.166666666666666852e-01
4.171333333333333560e-01
4.175333333333333119e-01
4.179999999999999827e-01
4.182000000000000162e-01
4.185333333333333128e-01
4.185333333333333128e-01
4.188666666666666649e-01
4.189999999999999836e-01
4.189999999999999836e-01
4.190666666666666429e-01
4.193999999999999950e-01
4.195999999999999730e-01
4.198666666666666658e-01
4.200666666666666438e-01
4.201333333333333586e-01
4.202666666666666773e-01
4.205333333333333146e-01
4.208000000000000074e-01
4.209333333333333260e-01
4.208000000000000074e-01
4.209999999999999853e-01
4.212666666666666782e-01
4.213333333333333375e-01
4.216666666666666896e-01
4.219999999999999862e-01
4.222000000000000197e-01
4.223333333333333384e-01
4.227333333333333498e-01
4.230666666666666464e-01
4.232666666666666799e-01
4.234666666666666579e-01
4.238000000000000100e-01
4.237333333333333507e-01
4.238000000000000100e-01
4.239333333333333287e-01
4.243333333333333401e-01
4.243999999999999995e-01
4.248666666666666702e-01
4.254000000000000004e-01
4.255333333333333190e-01
4.255333333333333190e-01
4.256666666666666932e-01
4.259333333333333305e-01
4.259333333333333305e-01
4.260666666666666491e-01
4.263333333333333419e-01
4.264000000000000012e-01
4.265999999999999792e-01
4.264666666666666606e-01
4.268666666666666720e-01
4.272000000000000242e-01
4.274000000000000021e-01
4.274666666666666615e-01
4.276666666666666394e-01
4.279999999999999916e-01
4.282666666666666844e-01
4.281333333333333102e-01
4.282000000000000250e-01
4.283333333333333437e-01
4.283333333333333437e-01
4.280666666666666509e-01
4.284666666666666623e-01
4.286666666666666403e-01
4.288666666666666738e-01
4.289999999999999925e-01
4.292000000000000259e-01
4.292666666666666853e-01
4.297333333333333560e-01
4.296666666666666412e-01
4.304000000000000048e-01
4.307333333333333569e-01
4.311333333333333129e-01
4.311333333333333129e-01
4.314666666666666650e-01
4.315999999999999837e-01
4.317333333333333578e-01
4.318000000000000171e-01
4.319333333333333358e-01
4.321333333333333138e-01
4.322666666666666879e-01
4.325333333333333252e-01
4.327333333333333587e-01
4.328000000000000180e-01
4.329999999999999960e-01
4.331999999999999740e-01
4.333333333333333481e-01
4.334000000000000075e-01
4.335333333333333261e-01
4.336666666666666448e-01
4.339333333333333376e-01
4.341999999999999749e-01
4.342666666666666897e-01
4.344000000000000083e-01
4.349999999999999978e-01
4.353333333333333499e-01
4.354000000000000092e-01
4.355333333333333279e-01
4.359333333333333393e-01
4.361333333333333173e-01
4.363333333333333508e-01
4.361999999999999766e-01
4.362666666666666915e-01
4.363333333333333508e-01
4.365999999999999881e-01
4.368000000000000216e-01
4.367333333333333067e-01
4.369333333333333402e-01
4.368666666666666809e-01
4.374000000000000110e-01
4.378000000000000225e-01
4.378000000000000225e-01
4.381999999999999784e-01
4.386666666666666492e-01
4.385333333333333306e-01
4.390000000000000013e-01
4.390666666666666607e-01
4.391333333333333200e-01
4.394666666666666721e-01
4.398000000000000242e-01
4.396666666666666501e-01
4.395999999999999908e-01
4.395333333333333314e-01
4.395333333333333314e-01
4.396666666666666501e-01
4.398000000000000242e-01
4.401999999999999802e-01
4.404000000000000137e-01
4.405999999999999917e-01
4.405999999999999917e-01
4.409333333333333438e-01
4.411999999999999811e-01
4.416666666666666519e-01
4.416666666666666519e-01
4.419333333333333447e-01
4.421333333333333226e-01
4.420666666666666633e-01
4.423333333333333561e-01
4.425999999999999934e-01
4.428666666666666862e-01
4.431999999999999829e-01
4.432666666666666422e-01
4.432666666666666422e-01
4.434000000000000163e-01
4.441333333333333244e-01
4.440666666666666651e-01
4.441333333333333244e-01
4.441999999999999837e-01
4.442666666666666431e-01
4.444666666666666766e-01
4.448666666666666880e-01
4.448666666666666880e-01
4.448666666666666880e-01
4.449333333333333473e-01
4.448666666666666880e-01
4.448666666666666880e-01
4.452666666666666440e-01
4.452666666666666440e-01
4.451999999999999846e-01
4.453333333333333588e-01
4.454000000000000181e-01
4.457999999999999741e-01
4.460000000000000075e-01
4.457999999999999741e-01
4.459333333333333482e-01
4.458666666666666889e-01
4.461333333333333262e-01
4.463333333333333597e-01
4.466666666666666563e-01
4.468666666666666898e-01
4.469333333333333491e-01
4.473333333333333606e-01
4.472666666666666457e-01
4.471333333333333271e-01
4.472666666666666457e-01
4.474666666666666792e-01
4.474000000000000199e-01
4.472666666666666457e-01
4.473333333333333606e-01
4.474666666666666792e-01
4.475999999999999979e-01
4.476666666666666572e-01
4.481333333333333280e-01
4.481333333333333280e-01
4.484000000000000208e-01
4.484666666666666801e-01
4.488666666666666916e-01
4.490666666666666695e-01
4.491999999999999882e-01
4.491999999999999882e-01
4.488666666666666916e-01
4.492666666666666475e-01
4.491999999999999882e-01
4.492666666666666475e-01
4.493333333333333068e-01
4.494666666666666810e-01
4.496666666666666590e-01
4.496666666666666590e-01
4.499333333333333518e-01
4.499333333333333518e-01
4.497999999999999776e-01
4.499333333333333518e-01
4.500000000000000111e-01
4.502666666666666484e-01
4.504666666666666819e-01
4.505333333333333412e-01
4.505333333333333412e-01
4.506000000000000005e-01
4.506000000000000005e-01
4.506000000000000005e-01
4.506000000000000005e-01
4.507333333333333192e-01
4.509333333333333527e-01
4.511333333333333306e-01
4.516000000000000014e-01
4.517999999999999794e-01
4.517999999999999794e-01
4.520666666666666722e-01
4.519333333333333536e-01
4.516666666666666607e-01
4.520000000000000129e-01
4.520666666666666722e-01
4.519333333333333536e-01
4.520000000000000129e-01
4.521999999999999909e-01
4.523333333333333095e-01
4.524666666666666837e-01
4.525333333333333430e-01
4.527333333333333210e-01
4.527999999999999803e-01
4.531333333333333324e-01
4.530666666666666731e-01
4.534000000000000252e-01
4.535333333333333439e-01
4.537999999999999812e-01
4.538666666666666405e-01
4.541333333333333333e-01
4.541333333333333333e-01
4.540666666666666740e-01
4.543333333333333113e-01
4.542666666666666520e-01
4.543333333333333113e-01
4.541999999999999926e-01
4.541999999999999926e-01
4.540666666666666740e-01
4.541333333333333333e-01
4.541333333333333333e-01
4.545333333333333448e-01
4.547999999999999821e-01
4.549333333333333562e-01
4.552666666666666528e-01
4.551999999999999935e-01
4.550666666666666749e-01
4.551999999999999935e-01
4.552666666666666528e-01
4.554000000000000270e-01
4.559333333333333571e-01
4.561333333333333351e-01
4.561999999999999944e-01
4.560666666666666758e-01
4.565333333333333465e-01
4.567999999999999838e-01
4.570000000000000173e-01
4.570666666666666766e-01
4.572666666666666546e-01
4.572666666666666546e-01
4.575333333333333474e-01
4.576666666666666661e-01
4.575333333333333474e-01
4.576000000000000068e-01
4.576666666666666661e-01
4.576666666666666661e-01
4.578666666666666440e-01
4.580666666666666775e-01
4.580000000000000182e-01
4.580666666666666775e-01
4.582666666666666555e-01
4.583333333333333148e-01
4.583999999999999742e-01
4.581999999999999962e-01
4.581999999999999962e-01
4.582666666666666555e-01
4.587333333333333263e-01
4.587999999999999856e-01
4.588666666666666449e-01
4.589333333333333598e-01
4.591333333333333377e-01
4.591999999999999971e-01
4.597333333333333272e-01
4.599333333333333607e-01
4.599333333333333607e-01
4.598666666666666458e-01
4.600666666666666793e-01
4.601999999999999980e-01
4.603999999999999759e-01
4.605333333333333501e-01
4.606000000000000094e-01
4.607999999999999874e-01
4.607333333333333281e-01
4.607999999999999874e-01
4.608666666666666467e-01
4.610000000000000209e-01
4.610000000000000209e-01
4.607999999999999874e-01
4.613333333333333175e-01
4.613333333333333175e-01
4.613999999999999768e-01
4.616666666666666696e-01
4.618666666666666476e-01
4.616666666666666696e-01
4.619333333333333069e-01
4.620666666666666811e-01
4.621333333333333404e-01
4.620666666666666811e-01
4.621333333333333404e-01
4.622666666666666591e-01
4.624666666666666925e-01
4.623333333333333184e-01
4.626000000000000112e-01
4.628666666666666485e-01
4.629333333333333078e-01
4.627333333333333298e-01
4.629333333333333078e-01
4.630666666666666820e-01
4.631333333333333413e-01
4.630666666666666820e-01
4.632666666666666599e-01
4.632666666666666599e-01
4.632000000000000006e-01
4.633333333333333193e-01
4.633333333333333193e-01
4.633999999999999786e-01
4.634666666666666934e-01
4.635333333333333528e-01
4.637333333333333307e-01
4.637333333333333307e-01
4.640000000000000235e-01
4.639333333333333087e-01
4.639333333333333087e-01
4.640000000000000235e-01
4.638666666666666494e-01
4.642666666666666608e-01
4.643999999999999795e-01
4.644666666666666943e-01
4.646000000000000130e-01
4.646666666666666723e-01
4.644666666666666943e-01
4.643333333333333202e-01
4.642666666666666608e-01
4.646666666666666723e-01
4.647333333333333316e-01
4.646666666666666723e-01
4.647999999999999909e-01
4.649333333333333096e-01
4.652000000000000024e-01
4.654666666666666397e-01
4.653333333333333210e-01
4.654666666666666397e-01
4.656000000000000139e-01
4.656666666666666732e-01
4.657333333333333325e-01
4.657333333333333325e-01
4.656666666666666732e-01
4.656666666666666732e-01
4.657333333333333325e-01
4.660000000000000253e-01
4.661333333333333440e-01
4.662000000000000033e-01
4.660666666666666846e-01
4.661333333333333440e-01
4.659333333333333105e-01
4.657999999999999918e-01
4.655333333333333545e-01
4.656000000000000139e-01
4.656000000000000139e-01
4.655333333333333545e-01
4.657333333333333325e-01
4.657999999999999918e-01
4.657999999999999918e-01
4.660000000000000253e-01
4.660000000000000253e-01
4.660666666666666846e-01
4.661333333333333440e-01
4.664666666666666406e-01
4.662000000000000033e-01
4.666000000000000147e-01
4.665333333333333554e-01
4.664666666666666406e-01
4.664666666666666406e-01
4.666000000000000147e-01
4.664666666666666406e-01
4.666000000000000147e-01
4.668666666666666520e-01
4.672666666666666635e-01
4.675333333333333563e-01
4.676666666666666750e-01
4.676666666666666750e-01
4.677333333333333343e-01
4.680666666666666864e-01
4.680666666666666864e-01
4.679333333333333123e-01
4.677999999999999936e-01
4.677333333333333343e-01
4.677999999999999936e-01
4.679333333333333123e-01
4.682666666666666644e-01
4.683333333333333237e-01
4.683333333333333237e-01
4.682000000000000051e-01
4.682000000000000051e-01
4.682666666666666644e-01
4.682000000000000051e-01
4.684666666666666424e-01
4.686666666666666758e-01
4.683333333333333237e-01
4.687333333333333352e-01
4.685333333333333572e-01
4.687333333333333352e-01
4.687999999999999945e-01
4.687999999999999945e-01
4.690666666666666873e-01
4.689333333333333131e-01
4.690666666666666873e-01
4.688666666666666538e-01
4.689333333333333131e-01
4.692666666666666653e-01
4.692666666666666653e-01
4.695333333333333581e-01
4.697999999999999954e-01
4.699333333333333140e-01
4.700666666666666882e-01
4.697999999999999954e-01
4.696666666666666767e-01
4.699999999999999734e-01
4.700666666666666882e-01
4.702000000000000068e-01
4.703333333333333255e-01
4.703333333333333255e-01
4.703999999999999848e-01
4.707333333333333369e-01
4.705333333333333590e-01
4.706666666666666776e-01
4.705333333333333590e-01
4.706000000000000183e-01
4.707333333333333369e-01
4.706666666666666776e-01
4.707999999999999963e-01
4.709999999999999742e-01
4.709333333333333149e-01
4.710666666666666891e-01
4.712000000000000077e-01
4.715333333333333599e-01
4.717999999999999972e-01
4.716666666666666785e-01
4.714666666666666450e-01
4.714666666666666450e-01
4.716666666666666785e-01
4.716666666666666785e-01
4.718666666666666565e-01
4.719333333333333158e-01
4.719999999999999751e-01
4.722000000000000086e-01
4.723333333333333273e-01
