3.523333333333333317e-01
3.533333333333333326e-01
3.541333333333333555e-01
3.544666666666666521e-01
3.546666666666666856e-01
3.551333333333333564e-01
3.554666666666666530e-01
3.558666666666666645e-01
3.563999999999999946e-01
3.567333333333333467e-01
3.568666666666666654e-01
3.575333333333333141e-01
3.577333333333333476e-01
3.576666666666666883e-01
3.582666666666666777e-01
3.586666666666666892e-01
3.589999999999999858e-01
3.595333333333333159e-01
3.599999999999999867e-01
3.603333333333333388e-01
3.607333333333333503e-01
3.613333333333333397e-01
3.618000000000000105e-01
3.623333333333333406e-01
3.628000000000000114e-01
3.630666666666666487e-01
3.634000000000000008e-01
3.639999999999999902e-01
3.644000000000000017e-01
3.645999999999999797e-01
3.647333333333333538e-01
3.652666666666666839e-01
3.657333333333333547e-01
3.659999999999999920e-01
3.665333333333333221e-01
3.666666666666666408e-01
3.669333333333333336e-01
3.674666666666666637e-01
3.677333333333333565e-01
3.682000000000000273e-01
3.683333333333333459e-01
3.687333333333333574e-01
3.692666666666666875e-01
3.697333333333333583e-01
3.702666666666666884e-01
3.706666666666666443e-01
3.712666666666666893e-01
3.715999999999999859e-01
3.718666666666666787e-01
3.722666666666666901e-01
3.728666666666666796e-01
3.735333333333333283e-01
3.741333333333333178e-01
3.745333333333333292e-01
3.745999999999999885e-01
3.751333333333333186e-01
3.756666666666666488e-01
3.759333333333333416e-01
3.762666666666666937e-01
3.768666666666666831e-01
3.772666666666666391e-01
3.775333333333333319e-01
3.779333333333333433e-01
3.782666666666666400e-01
3.785999999999999921e-01
3.790000000000000036e-01
3.793333333333333557e-01
3.795999999999999930e-01
3.799333333333333451e-01
3.801333333333333231e-01
3.805999999999999939e-01
3.811333333333333240e-01
3.814666666666666761e-01
3.819333333333333469e-01
3.819333333333333469e-01
3.822666666666666435e-01
3.827999999999999736e-01
3.827999999999999736e-01
3.831333333333333258e-01
3.835333333333333372e-01
3.840000000000000080e-01
3.844000000000000195e-01
3.847999999999999754e-01
3.854666666666666797e-01
3.856666666666666576e-01
3.860666666666666691e-01
3.862666666666666471e-01
3.867999999999999772e-01
3.877333333333333187e-01
3.880000000000000115e-01
3.881333333333333302e-01
3.884000000000000230e-01
3.887333333333333196e-01
3.891333333333333311e-01
3.894666666666666832e-01
3.900000000000000133e-01
3.904666666666666841e-01
3.907333333333333214e-01
3.909333333333333549e-01
3.914000000000000257e-01
3.917999999999999816e-01
3.920666666666666744e-01
3.923333333333333117e-01
3.927333333333333232e-01
3.930000000000000160e-01
3.935333333333333461e-01
3.940666666666666762e-01
3.942666666666666542e-01
3.945333333333333470e-01
3.946000000000000063e-01
3.951333333333333364e-01
3.952666666666666551e-01
3.954666666666666885e-01
3.955333333333333479e-01
3.959333333333333593e-01
3.963333333333333153e-01
3.970000000000000195e-01
3.974666666666666903e-01
3.978666666666666463e-01
3.981999999999999984e-01
3.983999999999999764e-01
3.987999999999999878e-01
3.989333333333333065e-01
3.989333333333333065e-01
3.991333333333333400e-01
3.996000000000000107e-01
4.000000000000000222e-01
4.003333333333333188e-01
4.009333333333333083e-01
4.011333333333333417e-01
4.014666666666666939e-01
4.018666666666666498e-01
4.019333333333333091e-01
4.022000000000000020e-01
4.023333333333333206e-01
4.027333333333333321e-01
4.027999999999999914e-01
4.032000000000000028e-01
4.035333333333333550e-01
4.036000000000000143e-01
4.037999999999999923e-01
4.038666666666666516e-01
4.040666666666666851e-01
4.043333333333333224e-01
4.045333333333333559e-01
4.048666666666666525e-01
4.052000000000000046e-01
4.053999999999999826e-01
4.058666666666666534e-01
4.060000000000000275e-01
4.061333333333333462e-01
4.063999999999999835e-01
4.066000000000000170e-01
4.070666666666666877e-01
4.070666666666666877e-01
4.073999999999999844e-01
4.076000000000000179e-01
4.080666666666666886e-01
4.082666666666666666e-01
4.087333333333333374e-01
4.087999999999999967e-01
4.089999999999999747e-01
4.091333333333333488e-01
4.093333333333333268e-01
4.093333333333333268e-01
4.095333333333333603e-01
4.099333333333333163e-01
4.100666666666666904e-01
4.102000000000000091e-01
4.103333333333333277e-01
4.105333333333333057e-01
4.106666666666666798e-01
4.108666666666666578e-01
4.109999999999999765e-01
4.110666666666666913e-01
4.114666666666666472e-01
4.117333333333333401e-01
4.117999999999999994e-01
4.122000000000000108e-01
4.123999999999999888e-01
4.128000000000000003e-01
4.129999999999999782e-01
4.130666666666666931e-01
4.136666666666666825e-01
4.139999999999999791e-01
4.142000000000000126e-01
4.141333333333333533e-01
4.142666666666666719e-01
4.141333333333333533e-01
4.143333333333333313e-01
4.146000000000000241e-01
4.148666666666666614e-01
4.151333333333333542e-01
4.152000000000000135e-01
4.152666666666666728e-01
4.154666666666666508e-01
4.158000000000000029e-01
4.159333333333333216e-01
4.160666666666666402e-01
4.161333333333333551e-01
4.162000000000000144e-01
4.163999999999999924e-01
4.169333333333333225e-01
4.172000000000000153e-01
4.174666666666666526e-01
4.178666666666666640e-01
4.179999999999999827e-01
4.180666666666666420e-01
4.184666666666666535e-01
4.185333333333333128e-01
4.186666666666666869e-01
4.186666666666666869e-01
4.191333333333333577e-01
4.194666666666666544e-01
4.198666666666666658e-01
4.201333333333333586e-01
4.203999999999999959e-01
4.204666666666666552e-01
4.208000000000000074e-01
4.212000000000000188e-01
4.213333333333333375e-01
4.215999999999999748e-01
4.215999999999999748e-01
4.218666666666666676e-01
4.218000000000000083e-01
4.221333333333333604e-01
4.222666666666666790e-01
4.222666666666666790e-01
4.226666666666666905e-01
4.232000000000000206e-01
4.231333333333333058e-01
4.234666666666666579e-01
4.236666666666666914e-01
4.236666666666666914e-01
4.239333333333333287e-01
4.239999999999999880e-01
4.241333333333333067e-01
4.242666666666666808e-01
4.245333333333333181e-01
4.248666666666666702e-01
4.248000000000000109e-01
4.249999999999999889e-01
4.252666666666666817e-01
4.256666666666666932e-01
4.257333333333333525e-01
4.258666666666666711e-01
4.263333333333333419e-01
4.264000000000000012e-01
4.266666666666666941e-01
4.269333333333333313e-01
4.272000000000000242e-01
4.274666666666666615e-01
4.277333333333333543e-01
4.281333333333333102e-01
4.284666666666666623e-01
4.286666666666666403e-01
4.288666666666666738e-01
4.291333333333333111e-01
4.293333333333333446e-01
4.293333333333333446e-01
4.294000000000000039e-01
4.295333333333333226e-01
4.297333333333333560e-01
4.299999999999999933e-01
4.301333333333333120e-01
4.303333333333333455e-01
4.303333333333333455e-01
4.305999999999999828e-01
4.307333333333333569e-01
4.308000000000000163e-01
4.311333333333333129e-01
4.314666666666666650e-01
4.317333333333333578e-01
4.319333333333333358e-01
4.320666666666666544e-01
4.323333333333333472e-01
4.324666666666666659e-01
4.325333333333333252e-01
4.326666666666666439e-01
4.328000000000000180e-01
4.328666666666666774e-01
4.331999999999999740e-01
4.332666666666666888e-01
4.333333333333333481e-01
4.335999999999999854e-01
4.335333333333333261e-01
4.338666666666666782e-01
4.339333333333333376e-01
4.341333333333333155e-01
4.339999999999999969e-01
4.340666666666666562e-01
4.343333333333333490e-01
4.345999999999999863e-01
4.349999999999999978e-01
4.351333333333333164e-01
4.351333333333333164e-01
4.354666666666666686e-01
4.358000000000000207e-01
4.359333333333333393e-01
4.361333333333333173e-01
4.363333333333333508e-01
4.364666666666666694e-01
4.365333333333333288e-01
4.368666666666666809e-01
4.368666666666666809e-01
4.372666666666666924e-01
4.374000000000000110e-01
4.374666666666666703e-01
4.375333333333333297e-01
4.375333333333333297e-01
4.377333333333333076e-01
4.376666666666666483e-01
4.384000000000000119e-01
4.386666666666666492e-01
4.388000000000000234e-01
4.390000000000000013e-01
4.390000000000000013e-01
4.391333333333333200e-01
4.391999999999999793e-01
4.394666666666666721e-01
4.394666666666666721e-01
4.397333333333333094e-01
4.397333333333333094e-01
4.396666666666666501e-01
4.403333333333333544e-01
4.403333333333333544e-01
4.408000000000000251e-01
4.409333333333333438e-01
4.411333333333333218e-01
4.411999999999999811e-01
4.412666666666666404e-01
4.413333333333333552e-01
4.414666666666666739e-01
4.416666666666666519e-01
4.418000000000000260e-01
4.419333333333333447e-01
4.420000000000000040e-01
4.420666666666666633e-01
4.422666666666666413e-01
4.424666666666666748e-01
4.426666666666666528e-01
4.428666666666666862e-01
4.429333333333333456e-01
4.430000000000000049e-01
4.434000000000000163e-01
4.439333333333333464e-01
4.440000000000000058e-01
4.441333333333333244e-01
4.442666666666666431e-01
4.444666666666666766e-01
4.447333333333333139e-01
4.448666666666666880e-01
4.450000000000000067e-01
4.450000000000000067e-01
4.451333333333333253e-01
4.453333333333333588e-01
4.456666666666666554e-01
4.457999999999999741e-01
4.459333333333333482e-01
4.463333333333333597e-01
4.464000000000000190e-01
4.464000000000000190e-01
4.464666666666666783e-01
4.466666666666666563e-01
4.466666666666666563e-01
4.471999999999999864e-01
4.474000000000000199e-01
4.476666666666666572e-01
4.477999999999999758e-01
4.481333333333333280e-01
4.480666666666666687e-01
4.481333333333333280e-01
4.484000000000000208e-01
4.484000000000000208e-01
4.486666666666666581e-01
4.487999999999999767e-01
4.489333333333333509e-01
4.488666666666666916e-01
4.487999999999999767e-01
4.488666666666666916e-01
4.487333333333333174e-01
4.488666666666666916e-01
4.490000000000000102e-01
4.491333333333333289e-01
4.491333333333333289e-01
4.494000000000000217e-01
4.493333333333333068e-01
4.494666666666666810e-01
4.495999999999999996e-01
4.495999999999999996e-01
4.497333333333333183e-01
4.499333333333333518e-01
4.501333333333333298e-01
4.501999999999999891e-01
4.503333333333333077e-01
4.502666666666666484e-01
4.504666666666666819e-01
4.507999999999999785e-01
4.507333333333333192e-01
4.510000000000000120e-01
4.508666666666666933e-01
4.509333333333333527e-01
4.508666666666666933e-01
4.509333333333333527e-01
4.511333333333333306e-01
4.512666666666666493e-01
4.513333333333333086e-01
4.514666666666666828e-01
4.516666666666666607e-01
4.517333333333333201e-01
4.518666666666666942e-01
4.521333333333333315e-01
4.521999999999999909e-01
4.522666666666666502e-01
4.521333333333333315e-01
4.521999999999999909e-01
4.523333333333333095e-01
4.525333333333333430e-01
4.526000000000000023e-01
4.528666666666666396e-01
4.528666666666666396e-01
4.527999999999999803e-01
4.530666666666666731e-01
4.531999999999999917e-01
4.533333333333333104e-01
4.534000000000000252e-01
4.534000000000000252e-01
4.534666666666666845e-01
4.534666666666666845e-01
4.537333333333333218e-01
4.537333333333333218e-01
4.537999999999999812e-01
4.538666666666666405e-01
4.540000000000000147e-01
4.542666666666666520e-01
4.542666666666666520e-01
4.543333333333333113e-01
4.545333333333333448e-01
4.547999999999999821e-01
4.547999999999999821e-01
4.547333333333333227e-01
4.548666666666666414e-01
4.550000000000000155e-01
4.551999999999999935e-01
4.553333333333333122e-01
4.552666666666666528e-01
4.553333333333333122e-01
4.555333333333333456e-01
4.555333333333333456e-01
4.557333333333333236e-01
4.558666666666666423e-01
4.560000000000000164e-01
4.560666666666666758e-01
4.560000000000000164e-01
4.561333333333333351e-01
4.562666666666666537e-01
4.565333333333333465e-01
4.567333333333333245e-01
4.570000000000000173e-01
4.572666666666666546e-01
4.573333333333333139e-01
4.576666666666666661e-01
4.576000000000000068e-01
4.576000000000000068e-01
4.580666666666666775e-01
4.578666666666666440e-01
4.577999999999999847e-01
4.578666666666666440e-01
4.580666666666666775e-01
4.581333333333333369e-01
4.583333333333333148e-01
4.583333333333333148e-01
4.587333333333333263e-01
4.590666666666666784e-01
4.589333333333333598e-01
4.591333333333333377e-01
4.592666666666666564e-01
4.596000000000000085e-01
4.594666666666666899e-01
4.595333333333333492e-01
4.596000000000000085e-01
4.597999999999999865e-01
4.600000000000000200e-01
4.601999999999999980e-01
4.601999999999999980e-01
4.603999999999999759e-01
4.605333333333333501e-01
4.606666666666666687e-01
4.609333333333333060e-01
4.610666666666666802e-01
4.611999999999999988e-01
4.611333333333333395e-01
4.610000000000000209e-01
4.610666666666666802e-01
4.610000000000000209e-01
4.611333333333333395e-01
4.611999999999999988e-01
4.612666666666666582e-01
4.611999999999999988e-01
4.613999999999999768e-01
4.617333333333333290e-01
4.618666666666666476e-01
4.620666666666666811e-01
4.621999999999999997e-01
4.621999999999999997e-01
4.624666666666666925e-01
4.626000000000000112e-01
4.627333333333333298e-01
4.627999999999999892e-01
4.631333333333333413e-01
4.632000000000000006e-01
4.632666666666666599e-01
4.633333333333333193e-01
4.635333333333333528e-01
4.634666666666666934e-01
4.636000000000000121e-01
4.637999999999999901e-01
4.640666666666666829e-01
4.641333333333333422e-01
4.642666666666666608e-01
4.642000000000000015e-01
4.643999999999999795e-01
4.645333333333333536e-01
4.643999999999999795e-01
4.646000000000000130e-01
4.646000000000000130e-01
4.643999999999999795e-01
4.643999999999999795e-01
4.645333333333333536e-01
4.645333333333333536e-01
4.646000000000000130e-01
4.646666666666666723e-01
4.649333333333333096e-01
4.646666666666666723e-01
4.649333333333333096e-01
4.652666666666666617e-01
4.653333333333333210e-01
4.652666666666666617e-01
4.653333333333333210e-01
4.655333333333333545e-01
4.657999999999999918e-01
4.657999999999999918e-01
4.657999999999999918e-01
4.657999999999999918e-01
4.660000000000000253e-01
4.662000000000000033e-01
4.664666666666666406e-01
4.665333333333333554e-01
4.666666666666666741e-01
4.666666666666666741e-01
4.667999999999999927e-01
4.667999999999999927e-01
4.667333333333333334e-01
4.667333333333333334e-01
4.668666666666666520e-01
4.669333333333333114e-01
4.670666666666666855e-01
4.669333333333333114e-01
4.669333333333333114e-01
4.672000000000000042e-01
4.671333333333333449e-01
4.672666666666666635e-01
4.672666666666666635e-01
4.675333333333333563e-01
4.676000000000000156e-01
4.678666666666666529e-01
4.678666666666666529e-01
4.680000000000000271e-01
4.681333333333333457e-01
4.682000000000000051e-01
4.683333333333333237e-01
4.684666666666666424e-01
4.683999999999999830e-01
4.686666666666666758e-01
4.687999999999999945e-01
4.688666666666666538e-01
4.687333333333333352e-01
4.689999999999999725e-01
4.692000000000000060e-01
4.691333333333333466e-01
4.692666666666666653e-01
4.692666666666666653e-01
4.693999999999999839e-01
4.694666666666666432e-01
4.696666666666666767e-01
4.699333333333333140e-01
4.697999999999999954e-01
4.699333333333333140e-01
4.699333333333333140e-01
4.699333333333333140e-01
4.699999999999999734e-01
4.701333333333333475e-01
4.700666666666666882e-01
4.702000000000000068e-01
4.703999999999999848e-01
4.704666666666666441e-01
4.706666666666666776e-01
4.707333333333333369e-01
4.707333333333333369e-01
4.706000000000000183e-01
4.705333333333333590e-01
4.706000000000000183e-01
4.706666666666666776e-01
4.707999999999999963e-01
4.709999999999999742e-01
4.709333333333333149e-01
4.711333333333333484e-01
4.714666666666666450e-01
4.711333333333333484e-01
4.713333333333333264e-01
4.714666666666666450e-01
4.716000000000000192e-01
4.716666666666666785e-01
4.718666666666666565e-01
4.719333333333333158e-01
4.720666666666666900e-01
4.719333333333333158e-01
4.719333333333333158e-01
4.720666666666666900e-01
4.721333333333333493e-01
4.721333333333333493e-01
4.722000000000000086e-01
4.723999999999999866e-01
4.723333333333333273e-01
4.725333333333333607e-01
4.725333333333333607e-01
4.725333333333333607e-01
4.725333333333333607e-01
4.726000000000000201e-01
4.728666666666666574e-01
4.729999999999999760e-01
4.729999999999999760e-01
4.729333333333333167e-01
4.731333333333333502e-01
4.732666666666666688e-01
4.732666666666666688e-01
4.732666666666666688e-01
4.733333333333333282e-01
4.733333333333333282e-01
4.735333333333333061e-01
4.734666666666666468e-01
4.738666666666666583e-01
4.739333333333333176e-01
4.741333333333333511e-01
4.742666666666666697e-01
4.744666666666666477e-01
4.744666666666666477e-01
4.746000000000000218e-01
4.746000000000000218e-01
4.747333333333333405e-01
4.747333333333333405e-01
4.749999999999999778e-01
4.751333333333333520e-01
4.752666666666666706e-01
4.752000000000000113e-01
4.753333333333333299e-01
4.754666666666666486e-01
4.757333333333333414e-01
4.759333333333333194e-01
4.758666666666666600e-01
4.761333333333333528e-01
4.762000000000000122e-01
4.762666666666666715e-01
4.762000000000000122e-01
4.763999999999999901e-01
4.764666666666666495e-01
4.764666666666666495e-01
4.766666666666666829e-01
4.768000000000000016e-01
4.769999999999999796e-01
4.770666666666666944e-01
4.771333333333333537e-01
4.771333333333333537e-01
4.772000000000000131e-01
4.773333333333333317e-01
4.774666666666666504e-01
4.774666666666666504e-01
4.774666666666666504e-01
4.775333333333333097e-01
4.774666666666666504e-01
4.775333333333333097e-01
4.775333333333333097e-01
4.776000000000000245e-01
4.776666666666666838e-01
4.775333333333333097e-01
4.779333333333333211e-01
4.778666666666666618e-01
4.779999999999999805e-01
4.782000000000000139e-01
4.782666666666666733e-01
4.783333333333333326e-01
4.783333333333333326e-01
4.784666666666666512e-01
4.786000000000000254e-01
4.787333333333333441e-01
4.786000000000000254e-01
4.787333333333333441e-01
4.787333333333333441e-01
4.785333333333333106e-01
4.788666666666666627e-01
4.788666666666666627e-01
4.788000000000000034e-01
4.790666666666666407e-01
4.792000000000000148e-01
4.792000000000000148e-01
4.795333333333333115e-01
4.796000000000000263e-01
4.796666666666666856e-01
4.797333333333333449e-01
4.800666666666666416e-01
4.799999999999999822e-01
4.802000000000000157e-01
4.804666666666666530e-01
4.803999999999999937e-01
4.803999999999999937e-01
4.803999999999999937e-01
4.804666666666666530e-01
4.803999999999999937e-01
4.805333333333333123e-01
4.806666666666666865e-01
4.806000000000000272e-01
4.806000000000000272e-01
4.806666666666666865e-01
4.808000000000000052e-01
4.806666666666666865e-01
4.805333333333333123e-01
4.806000000000000272e-01
4.809333333333333238e-01
4.809999999999999831e-01
4.809999999999999831e-01
