3.490666666666666917e-01
3.499333333333333185e-01
3.505333333333333079e-01
3.512000000000000122e-01
3.516000000000000236e-01
3.520666666666666944e-01
3.523333333333333317e-01
3.531333333333333546e-01
3.532000000000000139e-01
3.536000000000000254e-01
3.543999999999999928e-01
3.549333333333333229e-01
3.552666666666666750e-01
3.555333333333333123e-01
3.559333333333333238e-01
3.562000000000000166e-01
3.569333333333333247e-01
3.571333333333333582e-01
3.575333333333333141e-01
3.582000000000000184e-01
3.582666666666666777e-01
3.586666666666666892e-01
3.589999999999999858e-01
3.593333333333333379e-01
3.596666666666666901e-01
3.600666666666666460e-01
3.607333333333333503e-01
3.613999999999999990e-01
3.617333333333333512e-01
3.622000000000000219e-01
3.625999999999999779e-01
3.632000000000000228e-01
3.634000000000000008e-01
3.639999999999999902e-01
3.644000000000000017e-01
3.644666666666666610e-01
3.645999999999999797e-01
3.654666666666666619e-01
3.656666666666666399e-01
3.661333333333333107e-01
3.667333333333333556e-01
3.668666666666666742e-01
3.669999999999999929e-01
3.674666666666666637e-01
3.680666666666666531e-01
3.684000000000000052e-01
3.685333333333333239e-01
3.689999999999999947e-01
3.693333333333333468e-01
3.699333333333333362e-01
3.704000000000000070e-01
3.711333333333333151e-01
3.712666666666666893e-01
3.715999999999999859e-01
3.720666666666666567e-01
3.726666666666666461e-01
3.734666666666666690e-01
3.741333333333333178e-01
3.745333333333333292e-01
3.748000000000000220e-01
3.751999999999999780e-01
3.758000000000000229e-01
3.757333333333333081e-01
3.760000000000000009e-01
3.765999999999999903e-01
3.771333333333333204e-01
3.775333333333333319e-01
3.778000000000000247e-01
3.781333333333333213e-01
3.784000000000000141e-01
3.788666666666666849e-01
3.790000000000000036e-01
3.791999999999999815e-01
3.798666666666666858e-01
3.801333333333333231e-01
3.805333333333333345e-01
3.811999999999999833e-01
3.815333333333333354e-01
3.820000000000000062e-01
3.822666666666666435e-01
3.824000000000000177e-01
3.830000000000000071e-01
3.831333333333333258e-01
3.832666666666666444e-01
3.835999999999999965e-01
3.840000000000000080e-01
3.843333333333333601e-01
3.850000000000000089e-01
3.853333333333333610e-01
3.856666666666666576e-01
3.861999999999999877e-01
3.866666666666666585e-01
3.871333333333333293e-01
3.877999999999999781e-01
3.880000000000000115e-01
3.881999999999999895e-01
3.884000000000000230e-01
3.888666666666666938e-01
3.890666666666666718e-01
3.894000000000000239e-01
3.896000000000000019e-01
3.902666666666666506e-01
3.906666666666666621e-01
3.907333333333333214e-01
3.913333333333333108e-01
3.917999999999999816e-01
3.919333333333333558e-01
3.925333333333333452e-01
3.926000000000000045e-01
3.930000000000000160e-01
3.936666666666666647e-01
3.940666666666666762e-01
3.943999999999999728e-01
3.945333333333333470e-01
3.948666666666666436e-01
3.950000000000000178e-01
3.955333333333333479e-01
3.955333333333333479e-01
3.957333333333333258e-01
3.960666666666666780e-01
3.965333333333333488e-01
3.973333333333333162e-01
3.976000000000000090e-01
3.980000000000000204e-01
3.981333333333333391e-01
3.986000000000000099e-01
3.987333333333333285e-01
3.987999999999999878e-01
3.990666666666666806e-01
3.993999999999999773e-01
3.998666666666666480e-01
4.002000000000000002e-01
4.008666666666666489e-01
4.012666666666666604e-01
4.013999999999999790e-01
4.018666666666666498e-01
4.018666666666666498e-01
4.020666666666666833e-01
4.023333333333333206e-01
4.025333333333333541e-01
4.027333333333333321e-01
4.030000000000000249e-01
4.034666666666666401e-01
4.036000000000000143e-01
4.034666666666666401e-01
4.036000000000000143e-01
4.040000000000000258e-01
4.042666666666666631e-01
4.043333333333333224e-01
4.047333333333333338e-01
4.051333333333333453e-01
4.053999999999999826e-01
4.058666666666666534e-01
4.061333333333333462e-01
4.062000000000000055e-01
4.063999999999999835e-01
4.066000000000000170e-01
4.069999999999999729e-01
4.070666666666666877e-01
4.076000000000000179e-01
4.076000000000000179e-01
4.079333333333333145e-01
4.082000000000000073e-01
4.083999999999999853e-01
4.086000000000000187e-01
4.089999999999999747e-01
4.089333333333333154e-01
4.092666666666666675e-01
4.093333333333333268e-01
4.093333333333333268e-01
4.096666666666666790e-01
4.098666666666666569e-01
4.100666666666666904e-01
4.100666666666666904e-01
4.103999999999999870e-01
4.104666666666666464e-01
4.107999999999999985e-01
4.108666666666666578e-01
4.108666666666666578e-01
4.115333333333333066e-01
4.116666666666666807e-01
4.117999999999999994e-01
4.119333333333333180e-01
4.123999999999999888e-01
4.126000000000000223e-01
4.129333333333333189e-01
4.132666666666666710e-01
4.135333333333333083e-01
4.138000000000000012e-01
4.140666666666666940e-01
4.139999999999999791e-01
4.139999999999999791e-01
4.141333333333333533e-01
4.143333333333333313e-01
4.146666666666666834e-01
4.149333333333333207e-01
4.149999999999999800e-01
4.149999999999999800e-01
4.150666666666666393e-01
4.153333333333333321e-01
4.155333333333333101e-01
4.157333333333333436e-01
4.157333333333333436e-01
4.162000000000000144e-01
4.161333333333333551e-01
4.163333333333333330e-01
4.168666666666666631e-01
4.170666666666666411e-01
4.174666666666666526e-01
4.175333333333333119e-01
4.179999999999999827e-01
4.183333333333333348e-01
4.184666666666666535e-01
4.184666666666666535e-01
4.186000000000000276e-01
4.187333333333333463e-01
4.192000000000000171e-01
4.193999999999999950e-01
4.193333333333333357e-01
4.199333333333333251e-01
4.201333333333333586e-01
4.202666666666666773e-01
4.205333333333333146e-01
4.209333333333333260e-01
4.211333333333333595e-01
4.214666666666666561e-01
4.216666666666666896e-01
4.217333333333333489e-01
4.218666666666666676e-01
4.220666666666666456e-01
4.222666666666666790e-01
4.223333333333333384e-01
4.227333333333333498e-01
4.230666666666666464e-01
4.231333333333333058e-01
4.233999999999999986e-01
4.235333333333333172e-01
4.234666666666666579e-01
4.237333333333333507e-01
4.240666666666666473e-01
4.241333333333333067e-01
4.243333333333333401e-01
4.245333333333333181e-01
4.249333333333333296e-01
4.249333333333333296e-01
4.249333333333333296e-01
4.252666666666666817e-01
4.255999999999999783e-01
4.258666666666666711e-01
4.259999999999999898e-01
4.261333333333333084e-01
4.262000000000000233e-01
4.266666666666666941e-01
4.268666666666666720e-01
4.269333333333333313e-01
4.272000000000000242e-01
4.279999999999999916e-01
4.282000000000000250e-01
4.283333333333333437e-01
4.288000000000000145e-01
4.288666666666666738e-01
4.288666666666666738e-01
4.292000000000000259e-01
4.292000000000000259e-01
4.291333333333333111e-01
4.294000000000000039e-01
4.294666666666666632e-01
4.297333333333333560e-01
4.300666666666666527e-01
4.302666666666666861e-01
4.304666666666666641e-01
4.305999999999999828e-01
4.308000000000000163e-01
4.309333333333333349e-01
4.310666666666666536e-01
4.314000000000000057e-01
4.318666666666666765e-01
4.319999999999999951e-01
4.322666666666666879e-01
4.324000000000000066e-01
4.324666666666666659e-01
4.324000000000000066e-01
4.324666666666666659e-01
4.328000000000000180e-01
4.330666666666666553e-01
4.331333333333333147e-01
4.329999999999999960e-01
4.333333333333333481e-01
4.334666666666666668e-01
4.334666666666666668e-01
4.336666666666666448e-01
4.338000000000000189e-01
4.339999999999999969e-01
4.341333333333333155e-01
4.339999999999999969e-01
4.343333333333333490e-01
4.345999999999999863e-01
4.349333333333333385e-01
4.351333333333333164e-01
4.351333333333333164e-01
4.353333333333333499e-01
4.354666666666666686e-01
4.358666666666666800e-01
4.360666666666666580e-01
4.361333333333333173e-01
4.364000000000000101e-01
4.368000000000000216e-01
4.367333333333333067e-01
4.369999999999999996e-01
4.373333333333333517e-01
4.374000000000000110e-01
4.375999999999999890e-01
4.376666666666666483e-01
4.376666666666666483e-01
4.377333333333333076e-01
4.381999999999999784e-01
4.385333333333333306e-01
4.387333333333333085e-01
4.388000000000000234e-01
4.389333333333333420e-01
4.389333333333333420e-01
4.390666666666666607e-01
4.391999999999999793e-01
4.393333333333333535e-01
4.394000000000000128e-01
4.395333333333333314e-01
4.396666666666666501e-01
4.397333333333333094e-01
4.399333333333333429e-01
4.403333333333333544e-01
4.404000000000000137e-01
4.407333333333333103e-01
4.409333333333333438e-01
4.410666666666666624e-01
4.412666666666666404e-01
4.414000000000000146e-01
4.414000000000000146e-01
4.414666666666666739e-01
4.418000000000000260e-01
4.417333333333333112e-01
4.418666666666666853e-01
4.421333333333333226e-01
4.422666666666666413e-01
4.424666666666666748e-01
4.427333333333333121e-01
4.428666666666666862e-01
4.429333333333333456e-01
4.431333333333333235e-01
4.435333333333333350e-01
4.439333333333333464e-01
4.440666666666666651e-01
4.442666666666666431e-01
4.441999999999999837e-01
4.444666666666666766e-01
4.444666666666666766e-01
4.445999999999999952e-01
4.448666666666666880e-01
4.450666666666666660e-01
4.451999999999999846e-01
4.454666666666666774e-01
4.455999999999999961e-01
4.457333333333333147e-01
4.460666666666666669e-01
4.461999999999999855e-01
4.461999999999999855e-01
4.464000000000000190e-01
4.465333333333333377e-01
4.465333333333333377e-01
4.469333333333333491e-01
4.473333333333333606e-01
4.475999999999999979e-01
4.476666666666666572e-01
4.477999999999999758e-01
4.479333333333333500e-01
4.480666666666666687e-01
4.481333333333333280e-01
4.481999999999999873e-01
4.483333333333333059e-01
4.483333333333333059e-01
4.487999999999999767e-01
4.487999999999999767e-01
4.486666666666666581e-01
4.487333333333333174e-01
4.488666666666666916e-01
4.490666666666666695e-01
4.489333333333333509e-01
4.490000000000000102e-01
4.489333333333333509e-01
4.491999999999999882e-01
4.492666666666666475e-01
4.492666666666666475e-01
4.493333333333333068e-01
4.495333333333333403e-01
4.494666666666666810e-01
4.495333333333333403e-01
4.497333333333333183e-01
4.499333333333333518e-01
4.499333333333333518e-01
4.501333333333333298e-01
4.501999999999999891e-01
4.504000000000000226e-01
4.504666666666666819e-01
4.505333333333333412e-01
4.507999999999999785e-01
4.508666666666666933e-01
4.509333333333333527e-01
4.511333333333333306e-01
4.511333333333333306e-01
4.512666666666666493e-01
4.510666666666666713e-01
4.512666666666666493e-01
4.516000000000000014e-01
4.514000000000000234e-01
4.516000000000000014e-01
4.517333333333333201e-01
4.518666666666666942e-01
4.519333333333333536e-01
4.520000000000000129e-01
4.520666666666666722e-01
4.522666666666666502e-01
4.522666666666666502e-01
4.526000000000000023e-01
4.527999999999999803e-01
4.528666666666666396e-01
4.530000000000000138e-01
4.528666666666666396e-01
4.531999999999999917e-01
4.531999999999999917e-01
4.531999999999999917e-01
4.534000000000000252e-01
4.532666666666666511e-01
4.534666666666666845e-01
4.536666666666666625e-01
4.536666666666666625e-01
4.537333333333333218e-01
4.537999999999999812e-01
4.538666666666666405e-01
4.540000000000000147e-01
4.541333333333333333e-01
4.543333333333333113e-01
4.545333333333333448e-01
4.545333333333333448e-01
4.547333333333333227e-01
4.547999999999999821e-01
4.547999999999999821e-01
4.545333333333333448e-01
4.548666666666666414e-01
4.550000000000000155e-01
4.552666666666666528e-01
4.552666666666666528e-01
4.555333333333333456e-01
4.556000000000000050e-01
4.555333333333333456e-01
4.556000000000000050e-01
4.558666666666666423e-01
4.559333333333333571e-01
4.560000000000000164e-01
4.560666666666666758e-01
4.560666666666666758e-01
4.564666666666666872e-01
4.567333333333333245e-01
4.568666666666666432e-01
4.568666666666666432e-01
4.570666666666666766e-01
4.574666666666666881e-01
4.576666666666666661e-01
4.577333333333333254e-01
4.578666666666666440e-01
4.579333333333333589e-01
4.580000000000000182e-01
4.580666666666666775e-01
4.580000000000000182e-01
4.578666666666666440e-01
4.580666666666666775e-01
4.580666666666666775e-01
4.583999999999999742e-01
4.585333333333333483e-01
4.587333333333333263e-01
4.588666666666666449e-01
4.591999999999999971e-01
4.591999999999999971e-01
4.594666666666666899e-01
4.593333333333333157e-01
4.594666666666666899e-01
4.599333333333333607e-01
4.597999999999999865e-01
4.601333333333333386e-01
4.601333333333333386e-01
4.603999999999999759e-01
4.604666666666666908e-01
4.606000000000000094e-01
4.606000000000000094e-01
4.609333333333333060e-01
4.608666666666666467e-01
4.610000000000000209e-01
4.610666666666666802e-01
4.611999999999999988e-01
4.612666666666666582e-01
4.611999999999999988e-01
4.612666666666666582e-01
4.612666666666666582e-01
4.614666666666666917e-01
4.613333333333333175e-01
4.614666666666666917e-01
4.619333333333333069e-01
4.620000000000000218e-01
4.620666666666666811e-01
4.623999999999999777e-01
4.623999999999999777e-01
4.622666666666666591e-01
4.623999999999999777e-01
4.626666666666666705e-01
4.629333333333333078e-01
4.630000000000000226e-01
4.630666666666666820e-01
4.632666666666666599e-01
4.632666666666666599e-01
4.634666666666666934e-01
4.634666666666666934e-01
4.636000000000000121e-01
4.637333333333333307e-01
4.637333333333333307e-01
4.640000000000000235e-01
4.642666666666666608e-01
4.643999999999999795e-01
4.645333333333333536e-01
4.645333333333333536e-01
4.642666666666666608e-01
4.643333333333333202e-01
4.644666666666666943e-01
4.643999999999999795e-01
4.644666666666666943e-01
4.646666666666666723e-01
4.646000000000000130e-01
4.645333333333333536e-01
4.646000000000000130e-01
4.643999999999999795e-01
4.649333333333333096e-01
4.651333333333333431e-01
4.651333333333333431e-01
4.651333333333333431e-01
4.653333333333333210e-01
4.655333333333333545e-01
4.656000000000000139e-01
4.657999999999999918e-01
4.658666666666666512e-01
4.658666666666666512e-01
4.657333333333333325e-01
4.659333333333333105e-01
4.660000000000000253e-01
4.661333333333333440e-01
4.663999999999999813e-01
4.664666666666666406e-01
4.665333333333333554e-01
4.666000000000000147e-01
4.667333333333333334e-01
4.667333333333333334e-01
4.669333333333333114e-01
4.670666666666666855e-01
4.671333333333333449e-01
4.672000000000000042e-01
4.670666666666666855e-01
4.670666666666666855e-01
4.670000000000000262e-01
4.671333333333333449e-01
4.670666666666666855e-01
4.671333333333333449e-01
4.673333333333333228e-01
4.676000000000000156e-01
4.676666666666666750e-01
4.679333333333333123e-01
4.681333333333333457e-01
4.681333333333333457e-01
4.682000000000000051e-01
4.682000000000000051e-01
4.683333333333333237e-01
4.683999999999999830e-01
4.683999999999999830e-01
4.686666666666666758e-01
4.685333333333333572e-01
4.687999999999999945e-01
4.688666666666666538e-01
4.688666666666666538e-01
4.692000000000000060e-01
4.695333333333333581e-01
4.695333333333333581e-01
4.696666666666666767e-01
4.696666666666666767e-01
4.696000000000000174e-01
4.696000000000000174e-01
4.698666666666666547e-01
4.698666666666666547e-01
4.699333333333333140e-01
4.699333333333333140e-01
4.698666666666666547e-01
4.699999999999999734e-01
4.702000000000000068e-01
4.700666666666666882e-01
4.701333333333333475e-01
4.703333333333333255e-01
4.702000000000000068e-01
4.703333333333333255e-01
4.706666666666666776e-01
4.706666666666666776e-01
4.706666666666666776e-01
4.704666666666666441e-01
4.705333333333333590e-01
4.705333333333333590e-01
4.707333333333333369e-01
4.708666666666666556e-01
4.710666666666666891e-01
4.712000000000000077e-01
4.712666666666666671e-01
4.714666666666666450e-01
4.716000000000000192e-01
4.717333333333333378e-01
4.717999999999999972e-01
4.719333333333333158e-01
4.718666666666666565e-01
4.717333333333333378e-01
4.719333333333333158e-01
4.719999999999999751e-01
4.722000000000000086e-01
4.719999999999999751e-01
4.722666666666666679e-01
4.723999999999999866e-01
4.723333333333333273e-01
4.723333333333333273e-01
4.723999999999999866e-01
4.724666666666666459e-01
4.724666666666666459e-01
4.726000000000000201e-01
4.726000000000000201e-01
4.728666666666666574e-01
4.729999999999999760e-01
4.731333333333333502e-01
4.730666666666666909e-01
4.729999999999999760e-01
4.731333333333333502e-01
4.732666666666666688e-01
4.733333333333333282e-01
4.732666666666666688e-01
4.734666666666666468e-01
4.735333333333333061e-01
4.736000000000000210e-01
4.736666666666666803e-01
4.739333333333333176e-01
4.739333333333333176e-01
4.741333333333333511e-01
4.742666666666666697e-01
4.742666666666666697e-01
4.742666666666666697e-01
4.743999999999999884e-01
4.746666666666666812e-01
4.745333333333333070e-01
4.744666666666666477e-01
4.746666666666666812e-01
4.748666666666666591e-01
4.750666666666666926e-01
4.750666666666666926e-01
4.752666666666666706e-01
4.755333333333333079e-01
4.756666666666666821e-01
4.756000000000000227e-01
4.758666666666666600e-01
4.759333333333333194e-01
4.759333333333333194e-01
4.760666666666666935e-01
4.761333333333333528e-01
4.762666666666666715e-01
4.764666666666666495e-01
4.768000000000000016e-01
4.768000000000000016e-01
4.769999999999999796e-01
4.770666666666666944e-01
4.769999999999999796e-01
4.771333333333333537e-01
4.773999999999999910e-01
4.773333333333333317e-01
4.773999999999999910e-01
4.775333333333333097e-01
4.773333333333333317e-01
4.773333333333333317e-01
4.774666666666666504e-01
4.774666666666666504e-01
4.774666666666666504e-01
4.776666666666666838e-01
4.777333333333333432e-01
4.778666666666666618e-01
4.779999999999999805e-01
4.779999999999999805e-01
4.780666666666666398e-01
4.778000000000000025e-01
4.782000000000000139e-01
4.782666666666666733e-01
4.783999999999999919e-01
4.786000000000000254e-01
4.786000000000000254e-01
4.786000000000000254e-01
4.785333333333333106e-01
4.785333333333333106e-01
4.784666666666666512e-01
4.787333333333333441e-01
4.787333333333333441e-01
4.786666666666666847e-01
4.787333333333333441e-01
4.788000000000000034e-01
4.789999999999999813e-01
4.789999999999999813e-01
4.792666666666666742e-01
4.793333333333333335e-01
4.796666666666666856e-01
4.797333333333333449e-01
4.799333333333333229e-01
4.802000000000000157e-01
4.802666666666666750e-01
4.802666666666666750e-01
4.802666666666666750e-01
4.802666666666666750e-01
4.803333333333333344e-01
4.803999999999999937e-01
4.802000000000000157e-01
4.803999999999999937e-01
4.804666666666666530e-01
4.803999999999999937e-01
4.804666666666666530e-01
4.806666666666666865e-01
4.806000000000000272e-01
4.802666666666666750e-01
4.805333333333333123e-01
