3.506000000000000227e-01
3.513333333333333308e-01
3.517333333333333423e-01
3.521333333333333537e-01
3.527333333333333432e-01
3.532000000000000139e-01
3.537333333333333441e-01
3.542666666666666742e-01
3.548000000000000043e-01
3.551333333333333564e-01
3.554666666666666530e-01
3.559333333333333238e-01
3.563333333333333353e-01
3.568000000000000060e-01
3.569333333333333247e-01
3.574666666666666548e-01
3.578666666666666663e-01
3.582000000000000184e-01
3.581333333333333591e-01
3.589333333333333265e-01
3.592000000000000193e-01
3.595999999999999752e-01
3.598666666666666680e-01
3.604666666666666575e-01
3.608666666666666689e-01
3.617333333333333512e-01
3.619999999999999885e-01
3.620666666666666478e-01
3.628666666666666707e-01
3.633333333333333415e-01
3.635999999999999788e-01
3.642000000000000237e-01
3.645999999999999797e-01
3.646666666666666390e-01
3.648000000000000131e-01
3.656666666666666399e-01
3.655333333333333212e-01
3.661333333333333107e-01
3.666666666666666408e-01
3.669333333333333336e-01
3.672666666666666857e-01
3.677333333333333565e-01
3.681333333333333124e-01
3.682000000000000273e-01
3.688666666666666760e-01
3.691333333333333133e-01
3.693333333333333468e-01
3.699999999999999956e-01
3.705999999999999850e-01
3.710666666666666558e-01
3.713333333333333486e-01
3.715999999999999859e-01
3.719333333333333380e-01
3.728000000000000203e-01
3.732666666666666910e-01
3.741999999999999771e-01
3.744666666666666699e-01
3.746666666666666479e-01
3.751999999999999780e-01
3.756666666666666488e-01
3.758666666666666822e-01
3.762666666666666937e-01
3.767333333333333090e-01
3.771333333333333204e-01
3.775333333333333319e-01
3.778000000000000247e-01
3.780666666666666620e-01
3.784000000000000141e-01
3.789333333333333442e-01
3.791999999999999815e-01
3.795333333333333337e-01
3.799333333333333451e-01
3.800666666666666638e-01
3.804666666666666752e-01
3.804000000000000159e-01
3.814000000000000168e-01
3.820000000000000062e-01
3.823333333333333584e-01
3.824666666666666770e-01
3.827999999999999736e-01
3.831999999999999851e-01
3.832666666666666444e-01
3.834666666666666779e-01
3.839333333333333487e-01
3.842666666666666453e-01
3.847333333333333161e-01
3.854666666666666797e-01
3.855999999999999983e-01
3.861999999999999877e-01
3.865999999999999992e-01
3.870666666666666700e-01
3.878666666666666929e-01
3.878666666666666929e-01
3.880666666666666709e-01
3.885333333333333417e-01
3.889333333333333531e-01
3.890000000000000124e-01
3.894666666666666832e-01
3.899333333333333540e-01
3.902666666666666506e-01
3.905333333333333434e-01
3.907999999999999807e-01
3.910666666666666735e-01
3.917333333333333223e-01
3.919333333333333558e-01
3.921333333333333337e-01
3.927333333333333232e-01
3.931333333333333346e-01
3.936000000000000054e-01
3.939333333333333576e-01
3.942666666666666542e-01
3.942666666666666542e-01
3.943999999999999728e-01
3.950000000000000178e-01
3.954666666666666885e-01
3.956000000000000072e-01
3.956666666666666665e-01
3.960666666666666780e-01
3.964666666666666894e-01
3.973999999999999755e-01
3.976000000000000090e-01
3.977999999999999869e-01
3.982666666666666577e-01
3.984666666666666912e-01
3.987999999999999878e-01
3.987999999999999878e-01
3.989333333333333065e-01
3.992666666666666586e-01
3.996666666666666701e-01
4.000666666666666815e-01
4.005333333333333523e-01
4.010000000000000231e-01
4.012666666666666604e-01
4.018666666666666498e-01
4.019333333333333091e-01
4.020000000000000240e-01
4.022000000000000020e-01
4.024666666666666393e-01
4.027999999999999914e-01
4.030666666666666842e-01
4.032000000000000028e-01
4.033999999999999808e-01
4.036000000000000143e-01
4.037333333333333329e-01
4.040000000000000258e-01
4.042666666666666631e-01
4.043333333333333224e-01
4.045333333333333559e-01
4.050666666666666860e-01
4.049333333333333118e-01
4.053999999999999826e-01
4.060666666666666869e-01
4.061333333333333462e-01
4.063999999999999835e-01
4.065333333333333576e-01
4.069333333333333136e-01
4.070666666666666877e-01
4.073333333333333250e-01
4.073999999999999844e-01
4.076666666666666772e-01
4.079999999999999738e-01
4.082666666666666666e-01
4.085333333333333594e-01
4.087999999999999967e-01
4.089999999999999747e-01
4.091333333333333488e-01
4.092666666666666675e-01
4.093999999999999861e-01
4.096666666666666790e-01
4.097999999999999976e-01
4.099999999999999756e-01
4.103333333333333277e-01
4.104666666666666464e-01
4.103333333333333277e-01
4.106000000000000205e-01
4.108666666666666578e-01
4.109333333333333171e-01
4.112000000000000099e-01
4.114666666666666472e-01
4.117333333333333401e-01
4.118666666666666587e-01
4.123333333333333295e-01
4.128000000000000003e-01
4.128000000000000003e-01
4.131333333333333524e-01
4.131333333333333524e-01
4.136000000000000232e-01
4.139333333333333198e-01
4.139999999999999791e-01
4.139999999999999791e-01
4.142000000000000126e-01
4.143333333333333313e-01
4.146666666666666834e-01
4.148000000000000020e-01
4.149999999999999800e-01
4.151333333333333542e-01
4.150666666666666393e-01
4.153999999999999915e-01
4.153999999999999915e-01
4.158000000000000029e-01
4.158000000000000029e-01
4.159999999999999809e-01
4.161333333333333551e-01
4.161333333333333551e-01
4.167333333333333445e-01
4.168000000000000038e-01
4.172000000000000153e-01
4.176000000000000267e-01
4.179333333333333234e-01
4.182000000000000162e-01
4.183999999999999941e-01
4.183333333333333348e-01
4.185333333333333128e-01
4.187333333333333463e-01
4.191333333333333577e-01
4.192666666666666764e-01
4.194666666666666544e-01
4.198000000000000065e-01
4.199333333333333251e-01
4.200666666666666438e-01
4.205999999999999739e-01
4.207333333333333480e-01
4.209333333333333260e-01
4.212666666666666782e-01
4.212000000000000188e-01
4.214666666666666561e-01
4.216666666666666896e-01
4.219333333333333269e-01
4.222000000000000197e-01
4.223999999999999977e-01
4.225333333333333163e-01
4.229333333333333278e-01
4.232666666666666799e-01
4.232000000000000206e-01
4.234666666666666579e-01
4.235999999999999766e-01
4.237333333333333507e-01
4.236666666666666914e-01
4.239999999999999880e-01
4.242666666666666808e-01
4.244666666666666588e-01
4.247333333333333516e-01
4.248000000000000109e-01
4.248666666666666702e-01
4.251333333333333075e-01
4.254666666666666597e-01
4.257333333333333525e-01
4.258000000000000118e-01
4.260666666666666491e-01
4.264000000000000012e-01
4.265333333333333199e-01
4.268000000000000127e-01
4.270666666666666500e-01
4.271333333333333093e-01
4.277333333333333543e-01
4.280666666666666509e-01
4.279999999999999916e-01
4.286666666666666403e-01
4.289999999999999925e-01
4.289999999999999925e-01
4.290666666666666518e-01
4.292666666666666853e-01
4.294000000000000039e-01
4.294666666666666632e-01
4.294666666666666632e-01
4.296666666666666412e-01
4.299333333333333340e-01
4.303333333333333455e-01
4.303333333333333455e-01
4.305333333333333234e-01
4.308666666666666756e-01
4.305999999999999828e-01
4.311333333333333129e-01
4.314000000000000057e-01
4.316666666666666430e-01
4.319999999999999951e-01
4.320666666666666544e-01
4.322666666666666879e-01
4.324666666666666659e-01
4.324000000000000066e-01
4.324666666666666659e-01
4.326666666666666439e-01
4.328000000000000180e-01
4.329999999999999960e-01
4.329999999999999960e-01
4.333333333333333481e-01
4.334000000000000075e-01
4.334666666666666668e-01
4.336666666666666448e-01
4.338666666666666782e-01
4.338666666666666782e-01
4.341333333333333155e-01
4.340666666666666562e-01
4.342666666666666897e-01
4.345333333333333270e-01
4.348000000000000198e-01
4.349999999999999978e-01
4.349333333333333385e-01
4.351999999999999758e-01
4.352666666666666906e-01
4.356666666666666465e-01
4.358666666666666800e-01
4.359333333333333393e-01
4.362666666666666915e-01
4.367333333333333067e-01
4.368666666666666809e-01
4.369333333333333402e-01
4.371333333333333182e-01
4.373333333333333517e-01
4.374666666666666703e-01
4.375333333333333297e-01
4.375999999999999890e-01
4.377333333333333076e-01
4.378666666666666818e-01
4.384000000000000119e-01
4.385333333333333306e-01
4.388000000000000234e-01
4.388000000000000234e-01
4.388000000000000234e-01
4.391333333333333200e-01
4.391999999999999793e-01
4.393333333333333535e-01
4.393333333333333535e-01
4.394000000000000128e-01
4.395333333333333314e-01
4.396666666666666501e-01
4.400000000000000022e-01
4.401999999999999802e-01
4.403333333333333544e-01
4.406666666666666510e-01
4.408666666666666845e-01
4.410666666666666624e-01
4.411999999999999811e-01
4.412666666666666404e-01
4.414000000000000146e-01
4.412666666666666404e-01
4.415999999999999925e-01
4.417333333333333112e-01
4.418000000000000260e-01
4.420000000000000040e-01
4.420666666666666633e-01
4.423333333333333561e-01
4.428000000000000269e-01
4.428000000000000269e-01
4.430666666666666642e-01
4.430666666666666642e-01
4.433333333333333570e-01
4.437999999999999723e-01
4.440000000000000058e-01
4.441333333333333244e-01
4.441999999999999837e-01
4.442666666666666431e-01
4.445999999999999952e-01
4.446666666666666545e-01
4.447999999999999732e-01
4.449333333333333473e-01
4.451333333333333253e-01
4.453333333333333588e-01
4.454666666666666774e-01
4.457333333333333147e-01
4.459333333333333482e-01
4.462666666666666448e-01
4.462666666666666448e-01
4.464666666666666783e-01
4.464000000000000190e-01
4.464000000000000190e-01
4.466666666666666563e-01
4.471999999999999864e-01
4.474000000000000199e-01
4.475333333333333385e-01
4.475999999999999979e-01
4.479333333333333500e-01
4.480666666666666687e-01
4.480000000000000093e-01
4.481333333333333280e-01
4.481333333333333280e-01
4.483333333333333059e-01
4.483333333333333059e-01
4.487999999999999767e-01
4.487999999999999767e-01
4.487999999999999767e-01
4.489333333333333509e-01
4.490000000000000102e-01
4.490000000000000102e-01
4.489333333333333509e-01
4.490666666666666695e-01
4.492666666666666475e-01
4.493333333333333068e-01
4.494666666666666810e-01
4.494666666666666810e-01
4.495999999999999996e-01
4.495999999999999996e-01
4.495333333333333403e-01
4.494666666666666810e-01
4.499333333333333518e-01
4.500000000000000111e-01
4.501999999999999891e-01
4.500666666666666704e-01
4.503333333333333077e-01
4.504666666666666819e-01
4.504666666666666819e-01
4.507333333333333192e-01
4.507999999999999785e-01
4.510000000000000120e-01
4.511333333333333306e-01
4.510000000000000120e-01
4.511333333333333306e-01
4.510666666666666713e-01
4.513333333333333086e-01
4.516000000000000014e-01
4.514000000000000234e-01
4.512666666666666493e-01
4.516666666666666607e-01
4.519333333333333536e-01
4.520666666666666722e-01
4.521333333333333315e-01
4.521333333333333315e-01
4.522666666666666502e-01
4.523333333333333095e-01
4.524666666666666837e-01
4.526666666666666616e-01
4.527333333333333210e-01
4.529333333333333544e-01
4.528666666666666396e-01
4.528666666666666396e-01
4.530000000000000138e-01
4.530666666666666731e-01
4.532666666666666511e-01
4.534000000000000252e-01
4.534666666666666845e-01
4.534666666666666845e-01
4.537999999999999812e-01
4.537999999999999812e-01
4.540000000000000147e-01
4.540000000000000147e-01
4.538666666666666405e-01
4.541999999999999926e-01
4.542666666666666520e-01
4.544000000000000261e-01
4.546666666666666634e-01
4.545333333333333448e-01
4.546666666666666634e-01
4.548666666666666414e-01
4.546666666666666634e-01
4.548666666666666414e-01
4.548666666666666414e-01
4.551333333333333342e-01
4.553333333333333122e-01
4.551333333333333342e-01
4.552666666666666528e-01
4.554000000000000270e-01
4.554666666666666863e-01
4.556000000000000050e-01
4.560000000000000164e-01
4.559333333333333571e-01
4.557999999999999829e-01
4.561333333333333351e-01
4.562666666666666537e-01
4.564666666666666872e-01
4.567333333333333245e-01
4.566666666666666652e-01
4.571999999999999953e-01
4.573333333333333139e-01
4.576000000000000068e-01
4.577333333333333254e-01
4.577333333333333254e-01
4.578666666666666440e-01
4.580000000000000182e-01
4.577999999999999847e-01
4.578666666666666440e-01
4.577999999999999847e-01
4.580000000000000182e-01
4.583333333333333148e-01
4.582666666666666555e-01
4.586000000000000076e-01
4.586666666666666670e-01
4.588666666666666449e-01
4.590000000000000191e-01
4.591999999999999971e-01
4.591999999999999971e-01
4.593999999999999750e-01
4.595333333333333492e-01
4.595333333333333492e-01
4.599333333333333607e-01
4.600666666666666793e-01
4.599333333333333607e-01
4.598666666666666458e-01
4.602666666666666573e-01
4.603999999999999759e-01
4.606000000000000094e-01
4.607999999999999874e-01
4.609333333333333060e-01
4.611333333333333395e-01
4.611999999999999988e-01
4.611333333333333395e-01
4.612666666666666582e-01
4.610666666666666802e-01
4.612666666666666582e-01
4.611333333333333395e-01
4.613999999999999768e-01
4.613333333333333175e-01
4.614666666666666917e-01
4.617333333333333290e-01
4.619333333333333069e-01
4.620666666666666811e-01
4.622666666666666591e-01
4.623999999999999777e-01
4.621999999999999997e-01
4.623999999999999777e-01
4.626666666666666705e-01
4.626666666666666705e-01
4.628666666666666485e-01
4.630666666666666820e-01
4.630000000000000226e-01
4.633333333333333193e-01
4.633999999999999786e-01
4.635333333333333528e-01
4.637333333333333307e-01
4.636666666666666714e-01
4.637333333333333307e-01
4.640000000000000235e-01
4.640666666666666829e-01
4.642000000000000015e-01
4.642666666666666608e-01
4.644666666666666943e-01
4.644666666666666943e-01
4.643333333333333202e-01
4.645333333333333536e-01
4.643999999999999795e-01
4.643999999999999795e-01
4.644666666666666943e-01
4.646000000000000130e-01
4.643999999999999795e-01
4.645333333333333536e-01
4.646666666666666723e-01
4.644666666666666943e-01
4.649333333333333096e-01
4.651333333333333431e-01
4.652666666666666617e-01
4.652666666666666617e-01
4.652666666666666617e-01
4.655333333333333545e-01
4.655333333333333545e-01
4.657333333333333325e-01
4.658666666666666512e-01
4.657999999999999918e-01
4.657999999999999918e-01
4.662666666666666626e-01
4.662666666666666626e-01
4.665333333333333554e-01
4.665333333333333554e-01
4.666000000000000147e-01
4.667333333333333334e-01
4.668666666666666520e-01
4.667333333333333334e-01
4.667999999999999927e-01
4.668666666666666520e-01
4.672666666666666635e-01
4.670000000000000262e-01
4.670666666666666855e-01
4.668666666666666520e-01
4.667999999999999927e-01
4.671333333333333449e-01
4.671333333333333449e-01
4.673333333333333228e-01
4.673333333333333228e-01
4.673999999999999821e-01
4.676000000000000156e-01
4.676666666666666750e-01
4.680666666666666864e-01
4.680000000000000271e-01
4.681333333333333457e-01
4.683333333333333237e-01
4.682666666666666644e-01
4.684666666666666424e-01
4.685333333333333572e-01
4.686000000000000165e-01
4.686666666666666758e-01
4.686666666666666758e-01
4.688666666666666538e-01
4.689999999999999725e-01
4.690666666666666873e-01
4.691333333333333466e-01
4.694666666666666432e-01
4.695333333333333581e-01
4.694666666666666432e-01
4.697333333333333361e-01
4.697333333333333361e-01
4.696666666666666767e-01
4.697999999999999954e-01
4.697999999999999954e-01
4.700666666666666882e-01
4.699999999999999734e-01
4.699333333333333140e-01
4.701333333333333475e-01
4.701333333333333475e-01
4.699999999999999734e-01
4.701333333333333475e-01
4.702000000000000068e-01
4.705333333333333590e-01
4.707333333333333369e-01
4.707333333333333369e-01
4.706000000000000183e-01
4.704666666666666441e-01
4.706000000000000183e-01
4.705333333333333590e-01
4.707333333333333369e-01
4.708666666666666556e-01
4.711333333333333484e-01
4.711333333333333484e-01
4.712000000000000077e-01
4.713333333333333264e-01
4.715333333333333599e-01
4.716000000000000192e-01
4.716000000000000192e-01
4.717999999999999972e-01
4.717333333333333378e-01
4.718666666666666565e-01
4.719333333333333158e-01
4.719333333333333158e-01
4.720666666666666900e-01
4.722000000000000086e-01
4.722666666666666679e-01
4.722000000000000086e-01
4.723333333333333273e-01
4.723999999999999866e-01
4.723333333333333273e-01
4.723999999999999866e-01
4.725333333333333607e-01
4.726000000000000201e-01
4.726666666666666794e-01
4.727333333333333387e-01
4.730666666666666909e-01
4.730666666666666909e-01
4.729999999999999760e-01
4.728666666666666574e-01
4.726666666666666794e-01
4.731333333333333502e-01
4.730666666666666909e-01
4.733333333333333282e-01
4.734666666666666468e-01
4.733333333333333282e-01
4.736000000000000210e-01
4.737333333333333396e-01
4.738666666666666583e-01
4.739999999999999769e-01
4.740666666666666917e-01
4.743999999999999884e-01
4.742666666666666697e-01
4.742000000000000104e-01
4.745333333333333070e-01
4.744666666666666477e-01
4.744666666666666477e-01
4.746666666666666812e-01
4.745333333333333070e-01
4.749333333333333185e-01
4.748666666666666591e-01
4.749333333333333185e-01
4.752000000000000113e-01
4.755333333333333079e-01
4.755333333333333079e-01
4.758666666666666600e-01
4.758000000000000007e-01
4.760666666666666935e-01
4.760666666666666935e-01
4.760666666666666935e-01
4.762666666666666715e-01
4.761333333333333528e-01
4.762666666666666715e-01
4.766666666666666829e-01
4.767333333333333423e-01
4.769333333333333202e-01
4.769999999999999796e-01
4.768000000000000016e-01
4.769333333333333202e-01
4.773333333333333317e-01
4.772000000000000131e-01
4.773999999999999910e-01
4.774666666666666504e-01
4.772000000000000131e-01
4.773999999999999910e-01
4.773333333333333317e-01
4.772666666666666724e-01
4.775333333333333097e-01
4.774666666666666504e-01
4.776000000000000245e-01
4.778000000000000025e-01
4.779333333333333211e-01
4.779999999999999805e-01
4.779333333333333211e-01
4.780666666666666398e-01
4.781333333333333546e-01
4.782000000000000139e-01
4.782666666666666733e-01
4.783999999999999919e-01
4.786000000000000254e-01
4.786666666666666847e-01
4.785333333333333106e-01
4.787333333333333441e-01
4.786000000000000254e-01
4.786666666666666847e-01
4.786000000000000254e-01
4.788000000000000034e-01
4.788666666666666627e-01
4.787333333333333441e-01
4.789333333333333220e-01
4.792666666666666742e-01
4.795333333333333115e-01
4.796666666666666856e-01
4.793333333333333335e-01
4.794666666666666521e-01
4.797333333333333449e-01
4.799999999999999822e-01
4.799999999999999822e-01
4.801333333333333564e-01
4.803333333333333344e-01
4.803333333333333344e-01
4.802666666666666750e-01
4.803999999999999937e-01
4.803333333333333344e-01
4.804666666666666530e-01
4.803999999999999937e-01
4.805333333333333123e-01
4.804666666666666530e-01
4.803999999999999937e-01
4.806000000000000272e-01
4.806000000000000272e-01
4.806000000000000272e-01
4.807333333333333458e-01
4.806000000000000272e-01
