2.449999999999999956e-01
2.487333333333333341e-01
2.523333333333333539e-01
2.559333333333333460e-01
2.597999999999999754e-01
2.638666666666666938e-01
2.671999999999999931e-01
2.698666666666666436e-01
2.727999999999999869e-01
2.754666666666666930e-01
2.783999999999999808e-01
2.813333333333333242e-01
2.842000000000000082e-01
2.857333333333333392e-01
2.878666666666666596e-01
2.899333333333333207e-01
2.911333333333333551e-01
2.934666666666666535e-01
2.956666666666666887e-01
2.975999999999999757e-01
2.995333333333333181e-01
3.014666666666666606e-01
3.029333333333333322e-01
3.045333333333333226e-01
3.055999999999999828e-01
3.078666666666666774e-01
3.092666666666666897e-01
3.108000000000000207e-01
3.120666666666666589e-01
3.132666666666666933e-01
3.145333333333333314e-01
3.158666666666666845e-01
3.168000000000000260e-01
3.182666666666666422e-01
3.195999999999999952e-01
3.209333333333333482e-01
3.219333333333333491e-01
3.230000000000000093e-01
3.242666666666666475e-01
3.253333333333333077e-01
3.264000000000000234e-01
3.276000000000000023e-01
3.284666666666666845e-01
3.295333333333333448e-01
3.311333333333333351e-01
3.319333333333333580e-01
3.323333333333333139e-01
3.331333333333333369e-01
3.340000000000000191e-01
3.350666666666666793e-01
3.358666666666666467e-01
3.367999999999999883e-01
3.370666666666666811e-01
3.379333333333333078e-01
3.385333333333333528e-01
3.392000000000000015e-01
3.406000000000000139e-01
3.414666666666666406e-01
3.423333333333333228e-01
3.437999999999999945e-01
3.444666666666666432e-01
3.454666666666666441e-01
3.462666666666666671e-01
3.466666666666666785e-01
3.470666666666666900e-01
3.482666666666666688e-01
3.485333333333333061e-01
3.490666666666666917e-01
3.497999999999999998e-01
3.503999999999999893e-01
3.512000000000000122e-01
3.519333333333333202e-01
3.524666666666666504e-01
3.530666666666666398e-01
3.539333333333333220e-01
3.546000000000000263e-01
3.548666666666666636e-01
3.552666666666666750e-01
3.559333333333333238e-01
3.563333333333333353e-01
3.569999999999999840e-01
3.572000000000000175e-01
3.576666666666666883e-01
3.579333333333333256e-01
3.582000000000000184e-01
3.590666666666666451e-01
3.597333333333333494e-01
3.603999999999999981e-01
3.611333333333333062e-01
3.614666666666666583e-01
3.615999999999999770e-01
3.624666666666666592e-01
3.627333333333333520e-01
3.634000000000000008e-01
3.639999999999999902e-01
3.642000000000000237e-01
3.648666666666666725e-01
3.650666666666666504e-01
3.659333333333333327e-01
3.664000000000000035e-01
3.665999999999999814e-01
3.669999999999999929e-01
3.677333333333333565e-01
3.685999999999999832e-01
3.695333333333333248e-01
3.698000000000000176e-01
3.701999999999999735e-01
3.706666666666666443e-01
3.709999999999999964e-01
3.716666666666666452e-01
3.725333333333333274e-01
3.725333333333333274e-01
3.731999999999999762e-01
3.735333333333333283e-01
3.736666666666666470e-01
3.741333333333333178e-01
3.744666666666666699e-01
3.750666666666666593e-01
3.755999999999999894e-01
3.764666666666666717e-01
3.765333333333333310e-01
3.769333333333333425e-01
3.771999999999999797e-01
3.775999999999999912e-01
3.778666666666666840e-01
3.778666666666666840e-01
3.782666666666666400e-01
3.790000000000000036e-01
3.792666666666666409e-01
3.797333333333333116e-01
3.802666666666666417e-01
3.810000000000000053e-01
3.811999999999999833e-01
3.812666666666666426e-01
3.817333333333333134e-01
3.822666666666666435e-01
3.825333333333333363e-01
3.827333333333333143e-01
3.835999999999999965e-01
3.841333333333333266e-01
3.841333333333333266e-01
3.845333333333333381e-01
3.850666666666666682e-01
3.853333333333333610e-01
3.854666666666666797e-01
3.854666666666666797e-01
3.856666666666666576e-01
3.861333333333333284e-01
3.865333333333333399e-01
3.870000000000000107e-01
3.874000000000000221e-01
3.874666666666666814e-01
3.877999999999999781e-01
3.882666666666666488e-01
3.884666666666666823e-01
3.891999999999999904e-01
3.896000000000000019e-01
3.900666666666666726e-01
3.903333333333333099e-01
3.908666666666666401e-01
3.911999999999999922e-01
3.915333333333333443e-01
3.917999999999999816e-01
3.921333333333333337e-01
3.921333333333333337e-01
3.920666666666666744e-01
3.924000000000000266e-01
3.927333333333333232e-01
3.931333333333333346e-01
3.936000000000000054e-01
3.939333333333333576e-01
3.941999999999999948e-01
3.941999999999999948e-01
3.945333333333333470e-01
3.952666666666666551e-01
3.956666666666666665e-01
3.962666666666666559e-01
3.969333333333333602e-01
3.970666666666666789e-01
3.971333333333333382e-01
3.976666666666666683e-01
3.979333333333333056e-01
3.984666666666666912e-01
3.986666666666666692e-01
3.990666666666666806e-01
3.990666666666666806e-01
3.996666666666666701e-01
3.998666666666666480e-01
3.999333333333333074e-01
4.002666666666666595e-01
4.005333333333333523e-01
4.006000000000000116e-01
4.012666666666666604e-01
4.017333333333333312e-01
4.020000000000000240e-01
4.021333333333333426e-01
4.027999999999999914e-01
4.033333333333333215e-01
4.036666666666666736e-01
4.042666666666666631e-01
4.043999999999999817e-01
4.046000000000000152e-01
4.046000000000000152e-01
4.046000000000000152e-01
4.050666666666666860e-01
4.053333333333333233e-01
4.053999999999999826e-01
4.056000000000000161e-01
4.060000000000000275e-01
4.061333333333333462e-01
4.067333333333333356e-01
4.068666666666666543e-01
4.068666666666666543e-01
4.070666666666666877e-01
4.072666666666666657e-01
4.072000000000000064e-01
4.073999999999999844e-01
4.073999999999999844e-01
4.075333333333333585e-01
4.076666666666666772e-01
4.080666666666666886e-01
4.082666666666666666e-01
4.086000000000000187e-01
4.086000000000000187e-01
4.091333333333333488e-01
4.092000000000000082e-01
4.092666666666666675e-01
4.096666666666666790e-01
4.101333333333333497e-01
4.103999999999999870e-01
4.101333333333333497e-01
4.103999999999999870e-01
4.103999999999999870e-01
4.104666666666666464e-01
4.109999999999999765e-01
4.109999999999999765e-01
4.112666666666666693e-01
4.113333333333333286e-01
4.117999999999999994e-01
4.119333333333333180e-01
4.122666666666666702e-01
4.124666666666666481e-01
4.126000000000000223e-01
4.127333333333333409e-01
4.128666666666666596e-01
4.131333333333333524e-01
4.133333333333333304e-01
4.135333333333333083e-01
4.138666666666666605e-01
4.142666666666666719e-01
4.147333333333333427e-01
4.147333333333333427e-01
4.149333333333333207e-01
4.150666666666666393e-01
4.153999999999999915e-01
4.154666666666666508e-01
4.153999999999999915e-01
4.153999999999999915e-01
4.153333333333333321e-01
4.155333333333333101e-01
4.155333333333333101e-01
4.157333333333333436e-01
4.158666666666666623e-01
4.162000000000000144e-01
4.163999999999999924e-01
4.166666666666666852e-01
4.168000000000000038e-01
4.170666666666666411e-01
4.172666666666666746e-01
4.180666666666666420e-01
4.180666666666666420e-01
4.182666666666666755e-01
4.186000000000000276e-01
4.186000000000000276e-01
4.188666666666666649e-01
4.189999999999999836e-01
4.191333333333333577e-01
4.193999999999999950e-01
4.195333333333333137e-01
4.195333333333333137e-01
4.198000000000000065e-01
4.199999999999999845e-01
4.201333333333333586e-01
4.205333333333333146e-01
4.207333333333333480e-01
4.209999999999999853e-01
4.203999999999999959e-01
4.208666666666666667e-01
4.209999999999999853e-01
4.212666666666666782e-01
4.216666666666666896e-01
4.218000000000000083e-01
4.224666666666666570e-01
4.221333333333333604e-01
4.226666666666666905e-01
4.228666666666666685e-01
4.231333333333333058e-01
4.235333333333333172e-01
4.236666666666666914e-01
4.237333333333333507e-01
4.238000000000000100e-01
4.241333333333333067e-01
4.240666666666666473e-01
4.243999999999999995e-01
4.248666666666666702e-01
4.255999999999999783e-01
4.255333333333333190e-01
4.255999999999999783e-01
4.258000000000000118e-01
4.258000000000000118e-01
4.259333333333333305e-01
4.259999999999999898e-01
4.264000000000000012e-01
4.263333333333333419e-01
4.265333333333333199e-01
4.266666666666666941e-01
4.270666666666666500e-01
4.273333333333333428e-01
4.276666666666666394e-01
4.278000000000000136e-01
4.279333333333333322e-01
4.281333333333333102e-01
4.284666666666666623e-01
4.282000000000000250e-01
4.282000000000000250e-01
4.283333333333333437e-01
4.284666666666666623e-01
4.284000000000000030e-01
4.285999999999999810e-01
4.288666666666666738e-01
4.289999999999999925e-01
4.290666666666666518e-01
4.294000000000000039e-01
4.295999999999999819e-01
4.299333333333333340e-01
4.298000000000000154e-01
4.302666666666666861e-01
4.304666666666666641e-01
4.309333333333333349e-01
4.311333333333333129e-01
4.314000000000000057e-01
4.315999999999999837e-01
4.318666666666666765e-01
4.319999999999999951e-01
4.319999999999999951e-01
4.323333333333333472e-01
4.323333333333333472e-01
4.326666666666666439e-01
4.329333333333333367e-01
4.328000000000000180e-01
4.332666666666666888e-01
4.333333333333333481e-01
4.335333333333333261e-01
4.335999999999999854e-01
4.337333333333333596e-01
4.341333333333333155e-01
4.340666666666666562e-01
4.343333333333333490e-01
4.345333333333333270e-01
4.347333333333333605e-01
4.351333333333333164e-01
4.354000000000000092e-01
4.354666666666666686e-01
4.354000000000000092e-01
4.358666666666666800e-01
4.363333333333333508e-01
4.364000000000000101e-01
4.364666666666666694e-01
4.364000000000000101e-01
4.365333333333333288e-01
4.364666666666666694e-01
4.366666666666666474e-01
4.369999999999999996e-01
4.371333333333333182e-01
4.370666666666666589e-01
4.374000000000000110e-01
4.378666666666666818e-01
4.378000000000000225e-01
4.384666666666666712e-01
4.388666666666666827e-01
4.389333333333333420e-01
4.389333333333333420e-01
4.391333333333333200e-01
4.394666666666666721e-01
4.393333333333333535e-01
4.396666666666666501e-01
4.397333333333333094e-01
4.397333333333333094e-01
4.396666666666666501e-01
4.395999999999999908e-01
4.398000000000000242e-01
4.396666666666666501e-01
4.399333333333333429e-01
4.403333333333333544e-01
4.404666666666666730e-01
4.406666666666666510e-01
4.408666666666666845e-01
4.411333333333333218e-01
4.413333333333333552e-01
4.417333333333333112e-01
4.420000000000000040e-01
4.420000000000000040e-01
4.422666666666666413e-01
4.423333333333333561e-01
4.426666666666666528e-01
4.426666666666666528e-01
4.431333333333333235e-01
4.433333333333333570e-01
4.434000000000000163e-01
4.434666666666666757e-01
4.441333333333333244e-01
4.441999999999999837e-01
4.441333333333333244e-01
4.441999999999999837e-01
4.445333333333333359e-01
4.444000000000000172e-01
4.445999999999999952e-01
4.448666666666666880e-01
4.449333333333333473e-01
4.449333333333333473e-01
4.450666666666666660e-01
4.450000000000000067e-01
4.453333333333333588e-01
4.453333333333333588e-01
4.451999999999999846e-01
4.455999999999999961e-01
4.456666666666666554e-01
4.456666666666666554e-01
4.457999999999999741e-01
4.459333333333333482e-01
4.459333333333333482e-01
4.460666666666666669e-01
4.462666666666666448e-01
4.464666666666666783e-01
4.467999999999999750e-01
4.465333333333333377e-01
4.467999999999999750e-01
4.470666666666666678e-01
4.471999999999999864e-01
4.470666666666666678e-01
4.471999999999999864e-01
4.473333333333333606e-01
4.473333333333333606e-01
4.474666666666666792e-01
4.473333333333333606e-01
4.473333333333333606e-01
4.473333333333333606e-01
4.475999999999999979e-01
4.480000000000000093e-01
4.483333333333333059e-01
4.484666666666666801e-01
4.485999999999999988e-01
4.487999999999999767e-01
4.489333333333333509e-01
4.491333333333333289e-01
4.490000000000000102e-01
4.491333333333333289e-01
4.491333333333333289e-01
4.494000000000000217e-01
4.495999999999999996e-01
4.495333333333333403e-01
4.497333333333333183e-01
4.499333333333333518e-01
4.499333333333333518e-01
4.497999999999999776e-01
4.500000000000000111e-01
4.500000000000000111e-01
4.500000000000000111e-01
4.500666666666666704e-01
4.503333333333333077e-01
4.506000000000000005e-01
4.505333333333333412e-01
4.507333333333333192e-01
4.506666666666666599e-01
4.506000000000000005e-01
4.505333333333333412e-01
4.508666666666666933e-01
4.508666666666666933e-01
4.510000000000000120e-01
4.513333333333333086e-01
4.516666666666666607e-01
4.517999999999999794e-01
4.517999999999999794e-01
4.521999999999999909e-01
4.519333333333333536e-01
4.519333333333333536e-01
4.519333333333333536e-01
4.522666666666666502e-01
4.521333333333333315e-01
4.520000000000000129e-01
4.523333333333333095e-01
4.522666666666666502e-01
4.525333333333333430e-01
4.526666666666666616e-01
4.527999999999999803e-01
4.530666666666666731e-01
4.531333333333333324e-01
4.530666666666666731e-01
4.531999999999999917e-01
4.536000000000000032e-01
4.537999999999999812e-01
4.540666666666666740e-01
4.542666666666666520e-01
4.541333333333333333e-01
4.542666666666666520e-01
4.543333333333333113e-01
4.541999999999999926e-01
4.544000000000000261e-01
4.541999999999999926e-01
4.544000000000000261e-01
4.543333333333333113e-01
4.541333333333333333e-01
4.543333333333333113e-01
4.544666666666666854e-01
4.547333333333333227e-01
4.549333333333333562e-01
4.554000000000000270e-01
4.551999999999999935e-01
4.552666666666666528e-01
4.553333333333333122e-01
4.554000000000000270e-01
4.557999999999999829e-01
4.560666666666666758e-01
4.562666666666666537e-01
4.563333333333333131e-01
4.562666666666666537e-01
4.567333333333333245e-01
4.567999999999999838e-01
4.570000000000000173e-01
4.571999999999999953e-01
4.573999999999999733e-01
4.574666666666666881e-01
4.576666666666666661e-01
4.578666666666666440e-01
4.576666666666666661e-01
4.576666666666666661e-01
4.577999999999999847e-01
4.576666666666666661e-01
4.578666666666666440e-01
4.581999999999999962e-01
4.582666666666666555e-01
4.581999999999999962e-01
4.581999999999999962e-01
4.583999999999999742e-01
4.583999999999999742e-01
4.583333333333333148e-01
4.584666666666666890e-01
4.583333333333333148e-01
4.585333333333333483e-01
4.589333333333333598e-01
4.590000000000000191e-01
4.591333333333333377e-01
4.591999999999999971e-01
4.593333333333333157e-01
4.598666666666666458e-01
4.599333333333333607e-01
4.597333333333333272e-01
4.601333333333333386e-01
4.600000000000000200e-01
4.603333333333333166e-01
4.604666666666666908e-01
4.607999999999999874e-01
4.607999999999999874e-01
4.607999999999999874e-01
4.609333333333333060e-01
4.610000000000000209e-01
4.611333333333333395e-01
4.611999999999999988e-01
4.611333333333333395e-01
4.611333333333333395e-01
4.611999999999999988e-01
4.615333333333333510e-01
4.616000000000000103e-01
4.614666666666666917e-01
4.617333333333333290e-01
4.617333333333333290e-01
4.618666666666666476e-01
4.620666666666666811e-01
4.623333333333333184e-01
4.620666666666666811e-01
4.620000000000000218e-01
4.621333333333333404e-01
4.623999999999999777e-01
4.623333333333333184e-01
4.625333333333333519e-01
4.629333333333333078e-01
4.629333333333333078e-01
4.627333333333333298e-01
4.630666666666666820e-01
4.631333333333333413e-01
4.631333333333333413e-01
4.632000000000000006e-01
4.633999999999999786e-01
4.632666666666666599e-01
4.632000000000000006e-01
4.633999999999999786e-01
4.634666666666666934e-01
4.635333333333333528e-01
4.636000000000000121e-01
4.636666666666666714e-01
4.636666666666666714e-01
4.637333333333333307e-01
4.640000000000000235e-01
4.639333333333333087e-01
4.640000000000000235e-01
4.638666666666666494e-01
4.639333333333333087e-01
4.642666666666666608e-01
4.645333333333333536e-01
4.647333333333333316e-01
4.648666666666666503e-01
4.647999999999999909e-01
4.644666666666666943e-01
4.646000000000000130e-01
4.643333333333333202e-01
4.648666666666666503e-01
4.650666666666666837e-01
4.651333333333333431e-01
4.650666666666666837e-01
4.652666666666666617e-01
4.653333333333333210e-01
4.655333333333333545e-01
4.654666666666666397e-01
4.654666666666666397e-01
4.657333333333333325e-01
4.656666666666666732e-01
4.656000000000000139e-01
4.657999999999999918e-01
4.654666666666666397e-01
4.657333333333333325e-01
4.656000000000000139e-01
4.660666666666666846e-01
4.660000000000000253e-01
4.662666666666666626e-01
4.662000000000000033e-01
4.660666666666666846e-01
4.659333333333333105e-01
4.659333333333333105e-01
4.656666666666666732e-01
4.657333333333333325e-01
4.657999999999999918e-01
4.656666666666666732e-01
4.657999999999999918e-01
4.659333333333333105e-01
4.658666666666666512e-01
4.659333333333333105e-01
4.660000000000000253e-01
4.660000000000000253e-01
4.660000000000000253e-01
4.662000000000000033e-01
4.664666666666666406e-01
4.666000000000000147e-01
4.667999999999999927e-01
4.665333333333333554e-01
4.667333333333333334e-01
4.667333333333333334e-01
4.667333333333333334e-01
4.668666666666666520e-01
4.672666666666666635e-01
4.673333333333333228e-01
4.676000000000000156e-01
4.678666666666666529e-01
4.679333333333333123e-01
4.680000000000000271e-01
4.681333333333333457e-01
4.682666666666666644e-01
4.682666666666666644e-01
4.682666666666666644e-01
4.680666666666666864e-01
4.681333333333333457e-01
4.682666666666666644e-01
4.682666666666666644e-01
4.683333333333333237e-01
4.682000000000000051e-01
4.682000000000000051e-01
4.682666666666666644e-01
4.683333333333333237e-01
4.683333333333333237e-01
4.685333333333333572e-01
4.684666666666666424e-01
4.685333333333333572e-01
4.686666666666666758e-01
4.687333333333333352e-01
4.689333333333333131e-01
4.687999999999999945e-01
4.688666666666666538e-01
4.690666666666666873e-01
4.690666666666666873e-01
4.691333333333333466e-01
4.690666666666666873e-01
4.692000000000000060e-01
4.693333333333333246e-01
4.694666666666666432e-01
4.697333333333333361e-01
4.697999999999999954e-01
4.701333333333333475e-01
4.701333333333333475e-01
4.699999999999999734e-01
4.698666666666666547e-01
4.700666666666666882e-01
4.702000000000000068e-01
4.702000000000000068e-01
4.702000000000000068e-01
4.704666666666666441e-01
4.705333333333333590e-01
4.707999999999999963e-01
4.706666666666666776e-01
4.709999999999999742e-01
4.707333333333333369e-01
4.706000000000000183e-01
4.710666666666666891e-01
4.707333333333333369e-01
4.710666666666666891e-01
4.710666666666666891e-01
4.711333333333333484e-01
4.712666666666666671e-01
4.713333333333333264e-01
4.716666666666666785e-01
4.717999999999999972e-01
4.719999999999999751e-01
4.717999999999999972e-01
4.717999999999999972e-01
4.716666666666666785e-01
4.717999999999999972e-01
4.716666666666666785e-01
4.718666666666666565e-01
4.722666666666666679e-01
4.723333333333333273e-01
4.725333333333333607e-01
4.725333333333333607e-01
