3.532666666666666733e-01
3.542666666666666742e-01
3.543333333333333335e-01
3.549999999999999822e-01
3.551333333333333564e-01
3.555333333333333123e-01
3.562666666666666759e-01
3.566666666666666874e-01
3.568000000000000060e-01
3.572666666666666768e-01
3.577333333333333476e-01
3.578000000000000069e-01
3.578666666666666663e-01
3.583999999999999964e-01
3.588000000000000078e-01
3.589999999999999858e-01
3.597333333333333494e-01
3.602000000000000202e-01
3.605999999999999761e-01
3.610666666666666469e-01
3.614666666666666583e-01
3.620666666666666478e-01
3.623999999999999999e-01
3.628666666666666707e-01
3.630666666666666487e-01
3.634666666666666601e-01
3.640666666666666496e-01
3.643333333333333424e-01
3.645999999999999797e-01
3.649333333333333318e-01
3.655333333333333212e-01
3.656666666666666399e-01
3.660666666666666513e-01
3.665333333333333221e-01
3.668000000000000149e-01
3.670666666666666522e-01
3.675333333333333230e-01
3.679333333333333345e-01
3.681333333333333124e-01
3.682666666666666866e-01
3.687333333333333574e-01
3.691999999999999726e-01
3.699333333333333362e-01
3.703333333333333477e-01
3.708000000000000185e-01
3.713333333333333486e-01
3.715999999999999859e-01
3.719333333333333380e-01
3.723333333333333495e-01
3.728666666666666796e-01
3.735333333333333283e-01
3.741333333333333178e-01
3.744666666666666699e-01
3.745999999999999885e-01
3.751333333333333186e-01
3.756666666666666488e-01
3.759333333333333416e-01
3.761333333333333195e-01
3.768666666666666831e-01
3.771999999999999797e-01
3.776666666666666505e-01
3.778666666666666840e-01
3.781999999999999806e-01
3.786666666666666514e-01
3.789333333333333442e-01
3.793333333333333557e-01
3.796666666666666523e-01
3.798666666666666858e-01
3.801999999999999824e-01
3.805999999999999939e-01
3.811333333333333240e-01
3.814666666666666761e-01
3.820000000000000062e-01
3.821333333333333249e-01
3.824666666666666770e-01
3.829333333333333478e-01
3.832666666666666444e-01
3.831999999999999851e-01
3.828666666666666885e-01
3.836666666666666559e-01
3.843333333333333601e-01
3.848666666666666902e-01
3.854000000000000203e-01
3.854666666666666797e-01
3.860000000000000098e-01
3.864666666666666806e-01
3.870000000000000107e-01
3.877333333333333187e-01
3.880666666666666709e-01
3.881999999999999895e-01
3.885333333333333417e-01
3.886666666666666603e-01
3.891333333333333311e-01
3.895333333333333425e-01
3.897333333333333205e-01
3.903333333333333099e-01
3.908666666666666401e-01
3.909333333333333549e-01
3.912666666666666515e-01
3.916000000000000036e-01
3.921333333333333337e-01
3.921333333333333337e-01
3.927999999999999825e-01
3.930000000000000160e-01
3.934666666666666868e-01
3.938666666666666427e-01
3.941333333333333355e-01
3.944666666666666877e-01
3.946000000000000063e-01
3.950000000000000178e-01
3.952666666666666551e-01
3.956000000000000072e-01
3.955333333333333479e-01
3.959333333333333593e-01
3.962666666666666559e-01
3.966666666666666674e-01
3.974666666666666903e-01
3.977999999999999869e-01
3.980000000000000204e-01
3.983999999999999764e-01
3.985333333333333505e-01
3.988666666666666472e-01
3.990666666666666806e-01
3.991999999999999993e-01
3.994666666666666921e-01
3.999333333333333074e-01
4.002666666666666595e-01
4.007999999999999896e-01
4.012666666666666604e-01
4.013333333333333197e-01
4.017999999999999905e-01
4.019333333333333091e-01
4.021333333333333426e-01
4.023999999999999799e-01
4.026666666666666727e-01
4.027999999999999914e-01
4.030666666666666842e-01
4.035333333333333550e-01
4.036000000000000143e-01
4.037999999999999923e-01
4.040000000000000258e-01
4.040000000000000258e-01
4.043999999999999817e-01
4.043999999999999817e-01
4.048666666666666525e-01
4.052000000000000046e-01
4.053333333333333233e-01
4.058666666666666534e-01
4.060666666666666869e-01
4.063333333333333242e-01
4.063999999999999835e-01
4.067333333333333356e-01
4.069999999999999729e-01
4.072000000000000064e-01
4.077333333333333365e-01
4.077333333333333365e-01
4.078666666666666551e-01
4.079333333333333145e-01
4.085333333333333594e-01
4.086666666666666781e-01
4.088666666666666560e-01
4.090666666666666895e-01
4.091333333333333488e-01
4.093999999999999861e-01
4.096666666666666790e-01
4.099333333333333163e-01
4.100666666666666904e-01
4.102000000000000091e-01
4.105333333333333057e-01
4.103999999999999870e-01
4.106000000000000205e-01
4.107333333333333392e-01
4.110666666666666913e-01
4.109333333333333171e-01
4.113999999999999879e-01
4.116000000000000214e-01
4.119999999999999774e-01
4.122666666666666702e-01
4.123333333333333295e-01
4.127333333333333409e-01
4.128000000000000003e-01
4.132666666666666710e-01
4.135333333333333083e-01
4.139333333333333198e-01
4.142000000000000126e-01
4.139333333333333198e-01
4.139999999999999791e-01
4.141333333333333533e-01
4.144666666666666499e-01
4.146000000000000241e-01
4.149999999999999800e-01
4.149999999999999800e-01
4.152000000000000135e-01
4.152666666666666728e-01
4.153333333333333321e-01
4.157333333333333436e-01
4.159333333333333216e-01
4.160666666666666402e-01
4.160666666666666402e-01
4.162000000000000144e-01
4.163333333333333330e-01
4.168000000000000038e-01
4.171333333333333560e-01
4.173333333333333339e-01
4.180666666666666420e-01
4.179333333333333234e-01
4.182666666666666755e-01
4.183333333333333348e-01
4.183333333333333348e-01
4.186666666666666869e-01
4.186666666666666869e-01
4.190666666666666429e-01
4.192666666666666764e-01
4.197333333333333472e-01
4.199333333333333251e-01
4.203999999999999959e-01
4.205333333333333146e-01
4.208666666666666667e-01
4.209999999999999853e-01
4.213333333333333375e-01
4.213333333333333375e-01
4.216666666666666896e-01
4.215999999999999748e-01
4.218666666666666676e-01
4.222666666666666790e-01
4.222666666666666790e-01
4.224666666666666570e-01
4.227333333333333498e-01
4.231333333333333058e-01
4.233333333333333393e-01
4.235333333333333172e-01
4.235999999999999766e-01
4.238666666666666694e-01
4.239333333333333287e-01
4.239333333333333287e-01
4.241333333333333067e-01
4.241333333333333067e-01
4.243999999999999995e-01
4.247333333333333516e-01
4.248666666666666702e-01
4.248666666666666702e-01
4.252000000000000224e-01
4.255333333333333190e-01
4.256666666666666932e-01
4.258666666666666711e-01
4.262000000000000233e-01
4.264666666666666606e-01
4.265333333333333199e-01
4.268000000000000127e-01
4.271333333333333093e-01
4.272666666666666835e-01
4.278000000000000136e-01
4.280666666666666509e-01
4.283333333333333437e-01
4.285999999999999810e-01
4.288666666666666738e-01
4.291333333333333111e-01
4.291333333333333111e-01
4.293333333333333446e-01
4.294000000000000039e-01
4.296666666666666412e-01
4.296666666666666412e-01
4.298666666666666747e-01
4.301333333333333120e-01
4.302666666666666861e-01
4.302666666666666861e-01
4.305999999999999828e-01
4.308000000000000163e-01
4.308666666666666756e-01
4.312000000000000277e-01
4.312666666666666870e-01
4.315999999999999837e-01
4.319999999999999951e-01
4.319999999999999951e-01
4.322666666666666879e-01
4.324000000000000066e-01
4.325333333333333252e-01
4.326666666666666439e-01
4.326666666666666439e-01
4.328666666666666774e-01
4.330666666666666553e-01
4.332666666666666888e-01
4.334000000000000075e-01
4.335999999999999854e-01
4.335333333333333261e-01
4.338000000000000189e-01
4.338666666666666782e-01
4.339333333333333376e-01
4.339999999999999969e-01
4.340666666666666562e-01
4.340666666666666562e-01
4.345333333333333270e-01
4.348666666666666791e-01
4.350666666666666571e-01
4.350666666666666571e-01
4.353333333333333499e-01
4.356666666666666465e-01
4.359333333333333393e-01
4.359333333333333393e-01
4.361999999999999766e-01
4.364000000000000101e-01
4.365999999999999881e-01
4.369333333333333402e-01
4.370666666666666589e-01
4.372666666666666924e-01
4.374666666666666703e-01
4.375333333333333297e-01
4.377333333333333076e-01
4.376666666666666483e-01
4.378000000000000225e-01
4.378000000000000225e-01
4.384000000000000119e-01
4.387333333333333085e-01
4.386666666666666492e-01
4.390666666666666607e-01
4.388666666666666827e-01
4.390666666666666607e-01
4.391333333333333200e-01
4.393333333333333535e-01
4.395333333333333314e-01
4.395333333333333314e-01
4.395999999999999908e-01
4.398000000000000242e-01
4.402666666666666395e-01
4.404666666666666730e-01
4.409333333333333438e-01
4.409333333333333438e-01
4.410666666666666624e-01
4.412666666666666404e-01
4.412666666666666404e-01
4.414000000000000146e-01
4.414666666666666739e-01
4.414666666666666739e-01
4.416666666666666519e-01
4.418666666666666853e-01
4.420666666666666633e-01
4.420000000000000040e-01
4.421999999999999820e-01
4.424666666666666748e-01
4.425999999999999934e-01
4.428000000000000269e-01
4.429333333333333456e-01
4.431333333333333235e-01
4.434000000000000163e-01
4.436666666666666536e-01
4.440000000000000058e-01
4.441333333333333244e-01
4.443333333333333579e-01
4.444000000000000172e-01
4.445999999999999952e-01
4.447333333333333139e-01
4.448666666666666880e-01
4.450000000000000067e-01
4.451333333333333253e-01
4.454000000000000181e-01
4.454666666666666774e-01
4.456666666666666554e-01
4.457333333333333147e-01
4.462666666666666448e-01
4.462666666666666448e-01
4.463333333333333597e-01
4.463333333333333597e-01
4.465333333333333377e-01
4.465999999999999970e-01
4.470000000000000084e-01
4.473333333333333606e-01
4.474000000000000199e-01
4.476666666666666572e-01
4.479333333333333500e-01
4.481999999999999873e-01
4.481333333333333280e-01
4.484000000000000208e-01
4.483333333333333059e-01
4.484000000000000208e-01
4.487333333333333174e-01
4.487999999999999767e-01
4.488666666666666916e-01
4.488666666666666916e-01
4.489333333333333509e-01
4.487999999999999767e-01
4.489333333333333509e-01
4.490666666666666695e-01
4.491333333333333289e-01
4.491333333333333289e-01
4.492666666666666475e-01
4.493333333333333068e-01
4.494666666666666810e-01
4.496666666666666590e-01
4.496666666666666590e-01
4.497333333333333183e-01
4.499333333333333518e-01
4.501999999999999891e-01
4.501999999999999891e-01
4.502666666666666484e-01
4.500000000000000111e-01
4.505333333333333412e-01
4.507999999999999785e-01
4.507999999999999785e-01
4.508666666666666933e-01
4.508666666666666933e-01
4.509333333333333527e-01
4.507999999999999785e-01
4.510666666666666713e-01
4.511999999999999900e-01
4.511999999999999900e-01
4.514000000000000234e-01
4.514666666666666828e-01
4.517333333333333201e-01
4.517333333333333201e-01
4.518666666666666942e-01
4.521333333333333315e-01
4.520000000000000129e-01
4.521333333333333315e-01
4.521999999999999909e-01
4.522666666666666502e-01
4.521999999999999909e-01
4.524666666666666837e-01
4.526000000000000023e-01
4.527333333333333210e-01
4.529333333333333544e-01
4.528666666666666396e-01
4.530000000000000138e-01
4.531999999999999917e-01
4.532666666666666511e-01
4.534000000000000252e-01
4.534666666666666845e-01
4.534666666666666845e-01
4.533333333333333104e-01
4.536000000000000032e-01
4.537999999999999812e-01
4.537999999999999812e-01
4.537333333333333218e-01
4.539333333333333553e-01
4.541333333333333333e-01
4.542666666666666520e-01
4.543333333333333113e-01
4.544666666666666854e-01
4.547999999999999821e-01
4.547999999999999821e-01
4.546666666666666634e-01
4.546666666666666634e-01
4.549333333333333562e-01
4.551333333333333342e-01
4.552666666666666528e-01
4.552666666666666528e-01
4.551333333333333342e-01
4.554000000000000270e-01
4.555333333333333456e-01
4.556666666666666643e-01
4.559333333333333571e-01
4.559333333333333571e-01
4.559333333333333571e-01
4.559333333333333571e-01
4.561333333333333351e-01
4.561999999999999944e-01
4.566000000000000059e-01
4.567999999999999838e-01
4.569333333333333580e-01
4.572666666666666546e-01
4.573999999999999733e-01
4.576000000000000068e-01
4.576666666666666661e-01
4.576000000000000068e-01
4.577999999999999847e-01
4.577999999999999847e-01
4.577333333333333254e-01
4.580000000000000182e-01
4.580000000000000182e-01
4.581333333333333369e-01
4.581999999999999962e-01
4.584666666666666890e-01
4.586666666666666670e-01
4.590666666666666784e-01
4.587333333333333263e-01
4.589333333333333598e-01
4.593999999999999750e-01
4.593333333333333157e-01
4.595333333333333492e-01
4.593333333333333157e-01
4.595333333333333492e-01
4.596666666666666679e-01
4.598666666666666458e-01
4.600666666666666793e-01
4.602666666666666573e-01
4.603999999999999759e-01
4.603999999999999759e-01
4.606666666666666687e-01
4.607999999999999874e-01
4.610666666666666802e-01
4.611333333333333395e-01
4.610666666666666802e-01
4.610000000000000209e-01
4.610666666666666802e-01
4.611333333333333395e-01
4.610666666666666802e-01
4.613333333333333175e-01
4.610666666666666802e-01
4.611333333333333395e-01
4.613999999999999768e-01
4.615333333333333510e-01
4.620000000000000218e-01
4.620000000000000218e-01
4.621333333333333404e-01
4.622666666666666591e-01
4.623999999999999777e-01
4.626000000000000112e-01
4.626666666666666705e-01
4.627999999999999892e-01
4.630666666666666820e-01
4.632000000000000006e-01
4.632000000000000006e-01
4.633333333333333193e-01
4.633999999999999786e-01
4.634666666666666934e-01
4.635333333333333528e-01
4.637333333333333307e-01
4.639333333333333087e-01
4.640000000000000235e-01
4.642000000000000015e-01
4.641333333333333422e-01
4.642666666666666608e-01
4.644666666666666943e-01
4.642666666666666608e-01
4.645333333333333536e-01
4.643999999999999795e-01
4.644666666666666943e-01
4.645333333333333536e-01
4.644666666666666943e-01
4.646000000000000130e-01
4.646000000000000130e-01
4.648666666666666503e-01
4.646666666666666723e-01
4.649333333333333096e-01
4.651333333333333431e-01
4.652666666666666617e-01
4.654666666666666397e-01
4.652000000000000024e-01
4.655333333333333545e-01
4.656666666666666732e-01
4.658666666666666512e-01
4.659333333333333105e-01
4.658666666666666512e-01
4.659333333333333105e-01
4.662000000000000033e-01
4.661333333333333440e-01
4.664666666666666406e-01
4.666000000000000147e-01
4.666666666666666741e-01
4.666666666666666741e-01
4.667333333333333334e-01
4.667999999999999927e-01
4.668666666666666520e-01
4.665333333333333554e-01
4.666000000000000147e-01
4.669333333333333114e-01
4.670000000000000262e-01
4.667333333333333334e-01
4.667333333333333334e-01
4.670666666666666855e-01
4.670666666666666855e-01
4.672000000000000042e-01
4.672666666666666635e-01
4.673999999999999821e-01
4.676000000000000156e-01
4.677333333333333343e-01
4.678666666666666529e-01
4.680000000000000271e-01
4.681333333333333457e-01
4.682000000000000051e-01
4.683333333333333237e-01
4.683999999999999830e-01
4.683999999999999830e-01
4.687333333333333352e-01
4.687333333333333352e-01
4.689333333333333131e-01
4.687333333333333352e-01
4.689333333333333131e-01
4.691333333333333466e-01
4.690666666666666873e-01
4.693333333333333246e-01
4.693999999999999839e-01
4.694666666666666432e-01
4.694666666666666432e-01
4.696666666666666767e-01
4.697999999999999954e-01
4.697999999999999954e-01
4.699333333333333140e-01
4.698666666666666547e-01
4.698666666666666547e-01
4.700666666666666882e-01
4.702000000000000068e-01
4.701333333333333475e-01
4.702666666666666662e-01
4.703333333333333255e-01
4.703999999999999848e-01
4.706000000000000183e-01
4.706000000000000183e-01
4.707333333333333369e-01
4.706666666666666776e-01
4.706000000000000183e-01
4.706000000000000183e-01
4.707333333333333369e-01
4.707333333333333369e-01
4.708666666666666556e-01
4.707999999999999963e-01
4.712666666666666671e-01
4.713333333333333264e-01
4.713333333333333264e-01
4.713999999999999857e-01
4.713999999999999857e-01
4.712666666666666671e-01
4.716000000000000192e-01
4.717333333333333378e-01
4.717999999999999972e-01
4.720666666666666900e-01
4.717999999999999972e-01
4.719333333333333158e-01
4.721333333333333493e-01
4.722000000000000086e-01
4.722000000000000086e-01
4.722000000000000086e-01
4.724666666666666459e-01
4.725333333333333607e-01
4.724666666666666459e-01
4.726000000000000201e-01
4.725333333333333607e-01
4.724666666666666459e-01
4.726000000000000201e-01
4.727333333333333387e-01
4.729999999999999760e-01
4.729999999999999760e-01
4.728666666666666574e-01
4.731333333333333502e-01
4.732666666666666688e-01
4.733333333333333282e-01
4.732666666666666688e-01
4.733333333333333282e-01
4.732000000000000095e-01
4.734666666666666468e-01
4.734666666666666468e-01
4.736666666666666803e-01
4.739999999999999769e-01
4.740666666666666917e-01
4.742000000000000104e-01
4.742666666666666697e-01
4.745333333333333070e-01
4.747333333333333405e-01
4.746000000000000218e-01
4.747333333333333405e-01
4.749333333333333185e-01
4.749999999999999778e-01
4.752000000000000113e-01
4.752666666666666706e-01
4.753999999999999893e-01
4.752000000000000113e-01
4.753333333333333299e-01
4.757333333333333414e-01
4.759333333333333194e-01
4.759999999999999787e-01
4.761333333333333528e-01
4.762666666666666715e-01
4.762000000000000122e-01
4.762666666666666715e-01
4.761333333333333528e-01
4.763999999999999901e-01
4.765333333333333088e-01
4.767333333333333423e-01
4.767333333333333423e-01
4.768666666666666609e-01
4.770666666666666944e-01
4.771333333333333537e-01
4.770666666666666944e-01
4.772000000000000131e-01
4.772666666666666724e-01
4.775333333333333097e-01
4.772000000000000131e-01
4.775333333333333097e-01
4.776000000000000245e-01
4.774666666666666504e-01
4.773999999999999910e-01
4.774666666666666504e-01
4.776666666666666838e-01
4.776000000000000245e-01
4.775333333333333097e-01
4.778666666666666618e-01
4.780666666666666398e-01
4.781333333333333546e-01
4.782666666666666733e-01
4.783333333333333326e-01
4.781333333333333546e-01
4.783333333333333326e-01
4.784666666666666512e-01
4.783999999999999919e-01
4.786666666666666847e-01
4.786666666666666847e-01
4.785333333333333106e-01
4.787333333333333441e-01
4.786666666666666847e-01
4.787333333333333441e-01
4.789333333333333220e-01
4.789333333333333220e-01
4.790666666666666407e-01
4.791333333333333555e-01
4.792000000000000148e-01
4.794666666666666521e-01
4.796000000000000263e-01
4.794666666666666521e-01
4.798666666666666636e-01
4.798666666666666636e-01
4.801333333333333564e-01
4.802666666666666750e-01
4.804666666666666530e-01
4.804666666666666530e-01
4.806000000000000272e-01
4.806000000000000272e-01
4.803333333333333344e-01
4.803999999999999937e-01
4.803999999999999937e-01
4.806666666666666865e-01
4.806000000000000272e-01
4.806000000000000272e-01
4.806666666666666865e-01
4.807333333333333458e-01
4.806000000000000272e-01
4.806000000000000272e-01
4.806666666666666865e-01
4.809333333333333238e-01
4.810666666666666424e-01
4.812000000000000166e-01
4.812666666666666759e-01
