3.559333333333333238e-01
3.565333333333333132e-01
3.573333333333333361e-01
3.574666666666666548e-01
3.581333333333333591e-01
3.584666666666666557e-01
3.588000000000000078e-01
3.592666666666666786e-01
3.596666666666666901e-01
3.602000000000000202e-01
3.605999999999999761e-01
3.609999999999999876e-01
3.615999999999999770e-01
3.615999999999999770e-01
3.622666666666666813e-01
3.626666666666666927e-01
3.625333333333333186e-01
3.634000000000000008e-01
3.637333333333333529e-01
3.639333333333333309e-01
3.643333333333333424e-01
3.649333333333333318e-01
3.654000000000000026e-01
3.654666666666666619e-01
3.656666666666666399e-01
3.661333333333333107e-01
3.665999999999999814e-01
3.669999999999999929e-01
3.673333333333333450e-01
3.677333333333333565e-01
3.679333333333333345e-01
3.681333333333333124e-01
3.684000000000000052e-01
3.688000000000000167e-01
3.693333333333333468e-01
3.699999999999999956e-01
3.704000000000000070e-01
3.709333333333333371e-01
3.710666666666666558e-01
3.715999999999999859e-01
3.720666666666666567e-01
3.722666666666666901e-01
3.726666666666666461e-01
3.734666666666666690e-01
3.740666666666666584e-01
3.742666666666666919e-01
3.744666666666666699e-01
3.749333333333333407e-01
3.752666666666666928e-01
3.756666666666666488e-01
3.758666666666666822e-01
3.764000000000000123e-01
3.767333333333333090e-01
3.774666666666666726e-01
3.778000000000000247e-01
3.780000000000000027e-01
3.781999999999999806e-01
3.786666666666666514e-01
3.794000000000000150e-01
3.792666666666666409e-01
3.796666666666666523e-01
3.800666666666666638e-01
3.801999999999999824e-01
3.804666666666666752e-01
3.810000000000000053e-01
3.814000000000000168e-01
3.818666666666666876e-01
3.819333333333333469e-01
3.825333333333333363e-01
3.829333333333333478e-01
3.831333333333333258e-01
3.834000000000000186e-01
3.834666666666666779e-01
3.838666666666666893e-01
3.845333333333333381e-01
3.849333333333333496e-01
3.851333333333333275e-01
3.855999999999999983e-01
3.860666666666666691e-01
3.862666666666666471e-01
3.867999999999999772e-01
3.875333333333333408e-01
3.879333333333333522e-01
3.880666666666666709e-01
3.876666666666666594e-01
3.884666666666666823e-01
3.889333333333333531e-01
3.893333333333333091e-01
3.897333333333333205e-01
3.900666666666666726e-01
3.907333333333333214e-01
3.909333333333333549e-01
3.911999999999999922e-01
3.916000000000000036e-01
3.920000000000000151e-01
3.920666666666666744e-01
3.927333333333333232e-01
3.928666666666666418e-01
3.930666666666666753e-01
3.937333333333333241e-01
3.940666666666666762e-01
3.943333333333333135e-01
3.943999999999999728e-01
3.947333333333333250e-01
3.951999999999999957e-01
3.953999999999999737e-01
3.955333333333333479e-01
3.957333333333333258e-01
3.960000000000000187e-01
3.966000000000000081e-01
3.970000000000000195e-01
3.976000000000000090e-01
3.977999999999999869e-01
3.981999999999999984e-01
3.983999999999999764e-01
3.986666666666666692e-01
3.989333333333333065e-01
3.988666666666666472e-01
3.991333333333333400e-01
3.996666666666666701e-01
3.999333333333333074e-01
4.004666666666666930e-01
4.010666666666666824e-01
4.012000000000000011e-01
4.015333333333333532e-01
4.017999999999999905e-01
4.019333333333333091e-01
4.020666666666666833e-01
4.023333333333333206e-01
4.025333333333333541e-01
4.029333333333333100e-01
4.032000000000000028e-01
4.035333333333333550e-01
4.037333333333333329e-01
4.038666666666666516e-01
4.040000000000000258e-01
4.041333333333333444e-01
4.042666666666666631e-01
4.045333333333333559e-01
4.049333333333333118e-01
4.050666666666666860e-01
4.054666666666666419e-01
4.057333333333333347e-01
4.060666666666666869e-01
4.060666666666666869e-01
4.064666666666666428e-01
4.064666666666666428e-01
4.069999999999999729e-01
4.072000000000000064e-01
4.073999999999999844e-01
4.077333333333333365e-01
4.078666666666666551e-01
4.080666666666666886e-01
4.086666666666666781e-01
4.087333333333333374e-01
4.087999999999999967e-01
4.092000000000000082e-01
4.091333333333333488e-01
4.094666666666666455e-01
4.095333333333333603e-01
4.097999999999999976e-01
4.099999999999999756e-01
4.100666666666666904e-01
4.103333333333333277e-01
4.106666666666666798e-01
4.106666666666666798e-01
4.107333333333333392e-01
4.110666666666666913e-01
4.110666666666666913e-01
4.109333333333333171e-01
4.115333333333333066e-01
4.116666666666666807e-01
4.122000000000000108e-01
4.123333333333333295e-01
4.127333333333333409e-01
4.128000000000000003e-01
4.132000000000000117e-01
4.136000000000000232e-01
4.141333333333333533e-01
4.142666666666666719e-01
4.143333333333333313e-01
4.145333333333333092e-01
4.143333333333333313e-01
4.145333333333333092e-01
4.148000000000000020e-01
4.148000000000000020e-01
4.151333333333333542e-01
4.151333333333333542e-01
4.152666666666666728e-01
4.150666666666666393e-01
4.156666666666666843e-01
4.158666666666666623e-01
4.159999999999999809e-01
4.160666666666666402e-01
4.163999999999999924e-01
4.163999999999999924e-01
4.166666666666666852e-01
4.169999999999999818e-01
4.174666666666666526e-01
4.177333333333333454e-01
4.179999999999999827e-01
4.183333333333333348e-01
4.181333333333333568e-01
4.183999999999999941e-01
4.185333333333333128e-01
4.186666666666666869e-01
4.187333333333333463e-01
4.193999999999999950e-01
4.196666666666666878e-01
4.199999999999999845e-01
4.202666666666666773e-01
4.204666666666666552e-01
4.209333333333333260e-01
4.211333333333333595e-01
4.213333333333333375e-01
4.214666666666666561e-01
4.217333333333333489e-01
4.216666666666666896e-01
4.219999999999999862e-01
4.219999999999999862e-01
4.222000000000000197e-01
4.224666666666666570e-01
4.228000000000000091e-01
4.230666666666666464e-01
4.233999999999999986e-01
4.235333333333333172e-01
4.237333333333333507e-01
4.238000000000000100e-01
4.239333333333333287e-01
4.238666666666666694e-01
4.241333333333333067e-01
4.240666666666666473e-01
4.243999999999999995e-01
4.244666666666666588e-01
4.248666666666666702e-01
4.249333333333333296e-01
4.252666666666666817e-01
4.252666666666666817e-01
4.254666666666666597e-01
4.256666666666666932e-01
4.258666666666666711e-01
4.262666666666666826e-01
4.265333333333333199e-01
4.268000000000000127e-01
4.272666666666666835e-01
4.272000000000000242e-01
4.275999999999999801e-01
4.278000000000000136e-01
4.280666666666666509e-01
4.284666666666666623e-01
4.288000000000000145e-01
4.288000000000000145e-01
4.289333333333333331e-01
4.290666666666666518e-01
4.288666666666666738e-01
4.294666666666666632e-01
4.294666666666666632e-01
4.297333333333333560e-01
4.299333333333333340e-01
4.300666666666666527e-01
4.302000000000000268e-01
4.304666666666666641e-01
4.305333333333333234e-01
4.308000000000000163e-01
4.309999999999999942e-01
4.312666666666666870e-01
4.317333333333333578e-01
4.318000000000000171e-01
4.321333333333333138e-01
4.321333333333333138e-01
4.324000000000000066e-01
4.324666666666666659e-01
4.325333333333333252e-01
4.325999999999999845e-01
4.327333333333333587e-01
4.329999999999999960e-01
4.330666666666666553e-01
4.335333333333333261e-01
4.335333333333333261e-01
4.334666666666666668e-01
4.335333333333333261e-01
4.338666666666666782e-01
4.338666666666666782e-01
4.341333333333333155e-01
4.339999999999999969e-01
4.341333333333333155e-01
4.343333333333333490e-01
4.345333333333333270e-01
4.348666666666666791e-01
4.349333333333333385e-01
4.353333333333333499e-01
4.354000000000000092e-01
4.356666666666666465e-01
4.356666666666666465e-01
4.362666666666666915e-01
4.362666666666666915e-01
4.364000000000000101e-01
4.366666666666666474e-01
4.369999999999999996e-01
4.370666666666666589e-01
4.372666666666666924e-01
4.373333333333333517e-01
4.374666666666666703e-01
4.375333333333333297e-01
4.376666666666666483e-01
4.376666666666666483e-01
4.381333333333333191e-01
4.387333333333333085e-01
4.389333333333333420e-01
4.389333333333333420e-01
4.390000000000000013e-01
4.391999999999999793e-01
4.393333333333333535e-01
4.394666666666666721e-01
4.395999999999999908e-01
4.398000000000000242e-01
4.398666666666666836e-01
4.400000000000000022e-01
4.399333333333333429e-01
4.404000000000000137e-01
4.405333333333333323e-01
4.407333333333333103e-01
4.406666666666666510e-01
4.410000000000000031e-01
4.411999999999999811e-01
4.412666666666666404e-01
4.414666666666666739e-01
4.414666666666666739e-01
4.414666666666666739e-01
4.419333333333333447e-01
4.419333333333333447e-01
4.420666666666666633e-01
4.421999999999999820e-01
4.423333333333333561e-01
4.425333333333333341e-01
4.427333333333333121e-01
4.428666666666666862e-01
4.430000000000000049e-01
4.431999999999999829e-01
4.431333333333333235e-01
4.438666666666666871e-01
4.439333333333333464e-01
4.442666666666666431e-01
4.444000000000000172e-01
4.443333333333333579e-01
4.447333333333333139e-01
4.448666666666666880e-01
4.447999999999999732e-01
4.450000000000000067e-01
4.450666666666666660e-01
4.453333333333333588e-01
4.455333333333333368e-01
4.457999999999999741e-01
4.459333333333333482e-01
4.460000000000000075e-01
4.460666666666666669e-01
4.463333333333333597e-01
4.463333333333333597e-01
4.464666666666666783e-01
4.467333333333333156e-01
4.470000000000000084e-01
4.474666666666666792e-01
4.477333333333333165e-01
4.478666666666666907e-01
4.480000000000000093e-01
4.481999999999999873e-01
4.482666666666666466e-01
4.484000000000000208e-01
4.484666666666666801e-01
4.484000000000000208e-01
4.485999999999999988e-01
4.485999999999999988e-01
4.487333333333333174e-01
4.487999999999999767e-01
4.490000000000000102e-01
4.488666666666666916e-01
4.488666666666666916e-01
4.489333333333333509e-01
4.489333333333333509e-01
4.491333333333333289e-01
4.492666666666666475e-01
4.494000000000000217e-01
4.495999999999999996e-01
4.495999999999999996e-01
4.497999999999999776e-01
4.500000000000000111e-01
4.501999999999999891e-01
4.502666666666666484e-01
4.502666666666666484e-01
4.504000000000000226e-01
4.504666666666666819e-01
4.507333333333333192e-01
4.509333333333333527e-01
4.509333333333333527e-01
4.511333333333333306e-01
4.508666666666666933e-01
4.508666666666666933e-01
4.510000000000000120e-01
4.511333333333333306e-01
4.511333333333333306e-01
4.512666666666666493e-01
4.512666666666666493e-01
4.516666666666666607e-01
4.517999999999999794e-01
4.519333333333333536e-01
4.519333333333333536e-01
4.519333333333333536e-01
4.517333333333333201e-01
4.521999999999999909e-01
4.521999999999999909e-01
4.522666666666666502e-01
4.525333333333333430e-01
4.525333333333333430e-01
4.527333333333333210e-01
4.528666666666666396e-01
4.530666666666666731e-01
4.530666666666666731e-01
4.532666666666666511e-01
4.533333333333333104e-01
4.533333333333333104e-01
4.534000000000000252e-01
4.534666666666666845e-01
4.536000000000000032e-01
4.534000000000000252e-01
4.531333333333333324e-01
4.535333333333333439e-01
4.537333333333333218e-01
4.537999999999999812e-01
4.540000000000000147e-01
4.541333333333333333e-01
4.543333333333333113e-01
4.544000000000000261e-01
4.545333333333333448e-01
4.545333333333333448e-01
4.546000000000000041e-01
4.547999999999999821e-01
4.549333333333333562e-01
4.550666666666666749e-01
4.551999999999999935e-01
4.551333333333333342e-01
4.551999999999999935e-01
4.551999999999999935e-01
4.556000000000000050e-01
4.556000000000000050e-01
4.557999999999999829e-01
4.559333333333333571e-01
4.560666666666666758e-01
4.561999999999999944e-01
4.560666666666666758e-01
4.562666666666666537e-01
4.566000000000000059e-01
4.569333333333333580e-01
4.570666666666666766e-01
4.570666666666666766e-01
4.573333333333333139e-01
4.572666666666666546e-01
4.575333333333333474e-01
4.576000000000000068e-01
4.573999999999999733e-01
4.577333333333333254e-01
4.576000000000000068e-01
4.578666666666666440e-01
4.578666666666666440e-01
4.578666666666666440e-01
4.581999999999999962e-01
4.581333333333333369e-01
4.582666666666666555e-01
4.587333333333333263e-01
4.588666666666666449e-01
4.589333333333333598e-01
4.590666666666666784e-01
4.591333333333333377e-01
4.592666666666666564e-01
4.592666666666666564e-01
4.592666666666666564e-01
4.596666666666666679e-01
4.598666666666666458e-01
4.601333333333333386e-01
4.602666666666666573e-01
4.602666666666666573e-01
4.604666666666666908e-01
4.604666666666666908e-01
4.604666666666666908e-01
4.607333333333333281e-01
4.607999999999999874e-01
4.607999999999999874e-01
4.607999999999999874e-01
4.608666666666666467e-01
4.610666666666666802e-01
4.610000000000000209e-01
4.611333333333333395e-01
4.610000000000000209e-01
4.610666666666666802e-01
4.614666666666666917e-01
4.614666666666666917e-01
4.617333333333333290e-01
4.621333333333333404e-01
4.622666666666666591e-01
4.621999999999999997e-01
4.623999999999999777e-01
4.627333333333333298e-01
4.628666666666666485e-01
4.630000000000000226e-01
4.630666666666666820e-01
4.631333333333333413e-01
4.633333333333333193e-01
4.632000000000000006e-01
4.633333333333333193e-01
4.630666666666666820e-01
4.632000000000000006e-01
4.637333333333333307e-01
4.637333333333333307e-01
4.637333333333333307e-01
4.637333333333333307e-01
4.641333333333333422e-01
4.643333333333333202e-01
4.643333333333333202e-01
4.645333333333333536e-01
4.645333333333333536e-01
4.645333333333333536e-01
4.646000000000000130e-01
4.643999999999999795e-01
4.645333333333333536e-01
4.646000000000000130e-01
4.649333333333333096e-01
4.648666666666666503e-01
4.648666666666666503e-01
4.647999999999999909e-01
4.650000000000000244e-01
4.653333333333333210e-01
4.653999999999999804e-01
4.655333333333333545e-01
4.657333333333333325e-01
4.660000000000000253e-01
4.656666666666666732e-01
4.658666666666666512e-01
4.659333333333333105e-01
4.660666666666666846e-01
4.660666666666666846e-01
4.663999999999999813e-01
4.663999999999999813e-01
4.666000000000000147e-01
4.666666666666666741e-01
4.667333333333333334e-01
4.666000000000000147e-01
4.666000000000000147e-01
4.669333333333333114e-01
4.667333333333333334e-01
4.666666666666666741e-01
4.668666666666666520e-01
4.666000000000000147e-01
4.664666666666666406e-01
4.666666666666666741e-01
4.670000000000000262e-01
4.672000000000000042e-01
4.672000000000000042e-01
4.674666666666666415e-01
4.673999999999999821e-01
4.673333333333333228e-01
4.676000000000000156e-01
4.675333333333333563e-01
4.680000000000000271e-01
4.679333333333333123e-01
4.682000000000000051e-01
4.682666666666666644e-01
4.682000000000000051e-01
4.682666666666666644e-01
4.685333333333333572e-01
4.685333333333333572e-01
4.686000000000000165e-01
4.687999999999999945e-01
4.687999999999999945e-01
4.689333333333333131e-01
4.690666666666666873e-01
4.691333333333333466e-01
4.692000000000000060e-01
4.693333333333333246e-01
4.693999999999999839e-01
4.696000000000000174e-01
4.692666666666666653e-01
4.695333333333333581e-01
4.693333333333333246e-01
4.697999999999999954e-01
4.697999999999999954e-01
4.700666666666666882e-01
4.700666666666666882e-01
4.701333333333333475e-01
4.700666666666666882e-01
4.703333333333333255e-01
4.703999999999999848e-01
4.704666666666666441e-01
4.707999999999999963e-01
4.706666666666666776e-01
4.703999999999999848e-01
4.704666666666666441e-01
4.707999999999999963e-01
4.706000000000000183e-01
4.707333333333333369e-01
4.705333333333333590e-01
4.707999999999999963e-01
4.710666666666666891e-01
4.711333333333333484e-01
4.712000000000000077e-01
4.712000000000000077e-01
4.712000000000000077e-01
4.713999999999999857e-01
4.716000000000000192e-01
4.716000000000000192e-01
4.716000000000000192e-01
4.716666666666666785e-01
4.717333333333333378e-01
4.719333333333333158e-01
4.719333333333333158e-01
4.721333333333333493e-01
4.722666666666666679e-01
4.722000000000000086e-01
4.724666666666666459e-01
4.726000000000000201e-01
4.724666666666666459e-01
4.723999999999999866e-01
4.725333333333333607e-01
4.726666666666666794e-01
4.728666666666666574e-01
4.728666666666666574e-01
4.729333333333333167e-01
4.731333333333333502e-01
4.731333333333333502e-01
4.733999999999999875e-01
4.733999999999999875e-01
4.734666666666666468e-01
4.733999999999999875e-01
4.737333333333333396e-01
4.736000000000000210e-01
4.737333333333333396e-01
4.738666666666666583e-01
4.741333333333333511e-01
4.739999999999999769e-01
4.739999999999999769e-01
4.742000000000000104e-01
4.743999999999999884e-01
4.746000000000000218e-01
4.747333333333333405e-01
4.749999999999999778e-01
4.749999999999999778e-01
4.749333333333333185e-01
4.749999999999999778e-01
4.753333333333333299e-01
4.752666666666666706e-01
4.754666666666666486e-01
4.755333333333333079e-01
4.757333333333333414e-01
4.758000000000000007e-01
4.758666666666666600e-01
4.759999999999999787e-01
4.759333333333333194e-01
4.761333333333333528e-01
4.762000000000000122e-01
4.762666666666666715e-01
4.762666666666666715e-01
4.763333333333333308e-01
4.765333333333333088e-01
4.765333333333333088e-01
4.767333333333333423e-01
4.769999999999999796e-01
4.769333333333333202e-01
4.772000000000000131e-01
4.769333333333333202e-01
4.772666666666666724e-01
4.773333333333333317e-01
4.773999999999999910e-01
4.775333333333333097e-01
4.775333333333333097e-01
4.773999999999999910e-01
4.776000000000000245e-01
4.776666666666666838e-01
4.775333333333333097e-01
4.776666666666666838e-01
4.776000000000000245e-01
4.776666666666666838e-01
4.776000000000000245e-01
4.779333333333333211e-01
4.777333333333333432e-01
4.780666666666666398e-01
4.779999999999999805e-01
4.782666666666666733e-01
4.783333333333333326e-01
4.784666666666666512e-01
4.785333333333333106e-01
4.783333333333333326e-01
4.782000000000000139e-01
4.786000000000000254e-01
4.788000000000000034e-01
4.786666666666666847e-01
4.787333333333333441e-01
4.787333333333333441e-01
4.789999999999999813e-01
4.789333333333333220e-01
4.789999999999999813e-01
4.793999999999999928e-01
4.795333333333333115e-01
4.796666666666666856e-01
4.796666666666666856e-01
4.798666666666666636e-01
4.798000000000000043e-01
4.799999999999999822e-01
4.800666666666666416e-01
4.802000000000000157e-01
4.806000000000000272e-01
4.806666666666666865e-01
4.804666666666666530e-01
4.806000000000000272e-01
4.806666666666666865e-01
4.808666666666666645e-01
4.809333333333333238e-01
4.808666666666666645e-01
4.808666666666666645e-01
4.808000000000000052e-01
4.806666666666666865e-01
4.808000000000000052e-01
4.809999999999999831e-01
4.809999999999999831e-01
4.808666666666666645e-01
4.811333333333333573e-01
4.812666666666666759e-01
4.810666666666666424e-01
4.813333333333333353e-01
4.812666666666666759e-01
4.813333333333333353e-01
4.812666666666666759e-01
4.813333333333333353e-01
