3.563333333333333353e-01
3.568000000000000060e-01
3.578000000000000069e-01
3.583333333333333370e-01
3.586666666666666892e-01
3.589999999999999858e-01
3.593999999999999972e-01
3.598000000000000087e-01
3.604666666666666575e-01
3.608000000000000096e-01
3.612000000000000210e-01
3.614666666666666583e-01
3.622000000000000219e-01
3.623999999999999999e-01
3.628000000000000114e-01
3.632000000000000228e-01
3.634000000000000008e-01
3.639333333333333309e-01
3.639999999999999902e-01
3.644666666666666610e-01
3.649333333333333318e-01
3.653333333333333433e-01
3.655333333333333212e-01
3.657333333333333547e-01
3.663333333333333441e-01
3.666666666666666408e-01
3.674000000000000044e-01
3.675999999999999823e-01
3.678666666666666751e-01
3.679999999999999938e-01
3.682000000000000273e-01
3.685333333333333239e-01
3.691333333333333133e-01
3.695333333333333248e-01
3.702666666666666884e-01
3.705999999999999850e-01
3.709333333333333371e-01
3.711333333333333151e-01
3.715333333333333266e-01
3.719999999999999973e-01
3.724000000000000088e-01
3.728000000000000203e-01
3.733333333333333504e-01
3.740666666666666584e-01
3.741999999999999771e-01
3.745333333333333292e-01
3.750000000000000000e-01
3.753333333333333521e-01
3.755333333333333301e-01
3.760666666666666602e-01
3.764666666666666717e-01
3.768666666666666831e-01
3.774666666666666726e-01
3.779333333333333433e-01
3.780666666666666620e-01
3.784000000000000141e-01
3.788666666666666849e-01
3.794000000000000150e-01
3.795333333333333337e-01
3.797333333333333116e-01
3.800000000000000044e-01
3.802666666666666417e-01
3.805333333333333345e-01
3.810666666666666647e-01
3.814666666666666761e-01
3.818666666666666876e-01
3.821999999999999842e-01
3.826666666666666550e-01
3.827999999999999736e-01
3.832666666666666444e-01
3.833333333333333592e-01
3.836666666666666559e-01
3.838666666666666893e-01
3.845999999999999974e-01
3.848666666666666902e-01
3.852666666666666462e-01
3.855999999999999983e-01
3.860000000000000098e-01
3.864000000000000212e-01
3.868666666666666920e-01
3.875333333333333408e-01
3.878666666666666929e-01
3.882666666666666488e-01
3.883333333333333082e-01
3.885333333333333417e-01
3.880000000000000115e-01
3.891999999999999904e-01
3.896000000000000019e-01
3.900666666666666726e-01
3.906000000000000028e-01
3.910000000000000142e-01
3.911999999999999922e-01
3.916000000000000036e-01
3.919333333333333558e-01
3.921333333333333337e-01
3.926666666666666639e-01
3.927999999999999825e-01
3.930666666666666753e-01
3.937999999999999834e-01
3.940000000000000169e-01
3.944666666666666877e-01
3.944666666666666877e-01
3.946666666666666656e-01
3.952666666666666551e-01
3.952666666666666551e-01
3.956000000000000072e-01
3.957333333333333258e-01
3.960666666666666780e-01
3.965333333333333488e-01
3.970000000000000195e-01
3.974666666666666903e-01
3.979333333333333056e-01
3.983333333333333171e-01
3.983333333333333171e-01
3.987333333333333285e-01
3.988666666666666472e-01
3.990000000000000213e-01
3.991999999999999993e-01
3.994666666666666921e-01
3.999333333333333074e-01
4.003333333333333188e-01
4.010000000000000231e-01
4.013999999999999790e-01
4.013999999999999790e-01
4.018666666666666498e-01
4.020000000000000240e-01
4.020000000000000240e-01
4.023333333333333206e-01
4.022000000000000020e-01
4.028666666666666507e-01
4.031333333333333435e-01
4.035333333333333550e-01
4.036000000000000143e-01
4.040000000000000258e-01
4.042000000000000037e-01
4.041333333333333444e-01
4.043333333333333224e-01
4.045333333333333559e-01
4.047999999999999932e-01
4.051333333333333453e-01
4.054666666666666419e-01
4.057999999999999940e-01
4.060000000000000275e-01
4.062000000000000055e-01
4.064666666666666428e-01
4.065333333333333576e-01
4.067333333333333356e-01
4.071333333333333471e-01
4.075333333333333585e-01
4.077333333333333365e-01
4.079999999999999738e-01
4.082000000000000073e-01
4.087333333333333374e-01
4.087999999999999967e-01
4.086666666666666781e-01
4.091333333333333488e-01
4.092000000000000082e-01
4.093999999999999861e-01
4.095333333333333603e-01
4.099333333333333163e-01
4.101333333333333497e-01
4.101333333333333497e-01
4.104666666666666464e-01
4.106666666666666798e-01
4.107333333333333392e-01
4.107999999999999985e-01
4.111333333333333506e-01
4.111333333333333506e-01
4.113999999999999879e-01
4.117333333333333401e-01
4.116666666666666807e-01
4.113999999999999879e-01
4.123333333333333295e-01
4.125333333333333075e-01
4.126000000000000223e-01
4.128666666666666596e-01
4.135333333333333083e-01
4.139999999999999791e-01
4.142666666666666719e-01
4.143999999999999906e-01
4.144666666666666499e-01
4.144666666666666499e-01
4.146000000000000241e-01
4.147333333333333427e-01
4.150666666666666393e-01
4.151333333333333542e-01
4.152000000000000135e-01
4.153333333333333321e-01
4.152666666666666728e-01
4.155333333333333101e-01
4.157333333333333436e-01
4.160666666666666402e-01
4.160666666666666402e-01
4.162000000000000144e-01
4.163999999999999924e-01
4.164666666666666517e-01
4.169999999999999818e-01
4.174666666666666526e-01
4.177333333333333454e-01
4.179999999999999827e-01
4.182000000000000162e-01
4.183333333333333348e-01
4.186666666666666869e-01
4.185333333333333128e-01
4.186666666666666869e-01
4.186666666666666869e-01
4.193999999999999950e-01
4.195999999999999730e-01
4.199333333333333251e-01
4.200666666666666438e-01
4.205333333333333146e-01
4.208000000000000074e-01
4.209999999999999853e-01
4.213333333333333375e-01
4.212666666666666782e-01
4.218666666666666676e-01
4.218666666666666676e-01
4.219999999999999862e-01
4.220666666666666456e-01
4.222000000000000197e-01
4.223999999999999977e-01
4.228000000000000091e-01
4.230666666666666464e-01
4.232000000000000206e-01
4.235333333333333172e-01
4.238000000000000100e-01
4.238666666666666694e-01
4.239333333333333287e-01
4.239333333333333287e-01
4.240666666666666473e-01
4.242666666666666808e-01
4.243999999999999995e-01
4.243999999999999995e-01
4.247333333333333516e-01
4.249999999999999889e-01
4.252666666666666817e-01
4.254000000000000004e-01
4.254666666666666597e-01
4.258000000000000118e-01
4.259333333333333305e-01
4.262000000000000233e-01
4.265999999999999792e-01
4.265999999999999792e-01
4.271333333333333093e-01
4.272000000000000242e-01
4.274666666666666615e-01
4.278666666666666729e-01
4.282000000000000250e-01
4.284000000000000030e-01
4.286666666666666403e-01
4.288666666666666738e-01
4.289333333333333331e-01
4.289333333333333331e-01
4.293333333333333446e-01
4.294000000000000039e-01
4.295333333333333226e-01
4.295333333333333226e-01
4.293333333333333446e-01
4.299333333333333340e-01
4.303333333333333455e-01
4.302666666666666861e-01
4.303333333333333455e-01
4.305999999999999828e-01
4.308000000000000163e-01
4.310666666666666536e-01
4.314666666666666650e-01
4.317333333333333578e-01
4.321333333333333138e-01
4.321999999999999731e-01
4.324000000000000066e-01
4.324666666666666659e-01
4.325999999999999845e-01
4.326666666666666439e-01
4.327333333333333587e-01
4.330666666666666553e-01
4.331999999999999740e-01
4.333333333333333481e-01
4.334666666666666668e-01
4.334666666666666668e-01
4.334666666666666668e-01
4.337333333333333596e-01
4.336666666666666448e-01
4.340666666666666562e-01
4.341333333333333155e-01
4.341333333333333155e-01
4.342666666666666897e-01
4.345999999999999863e-01
4.348666666666666791e-01
4.348666666666666791e-01
4.351999999999999758e-01
4.351999999999999758e-01
4.355999999999999872e-01
4.356666666666666465e-01
4.361999999999999766e-01
4.361999999999999766e-01
4.361999999999999766e-01
4.367333333333333067e-01
4.368666666666666809e-01
4.369999999999999996e-01
4.371333333333333182e-01
4.370666666666666589e-01
4.374666666666666703e-01
4.376666666666666483e-01
4.378000000000000225e-01
4.378666666666666818e-01
4.380000000000000004e-01
4.385333333333333306e-01
4.388666666666666827e-01
4.390000000000000013e-01
4.390000000000000013e-01
4.393333333333333535e-01
4.394666666666666721e-01
4.395999999999999908e-01
4.395999999999999908e-01
4.397333333333333094e-01
4.400000000000000022e-01
4.399333333333333429e-01
4.400000000000000022e-01
4.402666666666666395e-01
4.404666666666666730e-01
4.408000000000000251e-01
4.409333333333333438e-01
4.411333333333333218e-01
4.412666666666666404e-01
4.413333333333333552e-01
4.414666666666666739e-01
4.414666666666666739e-01
4.414666666666666739e-01
4.418666666666666853e-01
4.419333333333333447e-01
4.420666666666666633e-01
4.422666666666666413e-01
4.423333333333333561e-01
4.425999999999999934e-01
4.428000000000000269e-01
4.428666666666666862e-01
4.431333333333333235e-01
4.434000000000000163e-01
4.432666666666666422e-01
4.437999999999999723e-01
4.440666666666666651e-01
4.442666666666666431e-01
4.441999999999999837e-01
4.440000000000000058e-01
4.445333333333333359e-01
4.448666666666666880e-01
4.445999999999999952e-01
4.447333333333333139e-01
4.449333333333333473e-01
4.450666666666666660e-01
4.451333333333333253e-01
4.455999999999999961e-01
4.455999999999999961e-01
4.460000000000000075e-01
4.460666666666666669e-01
4.462666666666666448e-01
4.464666666666666783e-01
4.465333333333333377e-01
4.467333333333333156e-01
4.470000000000000084e-01
4.473333333333333606e-01
4.475333333333333385e-01
4.476666666666666572e-01
4.478666666666666907e-01
4.482666666666666466e-01
4.481999999999999873e-01
4.483333333333333059e-01
4.483333333333333059e-01
4.484666666666666801e-01
4.486666666666666581e-01
4.485999999999999988e-01
4.488666666666666916e-01
4.488666666666666916e-01
4.488666666666666916e-01
4.488666666666666916e-01
4.488666666666666916e-01
4.488666666666666916e-01
4.490666666666666695e-01
4.489333333333333509e-01
4.492666666666666475e-01
4.494000000000000217e-01
4.495333333333333403e-01
4.498666666666666925e-01
4.498666666666666925e-01
4.499333333333333518e-01
4.501333333333333298e-01
4.500000000000000111e-01
4.504000000000000226e-01
4.504666666666666819e-01
4.506666666666666599e-01
4.507999999999999785e-01
4.507999999999999785e-01
4.509333333333333527e-01
4.508666666666666933e-01
4.510000000000000120e-01
4.509333333333333527e-01
4.511333333333333306e-01
4.510666666666666713e-01
4.512666666666666493e-01
4.514000000000000234e-01
4.515333333333333421e-01
4.517333333333333201e-01
4.517999999999999794e-01
4.517999999999999794e-01
4.518666666666666942e-01
4.518666666666666942e-01
4.519333333333333536e-01
4.522666666666666502e-01
4.523333333333333095e-01
4.524000000000000243e-01
4.524666666666666837e-01
4.525333333333333430e-01
4.527333333333333210e-01
4.527333333333333210e-01
4.530666666666666731e-01
4.531333333333333324e-01
4.532666666666666511e-01
4.534000000000000252e-01
4.534000000000000252e-01
4.534666666666666845e-01
4.534666666666666845e-01
4.535333333333333439e-01
4.534000000000000252e-01
4.534666666666666845e-01
4.533333333333333104e-01
4.536000000000000032e-01
4.538666666666666405e-01
4.538666666666666405e-01
4.540666666666666740e-01
4.541333333333333333e-01
4.541999999999999926e-01
4.544000000000000261e-01
4.546000000000000041e-01
4.544666666666666854e-01
4.547999999999999821e-01
4.548666666666666414e-01
4.548666666666666414e-01
4.550000000000000155e-01
4.550000000000000155e-01
4.550666666666666749e-01
4.551999999999999935e-01
4.554000000000000270e-01
4.555333333333333456e-01
4.557999999999999829e-01
4.557999999999999829e-01
4.560000000000000164e-01
4.561333333333333351e-01
4.560000000000000164e-01
4.561999999999999944e-01
4.563999999999999724e-01
4.568666666666666432e-01
4.570666666666666766e-01
4.571333333333333360e-01
4.571333333333333360e-01
4.572666666666666546e-01
4.573999999999999733e-01
4.574666666666666881e-01
4.574666666666666881e-01
4.576666666666666661e-01
4.577333333333333254e-01
4.577999999999999847e-01
4.579333333333333589e-01
4.577333333333333254e-01
4.580666666666666775e-01
4.580666666666666775e-01
4.584666666666666890e-01
4.584666666666666890e-01
4.587333333333333263e-01
4.590000000000000191e-01
4.590666666666666784e-01
4.590666666666666784e-01
4.592666666666666564e-01
4.590666666666666784e-01
4.592666666666666564e-01
4.595333333333333492e-01
4.597333333333333272e-01
4.600000000000000200e-01
4.601333333333333386e-01
4.602666666666666573e-01
4.603999999999999759e-01
4.604666666666666908e-01
4.604666666666666908e-01
4.607333333333333281e-01
4.606666666666666687e-01
4.608666666666666467e-01
4.608666666666666467e-01
4.607999999999999874e-01
4.610000000000000209e-01
4.610666666666666802e-01
4.609333333333333060e-01
4.610000000000000209e-01
4.610666666666666802e-01
4.615333333333333510e-01
4.616000000000000103e-01
4.616666666666666696e-01
4.619333333333333069e-01
4.621999999999999997e-01
4.621999999999999997e-01
4.624666666666666925e-01
4.626666666666666705e-01
4.629333333333333078e-01
4.628666666666666485e-01
4.630000000000000226e-01
4.630666666666666820e-01
4.632666666666666599e-01
4.633999999999999786e-01
4.633999999999999786e-01
4.633333333333333193e-01
4.634666666666666934e-01
4.636666666666666714e-01
4.636666666666666714e-01
4.637999999999999901e-01
4.637999999999999901e-01
4.640000000000000235e-01
4.641333333333333422e-01
4.640666666666666829e-01
4.643999999999999795e-01
4.645333333333333536e-01
4.646666666666666723e-01
4.645333333333333536e-01
4.643999999999999795e-01
4.645333333333333536e-01
4.645333333333333536e-01
4.647999999999999909e-01
4.647999999999999909e-01
4.646666666666666723e-01
4.647999999999999909e-01
4.650666666666666837e-01
4.653999999999999804e-01
4.654666666666666397e-01
4.656000000000000139e-01
4.656666666666666732e-01
4.659333333333333105e-01
4.659333333333333105e-01
4.658666666666666512e-01
4.660000000000000253e-01
4.660666666666666846e-01
4.662000000000000033e-01
4.663333333333333219e-01
4.664666666666666406e-01
4.666000000000000147e-01
4.667333333333333334e-01
4.667999999999999927e-01
4.667333333333333334e-01
4.667333333333333334e-01
4.667999999999999927e-01
4.667333333333333334e-01
4.666666666666666741e-01
4.667999999999999927e-01
4.665333333333333554e-01
4.665333333333333554e-01
4.667333333333333334e-01
4.669333333333333114e-01
4.671333333333333449e-01
4.674666666666666415e-01
4.674666666666666415e-01
4.673999999999999821e-01
4.673333333333333228e-01
4.673999999999999821e-01
4.677333333333333343e-01
4.678666666666666529e-01
4.680666666666666864e-01
4.680000000000000271e-01
4.682666666666666644e-01
4.682666666666666644e-01
4.683333333333333237e-01
4.684666666666666424e-01
4.686000000000000165e-01
4.686000000000000165e-01
4.687333333333333352e-01
4.688666666666666538e-01
4.688666666666666538e-01
4.688666666666666538e-01
4.690666666666666873e-01
4.690666666666666873e-01
4.692666666666666653e-01
4.693333333333333246e-01
4.696000000000000174e-01
4.695333333333333581e-01
4.696000000000000174e-01
4.693999999999999839e-01
4.696666666666666767e-01
4.697999999999999954e-01
4.700666666666666882e-01
4.699999999999999734e-01
4.701333333333333475e-01
4.702000000000000068e-01
4.703333333333333255e-01
4.703999999999999848e-01
4.705333333333333590e-01
4.707333333333333369e-01
4.706000000000000183e-01
4.706000000000000183e-01
4.706666666666666776e-01
4.707999999999999963e-01
4.707333333333333369e-01
4.707333333333333369e-01
4.707333333333333369e-01
4.706666666666666776e-01
4.710666666666666891e-01
4.707999999999999963e-01
4.708666666666666556e-01
4.710666666666666891e-01
4.711333333333333484e-01
4.713333333333333264e-01
4.714666666666666450e-01
4.715333333333333599e-01
4.715333333333333599e-01
4.715333333333333599e-01
4.716666666666666785e-01
4.717333333333333378e-01
4.717333333333333378e-01
4.719999999999999751e-01
4.721333333333333493e-01
4.721333333333333493e-01
4.722666666666666679e-01
4.725333333333333607e-01
4.723999999999999866e-01
4.723999999999999866e-01
4.725333333333333607e-01
4.726666666666666794e-01
4.729999999999999760e-01
4.729999999999999760e-01
4.729999999999999760e-01
4.732000000000000095e-01
4.730666666666666909e-01
4.733333333333333282e-01
4.735333333333333061e-01
4.736000000000000210e-01
4.735333333333333061e-01
4.736000000000000210e-01
4.737999999999999989e-01
4.737999999999999989e-01
4.739999999999999769e-01
4.741333333333333511e-01
4.740666666666666917e-01
4.741333333333333511e-01
4.740666666666666917e-01
4.742666666666666697e-01
4.746000000000000218e-01
4.747333333333333405e-01
4.749333333333333185e-01
4.748666666666666591e-01
4.749999999999999778e-01
4.749999999999999778e-01
4.753333333333333299e-01
4.753333333333333299e-01
4.753333333333333299e-01
4.755333333333333079e-01
4.756666666666666821e-01
4.758666666666666600e-01
4.758666666666666600e-01
4.759999999999999787e-01
4.762000000000000122e-01
4.761333333333333528e-01
4.762000000000000122e-01
4.761333333333333528e-01
4.763333333333333308e-01
4.760666666666666935e-01
4.764666666666666495e-01
4.765333333333333088e-01
4.766666666666666829e-01
4.768666666666666609e-01
4.769999999999999796e-01
4.772666666666666724e-01
4.770666666666666944e-01
4.772000000000000131e-01
4.773999999999999910e-01
4.775333333333333097e-01
4.776000000000000245e-01
4.776666666666666838e-01
4.774666666666666504e-01
4.775333333333333097e-01
4.776666666666666838e-01
4.777333333333333432e-01
4.776666666666666838e-01
4.778000000000000025e-01
4.776666666666666838e-01
4.778000000000000025e-01
4.779999999999999805e-01
4.779999999999999805e-01
4.780666666666666398e-01
4.779999999999999805e-01
4.782666666666666733e-01
4.781333333333333546e-01
4.784666666666666512e-01
4.784666666666666512e-01
4.782000000000000139e-01
4.784666666666666512e-01
4.783999999999999919e-01
4.788000000000000034e-01
4.786666666666666847e-01
4.786666666666666847e-01
4.787333333333333441e-01
4.788000000000000034e-01
4.791333333333333555e-01
4.790666666666666407e-01
4.792000000000000148e-01
4.792000000000000148e-01
4.795333333333333115e-01
4.798000000000000043e-01
4.797333333333333449e-01
4.798666666666666636e-01
4.798000000000000043e-01
4.798666666666666636e-01
4.802666666666666750e-01
4.804666666666666530e-01
4.806666666666666865e-01
4.806666666666666865e-01
4.806000000000000272e-01
4.806000000000000272e-01
4.808000000000000052e-01
4.809333333333333238e-01
4.809333333333333238e-01
4.809333333333333238e-01
4.808000000000000052e-01
4.807333333333333458e-01
4.809999999999999831e-01
4.809999999999999831e-01
4.809999999999999831e-01
4.810666666666666424e-01
4.809333333333333238e-01
4.813333333333333353e-01
4.810666666666666424e-01
4.813999999999999946e-01
4.813999999999999946e-01
4.813999999999999946e-01
4.813333333333333353e-01
4.813999999999999946e-01
4.815333333333333132e-01
