3.573333333333333361e-01
3.582666666666666777e-01
3.589999999999999858e-01
3.594666666666666566e-01
3.602666666666666795e-01
3.605999999999999761e-01
3.612666666666666804e-01
3.617333333333333512e-01
3.621333333333333071e-01
3.623999999999999999e-01
3.627333333333333520e-01
3.629333333333333300e-01
3.633333333333333415e-01
3.637333333333333529e-01
3.638666666666666716e-01
3.643333333333333424e-01
3.648666666666666725e-01
3.652000000000000246e-01
3.653333333333333433e-01
3.658000000000000140e-01
3.662000000000000255e-01
3.664666666666666628e-01
3.670666666666666522e-01
3.674000000000000044e-01
3.677333333333333565e-01
3.678666666666666751e-01
3.681333333333333124e-01
3.685333333333333239e-01
3.689999999999999947e-01
3.694666666666666655e-01
3.700666666666666549e-01
3.704000000000000070e-01
3.708666666666666778e-01
3.710666666666666558e-01
3.715999999999999859e-01
3.718000000000000194e-01
3.722666666666666901e-01
3.726666666666666461e-01
3.734000000000000097e-01
3.738000000000000211e-01
3.741333333333333178e-01
3.743333333333333512e-01
3.746666666666666479e-01
3.750000000000000000e-01
3.751999999999999780e-01
3.755999999999999894e-01
3.760666666666666602e-01
3.765999999999999903e-01
3.769333333333333425e-01
3.775333333333333319e-01
3.780000000000000027e-01
3.781333333333333213e-01
3.785333333333333328e-01
3.789333333333333442e-01
3.794666666666666743e-01
3.796666666666666523e-01
3.799333333333333451e-01
3.801999999999999824e-01
3.804666666666666752e-01
3.806666666666666532e-01
3.813333333333333575e-01
3.815333333333333354e-01
3.819333333333333469e-01
3.821999999999999842e-01
3.825333333333333363e-01
3.830000000000000071e-01
3.831999999999999851e-01
3.834666666666666779e-01
3.837333333333333152e-01
3.840000000000000080e-01
3.846666666666666567e-01
3.849333333333333496e-01
3.851999999999999869e-01
3.854666666666666797e-01
3.860000000000000098e-01
3.863333333333333064e-01
3.867999999999999772e-01
3.874666666666666814e-01
3.877999999999999781e-01
3.883333333333333082e-01
3.885333333333333417e-01
3.887333333333333196e-01
3.892666666666666497e-01
3.894000000000000239e-01
3.897333333333333205e-01
3.903333333333333099e-01
3.906000000000000028e-01
3.906000000000000028e-01
3.900666666666666726e-01
3.912666666666666515e-01
3.916666666666666630e-01
3.917999999999999816e-01
3.923333333333333117e-01
3.926666666666666639e-01
3.927333333333333232e-01
3.936000000000000054e-01
3.939333333333333576e-01
3.941999999999999948e-01
3.943333333333333135e-01
3.945333333333333470e-01
3.950000000000000178e-01
3.951999999999999957e-01
3.955333333333333479e-01
3.955333333333333479e-01
3.958666666666666445e-01
3.961999999999999966e-01
3.967333333333333267e-01
3.974666666666666903e-01
3.978666666666666463e-01
3.980666666666666798e-01
3.983999999999999764e-01
3.986666666666666692e-01
3.986666666666666692e-01
3.989333333333333065e-01
3.991999999999999993e-01
3.993999999999999773e-01
3.997999999999999887e-01
4.002000000000000002e-01
4.006666666666666710e-01
4.012000000000000011e-01
4.013999999999999790e-01
4.018666666666666498e-01
4.020000000000000240e-01
4.021333333333333426e-01
4.022000000000000020e-01
4.023999999999999799e-01
4.029333333333333100e-01
4.030666666666666842e-01
4.032666666666666622e-01
4.036666666666666736e-01
4.038666666666666516e-01
4.041333333333333444e-01
4.041333333333333444e-01
4.042000000000000037e-01
4.046000000000000152e-01
4.046666666666666745e-01
4.048666666666666525e-01
4.053333333333333233e-01
4.056666666666666754e-01
4.059333333333333127e-01
4.062000000000000055e-01
4.065333333333333576e-01
4.066000000000000170e-01
4.066666666666666763e-01
4.071333333333333471e-01
4.073333333333333250e-01
4.077999999999999958e-01
4.077333333333333365e-01
4.080666666666666886e-01
4.086000000000000187e-01
4.088666666666666560e-01
4.088666666666666560e-01
4.090666666666666895e-01
4.092000000000000082e-01
4.093333333333333268e-01
4.096000000000000196e-01
4.097999999999999976e-01
4.099333333333333163e-01
4.100666666666666904e-01
4.103333333333333277e-01
4.106666666666666798e-01
4.107999999999999985e-01
4.107333333333333392e-01
4.109333333333333171e-01
4.111333333333333506e-01
4.114666666666666472e-01
4.117333333333333401e-01
4.119999999999999774e-01
4.121333333333333515e-01
4.122666666666666702e-01
4.123999999999999888e-01
4.126666666666666816e-01
4.129333333333333189e-01
4.133333333333333304e-01
4.138666666666666605e-01
4.140666666666666940e-01
4.142000000000000126e-01
4.137333333333333418e-01
4.143999999999999906e-01
4.145333333333333092e-01
4.147333333333333427e-01
4.148666666666666614e-01
4.152000000000000135e-01
4.152666666666666728e-01
4.152000000000000135e-01
4.153333333333333321e-01
4.153333333333333321e-01
4.156666666666666843e-01
4.158666666666666623e-01
4.159999999999999809e-01
4.159999999999999809e-01
4.163333333333333330e-01
4.163999999999999924e-01
4.168666666666666631e-01
4.174666666666666526e-01
4.174666666666666526e-01
4.178000000000000047e-01
4.182000000000000162e-01
4.182000000000000162e-01
4.184666666666666535e-01
4.186000000000000276e-01
4.186000000000000276e-01
4.186666666666666869e-01
4.191333333333333577e-01
4.193999999999999950e-01
4.198000000000000065e-01
4.200666666666666438e-01
4.203999999999999959e-01
4.208000000000000074e-01
4.208666666666666667e-01
4.212000000000000188e-01
4.215333333333333155e-01
4.216666666666666896e-01
4.217333333333333489e-01
4.219333333333333269e-01
4.221333333333333604e-01
4.222666666666666790e-01
4.224666666666666570e-01
4.225999999999999757e-01
4.230666666666666464e-01
4.230666666666666464e-01
4.232666666666666799e-01
4.234666666666666579e-01
4.236666666666666914e-01
4.238666666666666694e-01
4.237333333333333507e-01
4.240666666666666473e-01
4.241333333333333067e-01
4.242666666666666808e-01
4.244666666666666588e-01
4.247333333333333516e-01
4.249999999999999889e-01
4.251333333333333075e-01
4.252000000000000224e-01
4.254000000000000004e-01
4.255999999999999783e-01
4.257333333333333525e-01
4.259999999999999898e-01
4.264000000000000012e-01
4.265999999999999792e-01
4.269333333333333313e-01
4.272666666666666835e-01
4.272000000000000242e-01
4.276666666666666394e-01
4.279333333333333322e-01
4.282000000000000250e-01
4.283333333333333437e-01
4.287333333333333552e-01
4.289333333333333331e-01
4.290666666666666518e-01
4.293333333333333446e-01
4.294000000000000039e-01
4.295999999999999819e-01
4.297333333333333560e-01
4.298666666666666747e-01
4.299999999999999933e-01
4.303333333333333455e-01
4.303333333333333455e-01
4.304000000000000048e-01
4.304666666666666641e-01
4.308000000000000163e-01
4.309999999999999942e-01
4.312000000000000277e-01
4.315999999999999837e-01
4.317333333333333578e-01
4.318666666666666765e-01
4.317333333333333578e-01
4.322666666666666879e-01
4.324000000000000066e-01
4.325333333333333252e-01
4.326666666666666439e-01
4.328666666666666774e-01
4.331333333333333147e-01
4.333333333333333481e-01
4.334000000000000075e-01
4.333333333333333481e-01
4.334000000000000075e-01
4.335333333333333261e-01
4.336666666666666448e-01
4.336666666666666448e-01
4.339999999999999969e-01
4.338666666666666782e-01
4.341333333333333155e-01
4.344000000000000083e-01
4.346666666666666456e-01
4.348666666666666791e-01
4.350666666666666571e-01
4.351333333333333164e-01
4.353333333333333499e-01
4.356666666666666465e-01
4.359999999999999987e-01
4.362666666666666915e-01
4.363333333333333508e-01
4.365999999999999881e-01
4.369333333333333402e-01
4.368666666666666809e-01
4.370666666666666589e-01
4.372666666666666924e-01
4.370666666666666589e-01
4.372666666666666924e-01
4.374666666666666703e-01
4.377333333333333076e-01
4.378666666666666818e-01
4.382666666666666933e-01
4.386666666666666492e-01
4.389333333333333420e-01
4.390000000000000013e-01
4.391999999999999793e-01
4.391333333333333200e-01
4.392666666666666941e-01
4.392666666666666941e-01
4.395999999999999908e-01
4.396666666666666501e-01
4.400000000000000022e-01
4.398666666666666836e-01
4.401999999999999802e-01
4.404666666666666730e-01
4.406666666666666510e-01
4.408666666666666845e-01
4.410666666666666624e-01
4.411333333333333218e-01
4.413333333333333552e-01
4.413333333333333552e-01
4.414000000000000146e-01
4.416666666666666519e-01
4.418666666666666853e-01
4.418666666666666853e-01
4.421333333333333226e-01
4.423333333333333561e-01
4.422666666666666413e-01
4.424000000000000155e-01
4.427333333333333121e-01
4.428000000000000269e-01
4.430666666666666642e-01
4.432666666666666422e-01
4.434666666666666757e-01
4.435999999999999943e-01
4.440000000000000058e-01
4.441999999999999837e-01
4.444666666666666766e-01
4.442666666666666431e-01
4.445999999999999952e-01
4.447333333333333139e-01
4.447999999999999732e-01
4.445999999999999952e-01
4.450666666666666660e-01
4.451333333333333253e-01
4.451999999999999846e-01
4.455999999999999961e-01
4.457333333333333147e-01
4.457333333333333147e-01
4.459333333333333482e-01
4.462666666666666448e-01
4.463333333333333597e-01
4.459333333333333482e-01
4.457333333333333147e-01
4.464666666666666783e-01
4.470000000000000084e-01
4.475999999999999979e-01
4.475333333333333385e-01
4.477999999999999758e-01
4.479333333333333500e-01
4.480666666666666687e-01
4.483333333333333059e-01
4.483333333333333059e-01
4.484666666666666801e-01
4.484666666666666801e-01
4.485333333333333394e-01
4.484000000000000208e-01
4.486666666666666581e-01
4.486666666666666581e-01
4.487333333333333174e-01
4.487999999999999767e-01
4.488666666666666916e-01
4.486666666666666581e-01
4.487999999999999767e-01
4.490000000000000102e-01
4.492666666666666475e-01
4.495333333333333403e-01
4.497999999999999776e-01
4.497333333333333183e-01
4.499333333333333518e-01
4.502666666666666484e-01
4.503333333333333077e-01
4.503333333333333077e-01
4.504666666666666819e-01
4.505333333333333412e-01
4.506000000000000005e-01
4.507333333333333192e-01
4.507333333333333192e-01
4.509333333333333527e-01
4.509333333333333527e-01
4.508666666666666933e-01
4.509333333333333527e-01
4.511999999999999900e-01
4.513333333333333086e-01
4.514666666666666828e-01
4.516000000000000014e-01
4.516000000000000014e-01
4.516000000000000014e-01
4.517333333333333201e-01
4.516000000000000014e-01
4.519333333333333536e-01
4.519333333333333536e-01
4.521333333333333315e-01
4.521999999999999909e-01
4.521999999999999909e-01
4.521999999999999909e-01
4.525333333333333430e-01
4.524000000000000243e-01
4.527333333333333210e-01
4.529333333333333544e-01
4.531333333333333324e-01
4.533333333333333104e-01
4.531999999999999917e-01
4.532666666666666511e-01
4.533333333333333104e-01
4.534000000000000252e-01
4.534666666666666845e-01
4.535333333333333439e-01
4.534666666666666845e-01
4.534000000000000252e-01
4.534666666666666845e-01
4.538666666666666405e-01
4.541999999999999926e-01
4.541999999999999926e-01
4.544000000000000261e-01
4.544000000000000261e-01
4.544000000000000261e-01
4.541999999999999926e-01
4.544000000000000261e-01
4.546666666666666634e-01
4.550000000000000155e-01
4.548666666666666414e-01
4.550666666666666749e-01
4.551333333333333342e-01
4.551333333333333342e-01
4.552666666666666528e-01
4.553333333333333122e-01
4.555333333333333456e-01
4.557333333333333236e-01
4.559333333333333571e-01
4.558666666666666423e-01
4.556666666666666643e-01
4.556000000000000050e-01
4.560666666666666758e-01
4.564666666666666872e-01
4.568666666666666432e-01
4.569333333333333580e-01
4.570666666666666766e-01
4.571333333333333360e-01
4.570666666666666766e-01
4.571333333333333360e-01
4.571333333333333360e-01
4.573333333333333139e-01
4.576000000000000068e-01
4.577333333333333254e-01
4.577333333333333254e-01
4.579333333333333589e-01
4.580000000000000182e-01
4.579333333333333589e-01
4.580666666666666775e-01
4.581999999999999962e-01
4.581333333333333369e-01
4.584666666666666890e-01
4.585333333333333483e-01
4.587333333333333263e-01
4.589333333333333598e-01
4.590000000000000191e-01
4.591999999999999971e-01
4.593333333333333157e-01
4.593333333333333157e-01
4.595333333333333492e-01
4.596000000000000085e-01
4.597999999999999865e-01
4.600666666666666793e-01
4.603999999999999759e-01
4.603999999999999759e-01
4.606000000000000094e-01
4.605333333333333501e-01
4.607333333333333281e-01
4.605333333333333501e-01
4.606000000000000094e-01
4.609333333333333060e-01
4.609333333333333060e-01
4.610000000000000209e-01
4.610000000000000209e-01
4.609333333333333060e-01
4.610666666666666802e-01
4.613333333333333175e-01
4.616000000000000103e-01
4.616000000000000103e-01
4.618666666666666476e-01
4.622666666666666591e-01
4.622666666666666591e-01
4.623333333333333184e-01
4.623999999999999777e-01
4.627999999999999892e-01
4.627333333333333298e-01
4.628666666666666485e-01
4.629333333333333078e-01
4.630000000000000226e-01
4.632000000000000006e-01
4.633333333333333193e-01
4.634666666666666934e-01
4.633999999999999786e-01
4.635333333333333528e-01
4.635333333333333528e-01
4.637333333333333307e-01
4.638666666666666494e-01
4.640000000000000235e-01
4.642000000000000015e-01
4.643333333333333202e-01
4.643333333333333202e-01
4.644666666666666943e-01
4.645333333333333536e-01
4.646666666666666723e-01
4.643999999999999795e-01
4.643999999999999795e-01
4.646000000000000130e-01
4.647333333333333316e-01
4.650666666666666837e-01
4.650666666666666837e-01
4.652000000000000024e-01
4.653333333333333210e-01
4.654666666666666397e-01
4.653999999999999804e-01
4.652666666666666617e-01
4.653999999999999804e-01
4.658666666666666512e-01
4.661333333333333440e-01
4.657999999999999918e-01
4.655333333333333545e-01
4.654666666666666397e-01
4.658666666666666512e-01
4.663333333333333219e-01
4.664666666666666406e-01
4.665333333333333554e-01
4.666666666666666741e-01
4.666666666666666741e-01
4.667333333333333334e-01
4.666666666666666741e-01
4.664666666666666406e-01
4.667333333333333334e-01
4.667999999999999927e-01
4.668666666666666520e-01
4.665333333333333554e-01
4.665333333333333554e-01
4.667999999999999927e-01
4.670666666666666855e-01
4.671333333333333449e-01
4.673333333333333228e-01
4.673333333333333228e-01
4.673333333333333228e-01
4.673999999999999821e-01
4.674666666666666415e-01
4.675333333333333563e-01
4.677999999999999936e-01
4.677999999999999936e-01
4.680000000000000271e-01
4.682000000000000051e-01
4.682666666666666644e-01
4.683999999999999830e-01
4.683999999999999830e-01
4.684666666666666424e-01
4.686666666666666758e-01
4.687999999999999945e-01
4.689333333333333131e-01
4.688666666666666538e-01
4.689333333333333131e-01
4.687999999999999945e-01
4.689999999999999725e-01
4.692666666666666653e-01
4.693333333333333246e-01
4.696000000000000174e-01
4.694666666666666432e-01
4.696000000000000174e-01
4.695333333333333581e-01
4.696000000000000174e-01
4.695333333333333581e-01
4.697333333333333361e-01
4.699999999999999734e-01
4.700666666666666882e-01
4.701333333333333475e-01
4.703333333333333255e-01
4.702666666666666662e-01
4.703333333333333255e-01
4.705333333333333590e-01
4.705333333333333590e-01
4.705333333333333590e-01
4.706000000000000183e-01
4.706000000000000183e-01
4.707333333333333369e-01
4.708666666666666556e-01
4.707333333333333369e-01
4.708666666666666556e-01
4.708666666666666556e-01
4.708666666666666556e-01
4.710666666666666891e-01
4.710666666666666891e-01
4.713333333333333264e-01
4.713999999999999857e-01
4.715333333333333599e-01
4.716000000000000192e-01
4.716666666666666785e-01
4.716666666666666785e-01
4.716000000000000192e-01
4.716000000000000192e-01
4.719333333333333158e-01
4.719999999999999751e-01
4.722666666666666679e-01
4.722666666666666679e-01
4.724666666666666459e-01
4.725333333333333607e-01
4.724666666666666459e-01
4.725333333333333607e-01
4.724666666666666459e-01
4.727999999999999980e-01
4.729333333333333167e-01
4.729999999999999760e-01
4.729333333333333167e-01
4.726000000000000201e-01
4.725333333333333607e-01
4.727333333333333387e-01
4.732666666666666688e-01
4.735333333333333061e-01
4.736666666666666803e-01
4.736666666666666803e-01
4.736666666666666803e-01
4.736000000000000210e-01
4.739999999999999769e-01
4.741333333333333511e-01
4.742000000000000104e-01
4.739999999999999769e-01
4.741333333333333511e-01
4.742000000000000104e-01
4.747333333333333405e-01
4.746666666666666812e-01
4.747333333333333405e-01
4.748666666666666591e-01
4.751333333333333520e-01
4.750666666666666926e-01
4.753333333333333299e-01
4.752666666666666706e-01
4.752666666666666706e-01
4.753333333333333299e-01
4.754666666666666486e-01
4.756666666666666821e-01
4.756000000000000227e-01
4.758000000000000007e-01
4.759333333333333194e-01
4.759333333333333194e-01
4.761333333333333528e-01
4.761333333333333528e-01
4.762000000000000122e-01
4.762666666666666715e-01
4.763333333333333308e-01
4.765333333333333088e-01
4.766000000000000236e-01
4.765333333333333088e-01
4.769333333333333202e-01
4.770666666666666944e-01
4.770666666666666944e-01
4.772000000000000131e-01
4.773999999999999910e-01
4.774666666666666504e-01
4.775333333333333097e-01
4.776000000000000245e-01
4.772666666666666724e-01
4.775333333333333097e-01
4.774666666666666504e-01
4.777333333333333432e-01
4.778000000000000025e-01
4.778666666666666618e-01
4.778000000000000025e-01
4.778000000000000025e-01
4.780666666666666398e-01
4.779333333333333211e-01
4.779333333333333211e-01
4.781333333333333546e-01
4.783333333333333326e-01
4.783999999999999919e-01
4.783333333333333326e-01
4.783999999999999919e-01
4.785333333333333106e-01
4.785333333333333106e-01
4.785333333333333106e-01
4.786666666666666847e-01
4.788000000000000034e-01
4.789999999999999813e-01
4.789999999999999813e-01
4.789999999999999813e-01
4.789999999999999813e-01
4.792000000000000148e-01
4.793999999999999928e-01
4.792666666666666742e-01
4.793999999999999928e-01
4.797333333333333449e-01
4.796666666666666856e-01
4.799333333333333229e-01
4.798666666666666636e-01
4.799333333333333229e-01
4.799999999999999822e-01
4.802000000000000157e-01
4.803999999999999937e-01
4.805333333333333123e-01
4.806000000000000272e-01
4.806666666666666865e-01
4.808000000000000052e-01
4.806000000000000272e-01
4.806000000000000272e-01
4.802666666666666750e-01
4.807333333333333458e-01
4.806666666666666865e-01
4.808666666666666645e-01
4.810666666666666424e-01
4.811333333333333573e-01
4.811333333333333573e-01
4.811333333333333573e-01
4.812000000000000166e-01
4.810666666666666424e-01
4.813999999999999946e-01
4.812000000000000166e-01
4.811333333333333573e-01
4.813999999999999946e-01
4.814666666666666539e-01
4.814666666666666539e-01
4.815999999999999726e-01
4.817333333333333467e-01
4.818000000000000060e-01
