2.497999999999999943e-01
2.535999999999999921e-01
2.565999999999999948e-01
2.604666666666666797e-01
2.639333333333333531e-01
2.678666666666666418e-01
2.699333333333333584e-01
2.724666666666666903e-01
2.752666666666666595e-01
2.782666666666666622e-01
2.808666666666666534e-01
2.836666666666666781e-01
2.858666666666666578e-01
2.873999999999999888e-01
2.894666666666666499e-01
2.908666666666666623e-01
2.929333333333333234e-01
2.952000000000000179e-01
2.973999999999999977e-01
2.990666666666666473e-01
3.012000000000000233e-01
3.028000000000000136e-01
3.042000000000000259e-01
3.050666666666666527e-01
3.075999999999999845e-01
3.088666666666666782e-01
3.108666666666666800e-01
3.119333333333333402e-01
3.130666666666666598e-01
3.141333333333333200e-01
3.155333333333333323e-01
3.165333333333333332e-01
3.180666666666666642e-01
3.190666666666666651e-01
3.210666666666666669e-01
3.218666666666666898e-01
3.230000000000000093e-01
3.239333333333333509e-01
3.254000000000000226e-01
3.259333333333333527e-01
3.273333333333333095e-01
3.281333333333333324e-01
3.291999999999999926e-01
3.307333333333333236e-01
3.317333333333333245e-01
3.321999999999999953e-01
3.330666666666666775e-01
3.336666666666666670e-01
3.347333333333333272e-01
3.358666666666666467e-01
3.365333333333333510e-01
3.371333333333333404e-01
3.377999999999999892e-01
3.384666666666666934e-01
3.392000000000000015e-01
3.402666666666666617e-01
3.413333333333333219e-01
3.422666666666666635e-01
3.433333333333333237e-01
3.441333333333333466e-01
3.451333333333333475e-01
3.462666666666666671e-01
3.466666666666666785e-01
3.468666666666666565e-01
3.479333333333333167e-01
3.483333333333333282e-01
3.490666666666666917e-01
3.496000000000000218e-01
3.502666666666666706e-01
3.509333333333333194e-01
3.517333333333333423e-01
3.523333333333333317e-01
3.532000000000000139e-01
3.537333333333333441e-01
3.543999999999999928e-01
3.546000000000000263e-01
3.552000000000000157e-01
3.557333333333333458e-01
3.562666666666666759e-01
3.569333333333333247e-01
3.573999999999999955e-01
3.578000000000000069e-01
3.580666666666666442e-01
3.582000000000000184e-01
3.590666666666666451e-01
3.600666666666666460e-01
3.604666666666666575e-01
3.608000000000000096e-01
3.613333333333333397e-01
3.618666666666666698e-01
3.625333333333333186e-01
3.628666666666666707e-01
3.632000000000000228e-01
3.641333333333333089e-01
3.642666666666666830e-01
3.648000000000000131e-01
3.652000000000000246e-01
3.658666666666666734e-01
3.664666666666666628e-01
3.668000000000000149e-01
3.671333333333333115e-01
3.678666666666666751e-01
3.684666666666666646e-01
3.693333333333333468e-01
3.697333333333333583e-01
3.701333333333333142e-01
3.704666666666666663e-01
3.708000000000000185e-01
3.717333333333333600e-01
3.724000000000000088e-01
3.725999999999999868e-01
3.728666666666666796e-01
3.734000000000000097e-01
3.736666666666666470e-01
3.741999999999999771e-01
3.746666666666666479e-01
3.749333333333333407e-01
3.755333333333333301e-01
3.761333333333333195e-01
3.765333333333333310e-01
3.768000000000000238e-01
3.771999999999999797e-01
3.774000000000000132e-01
3.778000000000000247e-01
3.778666666666666840e-01
3.784666666666666734e-01
3.788666666666666849e-01
3.791333333333333222e-01
3.798000000000000265e-01
3.801999999999999824e-01
3.809333333333333460e-01
3.812666666666666426e-01
3.811333333333333240e-01
3.816666666666666541e-01
3.821999999999999842e-01
3.822666666666666435e-01
3.828666666666666885e-01
3.835333333333333372e-01
3.841999999999999860e-01
3.839333333333333487e-01
3.845999999999999974e-01
3.850000000000000089e-01
3.850000000000000089e-01
3.854000000000000203e-01
3.854000000000000203e-01
3.857999999999999763e-01
3.864000000000000212e-01
3.866666666666666585e-01
3.869333333333333513e-01
3.871999999999999886e-01
3.874000000000000221e-01
3.876666666666666594e-01
3.882666666666666488e-01
3.886666666666666603e-01
3.891999999999999904e-01
3.896000000000000019e-01
3.898666666666666392e-01
3.901999999999999913e-01
3.907333333333333214e-01
3.910666666666666735e-01
3.913333333333333108e-01
3.917999999999999816e-01
3.921999999999999931e-01
3.920666666666666744e-01
3.921999999999999931e-01
3.925333333333333452e-01
3.929333333333333567e-01
3.931333333333333346e-01
3.935333333333333461e-01
3.940666666666666762e-01
3.944666666666666877e-01
3.943999999999999728e-01
3.947999999999999843e-01
3.952666666666666551e-01
3.956000000000000072e-01
3.961333333333333373e-01
3.967999999999999861e-01
3.971999999999999975e-01
3.973333333333333162e-01
3.978666666666666463e-01
3.980000000000000204e-01
3.986666666666666692e-01
3.987333333333333285e-01
3.989333333333333065e-01
3.992666666666666586e-01
3.998666666666666480e-01
4.002000000000000002e-01
4.003333333333333188e-01
4.003999999999999782e-01
4.007999999999999896e-01
4.009333333333333083e-01
4.014666666666666939e-01
4.019333333333333091e-01
4.025333333333333541e-01
4.027333333333333321e-01
4.030666666666666842e-01
4.033999999999999808e-01
4.035333333333333550e-01
4.041333333333333444e-01
4.043999999999999817e-01
4.044666666666666410e-01
4.043999999999999817e-01
4.046000000000000152e-01
4.050000000000000266e-01
4.052666666666666639e-01
4.052666666666666639e-01
4.055333333333333568e-01
4.057999999999999940e-01
4.062000000000000055e-01
4.065333333333333576e-01
4.067999999999999949e-01
4.069999999999999729e-01
4.070666666666666877e-01
4.073333333333333250e-01
4.072666666666666657e-01
4.076000000000000179e-01
4.076000000000000179e-01
4.076666666666666772e-01
4.079333333333333145e-01
4.079999999999999738e-01
4.084666666666666446e-01
4.087333333333333374e-01
4.088666666666666560e-01
4.090666666666666895e-01
4.093999999999999861e-01
4.095333333333333603e-01
4.096000000000000196e-01
4.102666666666666684e-01
4.103999999999999870e-01
4.105333333333333057e-01
4.106666666666666798e-01
4.106666666666666798e-01
4.107999999999999985e-01
4.109333333333333171e-01
4.112000000000000099e-01
4.113999999999999879e-01
4.116666666666666807e-01
4.117999999999999994e-01
4.120666666666666922e-01
4.123333333333333295e-01
4.124666666666666481e-01
4.127333333333333409e-01
4.128666666666666596e-01
4.129999999999999782e-01
4.134666666666666490e-01
4.134666666666666490e-01
4.138000000000000012e-01
4.139999999999999791e-01
4.143333333333333313e-01
4.146666666666666834e-01
4.148666666666666614e-01
4.152666666666666728e-01
4.152666666666666728e-01
4.156666666666666843e-01
4.157333333333333436e-01
4.155333333333333101e-01
4.156666666666666843e-01
4.155333333333333101e-01
4.156000000000000250e-01
4.157333333333333436e-01
4.158000000000000029e-01
4.160666666666666402e-01
4.163333333333333330e-01
4.166000000000000258e-01
4.169333333333333225e-01
4.166666666666666852e-01
4.172000000000000153e-01
4.176000000000000267e-01
4.179333333333333234e-01
4.179999999999999827e-01
4.183333333333333348e-01
4.187333333333333463e-01
4.188666666666666649e-01
4.190666666666666429e-01
4.190666666666666429e-01
4.192000000000000171e-01
4.192666666666666764e-01
4.193333333333333357e-01
4.196666666666666878e-01
4.199999999999999845e-01
4.199999999999999845e-01
4.199999999999999845e-01
4.206666666666666887e-01
4.208000000000000074e-01
4.208000000000000074e-01
4.205999999999999739e-01
4.208000000000000074e-01
4.212666666666666782e-01
4.214666666666666561e-01
4.215999999999999748e-01
4.219999999999999862e-01
4.223999999999999977e-01
4.223333333333333384e-01
4.228000000000000091e-01
4.228000000000000091e-01
4.232666666666666799e-01
4.235333333333333172e-01
4.235999999999999766e-01
4.238666666666666694e-01
4.239999999999999880e-01
4.242000000000000215e-01
4.243333333333333401e-01
4.247333333333333516e-01
4.249333333333333296e-01
4.255999999999999783e-01
4.258666666666666711e-01
4.259999999999999898e-01
4.261333333333333084e-01
4.262000000000000233e-01
4.264000000000000012e-01
4.264666666666666606e-01
4.268000000000000127e-01
4.268000000000000127e-01
4.269999999999999907e-01
4.270666666666666500e-01
4.274000000000000021e-01
4.275999999999999801e-01
4.278666666666666729e-01
4.281333333333333102e-01
4.281333333333333102e-01
4.285333333333333217e-01
4.288666666666666738e-01
4.285999999999999810e-01
4.285333333333333217e-01
4.288000000000000145e-01
4.286666666666666403e-01
4.288666666666666738e-01
4.288666666666666738e-01
4.289999999999999925e-01
4.292666666666666853e-01
4.292000000000000259e-01
4.295333333333333226e-01
4.298000000000000154e-01
4.299999999999999933e-01
4.302000000000000268e-01
4.303333333333333455e-01
4.306666666666666421e-01
4.312666666666666870e-01
4.311333333333333129e-01
4.316666666666666430e-01
4.318666666666666765e-01
4.320666666666666544e-01
4.320666666666666544e-01
4.321999999999999731e-01
4.323333333333333472e-01
4.325333333333333252e-01
4.326666666666666439e-01
4.329333333333333367e-01
4.333333333333333481e-01
4.334666666666666668e-01
4.334666666666666668e-01
4.335999999999999854e-01
4.338000000000000189e-01
4.338000000000000189e-01
4.339999999999999969e-01
4.341999999999999749e-01
4.345999999999999863e-01
4.347333333333333605e-01
4.349999999999999978e-01
4.351999999999999758e-01
4.355333333333333279e-01
4.355333333333333279e-01
4.358000000000000207e-01
4.359333333333333393e-01
4.365333333333333288e-01
4.367333333333333067e-01
4.367333333333333067e-01
4.369999999999999996e-01
4.369999999999999996e-01
4.369333333333333402e-01
4.368000000000000216e-01
4.371999999999999775e-01
4.373333333333333517e-01
4.375333333333333297e-01
4.377333333333333076e-01
4.381999999999999784e-01
4.382666666666666933e-01
4.384666666666666712e-01
4.387333333333333085e-01
4.388666666666666827e-01
4.390666666666666607e-01
4.393333333333333535e-01
4.397333333333333094e-01
4.396666666666666501e-01
4.399333333333333429e-01
4.400000000000000022e-01
4.398666666666666836e-01
4.399333333333333429e-01
4.399333333333333429e-01
4.398666666666666836e-01
4.398000000000000242e-01
4.401333333333333209e-01
4.403333333333333544e-01
4.404000000000000137e-01
4.404666666666666730e-01
4.409333333333333438e-01
4.412666666666666404e-01
4.413333333333333552e-01
4.418000000000000260e-01
4.419333333333333447e-01
4.421999999999999820e-01
4.422666666666666413e-01
4.424666666666666748e-01
4.427333333333333121e-01
4.428666666666666862e-01
4.433333333333333570e-01
4.434000000000000163e-01
4.435333333333333350e-01
4.435999999999999943e-01
4.439333333333333464e-01
4.440000000000000058e-01
4.440666666666666651e-01
4.444000000000000172e-01
4.446666666666666545e-01
4.444666666666666766e-01
4.445999999999999952e-01
4.448666666666666880e-01
4.448666666666666880e-01
4.450000000000000067e-01
4.451333333333333253e-01
4.452666666666666440e-01
4.454666666666666774e-01
4.454666666666666774e-01
4.455333333333333368e-01
4.457333333333333147e-01
4.459333333333333482e-01
4.460666666666666669e-01
4.460000000000000075e-01
4.461333333333333262e-01
4.464000000000000190e-01
4.464000000000000190e-01
4.465999999999999970e-01
4.469333333333333491e-01
4.470000000000000084e-01
4.467333333333333156e-01
4.467333333333333156e-01
4.470000000000000084e-01
4.473333333333333606e-01
4.473333333333333606e-01
4.472666666666666457e-01
4.474666666666666792e-01
4.474666666666666792e-01
4.474666666666666792e-01
4.473333333333333606e-01
4.475333333333333385e-01
4.477999999999999758e-01
4.478666666666666907e-01
4.481999999999999873e-01
4.485999999999999988e-01
4.487999999999999767e-01
4.487999999999999767e-01
4.488666666666666916e-01
4.491333333333333289e-01
4.491999999999999882e-01
4.491333333333333289e-01
4.494000000000000217e-01
4.495333333333333403e-01
4.496666666666666590e-01
4.497999999999999776e-01
4.497333333333333183e-01
4.499333333333333518e-01
4.501999999999999891e-01
4.500000000000000111e-01
4.500666666666666704e-01
4.499333333333333518e-01
4.501333333333333298e-01
4.501333333333333298e-01
4.502666666666666484e-01
4.500666666666666704e-01
4.506666666666666599e-01
4.506666666666666599e-01
4.506666666666666599e-01
4.510000000000000120e-01
4.510000000000000120e-01
4.510000000000000120e-01
4.511999999999999900e-01
4.512666666666666493e-01
4.514666666666666828e-01
4.514000000000000234e-01
4.517333333333333201e-01
4.520666666666666722e-01
4.521333333333333315e-01
4.522666666666666502e-01
4.520666666666666722e-01
4.523333333333333095e-01
4.523333333333333095e-01
4.524000000000000243e-01
4.521999999999999909e-01
4.521999999999999909e-01
4.524000000000000243e-01
4.522666666666666502e-01
4.526000000000000023e-01
4.528666666666666396e-01
4.528666666666666396e-01
4.531333333333333324e-01
4.531999999999999917e-01
4.531333333333333324e-01
4.533333333333333104e-01
4.536000000000000032e-01
4.537999999999999812e-01
4.542666666666666520e-01
4.543333333333333113e-01
4.542666666666666520e-01
4.544000000000000261e-01
4.546666666666666634e-01
4.545333333333333448e-01
4.544666666666666854e-01
4.543333333333333113e-01
4.544000000000000261e-01
4.544666666666666854e-01
4.545333333333333448e-01
4.546666666666666634e-01
4.547999999999999821e-01
4.549333333333333562e-01
4.553333333333333122e-01
4.553333333333333122e-01
4.554666666666666863e-01
4.555333333333333456e-01
4.555333333333333456e-01
4.557333333333333236e-01
4.560666666666666758e-01
4.562666666666666537e-01
4.566000000000000059e-01
4.564666666666666872e-01
4.564666666666666872e-01
4.569333333333333580e-01
4.570000000000000173e-01
4.572666666666666546e-01
4.573999999999999733e-01
4.571999999999999953e-01
4.576666666666666661e-01
4.578666666666666440e-01
4.577333333333333254e-01
4.577999999999999847e-01
4.577333333333333254e-01
4.577999999999999847e-01
4.580000000000000182e-01
4.578666666666666440e-01
4.580666666666666775e-01
4.583999999999999742e-01
4.583333333333333148e-01
4.586000000000000076e-01
4.585333333333333483e-01
4.587999999999999856e-01
4.587333333333333263e-01
4.587333333333333263e-01
4.587333333333333263e-01
4.587333333333333263e-01
4.590000000000000191e-01
4.591999999999999971e-01
4.593333333333333157e-01
4.595333333333333492e-01
4.596666666666666679e-01
4.600666666666666793e-01
4.598666666666666458e-01
4.599333333333333607e-01
4.602666666666666573e-01
4.603999999999999759e-01
4.605333333333333501e-01
4.606666666666666687e-01
4.608666666666666467e-01
4.608666666666666467e-01
4.610000000000000209e-01
4.610666666666666802e-01
4.612666666666666582e-01
4.615333333333333510e-01
4.616000000000000103e-01
4.614666666666666917e-01
4.613333333333333175e-01
4.615333333333333510e-01
4.615333333333333510e-01
4.612666666666666582e-01
4.616000000000000103e-01
4.617999999999999883e-01
4.617999999999999883e-01
4.618666666666666476e-01
4.621999999999999997e-01
4.623999999999999777e-01
4.621333333333333404e-01
4.620000000000000218e-01
4.621999999999999997e-01
4.624666666666666925e-01
4.627333333333333298e-01
4.628666666666666485e-01
4.627333333333333298e-01
4.631333333333333413e-01
4.630666666666666820e-01
4.632000000000000006e-01
4.633333333333333193e-01
4.633333333333333193e-01
4.634666666666666934e-01
4.634666666666666934e-01
4.633333333333333193e-01
4.633333333333333193e-01
4.635333333333333528e-01
4.635333333333333528e-01
4.636000000000000121e-01
4.637999999999999901e-01
4.637333333333333307e-01
4.639333333333333087e-01
4.640000000000000235e-01
4.640000000000000235e-01
4.642666666666666608e-01
4.640000000000000235e-01
4.641333333333333422e-01
4.642666666666666608e-01
4.645333333333333536e-01
4.646000000000000130e-01
4.647999999999999909e-01
4.650000000000000244e-01
4.650666666666666837e-01
4.649333333333333096e-01
4.649333333333333096e-01
4.647333333333333316e-01
4.650000000000000244e-01
4.652666666666666617e-01
4.653999999999999804e-01
4.653999999999999804e-01
4.656000000000000139e-01
4.655333333333333545e-01
4.659333333333333105e-01
4.656666666666666732e-01
4.657333333333333325e-01
4.658666666666666512e-01
4.657333333333333325e-01
4.658666666666666512e-01
4.658666666666666512e-01
4.656000000000000139e-01
4.657333333333333325e-01
4.657999999999999918e-01
4.659333333333333105e-01
4.661333333333333440e-01
4.663999999999999813e-01
4.663333333333333219e-01
4.662666666666666626e-01
4.660000000000000253e-01
4.660000000000000253e-01
4.658666666666666512e-01
4.657999999999999918e-01
4.658666666666666512e-01
4.660666666666666846e-01
4.661333333333333440e-01
4.660000000000000253e-01
4.658666666666666512e-01
4.660666666666666846e-01
4.661333333333333440e-01
4.661333333333333440e-01
4.663333333333333219e-01
4.666000000000000147e-01
4.667999999999999927e-01
4.668666666666666520e-01
4.666666666666666741e-01
4.666666666666666741e-01
4.666666666666666741e-01
4.669333333333333114e-01
4.668666666666666520e-01
4.670666666666666855e-01
4.673999999999999821e-01
4.675333333333333563e-01
4.678666666666666529e-01
4.680000000000000271e-01
4.681333333333333457e-01
4.679333333333333123e-01
4.681333333333333457e-01
4.683999999999999830e-01
4.686000000000000165e-01
4.686666666666666758e-01
4.683999999999999830e-01
4.682666666666666644e-01
4.683333333333333237e-01
4.683999999999999830e-01
4.685333333333333572e-01
4.684666666666666424e-01
4.683333333333333237e-01
4.683333333333333237e-01
4.683999999999999830e-01
4.685333333333333572e-01
4.685333333333333572e-01
4.687333333333333352e-01
4.687999999999999945e-01
4.689333333333333131e-01
4.692000000000000060e-01
4.691333333333333466e-01
4.691333333333333466e-01
4.691333333333333466e-01
4.693333333333333246e-01
4.692000000000000060e-01
4.693333333333333246e-01
4.691333333333333466e-01
4.693999999999999839e-01
4.695333333333333581e-01
4.696000000000000174e-01
4.699333333333333140e-01
4.699333333333333140e-01
4.702000000000000068e-01
4.702000000000000068e-01
4.701333333333333475e-01
4.699333333333333140e-01
4.703333333333333255e-01
4.701333333333333475e-01
4.703999999999999848e-01
4.704666666666666441e-01
4.707333333333333369e-01
4.708666666666666556e-01
4.709333333333333149e-01
4.709333333333333149e-01
4.712000000000000077e-01
4.711333333333333484e-01
4.711333333333333484e-01
4.710666666666666891e-01
4.712000000000000077e-01
4.712666666666666671e-01
4.712666666666666671e-01
4.715333333333333599e-01
4.715333333333333599e-01
4.718666666666666565e-01
4.721333333333333493e-01
4.719333333333333158e-01
4.720666666666666900e-01
4.721333333333333493e-01
4.721333333333333493e-01
4.719333333333333158e-01
4.719999999999999751e-01
4.719333333333333158e-01
4.722000000000000086e-01
4.722666666666666679e-01
4.722666666666666679e-01
4.726666666666666794e-01
4.727333333333333387e-01
4.727333333333333387e-01
