3.569333333333333247e-01
3.579333333333333256e-01
3.584666666666666557e-01
3.590666666666666451e-01
3.595999999999999752e-01
3.600666666666666460e-01
3.605333333333333168e-01
3.609333333333333282e-01
3.614666666666666583e-01
3.619333333333333291e-01
3.623999999999999999e-01
3.625999999999999779e-01
3.629999999999999893e-01
3.632666666666666822e-01
3.635333333333333194e-01
3.638000000000000123e-01
3.642000000000000237e-01
3.648000000000000131e-01
3.649999999999999911e-01
3.652666666666666839e-01
3.655999999999999805e-01
3.657333333333333547e-01
3.664000000000000035e-01
3.669333333333333336e-01
3.675333333333333230e-01
3.677333333333333565e-01
3.679999999999999938e-01
3.680666666666666531e-01
3.685333333333333239e-01
3.688666666666666760e-01
3.694000000000000061e-01
3.697333333333333583e-01
3.704666666666666663e-01
3.707333333333333591e-01
3.709333333333333371e-01
3.714666666666666672e-01
3.715999999999999859e-01
3.723333333333333495e-01
3.725999999999999868e-01
3.730666666666666575e-01
3.737333333333333063e-01
3.741333333333333178e-01
3.742666666666666919e-01
3.742666666666666919e-01
3.750000000000000000e-01
3.752666666666666928e-01
3.756666666666666488e-01
3.758666666666666822e-01
3.765999999999999903e-01
3.769333333333333425e-01
3.774666666666666726e-01
3.780666666666666620e-01
3.780666666666666620e-01
3.784000000000000141e-01
3.790666666666666629e-01
3.793333333333333557e-01
3.795333333333333337e-01
3.798666666666666858e-01
3.799333333333333451e-01
3.804000000000000159e-01
3.807333333333333125e-01
3.812666666666666426e-01
3.814666666666666761e-01
3.816666666666666541e-01
3.820666666666666655e-01
3.825333333333333363e-01
3.830666666666666664e-01
3.832666666666666444e-01
3.834666666666666779e-01
3.837333333333333152e-01
3.839333333333333487e-01
3.845333333333333381e-01
3.848666666666666902e-01
3.851333333333333275e-01
3.855999999999999983e-01
3.860666666666666691e-01
3.864000000000000212e-01
3.868666666666666920e-01
3.875333333333333408e-01
3.876666666666666594e-01
3.880666666666666709e-01
3.883333333333333082e-01
3.886666666666666603e-01
3.891999999999999904e-01
3.892666666666666497e-01
3.896666666666666612e-01
3.898666666666666392e-01
3.900000000000000133e-01
3.904666666666666841e-01
3.907999999999999807e-01
3.911999999999999922e-01
3.916666666666666630e-01
3.918666666666666409e-01
3.924666666666666859e-01
3.926666666666666639e-01
3.927999999999999825e-01
3.935333333333333461e-01
3.939333333333333576e-01
3.943333333333333135e-01
3.944666666666666877e-01
3.946000000000000063e-01
3.950666666666666771e-01
3.951999999999999957e-01
3.954666666666666885e-01
3.956000000000000072e-01
3.960000000000000187e-01
3.963999999999999746e-01
3.969333333333333602e-01
3.974666666666666903e-01
3.979333333333333056e-01
3.981333333333333391e-01
3.984666666666666912e-01
3.987333333333333285e-01
3.987333333333333285e-01
3.990000000000000213e-01
3.991999999999999993e-01
3.993999999999999773e-01
3.997333333333333294e-01
4.002666666666666595e-01
4.008666666666666489e-01
4.012666666666666604e-01
4.014666666666666939e-01
4.018666666666666498e-01
4.019333333333333091e-01
4.020000000000000240e-01
4.022000000000000020e-01
4.025333333333333541e-01
4.028666666666666507e-01
4.032000000000000028e-01
4.033999999999999808e-01
4.036000000000000143e-01
4.037333333333333329e-01
4.042000000000000037e-01
4.042000000000000037e-01
4.042666666666666631e-01
4.045333333333333559e-01
4.047999999999999932e-01
4.050666666666666860e-01
4.053333333333333233e-01
4.057333333333333347e-01
4.060666666666666869e-01
4.062666666666666648e-01
4.065333333333333576e-01
4.066666666666666763e-01
4.067999999999999949e-01
4.071333333333333471e-01
4.073333333333333250e-01
4.077999999999999958e-01
4.079999999999999738e-01
4.081333333333333480e-01
4.086000000000000187e-01
4.087999999999999967e-01
4.087999999999999967e-01
4.089999999999999747e-01
4.092666666666666675e-01
4.094666666666666455e-01
4.096000000000000196e-01
4.097333333333333383e-01
4.099333333333333163e-01
4.100666666666666904e-01
4.102666666666666684e-01
4.106666666666666798e-01
4.107999999999999985e-01
4.107999999999999985e-01
4.110666666666666913e-01
4.112000000000000099e-01
4.112666666666666693e-01
4.117999999999999994e-01
4.118666666666666587e-01
4.119999999999999774e-01
4.122000000000000108e-01
4.123333333333333295e-01
4.126666666666666816e-01
4.128000000000000003e-01
4.129999999999999782e-01
4.137333333333333418e-01
4.138000000000000012e-01
4.141333333333333533e-01
4.141333333333333533e-01
4.143333333333333313e-01
4.146666666666666834e-01
4.149333333333333207e-01
4.150666666666666393e-01
4.152666666666666728e-01
4.152666666666666728e-01
4.151333333333333542e-01
4.152666666666666728e-01
4.154666666666666508e-01
4.158000000000000029e-01
4.159333333333333216e-01
4.158666666666666623e-01
4.162000000000000144e-01
4.163999999999999924e-01
4.163999999999999924e-01
4.169333333333333225e-01
4.174666666666666526e-01
4.176000000000000267e-01
4.180666666666666420e-01
4.182000000000000162e-01
4.183333333333333348e-01
4.186666666666666869e-01
4.186000000000000276e-01
4.186666666666666869e-01
4.187333333333333463e-01
4.193333333333333357e-01
4.194666666666666544e-01
4.199333333333333251e-01
4.202000000000000179e-01
4.205999999999999739e-01
4.208000000000000074e-01
4.210666666666666447e-01
4.213333333333333375e-01
4.215333333333333155e-01
4.216666666666666896e-01
4.218000000000000083e-01
4.219999999999999862e-01
4.222000000000000197e-01
4.222666666666666790e-01
4.224666666666666570e-01
4.225999999999999757e-01
4.230666666666666464e-01
4.232000000000000206e-01
4.235333333333333172e-01
4.235999999999999766e-01
4.236666666666666914e-01
4.239333333333333287e-01
4.238666666666666694e-01
4.241333333333333067e-01
4.242666666666666808e-01
4.243999999999999995e-01
4.245999999999999774e-01
4.247333333333333516e-01
4.250666666666666482e-01
4.252000000000000224e-01
4.251333333333333075e-01
4.254666666666666597e-01
4.255999999999999783e-01
4.258666666666666711e-01
4.261333333333333084e-01
4.264000000000000012e-01
4.265333333333333199e-01
4.269999999999999907e-01
4.272666666666666835e-01
4.273333333333333428e-01
4.278666666666666729e-01
4.278666666666666729e-01
4.282000000000000250e-01
4.284666666666666623e-01
4.289333333333333331e-01
4.289999999999999925e-01
4.290666666666666518e-01
4.292666666666666853e-01
4.295333333333333226e-01
4.297333333333333560e-01
4.297333333333333560e-01
4.298000000000000154e-01
4.300666666666666527e-01
4.302000000000000268e-01
4.302000000000000268e-01
4.303333333333333455e-01
4.304000000000000048e-01
4.305999999999999828e-01
4.309333333333333349e-01
4.311333333333333129e-01
4.315999999999999837e-01
4.318666666666666765e-01
4.319333333333333358e-01
4.321333333333333138e-01
4.323333333333333472e-01
4.325999999999999845e-01
4.326666666666666439e-01
4.327333333333333587e-01
4.329999999999999960e-01
4.331999999999999740e-01
4.332666666666666888e-01
4.334000000000000075e-01
4.332666666666666888e-01
4.334000000000000075e-01
4.334000000000000075e-01
4.335999999999999854e-01
4.337333333333333596e-01
4.339999999999999969e-01
4.339333333333333376e-01
4.340666666666666562e-01
4.342666666666666897e-01
4.346666666666666456e-01
4.348666666666666791e-01
4.351999999999999758e-01
4.352666666666666906e-01
4.354666666666666686e-01
4.355999999999999872e-01
4.360666666666666580e-01
4.361999999999999766e-01
4.364666666666666694e-01
4.365999999999999881e-01
4.369333333333333402e-01
4.369999999999999996e-01
4.370666666666666589e-01
4.373333333333333517e-01
4.374000000000000110e-01
4.372666666666666924e-01
4.374666666666666703e-01
4.377333333333333076e-01
4.381999999999999784e-01
4.384666666666666712e-01
4.389333333333333420e-01
4.388666666666666827e-01
4.390666666666666607e-01
4.391333333333333200e-01
4.393333333333333535e-01
4.394000000000000128e-01
4.395333333333333314e-01
4.395999999999999908e-01
4.399333333333333429e-01
4.399333333333333429e-01
4.400000000000000022e-01
4.403333333333333544e-01
4.406666666666666510e-01
4.408000000000000251e-01
4.409333333333333438e-01
4.409333333333333438e-01
4.411333333333333218e-01
4.410666666666666624e-01
4.413333333333333552e-01
4.414666666666666739e-01
4.416666666666666519e-01
4.418000000000000260e-01
4.418666666666666853e-01
4.420666666666666633e-01
4.422666666666666413e-01
4.422666666666666413e-01
4.422666666666666413e-01
4.427333333333333121e-01
4.429333333333333456e-01
4.431999999999999829e-01
4.434000000000000163e-01
4.434000000000000163e-01
4.435999999999999943e-01
4.439333333333333464e-01
4.441333333333333244e-01
4.443333333333333579e-01
4.444666666666666766e-01
4.446666666666666545e-01
4.448666666666666880e-01
4.445999999999999952e-01
4.445999999999999952e-01
4.448666666666666880e-01
4.449333333333333473e-01
4.451333333333333253e-01
4.455333333333333368e-01
4.454666666666666774e-01
4.457999999999999741e-01
4.460666666666666669e-01
4.462666666666666448e-01
4.462666666666666448e-01
4.461333333333333262e-01
4.464666666666666783e-01
4.466666666666666563e-01
4.470666666666666678e-01
4.475999999999999979e-01
4.477333333333333165e-01
4.476666666666666572e-01
4.480666666666666687e-01
4.481333333333333280e-01
4.483333333333333059e-01
4.483333333333333059e-01
4.483333333333333059e-01
4.484000000000000208e-01
4.484666666666666801e-01
4.487333333333333174e-01
4.487333333333333174e-01
4.485999999999999988e-01
4.487333333333333174e-01
4.487999999999999767e-01
4.486666666666666581e-01
4.487999999999999767e-01
4.489333333333333509e-01
4.491999999999999882e-01
4.492666666666666475e-01
4.493333333333333068e-01
4.498666666666666925e-01
4.498666666666666925e-01
4.498666666666666925e-01
4.501999999999999891e-01
4.502666666666666484e-01
4.503333333333333077e-01
4.505333333333333412e-01
4.505333333333333412e-01
4.506666666666666599e-01
4.507333333333333192e-01
4.508666666666666933e-01
4.509333333333333527e-01
4.509333333333333527e-01
4.509333333333333527e-01
4.510000000000000120e-01
4.511333333333333306e-01
4.511999999999999900e-01
4.514666666666666828e-01
4.515333333333333421e-01
4.517333333333333201e-01
4.516000000000000014e-01
4.516666666666666607e-01
4.516000000000000014e-01
4.517999999999999794e-01
4.520666666666666722e-01
4.521999999999999909e-01
4.523333333333333095e-01
4.524000000000000243e-01
4.524000000000000243e-01
4.525333333333333430e-01
4.525333333333333430e-01
4.526000000000000023e-01
4.528666666666666396e-01
4.532666666666666511e-01
4.533333333333333104e-01
4.530666666666666731e-01
4.533333333333333104e-01
4.534666666666666845e-01
4.534000000000000252e-01
4.534666666666666845e-01
4.534666666666666845e-01
4.535333333333333439e-01
4.534000000000000252e-01
4.535333333333333439e-01
4.537999999999999812e-01
4.541333333333333333e-01
4.542666666666666520e-01
4.542666666666666520e-01
4.543333333333333113e-01
4.544000000000000261e-01
4.544000000000000261e-01
4.545333333333333448e-01
4.546666666666666634e-01
4.547999999999999821e-01
4.548666666666666414e-01
4.549333333333333562e-01
4.548666666666666414e-01
4.550000000000000155e-01
4.550666666666666749e-01
4.552666666666666528e-01
4.556000000000000050e-01
4.555333333333333456e-01
4.557999999999999829e-01
4.557999999999999829e-01
4.557999999999999829e-01
4.560000000000000164e-01
4.562666666666666537e-01
4.563999999999999724e-01
4.568666666666666432e-01
4.569333333333333580e-01
4.571333333333333360e-01
4.571333333333333360e-01
4.571999999999999953e-01
4.571999999999999953e-01
4.572666666666666546e-01
4.573999999999999733e-01
4.576000000000000068e-01
4.577333333333333254e-01
4.578666666666666440e-01
4.579333333333333589e-01
4.579333333333333589e-01
4.579333333333333589e-01
4.580000000000000182e-01
4.582666666666666555e-01
4.583333333333333148e-01
4.586666666666666670e-01
4.588666666666666449e-01
4.587999999999999856e-01
4.587999999999999856e-01
4.590000000000000191e-01
4.593333333333333157e-01
4.592666666666666564e-01
4.593999999999999750e-01
4.594666666666666899e-01
4.597333333333333272e-01
4.599333333333333607e-01
4.601333333333333386e-01
4.602666666666666573e-01
4.604666666666666908e-01
4.605333333333333501e-01
4.606000000000000094e-01
4.606000000000000094e-01
4.607333333333333281e-01
4.607999999999999874e-01
4.607999999999999874e-01
4.608666666666666467e-01
4.610666666666666802e-01
4.610000000000000209e-01
4.610666666666666802e-01
4.611333333333333395e-01
4.613333333333333175e-01
4.615333333333333510e-01
4.616000000000000103e-01
4.618666666666666476e-01
4.623333333333333184e-01
4.623999999999999777e-01
4.623333333333333184e-01
4.626666666666666705e-01
4.628666666666666485e-01
4.628666666666666485e-01
4.630000000000000226e-01
4.629333333333333078e-01
4.630666666666666820e-01
4.632000000000000006e-01
4.633999999999999786e-01
4.633999999999999786e-01
4.632666666666666599e-01
4.634666666666666934e-01
4.634666666666666934e-01
4.637333333333333307e-01
4.637999999999999901e-01
4.639333333333333087e-01
4.640666666666666829e-01
4.642666666666666608e-01
4.642666666666666608e-01
4.644666666666666943e-01
4.644666666666666943e-01
4.645333333333333536e-01
4.644666666666666943e-01
4.645333333333333536e-01
4.646000000000000130e-01
4.646666666666666723e-01
4.647999999999999909e-01
4.648666666666666503e-01
4.650000000000000244e-01
4.652000000000000024e-01
4.653333333333333210e-01
4.652666666666666617e-01
4.653999999999999804e-01
4.655333333333333545e-01
4.659333333333333105e-01
4.660000000000000253e-01
4.657333333333333325e-01
4.656666666666666732e-01
4.658666666666666512e-01
4.660000000000000253e-01
4.662666666666666626e-01
4.663999999999999813e-01
4.665333333333333554e-01
4.667333333333333334e-01
4.667999999999999927e-01
4.667999999999999927e-01
4.666666666666666741e-01
4.667333333333333334e-01
4.667999999999999927e-01
4.667999999999999927e-01
4.667333333333333334e-01
4.664666666666666406e-01
4.664666666666666406e-01
4.668666666666666520e-01
4.670000000000000262e-01
4.672666666666666635e-01
4.673999999999999821e-01
4.673999999999999821e-01
4.672666666666666635e-01
4.673333333333333228e-01
4.675333333333333563e-01
4.676666666666666750e-01
4.677999999999999936e-01
4.679333333333333123e-01
4.680000000000000271e-01
4.681333333333333457e-01
4.682000000000000051e-01
4.682666666666666644e-01
4.686000000000000165e-01
4.684666666666666424e-01
4.687333333333333352e-01
4.686666666666666758e-01
4.688666666666666538e-01
4.687999999999999945e-01
4.689999999999999725e-01
4.689333333333333131e-01
4.692000000000000060e-01
4.691333333333333466e-01
4.694666666666666432e-01
4.695333333333333581e-01
4.694666666666666432e-01
4.695333333333333581e-01
4.696666666666666767e-01
4.696666666666666767e-01
4.696666666666666767e-01
4.697333333333333361e-01
4.699999999999999734e-01
4.701333333333333475e-01
4.702000000000000068e-01
4.703333333333333255e-01
4.703333333333333255e-01
4.702666666666666662e-01
4.706000000000000183e-01
4.704666666666666441e-01
4.706000000000000183e-01
4.705333333333333590e-01
4.707333333333333369e-01
4.706666666666666776e-01
4.707333333333333369e-01
4.707333333333333369e-01
4.707333333333333369e-01
4.707333333333333369e-01
4.708666666666666556e-01
4.710666666666666891e-01
4.709999999999999742e-01
4.712666666666666671e-01
4.712666666666666671e-01
4.714666666666666450e-01
4.716666666666666785e-01
4.715333333333333599e-01
4.717333333333333378e-01
4.717999999999999972e-01
4.716666666666666785e-01
4.717999999999999972e-01
4.721333333333333493e-01
4.721333333333333493e-01
4.722666666666666679e-01
4.722666666666666679e-01
4.723999999999999866e-01
4.724666666666666459e-01
4.726000000000000201e-01
4.727333333333333387e-01
4.727333333333333387e-01
4.729999999999999760e-01
4.729999999999999760e-01
4.729333333333333167e-01
4.729333333333333167e-01
4.729999999999999760e-01
4.729999999999999760e-01
4.732666666666666688e-01
4.734666666666666468e-01
4.736000000000000210e-01
4.736666666666666803e-01
4.737333333333333396e-01
4.737999999999999989e-01
4.738666666666666583e-01
4.741333333333333511e-01
4.742666666666666697e-01
4.742000000000000104e-01
4.740666666666666917e-01
4.742000000000000104e-01
4.746000000000000218e-01
4.747333333333333405e-01
4.748666666666666591e-01
4.749333333333333185e-01
4.749999999999999778e-01
4.752000000000000113e-01
4.753333333333333299e-01
4.753333333333333299e-01
4.752666666666666706e-01
4.753999999999999893e-01
4.756000000000000227e-01
4.757333333333333414e-01
4.756666666666666821e-01
4.758666666666666600e-01
4.759333333333333194e-01
4.760666666666666935e-01
4.759333333333333194e-01
4.762666666666666715e-01
4.761333333333333528e-01
4.762666666666666715e-01
4.762666666666666715e-01
4.764666666666666495e-01
4.766666666666666829e-01
4.767333333333333423e-01
4.768666666666666609e-01
4.769999999999999796e-01
4.771333333333333537e-01
4.770666666666666944e-01
4.773333333333333317e-01
4.775333333333333097e-01
4.776000000000000245e-01
4.776666666666666838e-01
4.773999999999999910e-01
4.774666666666666504e-01
4.775333333333333097e-01
4.778000000000000025e-01
4.778666666666666618e-01
4.778666666666666618e-01
4.777333333333333432e-01
4.777333333333333432e-01
4.779999999999999805e-01
4.779333333333333211e-01
4.778666666666666618e-01
4.780666666666666398e-01
4.783333333333333326e-01
4.783999999999999919e-01
4.783999999999999919e-01
4.783999999999999919e-01
4.785333333333333106e-01
4.785333333333333106e-01
4.786000000000000254e-01
4.787333333333333441e-01
4.789333333333333220e-01
4.788666666666666627e-01
4.788666666666666627e-01
4.788666666666666627e-01
4.791333333333333555e-01
4.791333333333333555e-01
4.793333333333333335e-01
4.790666666666666407e-01
4.794666666666666521e-01
4.799333333333333229e-01
4.797333333333333449e-01
4.798666666666666636e-01
4.796666666666666856e-01
4.798666666666666636e-01
4.800666666666666416e-01
4.804666666666666530e-01
4.804666666666666530e-01
4.806666666666666865e-01
4.806666666666666865e-01
4.806666666666666865e-01
4.808000000000000052e-01
4.807333333333333458e-01
4.806666666666666865e-01
4.808666666666666645e-01
4.807333333333333458e-01
4.806666666666666865e-01
4.808000000000000052e-01
4.809999999999999831e-01
4.810666666666666424e-01
4.811333333333333573e-01
4.811333333333333573e-01
4.812000000000000166e-01
4.813333333333333353e-01
4.813999999999999946e-01
4.813999999999999946e-01
4.813999999999999946e-01
4.814666666666666539e-01
4.813999999999999946e-01
4.813999999999999946e-01
4.815999999999999726e-01
4.817333333333333467e-01
