3.536000000000000254e-01
3.544666666666666521e-01
3.549333333333333229e-01
3.552000000000000157e-01
3.557333333333333458e-01
3.563333333333333353e-01
3.565333333333333132e-01
3.566666666666666874e-01
3.573999999999999955e-01
3.575333333333333141e-01
3.577333333333333476e-01
3.582000000000000184e-01
3.583999999999999964e-01
3.588666666666666671e-01
3.592666666666666786e-01
3.595333333333333159e-01
3.600666666666666460e-01
3.606666666666666909e-01
3.612000000000000210e-01
3.615333333333333177e-01
3.621333333333333071e-01
3.626666666666666927e-01
3.628666666666666707e-01
3.632000000000000228e-01
3.635333333333333194e-01
3.642000000000000237e-01
3.642000000000000237e-01
3.645999999999999797e-01
3.650666666666666504e-01
3.652000000000000246e-01
3.657333333333333547e-01
3.658666666666666734e-01
3.666666666666666408e-01
3.669333333333333336e-01
3.672000000000000264e-01
3.676666666666666416e-01
3.679999999999999938e-01
3.682666666666666866e-01
3.684666666666666646e-01
3.684000000000000052e-01
3.691999999999999726e-01
3.698666666666666769e-01
3.703333333333333477e-01
3.708666666666666778e-01
3.713333333333333486e-01
3.715999999999999859e-01
3.719999999999999973e-01
3.721999999999999753e-01
3.730666666666666575e-01
3.735999999999999877e-01
3.741999999999999771e-01
3.745333333333333292e-01
3.746666666666666479e-01
3.751333333333333186e-01
3.755333333333333301e-01
3.757333333333333081e-01
3.761333333333333195e-01
3.768000000000000238e-01
3.771999999999999797e-01
3.774666666666666726e-01
3.779333333333333433e-01
3.783333333333333548e-01
3.786666666666666514e-01
3.788666666666666849e-01
3.793333333333333557e-01
3.796666666666666523e-01
3.798000000000000265e-01
3.801333333333333231e-01
3.805999999999999939e-01
3.810000000000000053e-01
3.814666666666666761e-01
3.818666666666666876e-01
3.821333333333333249e-01
3.824000000000000177e-01
3.827999999999999736e-01
3.833333333333333592e-01
3.832666666666666444e-01
3.836666666666666559e-01
3.837333333333333152e-01
3.833333333333333592e-01
3.846666666666666567e-01
3.850666666666666682e-01
3.854000000000000203e-01
3.858666666666666911e-01
3.862666666666666471e-01
3.868666666666666920e-01
3.874666666666666814e-01
3.878666666666666929e-01
3.880666666666666709e-01
3.883333333333333082e-01
3.886666666666666603e-01
3.891333333333333311e-01
3.894666666666666832e-01
3.898666666666666392e-01
3.903333333333333099e-01
3.906666666666666621e-01
3.909333333333333549e-01
3.912666666666666515e-01
3.916666666666666630e-01
3.918666666666666409e-01
3.920666666666666744e-01
3.927999999999999825e-01
3.927999999999999825e-01
3.932666666666666533e-01
3.937333333333333241e-01
3.940000000000000169e-01
3.944666666666666877e-01
3.946000000000000063e-01
3.947999999999999843e-01
3.950000000000000178e-01
3.953999999999999737e-01
3.955333333333333479e-01
3.958666666666666445e-01
3.961999999999999966e-01
3.967333333333333267e-01
3.974666666666666903e-01
3.978666666666666463e-01
3.980666666666666798e-01
3.983333333333333171e-01
3.984666666666666912e-01
3.987333333333333285e-01
3.989333333333333065e-01
3.990666666666666806e-01
3.994666666666666921e-01
3.997999999999999887e-01
4.001333333333333409e-01
4.009333333333333083e-01
4.012000000000000011e-01
4.012666666666666604e-01
4.016666666666666718e-01
4.020000000000000240e-01
4.020666666666666833e-01
4.022666666666666613e-01
4.026000000000000134e-01
4.027999999999999914e-01
4.031333333333333435e-01
4.033333333333333215e-01
4.033999999999999808e-01
4.037333333333333329e-01
4.038666666666666516e-01
4.040000000000000258e-01
4.043333333333333224e-01
4.045333333333333559e-01
4.047333333333333338e-01
4.052000000000000046e-01
4.053333333333333233e-01
4.057999999999999940e-01
4.060000000000000275e-01
4.063333333333333242e-01
4.062000000000000055e-01
4.066666666666666763e-01
4.069333333333333136e-01
4.072000000000000064e-01
4.073999999999999844e-01
4.075333333333333585e-01
4.079999999999999738e-01
4.080666666666666886e-01
4.085333333333333594e-01
4.086000000000000187e-01
4.083333333333333259e-01
4.089333333333333154e-01
4.089999999999999747e-01
4.092666666666666675e-01
4.093999999999999861e-01
4.096000000000000196e-01
4.098666666666666569e-01
4.101333333333333497e-01
4.103999999999999870e-01
4.106000000000000205e-01
4.103333333333333277e-01
4.106666666666666798e-01
4.109333333333333171e-01
4.111333333333333506e-01
4.113333333333333286e-01
4.116000000000000214e-01
4.118666666666666587e-01
4.122000000000000108e-01
4.123333333333333295e-01
4.126666666666666816e-01
4.126666666666666816e-01
4.131333333333333524e-01
4.133999999999999897e-01
4.139999999999999791e-01
4.139999999999999791e-01
4.141333333333333533e-01
4.139999999999999791e-01
4.142000000000000126e-01
4.144666666666666499e-01
4.145333333333333092e-01
4.148000000000000020e-01
4.149999999999999800e-01
4.149999999999999800e-01
4.152000000000000135e-01
4.153333333333333321e-01
4.156666666666666843e-01
4.159999999999999809e-01
4.161333333333333551e-01
4.159999999999999809e-01
4.159999999999999809e-01
4.160666666666666402e-01
4.166666666666666852e-01
4.169999999999999818e-01
4.173333333333333339e-01
4.179333333333333234e-01
4.179333333333333234e-01
4.181333333333333568e-01
4.183999999999999941e-01
4.184666666666666535e-01
4.185333333333333128e-01
4.184666666666666535e-01
4.189333333333333242e-01
4.192666666666666764e-01
4.196666666666666878e-01
4.199333333333333251e-01
4.203999999999999959e-01
4.203999999999999959e-01
4.208666666666666667e-01
4.209999999999999853e-01
4.212666666666666782e-01
4.211333333333333595e-01
4.213999999999999968e-01
4.215333333333333155e-01
4.219333333333333269e-01
4.222666666666666790e-01
4.223333333333333384e-01
4.223333333333333384e-01
4.225999999999999757e-01
4.230666666666666464e-01
4.232000000000000206e-01
4.232666666666666799e-01
4.238000000000000100e-01
4.239333333333333287e-01
4.239333333333333287e-01
4.238666666666666694e-01
4.240666666666666473e-01
4.243999999999999995e-01
4.245999999999999774e-01
4.247333333333333516e-01
4.246666666666666923e-01
4.245333333333333181e-01
4.250666666666666482e-01
4.254666666666666597e-01
4.254666666666666597e-01
4.258000000000000118e-01
4.260666666666666491e-01
4.262666666666666826e-01
4.264000000000000012e-01
4.269333333333333313e-01
4.270666666666666500e-01
4.271333333333333093e-01
4.275999999999999801e-01
4.279333333333333322e-01
4.282000000000000250e-01
4.284666666666666623e-01
4.286666666666666403e-01
4.289333333333333331e-01
4.289999999999999925e-01
4.293333333333333446e-01
4.294000000000000039e-01
4.294000000000000039e-01
4.296666666666666412e-01
4.298000000000000154e-01
4.302000000000000268e-01
4.304000000000000048e-01
4.302000000000000268e-01
4.305999999999999828e-01
4.305999999999999828e-01
4.308666666666666756e-01
4.311333333333333129e-01
4.310666666666666536e-01
4.314666666666666650e-01
4.318666666666666765e-01
4.317333333333333578e-01
4.320666666666666544e-01
4.321999999999999731e-01
4.325999999999999845e-01
4.325999999999999845e-01
4.326666666666666439e-01
4.328000000000000180e-01
4.328000000000000180e-01
4.331999999999999740e-01
4.333333333333333481e-01
4.334000000000000075e-01
4.336666666666666448e-01
4.338000000000000189e-01
4.338666666666666782e-01
4.339999999999999969e-01
4.339999999999999969e-01
4.340666666666666562e-01
4.340666666666666562e-01
4.344666666666666677e-01
4.347333333333333605e-01
4.349333333333333385e-01
4.352666666666666906e-01
4.351999999999999758e-01
4.354666666666666686e-01
4.356666666666666465e-01
4.358666666666666800e-01
4.362666666666666915e-01
4.361999999999999766e-01
4.365333333333333288e-01
4.365999999999999881e-01
4.369333333333333402e-01
4.371999999999999775e-01
4.373333333333333517e-01
4.374000000000000110e-01
4.375333333333333297e-01
4.375999999999999890e-01
4.376666666666666483e-01
4.376666666666666483e-01
4.382666666666666933e-01
4.386666666666666492e-01
4.388666666666666827e-01
4.389333333333333420e-01
4.390000000000000013e-01
4.391999999999999793e-01
4.391999999999999793e-01
4.393333333333333535e-01
4.393333333333333535e-01
4.391999999999999793e-01
4.394666666666666721e-01
4.398666666666666836e-01
4.400000000000000022e-01
4.404000000000000137e-01
4.407333333333333103e-01
4.410000000000000031e-01
4.411333333333333218e-01
4.410666666666666624e-01
4.412666666666666404e-01
4.412666666666666404e-01
4.413333333333333552e-01
4.415333333333333332e-01
4.416666666666666519e-01
4.418666666666666853e-01
4.418666666666666853e-01
4.420000000000000040e-01
4.421999999999999820e-01
4.424000000000000155e-01
4.424666666666666748e-01
4.423333333333333561e-01
4.427333333333333121e-01
4.430000000000000049e-01
4.432666666666666422e-01
4.435999999999999943e-01
4.437999999999999723e-01
4.441999999999999837e-01
4.442666666666666431e-01
4.443333333333333579e-01
4.446666666666666545e-01
4.445333333333333359e-01
4.447333333333333139e-01
4.448666666666666880e-01
4.449333333333333473e-01
4.451999999999999846e-01
4.453333333333333588e-01
4.455333333333333368e-01
4.457333333333333147e-01
4.461333333333333262e-01
4.463333333333333597e-01
4.461333333333333262e-01
4.462666666666666448e-01
4.464666666666666783e-01
4.465333333333333377e-01
4.467333333333333156e-01
4.472666666666666457e-01
4.475333333333333385e-01
4.477999999999999758e-01
4.478666666666666907e-01
4.480666666666666687e-01
4.480000000000000093e-01
4.483333333333333059e-01
4.481999999999999873e-01
4.484000000000000208e-01
4.485999999999999988e-01
4.486666666666666581e-01
4.488666666666666916e-01
4.487333333333333174e-01
4.488666666666666916e-01
4.488666666666666916e-01
4.485333333333333394e-01
4.489333333333333509e-01
4.490000000000000102e-01
4.490666666666666695e-01
4.492666666666666475e-01
4.492666666666666475e-01
4.495333333333333403e-01
4.495999999999999996e-01
4.495333333333333403e-01
4.497999999999999776e-01
4.498666666666666925e-01
4.500000000000000111e-01
4.501999999999999891e-01
4.502666666666666484e-01
4.503333333333333077e-01
4.505333333333333412e-01
4.505333333333333412e-01
4.507999999999999785e-01
4.507333333333333192e-01
4.509333333333333527e-01
4.507999999999999785e-01
4.508666666666666933e-01
4.510000000000000120e-01
4.512666666666666493e-01
4.510666666666666713e-01
4.513333333333333086e-01
4.515333333333333421e-01
4.516666666666666607e-01
4.517333333333333201e-01
4.518666666666666942e-01
4.518666666666666942e-01
4.521333333333333315e-01
4.521333333333333315e-01
4.521999999999999909e-01
4.522666666666666502e-01
4.522666666666666502e-01
4.523333333333333095e-01
4.524666666666666837e-01
4.527999999999999803e-01
4.528666666666666396e-01
4.526666666666666616e-01
4.528666666666666396e-01
4.531333333333333324e-01
4.534000000000000252e-01
4.534000000000000252e-01
4.532666666666666511e-01
4.534000000000000252e-01
4.532666666666666511e-01
4.532666666666666511e-01
4.537999999999999812e-01
4.537999999999999812e-01
4.538666666666666405e-01
4.539333333333333553e-01
4.540000000000000147e-01
4.542666666666666520e-01
4.544000000000000261e-01
4.542666666666666520e-01
4.545333333333333448e-01
4.547333333333333227e-01
4.547333333333333227e-01
4.546000000000000041e-01
4.548666666666666414e-01
4.551333333333333342e-01
4.552666666666666528e-01
4.551333333333333342e-01
4.553333333333333122e-01
4.554666666666666863e-01
4.556000000000000050e-01
4.556666666666666643e-01
4.558666666666666423e-01
4.558666666666666423e-01
4.560000000000000164e-01
4.558666666666666423e-01
4.559333333333333571e-01
4.561999999999999944e-01
4.566000000000000059e-01
4.567999999999999838e-01
4.570000000000000173e-01
4.570000000000000173e-01
4.571999999999999953e-01
4.571333333333333360e-01
4.575333333333333474e-01
4.576000000000000068e-01
4.577333333333333254e-01
4.576666666666666661e-01
4.577333333333333254e-01
4.577999999999999847e-01
4.580666666666666775e-01
4.580000000000000182e-01
4.580000000000000182e-01
4.583999999999999742e-01
4.583999999999999742e-01
4.587999999999999856e-01
4.590666666666666784e-01
4.591333333333333377e-01
4.591999999999999971e-01
4.591999999999999971e-01
4.593999999999999750e-01
4.591999999999999971e-01
4.593999999999999750e-01
4.594666666666666899e-01
4.597333333333333272e-01
4.600000000000000200e-01
4.603333333333333166e-01
4.603333333333333166e-01
4.603999999999999759e-01
4.603999999999999759e-01
4.605333333333333501e-01
4.610666666666666802e-01
4.610666666666666802e-01
4.610666666666666802e-01
4.609333333333333060e-01
4.607333333333333281e-01
4.610000000000000209e-01
4.610666666666666802e-01
4.611333333333333395e-01
4.611999999999999988e-01
4.613333333333333175e-01
4.613333333333333175e-01
4.614666666666666917e-01
4.616000000000000103e-01
4.617999999999999883e-01
4.620000000000000218e-01
4.619333333333333069e-01
4.622666666666666591e-01
4.625333333333333519e-01
4.626000000000000112e-01
4.626666666666666705e-01
4.628666666666666485e-01
4.630000000000000226e-01
4.631333333333333413e-01
4.632666666666666599e-01
4.633999999999999786e-01
4.633999999999999786e-01
4.634666666666666934e-01
4.637333333333333307e-01
4.639333333333333087e-01
4.640000000000000235e-01
4.642000000000000015e-01
4.640000000000000235e-01
4.640666666666666829e-01
4.645333333333333536e-01
4.643999999999999795e-01
4.645333333333333536e-01
4.645333333333333536e-01
4.646000000000000130e-01
4.646666666666666723e-01
4.646000000000000130e-01
4.647333333333333316e-01
4.646000000000000130e-01
4.647999999999999909e-01
4.647999999999999909e-01
4.648666666666666503e-01
4.649333333333333096e-01
4.651333333333333431e-01
4.653333333333333210e-01
4.655333333333333545e-01
4.655333333333333545e-01
4.656000000000000139e-01
4.657999999999999918e-01
4.657333333333333325e-01
4.658666666666666512e-01
4.660000000000000253e-01
4.660666666666666846e-01
4.662666666666666626e-01
4.663999999999999813e-01
4.665333333333333554e-01
4.666666666666666741e-01
4.664666666666666406e-01
4.666000000000000147e-01
4.666666666666666741e-01
4.667333333333333334e-01
4.666000000000000147e-01
4.667999999999999927e-01
4.668666666666666520e-01
4.668666666666666520e-01
4.667333333333333334e-01
4.667333333333333334e-01
4.667333333333333334e-01
4.670000000000000262e-01
4.670000000000000262e-01
4.670666666666666855e-01
4.672666666666666635e-01
4.676000000000000156e-01
4.677999999999999936e-01
4.679333333333333123e-01
4.679333333333333123e-01
4.680000000000000271e-01
4.680666666666666864e-01
4.682666666666666644e-01
4.684666666666666424e-01
4.685333333333333572e-01
4.685333333333333572e-01
4.686000000000000165e-01
4.687333333333333352e-01
4.687999999999999945e-01
4.690666666666666873e-01
4.691333333333333466e-01
4.691333333333333466e-01
4.691333333333333466e-01
4.692000000000000060e-01
4.694666666666666432e-01
4.693333333333333246e-01
4.694666666666666432e-01
4.696666666666666767e-01
4.697333333333333361e-01
4.697999999999999954e-01
4.698666666666666547e-01
4.698666666666666547e-01
4.699333333333333140e-01
4.699333333333333140e-01
4.701333333333333475e-01
4.703333333333333255e-01
4.703333333333333255e-01
4.703333333333333255e-01
4.703333333333333255e-01
4.705333333333333590e-01
4.706666666666666776e-01
4.705333333333333590e-01
4.703999999999999848e-01
4.703333333333333255e-01
4.706666666666666776e-01
4.706666666666666776e-01
4.707999999999999963e-01
4.708666666666666556e-01
4.712000000000000077e-01
4.712000000000000077e-01
4.713999999999999857e-01
4.713999999999999857e-01
4.713333333333333264e-01
4.713999999999999857e-01
4.714666666666666450e-01
4.716000000000000192e-01
4.718666666666666565e-01
4.718666666666666565e-01
4.717999999999999972e-01
4.719333333333333158e-01
4.719999999999999751e-01
4.721333333333333493e-01
4.721333333333333493e-01
4.721333333333333493e-01
4.724666666666666459e-01
4.723333333333333273e-01
4.724666666666666459e-01
4.724666666666666459e-01
4.725333333333333607e-01
4.724666666666666459e-01
4.726666666666666794e-01
4.726000000000000201e-01
4.727999999999999980e-01
4.728666666666666574e-01
4.731333333333333502e-01
4.730666666666666909e-01
4.732000000000000095e-01
4.732000000000000095e-01
4.733333333333333282e-01
4.733999999999999875e-01
4.734666666666666468e-01
4.733999999999999875e-01
4.733999999999999875e-01
4.735333333333333061e-01
4.737999999999999989e-01
4.739333333333333176e-01
4.741333333333333511e-01
4.744666666666666477e-01
4.746000000000000218e-01
4.747999999999999998e-01
4.747999999999999998e-01
4.747999999999999998e-01
4.747999999999999998e-01
4.749333333333333185e-01
4.751333333333333520e-01
4.752000000000000113e-01
4.753999999999999893e-01
4.753333333333333299e-01
4.752666666666666706e-01
4.755333333333333079e-01
4.759999999999999787e-01
4.759999999999999787e-01
4.759999999999999787e-01
4.760666666666666935e-01
4.761333333333333528e-01
4.760666666666666935e-01
4.762000000000000122e-01
4.762000000000000122e-01
4.764666666666666495e-01
4.766000000000000236e-01
4.768666666666666609e-01
4.770666666666666944e-01
4.769999999999999796e-01
4.768666666666666609e-01
4.771333333333333537e-01
4.772666666666666724e-01
4.774666666666666504e-01
4.773333333333333317e-01
4.773333333333333317e-01
4.774666666666666504e-01
4.776000000000000245e-01
4.775333333333333097e-01
4.773999999999999910e-01
4.773333333333333317e-01
4.775333333333333097e-01
4.773333333333333317e-01
4.775333333333333097e-01
4.777333333333333432e-01
4.779333333333333211e-01
4.781333333333333546e-01
4.781333333333333546e-01
4.783333333333333326e-01
4.782666666666666733e-01
4.782666666666666733e-01
4.783999999999999919e-01
4.783999999999999919e-01
4.786666666666666847e-01
4.786666666666666847e-01
4.785333333333333106e-01
4.788000000000000034e-01
4.787333333333333441e-01
4.787333333333333441e-01
4.787333333333333441e-01
4.788000000000000034e-01
4.790666666666666407e-01
4.788666666666666627e-01
4.789333333333333220e-01
4.794666666666666521e-01
4.794666666666666521e-01
4.795333333333333115e-01
4.798000000000000043e-01
4.797333333333333449e-01
4.799999999999999822e-01
4.802666666666666750e-01
4.803333333333333344e-01
4.806000000000000272e-01
4.806000000000000272e-01
4.803999999999999937e-01
4.806666666666666865e-01
4.806666666666666865e-01
4.804666666666666530e-01
4.807333333333333458e-01
4.804666666666666530e-01
4.804666666666666530e-01
4.806000000000000272e-01
4.806000000000000272e-01
4.805333333333333123e-01
4.806666666666666865e-01
4.807333333333333458e-01
4.809333333333333238e-01
4.811333333333333573e-01
4.810666666666666424e-01
4.812000000000000166e-01
4.812000000000000166e-01
