3.542000000000000148e-01
3.554666666666666530e-01
3.560666666666666424e-01
3.563999999999999946e-01
3.569333333333333247e-01
3.572000000000000175e-01
3.573333333333333361e-01
3.576666666666666883e-01
3.579999999999999849e-01
3.582666666666666777e-01
3.586666666666666892e-01
3.593333333333333379e-01
3.596666666666666901e-01
3.600666666666666460e-01
3.606666666666666909e-01
3.609333333333333282e-01
3.615333333333333177e-01
3.622000000000000219e-01
3.625999999999999779e-01
3.628000000000000114e-01
3.629999999999999893e-01
3.634000000000000008e-01
3.639333333333333309e-01
3.642666666666666830e-01
3.644000000000000017e-01
3.649333333333333318e-01
3.652000000000000246e-01
3.655333333333333212e-01
3.658666666666666734e-01
3.665333333333333221e-01
3.668666666666666742e-01
3.671333333333333115e-01
3.675999999999999823e-01
3.679333333333333345e-01
3.680666666666666531e-01
3.682666666666666866e-01
3.685999999999999832e-01
3.691333333333333133e-01
3.695999999999999841e-01
3.701999999999999735e-01
3.699999999999999956e-01
3.709999999999999964e-01
3.714666666666666672e-01
3.719333333333333380e-01
3.721333333333333160e-01
3.725999999999999868e-01
3.729999999999999982e-01
3.740666666666666584e-01
3.741999999999999771e-01
3.745333333333333292e-01
3.747333333333333072e-01
3.751999999999999780e-01
3.757333333333333081e-01
3.760000000000000009e-01
3.761333333333333195e-01
3.768000000000000238e-01
3.772666666666666391e-01
3.778000000000000247e-01
3.780666666666666620e-01
3.785333333333333328e-01
3.787333333333333107e-01
3.790666666666666629e-01
3.795333333333333337e-01
3.796666666666666523e-01
3.799333333333333451e-01
3.801333333333333231e-01
3.805333333333333345e-01
3.810666666666666647e-01
3.815333333333333354e-01
3.820666666666666655e-01
3.822666666666666435e-01
3.824000000000000177e-01
3.829333333333333478e-01
3.831999999999999851e-01
3.835333333333333372e-01
3.837333333333333152e-01
3.839333333333333487e-01
3.843333333333333601e-01
3.850000000000000089e-01
3.851999999999999869e-01
3.855333333333333390e-01
3.851333333333333275e-01
3.861999999999999877e-01
3.867999999999999772e-01
3.875333333333333408e-01
3.881333333333333302e-01
3.881999999999999895e-01
3.884666666666666823e-01
3.887333333333333196e-01
3.892666666666666497e-01
3.894666666666666832e-01
3.897333333333333205e-01
3.902666666666666506e-01
3.907333333333333214e-01
3.910666666666666735e-01
3.914000000000000257e-01
3.916666666666666630e-01
3.920666666666666744e-01
3.921999999999999931e-01
3.926666666666666639e-01
3.927999999999999825e-01
3.933333333333333126e-01
3.937999999999999834e-01
3.941333333333333355e-01
3.945333333333333470e-01
3.945333333333333470e-01
3.946666666666666656e-01
3.951333333333333364e-01
3.952666666666666551e-01
3.955333333333333479e-01
3.958666666666666445e-01
3.960666666666666780e-01
3.967333333333333267e-01
3.975333333333333496e-01
3.977999999999999869e-01
3.980666666666666798e-01
3.984666666666666912e-01
3.985333333333333505e-01
3.987999999999999878e-01
3.990000000000000213e-01
3.991333333333333400e-01
3.993999999999999773e-01
3.993999999999999773e-01
4.001333333333333409e-01
4.007333333333333303e-01
4.012000000000000011e-01
4.013999999999999790e-01
4.017333333333333312e-01
4.019333333333333091e-01
4.019333333333333091e-01
4.022000000000000020e-01
4.025333333333333541e-01
4.026666666666666727e-01
4.031333333333333435e-01
4.033333333333333215e-01
4.036666666666666736e-01
4.037999999999999923e-01
4.039333333333333109e-01
4.040000000000000258e-01
4.042666666666666631e-01
4.045333333333333559e-01
4.047333333333333338e-01
4.050666666666666860e-01
4.052666666666666639e-01
4.058666666666666534e-01
4.060000000000000275e-01
4.061333333333333462e-01
4.062666666666666648e-01
4.066666666666666763e-01
4.067333333333333356e-01
4.070666666666666877e-01
4.074666666666666437e-01
4.078666666666666551e-01
4.079333333333333145e-01
4.080666666666666886e-01
4.083333333333333259e-01
4.087999999999999967e-01
4.087999999999999967e-01
4.090666666666666895e-01
4.091333333333333488e-01
4.093999999999999861e-01
4.095333333333333603e-01
4.095333333333333603e-01
4.091333333333333488e-01
4.096666666666666790e-01
4.103333333333333277e-01
4.107333333333333392e-01
4.106666666666666798e-01
4.106666666666666798e-01
4.109333333333333171e-01
4.109999999999999765e-01
4.112000000000000099e-01
4.116000000000000214e-01
4.117999999999999994e-01
4.122666666666666702e-01
4.124666666666666481e-01
4.126000000000000223e-01
4.129999999999999782e-01
4.130666666666666931e-01
4.134666666666666490e-01
4.138666666666666605e-01
4.139999999999999791e-01
4.142000000000000126e-01
4.142666666666666719e-01
4.141333333333333533e-01
4.142000000000000126e-01
4.145333333333333092e-01
4.148000000000000020e-01
4.149999999999999800e-01
4.151333333333333542e-01
4.151333333333333542e-01
4.150666666666666393e-01
4.156666666666666843e-01
4.159333333333333216e-01
4.159999999999999809e-01
4.160666666666666402e-01
4.160666666666666402e-01
4.162666666666666737e-01
4.166000000000000258e-01
4.168000000000000038e-01
4.170666666666666411e-01
4.176666666666666861e-01
4.181333333333333568e-01
4.182666666666666755e-01
4.179999999999999827e-01
4.183999999999999941e-01
4.187333333333333463e-01
4.187333333333333463e-01
4.187333333333333463e-01
4.194666666666666544e-01
4.195333333333333137e-01
4.198000000000000065e-01
4.202666666666666773e-01
4.203999999999999959e-01
4.205999999999999739e-01
4.209999999999999853e-01
4.213333333333333375e-01
4.213333333333333375e-01
4.215999999999999748e-01
4.218000000000000083e-01
4.218666666666666676e-01
4.221333333333333604e-01
4.223333333333333384e-01
4.224666666666666570e-01
4.226666666666666905e-01
4.228000000000000091e-01
4.233333333333333393e-01
4.234666666666666579e-01
4.235999999999999766e-01
4.238666666666666694e-01
4.239999999999999880e-01
4.238666666666666694e-01
4.241333333333333067e-01
4.242666666666666808e-01
4.245333333333333181e-01
4.245999999999999774e-01
4.249333333333333296e-01
4.247333333333333516e-01
4.251333333333333075e-01
4.253333333333333410e-01
4.256666666666666932e-01
4.258666666666666711e-01
4.259333333333333305e-01
4.262000000000000233e-01
4.263333333333333419e-01
4.261333333333333084e-01
4.265999999999999792e-01
4.272000000000000242e-01
4.273333333333333428e-01
4.277333333333333543e-01
4.280666666666666509e-01
4.283333333333333437e-01
4.284666666666666623e-01
4.288666666666666738e-01
4.289333333333333331e-01
4.290666666666666518e-01
4.294000000000000039e-01
4.295333333333333226e-01
4.296666666666666412e-01
4.299333333333333340e-01
4.302000000000000268e-01
4.303333333333333455e-01
4.303333333333333455e-01
4.305333333333333234e-01
4.305999999999999828e-01
4.309333333333333349e-01
4.308000000000000163e-01
4.312000000000000277e-01
4.314000000000000057e-01
4.316666666666666430e-01
4.319333333333333358e-01
4.321999999999999731e-01
4.321999999999999731e-01
4.323333333333333472e-01
4.328000000000000180e-01
4.328000000000000180e-01
4.327333333333333587e-01
4.331333333333333147e-01
4.331333333333333147e-01
4.333333333333333481e-01
4.335999999999999854e-01
4.335999999999999854e-01
4.334000000000000075e-01
4.338000000000000189e-01
4.339333333333333376e-01
4.340666666666666562e-01
4.338000000000000189e-01
4.339333333333333376e-01
4.343333333333333490e-01
4.345333333333333270e-01
4.348666666666666791e-01
4.351333333333333164e-01
4.351999999999999758e-01
4.355333333333333279e-01
4.358000000000000207e-01
4.358666666666666800e-01
4.361333333333333173e-01
4.363333333333333508e-01
4.364000000000000101e-01
4.366666666666666474e-01
4.366666666666666474e-01
4.369999999999999996e-01
4.373333333333333517e-01
4.375333333333333297e-01
4.374666666666666703e-01
4.375999999999999890e-01
4.376666666666666483e-01
4.378000000000000225e-01
4.381999999999999784e-01
4.386666666666666492e-01
4.388000000000000234e-01
4.388666666666666827e-01
4.390666666666666607e-01
4.391999999999999793e-01
4.392666666666666941e-01
4.393333333333333535e-01
4.395999999999999908e-01
4.396666666666666501e-01
4.398000000000000242e-01
4.397333333333333094e-01
4.400000000000000022e-01
4.404000000000000137e-01
4.408000000000000251e-01
4.410000000000000031e-01
4.410000000000000031e-01
4.410666666666666624e-01
4.411333333333333218e-01
4.410000000000000031e-01
4.413333333333333552e-01
4.415333333333333332e-01
4.414666666666666739e-01
4.416666666666666519e-01
4.418666666666666853e-01
4.420000000000000040e-01
4.421999999999999820e-01
4.424000000000000155e-01
4.425333333333333341e-01
4.426666666666666528e-01
4.429333333333333456e-01
4.431999999999999829e-01
4.432666666666666422e-01
4.433333333333333570e-01
4.440000000000000058e-01
4.442666666666666431e-01
4.443333333333333579e-01
4.444666666666666766e-01
4.444666666666666766e-01
4.445333333333333359e-01
4.447999999999999732e-01
4.448666666666666880e-01
4.450666666666666660e-01
4.450666666666666660e-01
4.453333333333333588e-01
4.455333333333333368e-01
4.456666666666666554e-01
4.460000000000000075e-01
4.461333333333333262e-01
4.463333333333333597e-01
4.462666666666666448e-01
4.465333333333333377e-01
4.464666666666666783e-01
4.467999999999999750e-01
4.470666666666666678e-01
4.474000000000000199e-01
4.475999999999999979e-01
4.477333333333333165e-01
4.480000000000000093e-01
4.482666666666666466e-01
4.481333333333333280e-01
4.484000000000000208e-01
4.484000000000000208e-01
4.485333333333333394e-01
4.485999999999999988e-01
4.488666666666666916e-01
4.488666666666666916e-01
4.489333333333333509e-01
4.490666666666666695e-01
4.489333333333333509e-01
4.490666666666666695e-01
4.490666666666666695e-01
4.491333333333333289e-01
4.490666666666666695e-01
4.491333333333333289e-01
4.494666666666666810e-01
4.495999999999999996e-01
4.497333333333333183e-01
4.498666666666666925e-01
4.501333333333333298e-01
4.500000000000000111e-01
4.501999999999999891e-01
4.503333333333333077e-01
4.504000000000000226e-01
4.505333333333333412e-01
4.506000000000000005e-01
4.507999999999999785e-01
4.508666666666666933e-01
4.509333333333333527e-01
4.511333333333333306e-01
4.510666666666666713e-01
4.510666666666666713e-01
4.512666666666666493e-01
4.512666666666666493e-01
4.514000000000000234e-01
4.515333333333333421e-01
4.516666666666666607e-01
4.516666666666666607e-01
4.517999999999999794e-01
4.519333333333333536e-01
4.520666666666666722e-01
4.518666666666666942e-01
4.520000000000000129e-01
4.521999999999999909e-01
4.522666666666666502e-01
4.524666666666666837e-01
4.524666666666666837e-01
4.526666666666666616e-01
4.527333333333333210e-01
4.530666666666666731e-01
4.529333333333333544e-01
4.530000000000000138e-01
4.534000000000000252e-01
4.535333333333333439e-01
4.534000000000000252e-01
4.533333333333333104e-01
4.534666666666666845e-01
4.535333333333333439e-01
4.534000000000000252e-01
4.537333333333333218e-01
4.536666666666666625e-01
4.536666666666666625e-01
4.537999999999999812e-01
4.540000000000000147e-01
4.543333333333333113e-01
4.544000000000000261e-01
4.544000000000000261e-01
4.546000000000000041e-01
4.547333333333333227e-01
4.546000000000000041e-01
4.548666666666666414e-01
4.551333333333333342e-01
4.553333333333333122e-01
4.553333333333333122e-01
4.553333333333333122e-01
4.554666666666666863e-01
4.554666666666666863e-01
4.555333333333333456e-01
4.555333333333333456e-01
4.559333333333333571e-01
4.561999999999999944e-01
4.560666666666666758e-01
4.558666666666666423e-01
4.560666666666666758e-01
4.563333333333333131e-01
4.566666666666666652e-01
4.570666666666666766e-01
4.571999999999999953e-01
4.571999999999999953e-01
4.574666666666666881e-01
4.576000000000000068e-01
4.576000000000000068e-01
4.577999999999999847e-01
4.576000000000000068e-01
4.576000000000000068e-01
4.576666666666666661e-01
4.579333333333333589e-01
4.580000000000000182e-01
4.581333333333333369e-01
4.583999999999999742e-01
4.585333333333333483e-01
4.588666666666666449e-01
4.590666666666666784e-01
4.590666666666666784e-01
4.590666666666666784e-01
4.593333333333333157e-01
4.595333333333333492e-01
4.592666666666666564e-01
4.593999999999999750e-01
4.596666666666666679e-01
4.597999999999999865e-01
4.600666666666666793e-01
4.603999999999999759e-01
4.603333333333333166e-01
4.605333333333333501e-01
4.606000000000000094e-01
4.606666666666666687e-01
4.609333333333333060e-01
4.610000000000000209e-01
4.610666666666666802e-01
4.608666666666666467e-01
4.607999999999999874e-01
4.609333333333333060e-01
4.609333333333333060e-01
4.610666666666666802e-01
4.610000000000000209e-01
4.611999999999999988e-01
4.613999999999999768e-01
4.613999999999999768e-01
4.616666666666666696e-01
4.618666666666666476e-01
4.620666666666666811e-01
4.621999999999999997e-01
4.623333333333333184e-01
4.623999999999999777e-01
4.626666666666666705e-01
4.627333333333333298e-01
4.630000000000000226e-01
4.631333333333333413e-01
4.632000000000000006e-01
4.632666666666666599e-01
4.632000000000000006e-01
4.632000000000000006e-01
4.631333333333333413e-01
4.633333333333333193e-01
4.637333333333333307e-01
4.641333333333333422e-01
4.642666666666666608e-01
4.641333333333333422e-01
4.642666666666666608e-01
4.643333333333333202e-01
4.644666666666666943e-01
4.646000000000000130e-01
4.647999999999999909e-01
4.646000000000000130e-01
4.646666666666666723e-01
4.646666666666666723e-01
4.646666666666666723e-01
4.646666666666666723e-01
4.648666666666666503e-01
4.647333333333333316e-01
4.648666666666666503e-01
4.650666666666666837e-01
4.651333333333333431e-01
4.651333333333333431e-01
4.653999999999999804e-01
4.653999999999999804e-01
4.657333333333333325e-01
4.657333333333333325e-01
4.660000000000000253e-01
4.660000000000000253e-01
4.660000000000000253e-01
4.661333333333333440e-01
4.660666666666666846e-01
4.664666666666666406e-01
4.664666666666666406e-01
4.666000000000000147e-01
4.665333333333333554e-01
4.666666666666666741e-01
4.666000000000000147e-01
4.666666666666666741e-01
4.668666666666666520e-01
4.668666666666666520e-01
4.667999999999999927e-01
4.669333333333333114e-01
4.667333333333333334e-01
4.668666666666666520e-01
4.668666666666666520e-01
4.671333333333333449e-01
4.672666666666666635e-01
4.673333333333333228e-01
4.675333333333333563e-01
4.674666666666666415e-01
4.676000000000000156e-01
4.677999999999999936e-01
4.677333333333333343e-01
4.680000000000000271e-01
4.680666666666666864e-01
4.681333333333333457e-01
4.682666666666666644e-01
4.684666666666666424e-01
4.684666666666666424e-01
4.682666666666666644e-01
4.687333333333333352e-01
4.687333333333333352e-01
4.687333333333333352e-01
4.688666666666666538e-01
4.690666666666666873e-01
4.692000000000000060e-01
4.692000000000000060e-01
4.692666666666666653e-01
4.694666666666666432e-01
4.693333333333333246e-01
4.697999999999999954e-01
4.696000000000000174e-01
4.697999999999999954e-01
4.697999999999999954e-01
4.697333333333333361e-01
4.697333333333333361e-01
4.701333333333333475e-01
4.702000000000000068e-01
4.703999999999999848e-01
4.703333333333333255e-01
4.702666666666666662e-01
4.702666666666666662e-01
4.703333333333333255e-01
4.704666666666666441e-01
4.705333333333333590e-01
4.706666666666666776e-01
4.706000000000000183e-01
4.706666666666666776e-01
4.707999999999999963e-01
4.708666666666666556e-01
4.706000000000000183e-01
4.709999999999999742e-01
4.711333333333333484e-01
4.712000000000000077e-01
4.714666666666666450e-01
4.713333333333333264e-01
4.714666666666666450e-01
4.717333333333333378e-01
4.717333333333333378e-01
4.716666666666666785e-01
4.717999999999999972e-01
4.718666666666666565e-01
4.720666666666666900e-01
4.718666666666666565e-01
4.719999999999999751e-01
4.722666666666666679e-01
4.723333333333333273e-01
4.723999999999999866e-01
4.724666666666666459e-01
4.724666666666666459e-01
4.723999999999999866e-01
4.725333333333333607e-01
4.725333333333333607e-01
4.727999999999999980e-01
4.726666666666666794e-01
4.727999999999999980e-01
4.729999999999999760e-01
4.730666666666666909e-01
4.732666666666666688e-01
4.733999999999999875e-01
4.733333333333333282e-01
4.734666666666666468e-01
4.736000000000000210e-01
4.737333333333333396e-01
4.735333333333333061e-01
4.736000000000000210e-01
4.739333333333333176e-01
4.741333333333333511e-01
4.741333333333333511e-01
4.742666666666666697e-01
4.743333333333333290e-01
4.746000000000000218e-01
4.747999999999999998e-01
4.747999999999999998e-01
4.747999999999999998e-01
4.749999999999999778e-01
4.749999999999999778e-01
4.751333333333333520e-01
4.752000000000000113e-01
4.754666666666666486e-01
4.754666666666666486e-01
4.752000000000000113e-01
4.756000000000000227e-01
4.758000000000000007e-01
4.759999999999999787e-01
4.760666666666666935e-01
4.762000000000000122e-01
4.762000000000000122e-01
4.763333333333333308e-01
4.762000000000000122e-01
4.763333333333333308e-01
4.764666666666666495e-01
4.766000000000000236e-01
4.766666666666666829e-01
4.770666666666666944e-01
4.770666666666666944e-01
4.771333333333333537e-01
4.772000000000000131e-01
4.772666666666666724e-01
4.773333333333333317e-01
4.775333333333333097e-01
4.775333333333333097e-01
4.776000000000000245e-01
4.776666666666666838e-01
4.775333333333333097e-01
4.772666666666666724e-01
4.773999999999999910e-01
4.776000000000000245e-01
4.776000000000000245e-01
4.776000000000000245e-01
4.777333333333333432e-01
4.779333333333333211e-01
4.779999999999999805e-01
4.782000000000000139e-01
4.782666666666666733e-01
4.783333333333333326e-01
4.784666666666666512e-01
4.783999999999999919e-01
4.785333333333333106e-01
4.786000000000000254e-01
4.786666666666666847e-01
4.784666666666666512e-01
4.786000000000000254e-01
4.788666666666666627e-01
4.788666666666666627e-01
4.788666666666666627e-01
4.791333333333333555e-01
4.791333333333333555e-01
4.792000000000000148e-01
4.792000000000000148e-01
4.794666666666666521e-01
4.796000000000000263e-01
4.796666666666666856e-01
4.798666666666666636e-01
4.796666666666666856e-01
4.799999999999999822e-01
4.799999999999999822e-01
4.802000000000000157e-01
4.805333333333333123e-01
4.805333333333333123e-01
4.806666666666666865e-01
4.806666666666666865e-01
4.806666666666666865e-01
4.808666666666666645e-01
4.808000000000000052e-01
4.808666666666666645e-01
4.807333333333333458e-01
4.807333333333333458e-01
4.807333333333333458e-01
4.808666666666666645e-01
4.807333333333333458e-01
4.808000000000000052e-01
4.809999999999999831e-01
4.812000000000000166e-01
4.813333333333333353e-01
4.813333333333333353e-01
4.812666666666666759e-01
4.813333333333333353e-01
4.814666666666666539e-01
