3.559999999999999831e-01
3.565999999999999726e-01
3.570666666666666433e-01
3.573333333333333361e-01
3.575999999999999734e-01
3.579333333333333256e-01
3.581333333333333591e-01
3.585999999999999743e-01
3.590666666666666451e-01
3.595333333333333159e-01
3.599999999999999867e-01
3.605333333333333168e-01
3.606666666666666909e-01
3.613333333333333397e-01
3.616666666666666918e-01
3.622000000000000219e-01
3.624666666666666592e-01
3.628666666666666707e-01
3.632000000000000228e-01
3.637333333333333529e-01
3.639999999999999902e-01
3.644000000000000017e-01
3.647333333333333538e-01
3.653333333333333433e-01
3.653333333333333433e-01
3.655999999999999805e-01
3.660666666666666513e-01
3.661333333333333107e-01
3.668666666666666742e-01
3.674666666666666637e-01
3.677333333333333565e-01
3.678666666666666751e-01
3.681333333333333124e-01
3.683333333333333459e-01
3.687333333333333574e-01
3.693333333333333468e-01
3.695999999999999841e-01
3.703333333333333477e-01
3.708666666666666778e-01
3.711333333333333151e-01
3.715333333333333266e-01
3.715999999999999859e-01
3.721999999999999753e-01
3.724666666666666681e-01
3.733333333333333504e-01
3.739333333333333398e-01
3.741999999999999771e-01
3.744000000000000106e-01
3.748666666666666814e-01
3.751999999999999780e-01
3.756666666666666488e-01
3.761333333333333195e-01
3.763333333333333530e-01
3.769333333333333425e-01
3.773333333333333539e-01
3.774666666666666726e-01
3.779333333333333433e-01
3.781999999999999806e-01
3.788666666666666849e-01
3.792666666666666409e-01
3.794000000000000150e-01
3.797333333333333116e-01
3.799333333333333451e-01
3.802666666666666417e-01
3.805333333333333345e-01
3.811333333333333240e-01
3.814000000000000168e-01
3.817333333333333134e-01
3.821999999999999842e-01
3.824666666666666770e-01
3.829333333333333478e-01
3.833333333333333592e-01
3.834000000000000186e-01
3.835333333333333372e-01
3.838666666666666893e-01
3.844000000000000195e-01
3.849333333333333496e-01
3.852666666666666462e-01
3.854666666666666797e-01
3.860666666666666691e-01
3.863333333333333064e-01
3.867999999999999772e-01
3.874000000000000221e-01
3.871999999999999886e-01
3.881999999999999895e-01
3.885333333333333417e-01
3.886666666666666603e-01
3.894000000000000239e-01
3.894666666666666832e-01
3.896666666666666612e-01
3.901333333333333320e-01
3.907999999999999807e-01
3.910000000000000142e-01
3.911999999999999922e-01
3.916000000000000036e-01
3.918666666666666409e-01
3.921333333333333337e-01
3.926666666666666639e-01
3.929333333333333567e-01
3.932666666666666533e-01
3.937999999999999834e-01
3.940666666666666762e-01
3.943333333333333135e-01
3.944666666666666877e-01
3.947333333333333250e-01
3.951999999999999957e-01
3.952666666666666551e-01
3.954666666666666885e-01
3.956666666666666665e-01
3.960666666666666780e-01
3.964666666666666894e-01
3.971333333333333382e-01
3.975333333333333496e-01
3.980000000000000204e-01
3.983999999999999764e-01
3.984666666666666912e-01
3.989333333333333065e-01
3.990000000000000213e-01
3.989333333333333065e-01
3.992666666666666586e-01
3.996000000000000107e-01
4.000000000000000222e-01
4.005333333333333523e-01
4.011333333333333417e-01
4.012666666666666604e-01
4.012000000000000011e-01
4.019333333333333091e-01
4.020000000000000240e-01
4.021333333333333426e-01
4.022666666666666613e-01
4.026000000000000134e-01
4.029333333333333100e-01
4.032000000000000028e-01
4.036666666666666736e-01
4.036000000000000143e-01
4.037999999999999923e-01
4.040000000000000258e-01
4.041333333333333444e-01
4.042666666666666631e-01
4.044666666666666410e-01
4.049333333333333118e-01
4.050666666666666860e-01
4.054666666666666419e-01
4.058666666666666534e-01
4.060000000000000275e-01
4.063333333333333242e-01
4.066000000000000170e-01
4.065333333333333576e-01
4.069333333333333136e-01
4.072000000000000064e-01
4.077333333333333365e-01
4.077999999999999958e-01
4.079333333333333145e-01
4.082000000000000073e-01
4.086666666666666781e-01
4.087999999999999967e-01
4.089333333333333154e-01
4.091333333333333488e-01
4.092666666666666675e-01
4.095333333333333603e-01
4.096000000000000196e-01
4.097999999999999976e-01
4.099333333333333163e-01
4.101333333333333497e-01
4.105333333333333057e-01
4.106666666666666798e-01
4.105333333333333057e-01
4.102000000000000091e-01
4.110666666666666913e-01
4.111333333333333506e-01
4.116000000000000214e-01
4.118666666666666587e-01
4.120666666666666922e-01
4.122000000000000108e-01
4.122666666666666702e-01
4.128000000000000003e-01
4.130666666666666931e-01
4.133333333333333304e-01
4.138666666666666605e-01
4.140666666666666940e-01
4.142000000000000126e-01
4.142000000000000126e-01
4.142666666666666719e-01
4.143999999999999906e-01
4.146000000000000241e-01
4.148000000000000020e-01
4.149333333333333207e-01
4.152000000000000135e-01
4.150666666666666393e-01
4.152666666666666728e-01
4.153999999999999915e-01
4.157333333333333436e-01
4.159333333333333216e-01
4.159999999999999809e-01
4.159333333333333216e-01
4.161333333333333551e-01
4.164666666666666517e-01
4.168666666666666631e-01
4.172000000000000153e-01
4.175333333333333119e-01
4.180666666666666420e-01
4.181333333333333568e-01
4.179333333333333234e-01
4.182666666666666755e-01
4.185333333333333128e-01
4.185333333333333128e-01
4.187333333333333463e-01
4.189999999999999836e-01
4.193999999999999950e-01
4.193999999999999950e-01
4.202000000000000179e-01
4.204666666666666552e-01
4.204666666666666552e-01
4.208666666666666667e-01
4.212000000000000188e-01
4.213999999999999968e-01
4.214666666666666561e-01
4.218000000000000083e-01
4.217333333333333489e-01
4.219333333333333269e-01
4.222000000000000197e-01
4.223999999999999977e-01
4.223999999999999977e-01
4.226666666666666905e-01
4.232000000000000206e-01
4.233333333333333393e-01
4.235333333333333172e-01
4.238666666666666694e-01
4.237333333333333507e-01
4.239333333333333287e-01
4.238000000000000100e-01
4.240666666666666473e-01
4.241333333333333067e-01
4.245333333333333181e-01
4.245333333333333181e-01
4.249999999999999889e-01
4.250666666666666482e-01
4.252666666666666817e-01
4.253333333333333410e-01
4.255999999999999783e-01
4.258000000000000118e-01
4.262000000000000233e-01
4.264000000000000012e-01
4.265999999999999792e-01
4.267333333333333534e-01
4.272000000000000242e-01
4.272666666666666835e-01
4.276666666666666394e-01
4.278666666666666729e-01
4.280666666666666509e-01
4.284000000000000030e-01
4.282666666666666844e-01
4.288000000000000145e-01
4.289333333333333331e-01
4.291333333333333111e-01
4.292666666666666853e-01
4.296666666666666412e-01
4.297333333333333560e-01
4.297333333333333560e-01
4.301333333333333120e-01
4.303333333333333455e-01
4.304666666666666641e-01
4.305999999999999828e-01
4.306666666666666421e-01
4.308666666666666756e-01
4.309999999999999942e-01
4.313333333333333464e-01
4.317333333333333578e-01
4.318000000000000171e-01
4.320666666666666544e-01
4.322666666666666879e-01
4.324666666666666659e-01
4.325333333333333252e-01
4.327333333333333587e-01
4.327333333333333587e-01
4.329333333333333367e-01
4.331333333333333147e-01
4.331333333333333147e-01
4.333333333333333481e-01
4.332666666666666888e-01
4.335333333333333261e-01
4.335333333333333261e-01
4.339333333333333376e-01
4.338666666666666782e-01
4.340666666666666562e-01
4.340666666666666562e-01
4.339333333333333376e-01
4.344000000000000083e-01
4.346666666666666456e-01
4.348000000000000198e-01
4.350666666666666571e-01
4.354000000000000092e-01
4.355333333333333279e-01
4.355999999999999872e-01
4.358666666666666800e-01
4.362666666666666915e-01
4.362666666666666915e-01
4.364666666666666694e-01
4.368000000000000216e-01
4.369333333333333402e-01
4.371333333333333182e-01
4.374000000000000110e-01
4.374666666666666703e-01
4.375999999999999890e-01
4.375999999999999890e-01
4.376666666666666483e-01
4.378000000000000225e-01
4.381333333333333191e-01
4.388000000000000234e-01
4.387333333333333085e-01
4.389333333333333420e-01
4.390666666666666607e-01
4.390666666666666607e-01
4.395333333333333314e-01
4.394666666666666721e-01
4.395999999999999908e-01
4.398666666666666836e-01
4.400000000000000022e-01
4.398666666666666836e-01
4.400000000000000022e-01
4.405999999999999917e-01
4.406666666666666510e-01
4.408666666666666845e-01
4.410000000000000031e-01
4.411333333333333218e-01
4.413333333333333552e-01
4.413333333333333552e-01
4.414000000000000146e-01
4.414000000000000146e-01
4.416666666666666519e-01
4.418000000000000260e-01
4.419333333333333447e-01
4.420666666666666633e-01
4.420666666666666633e-01
4.421999999999999820e-01
4.422666666666666413e-01
4.426666666666666528e-01
4.428666666666666862e-01
4.431333333333333235e-01
4.432666666666666422e-01
4.435999999999999943e-01
4.441333333333333244e-01
4.441999999999999837e-01
4.444666666666666766e-01
4.444666666666666766e-01
4.445999999999999952e-01
4.449333333333333473e-01
4.447333333333333139e-01
4.449333333333333473e-01
4.450666666666666660e-01
4.451333333333333253e-01
4.454000000000000181e-01
4.455999999999999961e-01
4.459333333333333482e-01
4.461999999999999855e-01
4.464000000000000190e-01
4.462666666666666448e-01
4.465333333333333377e-01
4.464666666666666783e-01
4.466666666666666563e-01
4.468666666666666898e-01
4.470666666666666678e-01
4.475333333333333385e-01
4.475999999999999979e-01
4.479333333333333500e-01
4.480000000000000093e-01
4.482666666666666466e-01
4.481999999999999873e-01
4.484000000000000208e-01
4.484000000000000208e-01
4.484000000000000208e-01
4.485999999999999988e-01
4.487999999999999767e-01
4.487999999999999767e-01
4.489333333333333509e-01
4.490666666666666695e-01
4.488666666666666916e-01
4.486666666666666581e-01
4.489333333333333509e-01
4.489333333333333509e-01
4.490000000000000102e-01
4.494000000000000217e-01
4.496666666666666590e-01
4.495999999999999996e-01
4.496666666666666590e-01
4.499333333333333518e-01
4.500000000000000111e-01
4.501999999999999891e-01
4.502666666666666484e-01
4.501999999999999891e-01
4.504666666666666819e-01
4.504666666666666819e-01
4.508666666666666933e-01
4.509333333333333527e-01
4.507333333333333192e-01
4.510000000000000120e-01
4.509333333333333527e-01
4.509333333333333527e-01
4.511333333333333306e-01
4.511999999999999900e-01
4.514000000000000234e-01
4.513333333333333086e-01
4.513333333333333086e-01
4.516000000000000014e-01
4.518666666666666942e-01
4.516666666666666607e-01
4.520000000000000129e-01
4.522666666666666502e-01
4.520000000000000129e-01
4.521999999999999909e-01
4.521999999999999909e-01
4.521999999999999909e-01
4.524000000000000243e-01
4.525333333333333430e-01
4.526666666666666616e-01
4.527333333333333210e-01
4.530000000000000138e-01
4.530666666666666731e-01
4.532666666666666511e-01
4.529333333333333544e-01
4.534000000000000252e-01
4.534000000000000252e-01
4.534000000000000252e-01
4.534666666666666845e-01
4.534000000000000252e-01
4.534666666666666845e-01
4.534666666666666845e-01
4.537333333333333218e-01
4.539333333333333553e-01
4.541333333333333333e-01
4.541333333333333333e-01
4.542666666666666520e-01
4.543333333333333113e-01
4.544666666666666854e-01
4.544666666666666854e-01
4.546666666666666634e-01
4.546666666666666634e-01
4.550666666666666749e-01
4.550000000000000155e-01
4.553333333333333122e-01
4.551333333333333342e-01
4.554000000000000270e-01
4.554666666666666863e-01
4.555333333333333456e-01
4.557333333333333236e-01
4.558666666666666423e-01
4.558666666666666423e-01
4.558666666666666423e-01
4.560666666666666758e-01
4.561333333333333351e-01
4.561999999999999944e-01
4.563333333333333131e-01
4.568666666666666432e-01
4.570666666666666766e-01
4.570666666666666766e-01
4.573333333333333139e-01
4.573333333333333139e-01
4.573333333333333139e-01
4.576666666666666661e-01
4.575333333333333474e-01
4.576000000000000068e-01
4.574666666666666881e-01
4.577999999999999847e-01
4.577999999999999847e-01
4.580666666666666775e-01
4.582666666666666555e-01
4.583333333333333148e-01
4.583999999999999742e-01
4.587333333333333263e-01
4.590000000000000191e-01
4.590000000000000191e-01
4.590666666666666784e-01
4.591333333333333377e-01
4.591999999999999971e-01
4.591999999999999971e-01
4.591999999999999971e-01
4.597333333333333272e-01
4.600000000000000200e-01
4.598666666666666458e-01
4.603333333333333166e-01
4.602666666666666573e-01
4.604666666666666908e-01
4.604666666666666908e-01
4.607333333333333281e-01
4.608666666666666467e-01
4.608666666666666467e-01
4.609333333333333060e-01
4.608666666666666467e-01
4.607999999999999874e-01
4.609333333333333060e-01
4.610666666666666802e-01
4.610000000000000209e-01
4.611999999999999988e-01
4.611999999999999988e-01
4.614666666666666917e-01
4.615333333333333510e-01
4.617999999999999883e-01
4.620000000000000218e-01
4.621999999999999997e-01
4.622666666666666591e-01
4.621999999999999997e-01
4.626666666666666705e-01
4.627333333333333298e-01
4.626000000000000112e-01
4.630666666666666820e-01
4.631333333333333413e-01
4.633333333333333193e-01
4.632666666666666599e-01
4.631333333333333413e-01
4.633999999999999786e-01
4.632666666666666599e-01
4.637333333333333307e-01
4.639333333333333087e-01
4.640666666666666829e-01
4.640666666666666829e-01
4.643333333333333202e-01
4.642000000000000015e-01
4.644666666666666943e-01
4.646000000000000130e-01
4.645333333333333536e-01
4.645333333333333536e-01
4.646000000000000130e-01
4.644666666666666943e-01
4.646000000000000130e-01
4.647333333333333316e-01
4.648666666666666503e-01
4.647999999999999909e-01
4.647999999999999909e-01
4.649333333333333096e-01
4.650000000000000244e-01
4.652666666666666617e-01
4.652666666666666617e-01
4.656666666666666732e-01
4.657333333333333325e-01
4.659333333333333105e-01
4.657999999999999918e-01
4.658666666666666512e-01
4.659333333333333105e-01
4.659333333333333105e-01
4.660666666666666846e-01
4.662666666666666626e-01
4.663999999999999813e-01
4.666666666666666741e-01
4.667333333333333334e-01
4.666000000000000147e-01
4.665333333333333554e-01
4.666666666666666741e-01
4.667333333333333334e-01
4.667999999999999927e-01
4.667333333333333334e-01
4.667999999999999927e-01
4.667999999999999927e-01
4.667999999999999927e-01
4.668666666666666520e-01
4.670666666666666855e-01
4.672666666666666635e-01
4.673333333333333228e-01
4.673999999999999821e-01
4.672000000000000042e-01
4.673333333333333228e-01
4.676666666666666750e-01
4.677333333333333343e-01
4.678666666666666529e-01
4.681333333333333457e-01
4.680666666666666864e-01
4.681333333333333457e-01
4.683333333333333237e-01
4.684666666666666424e-01
4.683999999999999830e-01
4.687999999999999945e-01
4.687999999999999945e-01
4.688666666666666538e-01
4.688666666666666538e-01
4.687999999999999945e-01
4.690666666666666873e-01
4.691333333333333466e-01
4.692666666666666653e-01
4.693999999999999839e-01
4.695333333333333581e-01
4.695333333333333581e-01
4.694666666666666432e-01
4.695333333333333581e-01
4.696000000000000174e-01
4.696666666666666767e-01
4.696666666666666767e-01
4.698666666666666547e-01
4.700666666666666882e-01
4.697999999999999954e-01
4.702666666666666662e-01
4.703333333333333255e-01
4.704666666666666441e-01
4.704666666666666441e-01
4.706000000000000183e-01
4.706000000000000183e-01
4.705333333333333590e-01
4.706666666666666776e-01
4.705333333333333590e-01
4.707999999999999963e-01
4.707999999999999963e-01
4.707999999999999963e-01
4.709333333333333149e-01
4.712000000000000077e-01
4.712000000000000077e-01
4.713333333333333264e-01
4.712666666666666671e-01
4.713333333333333264e-01
4.713999999999999857e-01
4.716666666666666785e-01
4.716000000000000192e-01
4.716000000000000192e-01
4.715333333333333599e-01
4.717333333333333378e-01
4.718666666666666565e-01
4.721333333333333493e-01
4.722000000000000086e-01
4.722000000000000086e-01
4.723333333333333273e-01
4.723999999999999866e-01
4.725333333333333607e-01
4.724666666666666459e-01
4.725333333333333607e-01
4.726666666666666794e-01
4.727999999999999980e-01
4.726666666666666794e-01
4.728666666666666574e-01
4.730666666666666909e-01
4.730666666666666909e-01
4.732666666666666688e-01
4.733333333333333282e-01
4.733333333333333282e-01
4.733333333333333282e-01
4.735333333333333061e-01
4.736666666666666803e-01
4.737333333333333396e-01
4.737999999999999989e-01
4.738666666666666583e-01
4.742000000000000104e-01
4.741333333333333511e-01
4.739999999999999769e-01
4.742666666666666697e-01
4.743999999999999884e-01
4.746666666666666812e-01
4.747333333333333405e-01
4.747999999999999998e-01
4.749999999999999778e-01
4.750666666666666926e-01
4.749999999999999778e-01
4.751333333333333520e-01
4.752666666666666706e-01
4.753999999999999893e-01
4.755333333333333079e-01
4.756666666666666821e-01
4.758000000000000007e-01
4.758666666666666600e-01
4.762000000000000122e-01
4.761333333333333528e-01
4.762000000000000122e-01
4.762000000000000122e-01
4.763333333333333308e-01
4.762666666666666715e-01
4.763333333333333308e-01
4.766000000000000236e-01
4.765333333333333088e-01
4.768000000000000016e-01
4.769999999999999796e-01
4.770666666666666944e-01
4.772000000000000131e-01
4.770666666666666944e-01
4.772666666666666724e-01
4.773999999999999910e-01
4.773999999999999910e-01
4.772666666666666724e-01
4.775333333333333097e-01
4.775333333333333097e-01
4.775333333333333097e-01
4.776666666666666838e-01
4.775333333333333097e-01
4.776000000000000245e-01
4.777333333333333432e-01
4.777333333333333432e-01
4.778000000000000025e-01
4.778666666666666618e-01
4.782000000000000139e-01
4.782000000000000139e-01
4.781333333333333546e-01
4.784666666666666512e-01
4.784666666666666512e-01
4.783999999999999919e-01
4.784666666666666512e-01
4.785333333333333106e-01
4.784666666666666512e-01
4.786666666666666847e-01
4.788000000000000034e-01
4.787333333333333441e-01
4.788666666666666627e-01
4.788666666666666627e-01
4.790666666666666407e-01
4.792000000000000148e-01
4.792666666666666742e-01
4.793999999999999928e-01
4.797333333333333449e-01
4.796666666666666856e-01
4.798666666666666636e-01
4.797333333333333449e-01
4.799333333333333229e-01
4.798666666666666636e-01
4.801333333333333564e-01
4.803333333333333344e-01
4.806666666666666865e-01
4.806000000000000272e-01
4.805333333333333123e-01
4.807333333333333458e-01
4.808666666666666645e-01
4.808000000000000052e-01
4.808666666666666645e-01
4.809999999999999831e-01
4.808666666666666645e-01
4.808000000000000052e-01
4.808666666666666645e-01
4.807333333333333458e-01
4.809333333333333238e-01
4.808666666666666645e-01
4.809333333333333238e-01
4.811333333333333573e-01
4.812666666666666759e-01
4.812000000000000166e-01
4.812666666666666759e-01
4.813333333333333353e-01
4.812666666666666759e-01
4.813333333333333353e-01
