3.584666666666666557e-01
3.593333333333333379e-01
3.602000000000000202e-01
3.614666666666666583e-01
3.616666666666666918e-01
3.622000000000000219e-01
3.625333333333333186e-01
3.629333333333333300e-01
3.632000000000000228e-01
3.634666666666666601e-01
3.639333333333333309e-01
3.643333333333333424e-01
3.644000000000000017e-01
3.648000000000000131e-01
3.652000000000000246e-01
3.657333333333333547e-01
3.660666666666666513e-01
3.667333333333333556e-01
3.671333333333333115e-01
3.674000000000000044e-01
3.677333333333333565e-01
3.678000000000000158e-01
3.679333333333333345e-01
3.684000000000000052e-01
3.687333333333333574e-01
3.693333333333333468e-01
3.699333333333333362e-01
3.701999999999999735e-01
3.705333333333333257e-01
3.708666666666666778e-01
3.712666666666666893e-01
3.715999999999999859e-01
3.721333333333333160e-01
3.724666666666666681e-01
3.729333333333333389e-01
3.737333333333333063e-01
3.738666666666666805e-01
3.742666666666666919e-01
3.744666666666666699e-01
3.749333333333333407e-01
3.750666666666666593e-01
3.753333333333333521e-01
3.758000000000000229e-01
3.764000000000000123e-01
3.766666666666666496e-01
3.766666666666666496e-01
3.776666666666666505e-01
3.780666666666666620e-01
3.782666666666666400e-01
3.788000000000000256e-01
3.793333333333333557e-01
3.795333333333333337e-01
3.798666666666666858e-01
3.800666666666666638e-01
3.802666666666666417e-01
3.803333333333333566e-01
3.808000000000000274e-01
3.814000000000000168e-01
3.817999999999999727e-01
3.818666666666666876e-01
3.820666666666666655e-01
3.826666666666666550e-01
3.829333333333333478e-01
3.829333333333333478e-01
3.834000000000000186e-01
3.837999999999999745e-01
3.841333333333333266e-01
3.847333333333333161e-01
3.849333333333333496e-01
3.852666666666666462e-01
3.855999999999999983e-01
3.860000000000000098e-01
3.863333333333333064e-01
3.866666666666666585e-01
3.875333333333333408e-01
3.878666666666666929e-01
3.881999999999999895e-01
3.883333333333333082e-01
3.888666666666666938e-01
3.891999999999999904e-01
3.893333333333333091e-01
3.899333333333333540e-01
3.904666666666666841e-01
3.908666666666666401e-01
3.909333333333333549e-01
3.911333333333333329e-01
3.914666666666666850e-01
3.916666666666666630e-01
3.918666666666666409e-01
3.920666666666666744e-01
3.922666666666666524e-01
3.920000000000000151e-01
3.930666666666666753e-01
3.937333333333333241e-01
3.940000000000000169e-01
3.943999999999999728e-01
3.944666666666666877e-01
3.947999999999999843e-01
3.951999999999999957e-01
3.953999999999999737e-01
3.953333333333333144e-01
3.958666666666666445e-01
3.960666666666666780e-01
3.967333333333333267e-01
3.974666666666666903e-01
3.978666666666666463e-01
3.977999999999999869e-01
3.982666666666666577e-01
3.985333333333333505e-01
3.987999999999999878e-01
3.989333333333333065e-01
3.990666666666666806e-01
3.993999999999999773e-01
3.996666666666666701e-01
4.000666666666666815e-01
4.005333333333333523e-01
4.010000000000000231e-01
4.012000000000000011e-01
4.016666666666666718e-01
4.020666666666666833e-01
4.020000000000000240e-01
4.022000000000000020e-01
4.023999999999999799e-01
4.027333333333333321e-01
4.029333333333333100e-01
4.032666666666666622e-01
4.036666666666666736e-01
4.037333333333333329e-01
4.040000000000000258e-01
4.042000000000000037e-01
4.041333333333333444e-01
4.046666666666666745e-01
4.048666666666666525e-01
4.050666666666666860e-01
4.052000000000000046e-01
4.054666666666666419e-01
4.060000000000000275e-01
4.062000000000000055e-01
4.064666666666666428e-01
4.066666666666666763e-01
4.066666666666666763e-01
4.070666666666666877e-01
4.072000000000000064e-01
4.076000000000000179e-01
4.077333333333333365e-01
4.079333333333333145e-01
4.082666666666666666e-01
4.086666666666666781e-01
4.088666666666666560e-01
4.088666666666666560e-01
4.093333333333333268e-01
4.092666666666666675e-01
4.092666666666666675e-01
4.096666666666666790e-01
4.097333333333333383e-01
4.099333333333333163e-01
4.101333333333333497e-01
4.103999999999999870e-01
4.107999999999999985e-01
4.107333333333333392e-01
4.109333333333333171e-01
4.111333333333333506e-01
4.113999999999999879e-01
4.113999999999999879e-01
4.119999999999999774e-01
4.120666666666666922e-01
4.122666666666666702e-01
4.123999999999999888e-01
4.124666666666666481e-01
4.128666666666666596e-01
4.133333333333333304e-01
4.138666666666666605e-01
4.141333333333333533e-01
4.143333333333333313e-01
4.146000000000000241e-01
4.146000000000000241e-01
4.145333333333333092e-01
4.147333333333333427e-01
4.149999999999999800e-01
4.151333333333333542e-01
4.149999999999999800e-01
4.149333333333333207e-01
4.149333333333333207e-01
4.148000000000000020e-01
4.152666666666666728e-01
4.155333333333333101e-01
4.159333333333333216e-01
4.159999999999999809e-01
4.162000000000000144e-01
4.162000000000000144e-01
4.166666666666666852e-01
4.173333333333333339e-01
4.174666666666666526e-01
4.177333333333333454e-01
4.179999999999999827e-01
4.180666666666666420e-01
4.182666666666666755e-01
4.186000000000000276e-01
4.186000000000000276e-01
4.186000000000000276e-01
4.187333333333333463e-01
4.192000000000000171e-01
4.195999999999999730e-01
4.198000000000000065e-01
4.202000000000000179e-01
4.206666666666666887e-01
4.208000000000000074e-01
4.209999999999999853e-01
4.211333333333333595e-01
4.215999999999999748e-01
4.215999999999999748e-01
4.219333333333333269e-01
4.218000000000000083e-01
4.221333333333333604e-01
4.223999999999999977e-01
4.227333333333333498e-01
4.228000000000000091e-01
4.229333333333333278e-01
4.232000000000000206e-01
4.236666666666666914e-01
4.237333333333333507e-01
4.239999999999999880e-01
4.238666666666666694e-01
4.240666666666666473e-01
4.240666666666666473e-01
4.242666666666666808e-01
4.242666666666666808e-01
4.247333333333333516e-01
4.249333333333333296e-01
4.252000000000000224e-01
4.251333333333333075e-01
4.252000000000000224e-01
4.253333333333333410e-01
4.253333333333333410e-01
4.258666666666666711e-01
4.259333333333333305e-01
4.264000000000000012e-01
4.268000000000000127e-01
4.269333333333333313e-01
4.272000000000000242e-01
4.273333333333333428e-01
4.278000000000000136e-01
4.279333333333333322e-01
4.279999999999999916e-01
4.282000000000000250e-01
4.288666666666666738e-01
4.289333333333333331e-01
4.290666666666666518e-01
4.292666666666666853e-01
4.296666666666666412e-01
4.298000000000000154e-01
4.298000000000000154e-01
4.298666666666666747e-01
4.302000000000000268e-01
4.302000000000000268e-01
4.303333333333333455e-01
4.305333333333333234e-01
4.306666666666666421e-01
4.310666666666666536e-01
4.312666666666666870e-01
4.313333333333333464e-01
4.317333333333333578e-01
4.321333333333333138e-01
4.322666666666666879e-01
4.324666666666666659e-01
4.325333333333333252e-01
4.325999999999999845e-01
4.326666666666666439e-01
4.327333333333333587e-01
4.330666666666666553e-01
4.332666666666666888e-01
4.333333333333333481e-01
4.330666666666666553e-01
4.329999999999999960e-01
4.329999999999999960e-01
4.329999999999999960e-01
4.335333333333333261e-01
4.335333333333333261e-01
4.339333333333333376e-01
4.340666666666666562e-01
4.342666666666666897e-01
4.345999999999999863e-01
4.348666666666666791e-01
4.351333333333333164e-01
4.353333333333333499e-01
4.353333333333333499e-01
4.354666666666666686e-01
4.357333333333333059e-01
4.358666666666666800e-01
4.361999999999999766e-01
4.363333333333333508e-01
4.365999999999999881e-01
4.368000000000000216e-01
4.367333333333333067e-01
4.370666666666666589e-01
4.371999999999999775e-01
4.372666666666666924e-01
4.372666666666666924e-01
4.375999999999999890e-01
4.377333333333333076e-01
4.380000000000000004e-01
4.384000000000000119e-01
4.386666666666666492e-01
4.388666666666666827e-01
4.388000000000000234e-01
4.390666666666666607e-01
4.391999999999999793e-01
4.392666666666666941e-01
4.394666666666666721e-01
4.395999999999999908e-01
4.398000000000000242e-01
4.400000000000000022e-01
4.401999999999999802e-01
4.404000000000000137e-01
4.405333333333333323e-01
4.407333333333333103e-01
4.409333333333333438e-01
4.409333333333333438e-01
4.414000000000000146e-01
4.412666666666666404e-01
4.413333333333333552e-01
4.415333333333333332e-01
4.419333333333333447e-01
4.418000000000000260e-01
4.420666666666666633e-01
4.423333333333333561e-01
4.421999999999999820e-01
4.422666666666666413e-01
4.425333333333333341e-01
4.429333333333333456e-01
4.430000000000000049e-01
4.431999999999999829e-01
4.434666666666666757e-01
4.434000000000000163e-01
4.436666666666666536e-01
4.438666666666666871e-01
4.440000000000000058e-01
4.443333333333333579e-01
4.444000000000000172e-01
4.446666666666666545e-01
4.447999999999999732e-01
4.447999999999999732e-01
4.449333333333333473e-01
4.451999999999999846e-01
4.450000000000000067e-01
4.452666666666666440e-01
4.456666666666666554e-01
4.457999999999999741e-01
4.459333333333333482e-01
4.461333333333333262e-01
4.462666666666666448e-01
4.461999999999999855e-01
4.462666666666666448e-01
4.464666666666666783e-01
4.467999999999999750e-01
4.471999999999999864e-01
4.475999999999999979e-01
4.477333333333333165e-01
4.478666666666666907e-01
4.480666666666666687e-01
4.483333333333333059e-01
4.483333333333333059e-01
4.483333333333333059e-01
4.483333333333333059e-01
4.481999999999999873e-01
4.483333333333333059e-01
4.481333333333333280e-01
4.482666666666666466e-01
4.485333333333333394e-01
4.485999999999999988e-01
4.487333333333333174e-01
4.487333333333333174e-01
4.486666666666666581e-01
4.491333333333333289e-01
4.491333333333333289e-01
4.491333333333333289e-01
4.494666666666666810e-01
4.494666666666666810e-01
4.496666666666666590e-01
4.498666666666666925e-01
4.500666666666666704e-01
4.503333333333333077e-01
4.503333333333333077e-01
4.506666666666666599e-01
4.507333333333333192e-01
4.507333333333333192e-01
4.506666666666666599e-01
4.507999999999999785e-01
4.507999999999999785e-01
4.507999999999999785e-01
4.509333333333333527e-01
4.510666666666666713e-01
4.509333333333333527e-01
4.511999999999999900e-01
4.512666666666666493e-01
4.515333333333333421e-01
4.516666666666666607e-01
4.515333333333333421e-01
4.516000000000000014e-01
4.517999999999999794e-01
4.517999999999999794e-01
4.519333333333333536e-01
4.521999999999999909e-01
4.522666666666666502e-01
4.522666666666666502e-01
4.523333333333333095e-01
4.524666666666666837e-01
4.524666666666666837e-01
4.526666666666666616e-01
4.530000000000000138e-01
4.531999999999999917e-01
4.531333333333333324e-01
4.530000000000000138e-01
4.531333333333333324e-01
4.532666666666666511e-01
4.534666666666666845e-01
4.534666666666666845e-01
4.534000000000000252e-01
4.533333333333333104e-01
4.534000000000000252e-01
4.535333333333333439e-01
4.540000000000000147e-01
4.540666666666666740e-01
4.542666666666666520e-01
4.543333333333333113e-01
4.542666666666666520e-01
4.544000000000000261e-01
4.543333333333333113e-01
4.545333333333333448e-01
4.547999999999999821e-01
4.550000000000000155e-01
4.548666666666666414e-01
4.549333333333333562e-01
4.551333333333333342e-01
4.553333333333333122e-01
4.552666666666666528e-01
4.555333333333333456e-01
4.557999999999999829e-01
4.560000000000000164e-01
4.558666666666666423e-01
4.558666666666666423e-01
4.560666666666666758e-01
4.563333333333333131e-01
4.563999999999999724e-01
4.563333333333333131e-01
4.564666666666666872e-01
4.568666666666666432e-01
4.571999999999999953e-01
4.571999999999999953e-01
4.570000000000000173e-01
4.573333333333333139e-01
4.573999999999999733e-01
4.573999999999999733e-01
4.575333333333333474e-01
4.578666666666666440e-01
4.579333333333333589e-01
4.577999999999999847e-01
4.578666666666666440e-01
4.577333333333333254e-01
4.577333333333333254e-01
4.580666666666666775e-01
4.581999999999999962e-01
4.582666666666666555e-01
4.583999999999999742e-01
4.586000000000000076e-01
4.587999999999999856e-01
4.591333333333333377e-01
4.591333333333333377e-01
4.591999999999999971e-01
4.592666666666666564e-01
4.593999999999999750e-01
4.596666666666666679e-01
4.597999999999999865e-01
4.600666666666666793e-01
4.603333333333333166e-01
4.604666666666666908e-01
4.605333333333333501e-01
4.604666666666666908e-01
4.606666666666666687e-01
4.605333333333333501e-01
4.607333333333333281e-01
4.607999999999999874e-01
4.609333333333333060e-01
4.609333333333333060e-01
4.607999999999999874e-01
4.610666666666666802e-01
4.611999999999999988e-01
4.614666666666666917e-01
4.618666666666666476e-01
4.617999999999999883e-01
4.621333333333333404e-01
4.622666666666666591e-01
4.622666666666666591e-01
4.623333333333333184e-01
4.626000000000000112e-01
4.626666666666666705e-01
4.628666666666666485e-01
4.629333333333333078e-01
4.630000000000000226e-01
4.627999999999999892e-01
4.632000000000000006e-01
4.634666666666666934e-01
4.634666666666666934e-01
4.635333333333333528e-01
4.636000000000000121e-01
4.636000000000000121e-01
4.637333333333333307e-01
4.638666666666666494e-01
4.639333333333333087e-01
4.639333333333333087e-01
4.641333333333333422e-01
4.642000000000000015e-01
4.645333333333333536e-01
4.646000000000000130e-01
4.647333333333333316e-01
4.647999999999999909e-01
4.649333333333333096e-01
4.649333333333333096e-01
4.650000000000000244e-01
4.651333333333333431e-01
4.652666666666666617e-01
4.653999999999999804e-01
4.656000000000000139e-01
4.654666666666666397e-01
4.656666666666666732e-01
4.657999999999999918e-01
4.657333333333333325e-01
4.659333333333333105e-01
4.660666666666666846e-01
4.660000000000000253e-01
4.660666666666666846e-01
4.662000000000000033e-01
4.663333333333333219e-01
4.664666666666666406e-01
4.663999999999999813e-01
4.666000000000000147e-01
4.665333333333333554e-01
4.666666666666666741e-01
4.666666666666666741e-01
4.667999999999999927e-01
4.667333333333333334e-01
4.667999999999999927e-01
4.668666666666666520e-01
4.666000000000000147e-01
4.667999999999999927e-01
4.669333333333333114e-01
4.670666666666666855e-01
4.670000000000000262e-01
4.669333333333333114e-01
4.670666666666666855e-01
4.672666666666666635e-01
4.672000000000000042e-01
4.676000000000000156e-01
4.676666666666666750e-01
4.676666666666666750e-01
4.677999999999999936e-01
4.678666666666666529e-01
4.680666666666666864e-01
4.680666666666666864e-01
4.683333333333333237e-01
4.683999999999999830e-01
4.684666666666666424e-01
4.682000000000000051e-01
4.686000000000000165e-01
4.687333333333333352e-01
4.689333333333333131e-01
4.690666666666666873e-01
4.690666666666666873e-01
4.691333333333333466e-01
4.692000000000000060e-01
4.693333333333333246e-01
4.693999999999999839e-01
4.694666666666666432e-01
4.696000000000000174e-01
4.697333333333333361e-01
4.697333333333333361e-01
4.696000000000000174e-01
4.696666666666666767e-01
4.698666666666666547e-01
4.698666666666666547e-01
4.700666666666666882e-01
4.702000000000000068e-01
4.703999999999999848e-01
4.704666666666666441e-01
4.705333333333333590e-01
4.704666666666666441e-01
4.702666666666666662e-01
4.702666666666666662e-01
4.703999999999999848e-01
4.705333333333333590e-01
4.706666666666666776e-01
4.706666666666666776e-01
4.707999999999999963e-01
4.707333333333333369e-01
4.709333333333333149e-01
4.711333333333333484e-01
4.712000000000000077e-01
4.712000000000000077e-01
4.714666666666666450e-01
4.712000000000000077e-01
4.713999999999999857e-01
4.716000000000000192e-01
4.715333333333333599e-01
4.716000000000000192e-01
4.717333333333333378e-01
4.719333333333333158e-01
4.719333333333333158e-01
4.720666666666666900e-01
4.720666666666666900e-01
4.723333333333333273e-01
4.724666666666666459e-01
4.725333333333333607e-01
4.726666666666666794e-01
4.727333333333333387e-01
4.728666666666666574e-01
4.727333333333333387e-01
4.729333333333333167e-01
4.729999999999999760e-01
4.730666666666666909e-01
4.729333333333333167e-01
4.732000000000000095e-01
4.731333333333333502e-01
4.733999999999999875e-01
4.735333333333333061e-01
4.736666666666666803e-01
4.736666666666666803e-01
4.733333333333333282e-01
4.738666666666666583e-01
4.739333333333333176e-01
4.742000000000000104e-01
4.741333333333333511e-01
4.742000000000000104e-01
4.743999999999999884e-01
4.745333333333333070e-01
4.746666666666666812e-01
4.747333333333333405e-01
4.748666666666666591e-01
4.749999999999999778e-01
4.750666666666666926e-01
4.750666666666666926e-01
4.749999999999999778e-01
4.751333333333333520e-01
4.750666666666666926e-01
4.752000000000000113e-01
4.756000000000000227e-01
4.756000000000000227e-01
4.756666666666666821e-01
4.756666666666666821e-01
4.757333333333333414e-01
4.758666666666666600e-01
4.759999999999999787e-01
4.761333333333333528e-01
4.763333333333333308e-01
4.763999999999999901e-01
4.762000000000000122e-01
4.765333333333333088e-01
4.766000000000000236e-01
4.766000000000000236e-01
4.770666666666666944e-01
4.770666666666666944e-01
4.773333333333333317e-01
4.774666666666666504e-01
4.775333333333333097e-01
4.773999999999999910e-01
4.776000000000000245e-01
4.774666666666666504e-01
4.773999999999999910e-01
4.773999999999999910e-01
4.776000000000000245e-01
4.777333333333333432e-01
4.778666666666666618e-01
4.778000000000000025e-01
4.779333333333333211e-01
4.779333333333333211e-01
4.779999999999999805e-01
4.780666666666666398e-01
4.781333333333333546e-01
4.781333333333333546e-01
4.782000000000000139e-01
4.783333333333333326e-01
4.783333333333333326e-01
4.784666666666666512e-01
4.785333333333333106e-01
4.786000000000000254e-01
4.787333333333333441e-01
4.788000000000000034e-01
4.789333333333333220e-01
4.789333333333333220e-01
4.789333333333333220e-01
4.789333333333333220e-01
4.789999999999999813e-01
4.793333333333333335e-01
4.793333333333333335e-01
4.793333333333333335e-01
4.796666666666666856e-01
4.796666666666666856e-01
4.798000000000000043e-01
4.798000000000000043e-01
4.799333333333333229e-01
4.798000000000000043e-01
4.799333333333333229e-01
4.801333333333333564e-01
4.805333333333333123e-01
4.803999999999999937e-01
4.804666666666666530e-01
4.806666666666666865e-01
4.807333333333333458e-01
4.807333333333333458e-01
4.808000000000000052e-01
4.809333333333333238e-01
4.809333333333333238e-01
4.809999999999999831e-01
4.811333333333333573e-01
4.812666666666666759e-01
4.812000000000000166e-01
4.812666666666666759e-01
4.812666666666666759e-01
4.809999999999999831e-01
4.809999999999999831e-01
4.813333333333333353e-01
4.812666666666666759e-01
4.814666666666666539e-01
4.813999999999999946e-01
4.814666666666666539e-01
4.816666666666666874e-01
4.815999999999999726e-01
4.817333333333333467e-01
4.818000000000000060e-01
4.819999999999999840e-01
4.819999999999999840e-01
