3.589999999999999858e-01
3.599333333333333274e-01
3.610666666666666469e-01
3.618000000000000105e-01
3.622000000000000219e-01
3.629333333333333300e-01
3.630666666666666487e-01
3.634000000000000008e-01
3.635333333333333194e-01
3.639333333333333309e-01
3.643333333333333424e-01
3.645333333333333203e-01
3.649333333333333318e-01
3.655333333333333212e-01
3.656666666666666399e-01
3.664000000000000035e-01
3.669999999999999929e-01
3.671333333333333115e-01
3.673333333333333450e-01
3.677333333333333565e-01
3.678666666666666751e-01
3.682666666666666866e-01
3.684666666666666646e-01
3.688000000000000167e-01
3.694666666666666655e-01
3.702666666666666884e-01
3.704000000000000070e-01
3.705999999999999850e-01
3.711333333333333151e-01
3.714000000000000079e-01
3.715999999999999859e-01
3.723333333333333495e-01
3.726666666666666461e-01
3.732666666666666910e-01
3.738000000000000211e-01
3.739333333333333398e-01
3.742666666666666919e-01
3.745999999999999885e-01
3.748666666666666814e-01
3.751333333333333186e-01
3.755333333333333301e-01
3.760000000000000009e-01
3.764000000000000123e-01
3.768000000000000238e-01
3.769333333333333425e-01
3.775333333333333319e-01
3.780666666666666620e-01
3.784000000000000141e-01
3.790000000000000036e-01
3.794000000000000150e-01
3.795999999999999930e-01
3.799333333333333451e-01
3.801333333333333231e-01
3.804000000000000159e-01
3.804666666666666752e-01
3.810000000000000053e-01
3.814000000000000168e-01
3.817999999999999727e-01
3.820000000000000062e-01
3.821999999999999842e-01
3.826666666666666550e-01
3.829333333333333478e-01
3.831333333333333258e-01
3.835333333333333372e-01
3.837999999999999745e-01
3.841999999999999860e-01
3.845333333333333381e-01
3.849333333333333496e-01
3.853333333333333610e-01
3.857333333333333170e-01
3.860000000000000098e-01
3.864000000000000212e-01
3.866666666666666585e-01
3.876000000000000001e-01
3.877999999999999781e-01
3.881999999999999895e-01
3.884666666666666823e-01
3.888666666666666938e-01
3.891999999999999904e-01
3.892666666666666497e-01
3.897999999999999798e-01
3.902666666666666506e-01
3.908666666666666401e-01
3.908666666666666401e-01
3.911333333333333329e-01
3.913333333333333108e-01
3.916666666666666630e-01
3.917999999999999816e-01
3.922666666666666524e-01
3.924000000000000266e-01
3.926000000000000045e-01
3.931333333333333346e-01
3.931333333333333346e-01
3.938666666666666427e-01
3.942666666666666542e-01
3.944666666666666877e-01
3.949333333333333584e-01
3.951999999999999957e-01
3.954666666666666885e-01
3.954666666666666885e-01
3.958666666666666445e-01
3.958666666666666445e-01
3.966666666666666674e-01
3.973999999999999755e-01
3.976666666666666683e-01
3.977999999999999869e-01
3.981999999999999984e-01
3.985333333333333505e-01
3.987999999999999878e-01
3.988666666666666472e-01
3.990666666666666806e-01
3.991999999999999993e-01
3.995333333333333514e-01
3.999333333333333074e-01
4.004666666666666930e-01
4.009333333333333083e-01
4.013333333333333197e-01
4.015333333333333532e-01
4.020666666666666833e-01
4.019333333333333091e-01
4.022666666666666613e-01
4.024666666666666393e-01
4.027333333333333321e-01
4.027999999999999914e-01
4.032000000000000028e-01
4.035333333333333550e-01
4.036666666666666736e-01
4.040000000000000258e-01
4.042000000000000037e-01
4.042666666666666631e-01
4.046000000000000152e-01
4.047333333333333338e-01
4.049333333333333118e-01
4.054666666666666419e-01
4.056000000000000161e-01
4.060666666666666869e-01
4.063333333333333242e-01
4.064666666666666428e-01
4.066000000000000170e-01
4.066666666666666763e-01
4.069333333333333136e-01
4.072000000000000064e-01
4.076666666666666772e-01
4.077999999999999958e-01
4.079999999999999738e-01
4.082666666666666666e-01
4.086000000000000187e-01
4.087333333333333374e-01
4.089999999999999747e-01
4.092000000000000082e-01
4.093333333333333268e-01
4.095333333333333603e-01
4.096000000000000196e-01
4.097999999999999976e-01
4.099333333333333163e-01
4.102000000000000091e-01
4.104666666666666464e-01
4.107999999999999985e-01
4.107333333333333392e-01
4.108666666666666578e-01
4.111333333333333506e-01
4.113333333333333286e-01
4.113999999999999879e-01
4.119333333333333180e-01
4.119999999999999774e-01
4.122000000000000108e-01
4.123333333333333295e-01
4.123333333333333295e-01
4.128666666666666596e-01
4.134666666666666490e-01
4.137333333333333418e-01
4.141333333333333533e-01
4.143333333333333313e-01
4.144666666666666499e-01
4.146666666666666834e-01
4.146666666666666834e-01
4.147333333333333427e-01
4.150666666666666393e-01
4.150666666666666393e-01
4.152000000000000135e-01
4.150666666666666393e-01
4.151333333333333542e-01
4.151333333333333542e-01
4.152666666666666728e-01
4.153999999999999915e-01
4.156000000000000250e-01
4.159999999999999809e-01
4.161333333333333551e-01
4.162666666666666737e-01
4.164666666666666517e-01
4.172666666666666746e-01
4.174666666666666526e-01
4.177333333333333454e-01
4.179999999999999827e-01
4.180666666666666420e-01
4.183333333333333348e-01
4.185333333333333128e-01
4.187333333333333463e-01
4.186666666666666869e-01
4.188000000000000056e-01
4.193333333333333357e-01
4.195999999999999730e-01
4.198666666666666658e-01
4.202000000000000179e-01
4.205999999999999739e-01
4.205999999999999739e-01
4.208666666666666667e-01
4.212000000000000188e-01
4.214666666666666561e-01
4.215333333333333155e-01
4.218666666666666676e-01
4.219333333333333269e-01
4.221333333333333604e-01
4.225333333333333163e-01
4.227333333333333498e-01
4.225999999999999757e-01
4.229999999999999871e-01
4.232000000000000206e-01
4.237333333333333507e-01
4.236666666666666914e-01
4.238000000000000100e-01
4.240666666666666473e-01
4.240666666666666473e-01
4.241333333333333067e-01
4.241333333333333067e-01
4.243999999999999995e-01
4.246666666666666923e-01
4.248666666666666702e-01
4.252000000000000224e-01
4.251333333333333075e-01
4.252000000000000224e-01
4.252666666666666817e-01
4.253333333333333410e-01
4.257333333333333525e-01
4.259999999999999898e-01
4.264000000000000012e-01
4.267333333333333534e-01
4.269333333333333313e-01
4.272000000000000242e-01
4.272666666666666835e-01
4.275999999999999801e-01
4.279333333333333322e-01
4.281333333333333102e-01
4.282000000000000250e-01
4.288666666666666738e-01
4.289333333333333331e-01
4.290666666666666518e-01
4.292000000000000259e-01
4.297333333333333560e-01
4.297333333333333560e-01
4.298000000000000154e-01
4.298666666666666747e-01
4.301333333333333120e-01
4.302666666666666861e-01
4.302666666666666861e-01
4.304666666666666641e-01
4.306666666666666421e-01
4.309999999999999942e-01
4.311333333333333129e-01
4.314000000000000057e-01
4.317333333333333578e-01
4.319999999999999951e-01
4.322666666666666879e-01
4.324000000000000066e-01
4.325333333333333252e-01
4.324666666666666659e-01
4.325999999999999845e-01
4.327333333333333587e-01
4.329999999999999960e-01
4.333333333333333481e-01
4.334000000000000075e-01
4.331333333333333147e-01
4.330666666666666553e-01
4.332666666666666888e-01
4.332666666666666888e-01
4.335333333333333261e-01
4.335333333333333261e-01
4.336666666666666448e-01
4.337333333333333596e-01
4.342666666666666897e-01
4.344666666666666677e-01
4.348000000000000198e-01
4.349333333333333385e-01
4.352666666666666906e-01
4.354000000000000092e-01
4.354666666666666686e-01
4.355333333333333279e-01
4.358666666666666800e-01
4.361333333333333173e-01
4.364000000000000101e-01
4.366666666666666474e-01
4.367333333333333067e-01
4.368000000000000216e-01
4.371333333333333182e-01
4.371333333333333182e-01
4.374000000000000110e-01
4.374000000000000110e-01
4.375999999999999890e-01
4.378000000000000225e-01
4.380000000000000004e-01
4.382666666666666933e-01
4.384666666666666712e-01
4.388000000000000234e-01
4.388666666666666827e-01
4.391333333333333200e-01
4.391999999999999793e-01
4.391999999999999793e-01
4.395999999999999908e-01
4.395333333333333314e-01
4.398000000000000242e-01
4.400666666666666615e-01
4.401333333333333209e-01
4.403333333333333544e-01
4.403333333333333544e-01
4.407333333333333103e-01
4.409333333333333438e-01
4.410000000000000031e-01
4.410666666666666624e-01
4.410000000000000031e-01
4.414000000000000146e-01
4.415333333333333332e-01
4.418666666666666853e-01
4.418666666666666853e-01
4.418666666666666853e-01
4.421333333333333226e-01
4.421999999999999820e-01
4.424666666666666748e-01
4.424666666666666748e-01
4.428666666666666862e-01
4.431333333333333235e-01
4.431333333333333235e-01
4.434666666666666757e-01
4.435333333333333350e-01
4.436666666666666536e-01
4.440000000000000058e-01
4.441333333333333244e-01
4.443333333333333579e-01
4.444000000000000172e-01
4.445999999999999952e-01
4.447333333333333139e-01
4.447999999999999732e-01
4.449333333333333473e-01
4.451999999999999846e-01
4.452666666666666440e-01
4.453333333333333588e-01
4.455999999999999961e-01
4.457999999999999741e-01
4.457999999999999741e-01
4.461333333333333262e-01
4.461999999999999855e-01
4.461999999999999855e-01
4.463333333333333597e-01
4.464666666666666783e-01
4.468666666666666898e-01
4.470666666666666678e-01
4.474000000000000199e-01
4.477333333333333165e-01
4.480000000000000093e-01
4.478666666666666907e-01
4.480666666666666687e-01
4.482666666666666466e-01
4.483333333333333059e-01
4.483333333333333059e-01
4.481999999999999873e-01
4.484000000000000208e-01
4.484000000000000208e-01
4.485333333333333394e-01
4.485333333333333394e-01
4.487999999999999767e-01
4.486666666666666581e-01
4.485999999999999988e-01
4.486666666666666581e-01
4.490666666666666695e-01
4.492666666666666475e-01
4.490666666666666695e-01
4.495333333333333403e-01
4.494000000000000217e-01
4.497999999999999776e-01
4.500000000000000111e-01
4.500000000000000111e-01
4.501999999999999891e-01
4.501999999999999891e-01
4.504666666666666819e-01
4.506000000000000005e-01
4.506666666666666599e-01
4.506666666666666599e-01
4.508666666666666933e-01
4.507999999999999785e-01
4.509333333333333527e-01
4.510000000000000120e-01
4.510666666666666713e-01
4.511333333333333306e-01
4.511999999999999900e-01
4.511999999999999900e-01
4.516000000000000014e-01
4.516000000000000014e-01
4.516000000000000014e-01
4.516666666666666607e-01
4.517333333333333201e-01
4.517999999999999794e-01
4.519333333333333536e-01
4.520666666666666722e-01
4.521999999999999909e-01
4.522666666666666502e-01
4.523333333333333095e-01
4.523333333333333095e-01
4.524666666666666837e-01
4.527333333333333210e-01
4.528666666666666396e-01
4.531333333333333324e-01
4.531333333333333324e-01
4.528666666666666396e-01
4.530000000000000138e-01
4.531999999999999917e-01
4.533333333333333104e-01
4.533333333333333104e-01
4.533333333333333104e-01
4.534000000000000252e-01
4.534666666666666845e-01
4.534000000000000252e-01
4.537999999999999812e-01
4.539333333333333553e-01
4.541333333333333333e-01
4.542666666666666520e-01
4.543333333333333113e-01
4.544666666666666854e-01
4.544000000000000261e-01
4.546666666666666634e-01
4.548666666666666414e-01
4.549333333333333562e-01
4.550000000000000155e-01
4.547999999999999821e-01
4.548666666666666414e-01
4.551999999999999935e-01
4.554000000000000270e-01
4.556000000000000050e-01
4.557333333333333236e-01
4.559333333333333571e-01
4.557999999999999829e-01
4.559333333333333571e-01
4.559333333333333571e-01
4.562666666666666537e-01
4.563333333333333131e-01
4.563999999999999724e-01
4.566000000000000059e-01
4.568666666666666432e-01
4.571333333333333360e-01
4.571333333333333360e-01
4.570666666666666766e-01
4.572666666666666546e-01
4.573333333333333139e-01
4.573999999999999733e-01
4.574666666666666881e-01
4.577333333333333254e-01
4.579333333333333589e-01
4.577999999999999847e-01
4.578666666666666440e-01
4.577999999999999847e-01
4.577999999999999847e-01
4.580000000000000182e-01
4.582666666666666555e-01
4.581999999999999962e-01
4.581999999999999962e-01
4.586666666666666670e-01
4.584666666666666890e-01
4.589333333333333598e-01
4.592666666666666564e-01
4.593333333333333157e-01
4.592666666666666564e-01
4.594666666666666899e-01
4.596000000000000085e-01
4.598666666666666458e-01
4.599333333333333607e-01
4.601999999999999980e-01
4.602666666666666573e-01
4.604666666666666908e-01
4.604666666666666908e-01
4.606000000000000094e-01
4.606000000000000094e-01
4.605333333333333501e-01
4.607999999999999874e-01
4.608666666666666467e-01
4.607333333333333281e-01
4.610666666666666802e-01
4.611999999999999988e-01
4.612666666666666582e-01
4.613333333333333175e-01
4.617333333333333290e-01
4.620000000000000218e-01
4.621333333333333404e-01
4.622666666666666591e-01
4.624666666666666925e-01
4.624666666666666925e-01
4.626666666666666705e-01
4.627333333333333298e-01
4.627999999999999892e-01
4.628666666666666485e-01
4.630000000000000226e-01
4.631333333333333413e-01
4.632000000000000006e-01
4.633999999999999786e-01
4.633333333333333193e-01
4.635333333333333528e-01
4.634666666666666934e-01
4.633999999999999786e-01
4.636000000000000121e-01
4.637999999999999901e-01
4.637333333333333307e-01
4.639333333333333087e-01
4.640666666666666829e-01
4.642000000000000015e-01
4.644666666666666943e-01
4.646666666666666723e-01
4.647999999999999909e-01
4.646666666666666723e-01
4.648666666666666503e-01
4.647999999999999909e-01
4.650000000000000244e-01
4.652000000000000024e-01
4.651333333333333431e-01
4.654666666666666397e-01
4.654666666666666397e-01
4.656000000000000139e-01
4.657333333333333325e-01
4.656666666666666732e-01
4.656666666666666732e-01
4.661333333333333440e-01
4.661333333333333440e-01
4.660666666666666846e-01
4.661333333333333440e-01
4.662000000000000033e-01
4.663333333333333219e-01
4.663333333333333219e-01
4.664666666666666406e-01
4.666000000000000147e-01
4.666000000000000147e-01
4.667999999999999927e-01
4.667999999999999927e-01
4.666666666666666741e-01
4.666666666666666741e-01
4.667999999999999927e-01
4.667999999999999927e-01
4.663999999999999813e-01
4.666000000000000147e-01
4.670000000000000262e-01
4.670000000000000262e-01
4.670666666666666855e-01
4.670666666666666855e-01
4.672000000000000042e-01
4.673333333333333228e-01
4.672666666666666635e-01
4.676000000000000156e-01
4.677333333333333343e-01
4.677333333333333343e-01
4.677999999999999936e-01
4.676666666666666750e-01
4.680666666666666864e-01
4.678666666666666529e-01
4.682666666666666644e-01
4.683999999999999830e-01
4.684666666666666424e-01
4.683999999999999830e-01
4.686666666666666758e-01
4.689333333333333131e-01
4.689999999999999725e-01
4.689333333333333131e-01
4.689999999999999725e-01
4.689999999999999725e-01
4.691333333333333466e-01
4.693333333333333246e-01
4.693999999999999839e-01
4.695333333333333581e-01
4.696666666666666767e-01
4.696666666666666767e-01
4.697333333333333361e-01
4.697999999999999954e-01
4.697333333333333361e-01
4.697999999999999954e-01
4.699333333333333140e-01
4.699999999999999734e-01
4.700666666666666882e-01
4.703999999999999848e-01
4.703333333333333255e-01
4.706000000000000183e-01
4.705333333333333590e-01
4.704666666666666441e-01
4.703333333333333255e-01
4.703999999999999848e-01
4.704666666666666441e-01
4.706666666666666776e-01
4.707333333333333369e-01
4.707999999999999963e-01
4.707999999999999963e-01
4.708666666666666556e-01
4.709999999999999742e-01
4.712000000000000077e-01
4.711333333333333484e-01
4.712000000000000077e-01
4.712666666666666671e-01
4.712666666666666671e-01
4.715333333333333599e-01
4.714666666666666450e-01
4.715333333333333599e-01
4.716666666666666785e-01
4.717333333333333378e-01
4.719333333333333158e-01
4.719999999999999751e-01
4.720666666666666900e-01
4.723333333333333273e-01
4.723333333333333273e-01
4.725333333333333607e-01
4.727333333333333387e-01
4.727333333333333387e-01
4.727999999999999980e-01
4.728666666666666574e-01
4.729333333333333167e-01
4.729333333333333167e-01
4.728666666666666574e-01
4.729999999999999760e-01
4.732000000000000095e-01
4.731333333333333502e-01
4.733999999999999875e-01
4.734666666666666468e-01
4.736666666666666803e-01
4.736000000000000210e-01
4.736000000000000210e-01
4.739333333333333176e-01
4.739999999999999769e-01
4.739999999999999769e-01
4.742000000000000104e-01
4.742666666666666697e-01
4.742666666666666697e-01
4.745333333333333070e-01
4.746666666666666812e-01
4.747333333333333405e-01
4.748666666666666591e-01
4.748666666666666591e-01
4.749999999999999778e-01
4.750666666666666926e-01
4.751333333333333520e-01
4.750666666666666926e-01
4.751333333333333520e-01
4.752666666666666706e-01
4.756000000000000227e-01
4.756666666666666821e-01
4.757333333333333414e-01
4.758000000000000007e-01
4.757333333333333414e-01
4.756666666666666821e-01
4.757333333333333414e-01
4.758666666666666600e-01
4.763333333333333308e-01
4.765333333333333088e-01
4.765333333333333088e-01
4.766666666666666829e-01
4.766000000000000236e-01
4.766666666666666829e-01
4.770666666666666944e-01
4.770666666666666944e-01
4.772000000000000131e-01
4.773999999999999910e-01
4.774666666666666504e-01
4.774666666666666504e-01
4.774666666666666504e-01
4.775333333333333097e-01
4.773999999999999910e-01
4.774666666666666504e-01
4.775333333333333097e-01
4.778000000000000025e-01
4.777333333333333432e-01
4.779333333333333211e-01
4.779333333333333211e-01
4.779999999999999805e-01
4.779999999999999805e-01
4.779999999999999805e-01
4.781333333333333546e-01
4.781333333333333546e-01
4.782000000000000139e-01
4.782000000000000139e-01
4.784666666666666512e-01
4.784666666666666512e-01
4.786000000000000254e-01
4.785333333333333106e-01
4.787333333333333441e-01
4.786666666666666847e-01
4.789333333333333220e-01
4.788666666666666627e-01
4.787333333333333441e-01
4.788666666666666627e-01
4.790666666666666407e-01
4.792666666666666742e-01
4.792666666666666742e-01
4.792666666666666742e-01
4.795333333333333115e-01
4.796666666666666856e-01
4.798000000000000043e-01
4.797333333333333449e-01
4.798666666666666636e-01
4.800666666666666416e-01
4.800666666666666416e-01
4.800666666666666416e-01
4.805333333333333123e-01
4.804666666666666530e-01
4.806666666666666865e-01
4.807333333333333458e-01
4.807333333333333458e-01
4.808000000000000052e-01
4.808000000000000052e-01
4.809999999999999831e-01
4.808666666666666645e-01
4.808666666666666645e-01
4.809999999999999831e-01
4.812000000000000166e-01
4.812000000000000166e-01
4.811333333333333573e-01
4.812000000000000166e-01
4.810666666666666424e-01
4.809999999999999831e-01
4.810666666666666424e-01
4.813333333333333353e-01
4.813333333333333353e-01
4.813999999999999946e-01
4.814666666666666539e-01
4.817333333333333467e-01
4.816666666666666874e-01
4.815999999999999726e-01
4.816666666666666874e-01
4.819999999999999840e-01
4.818666666666666654e-01
4.819333333333333247e-01
