3.582000000000000184e-01
3.591333333333333599e-01
3.597333333333333494e-01
3.606666666666666909e-01
3.610666666666666469e-01
3.619333333333333291e-01
3.620666666666666478e-01
3.625999999999999779e-01
3.628000000000000114e-01
3.630666666666666487e-01
3.635333333333333194e-01
3.639333333333333309e-01
3.644666666666666610e-01
3.644666666666666610e-01
3.648000000000000131e-01
3.652000000000000246e-01
3.655999999999999805e-01
3.659333333333333327e-01
3.665999999999999814e-01
3.669333333333333336e-01
3.672000000000000264e-01
3.676666666666666416e-01
3.678666666666666751e-01
3.678000000000000158e-01
3.682666666666666866e-01
3.688000000000000167e-01
3.693333333333333468e-01
3.695999999999999841e-01
3.702666666666666884e-01
3.705333333333333257e-01
3.708666666666666778e-01
3.711999999999999744e-01
3.715333333333333266e-01
3.721333333333333160e-01
3.723333333333333495e-01
3.729333333333333389e-01
3.735999999999999877e-01
3.739999999999999991e-01
3.742666666666666919e-01
3.745333333333333292e-01
3.747333333333333072e-01
3.750666666666666593e-01
3.754000000000000115e-01
3.758000000000000229e-01
3.761999999999999789e-01
3.767333333333333090e-01
3.768000000000000238e-01
3.775999999999999912e-01
3.779333333333333433e-01
3.783333333333333548e-01
3.787333333333333107e-01
3.791999999999999815e-01
3.795333333333333337e-01
3.797333333333333116e-01
3.799333333333333451e-01
3.802666666666666417e-01
3.804666666666666752e-01
3.808666666666666867e-01
3.814666666666666761e-01
3.817999999999999727e-01
3.819333333333333469e-01
3.822666666666666435e-01
3.826666666666666550e-01
3.829333333333333478e-01
3.830666666666666664e-01
3.835333333333333372e-01
3.837333333333333152e-01
3.841999999999999860e-01
3.846666666666666567e-01
3.848666666666666902e-01
3.851333333333333275e-01
3.856666666666666576e-01
3.860000000000000098e-01
3.862666666666666471e-01
3.866666666666666585e-01
3.875333333333333408e-01
3.878666666666666929e-01
3.882666666666666488e-01
3.885333333333333417e-01
3.886666666666666603e-01
3.891999999999999904e-01
3.894000000000000239e-01
3.899333333333333540e-01
3.904000000000000248e-01
3.907333333333333214e-01
3.908666666666666401e-01
3.911333333333333329e-01
3.913333333333333108e-01
3.916000000000000036e-01
3.917999999999999816e-01
3.916666666666666630e-01
3.923333333333333117e-01
3.924666666666666859e-01
3.931999999999999940e-01
3.937333333333333241e-01
3.938666666666666427e-01
3.943999999999999728e-01
3.944666666666666877e-01
3.950000000000000178e-01
3.951333333333333364e-01
3.953333333333333144e-01
3.956000000000000072e-01
3.958666666666666445e-01
3.961333333333333373e-01
3.966000000000000081e-01
3.975333333333333496e-01
3.977999999999999869e-01
3.979333333333333056e-01
3.982666666666666577e-01
3.985333333333333505e-01
3.986666666666666692e-01
3.987333333333333285e-01
3.991333333333333400e-01
3.993999999999999773e-01
3.996666666666666701e-01
4.001333333333333409e-01
4.005333333333333523e-01
4.010000000000000231e-01
4.011333333333333417e-01
4.017999999999999905e-01
4.021333333333333426e-01
4.020000000000000240e-01
4.021333333333333426e-01
4.025333333333333541e-01
4.027333333333333321e-01
4.029333333333333100e-01
4.033333333333333215e-01
4.035333333333333550e-01
4.036666666666666736e-01
4.040666666666666851e-01
4.042000000000000037e-01
4.042000000000000037e-01
4.046666666666666745e-01
4.047333333333333338e-01
4.049333333333333118e-01
4.053999999999999826e-01
4.054666666666666419e-01
4.059333333333333127e-01
4.062000000000000055e-01
4.063333333333333242e-01
4.066666666666666763e-01
4.066000000000000170e-01
4.072000000000000064e-01
4.072000000000000064e-01
4.077333333333333365e-01
4.076666666666666772e-01
4.078666666666666551e-01
4.083333333333333259e-01
4.087333333333333374e-01
4.089333333333333154e-01
4.090666666666666895e-01
4.092000000000000082e-01
4.093333333333333268e-01
4.094666666666666455e-01
4.095333333333333603e-01
4.097999999999999976e-01
4.102000000000000091e-01
4.101333333333333497e-01
4.106000000000000205e-01
4.107999999999999985e-01
4.107333333333333392e-01
4.108666666666666578e-01
4.112000000000000099e-01
4.113333333333333286e-01
4.112666666666666693e-01
4.119333333333333180e-01
4.121333333333333515e-01
4.122000000000000108e-01
4.125333333333333075e-01
4.128000000000000003e-01
4.128666666666666596e-01
4.133333333333333304e-01
4.138666666666666605e-01
4.139999999999999791e-01
4.143333333333333313e-01
4.144666666666666499e-01
4.145333333333333092e-01
4.146666666666666834e-01
4.147333333333333427e-01
4.149333333333333207e-01
4.152000000000000135e-01
4.148000000000000020e-01
4.148000000000000020e-01
4.149999999999999800e-01
4.149999999999999800e-01
4.154666666666666508e-01
4.154666666666666508e-01
4.158666666666666623e-01
4.158000000000000029e-01
4.162666666666666737e-01
4.163333333333333330e-01
4.166666666666666852e-01
4.173333333333333339e-01
4.175333333333333119e-01
4.178000000000000047e-01
4.179999999999999827e-01
4.180666666666666420e-01
4.184666666666666535e-01
4.186666666666666869e-01
4.186000000000000276e-01
4.186000000000000276e-01
4.186666666666666869e-01
4.191333333333333577e-01
4.195333333333333137e-01
4.199333333333333251e-01
4.203333333333333366e-01
4.205999999999999739e-01
4.208666666666666667e-01
4.211333333333333595e-01
4.210666666666666447e-01
4.214666666666666561e-01
4.215999999999999748e-01
4.218666666666666676e-01
4.219333333333333269e-01
4.220666666666666456e-01
4.224666666666666570e-01
4.225999999999999757e-01
4.228666666666666685e-01
4.230666666666666464e-01
4.233999999999999986e-01
4.237333333333333507e-01
4.237333333333333507e-01
4.238666666666666694e-01
4.238000000000000100e-01
4.240666666666666473e-01
4.240666666666666473e-01
4.244666666666666588e-01
4.244666666666666588e-01
4.246666666666666923e-01
4.249333333333333296e-01
4.251333333333333075e-01
4.251333333333333075e-01
4.252666666666666817e-01
4.254000000000000004e-01
4.255333333333333190e-01
4.258000000000000118e-01
4.262000000000000233e-01
4.262666666666666826e-01
4.268000000000000127e-01
4.271333333333333093e-01
4.272000000000000242e-01
4.274666666666666615e-01
4.278666666666666729e-01
4.279999999999999916e-01
4.279999999999999916e-01
4.284000000000000030e-01
4.287333333333333552e-01
4.289999999999999925e-01
4.289999999999999925e-01
4.293333333333333446e-01
4.296666666666666412e-01
4.296666666666666412e-01
4.297333333333333560e-01
4.298666666666666747e-01
4.302000000000000268e-01
4.302000000000000268e-01
4.304666666666666641e-01
4.305999999999999828e-01
4.305999999999999828e-01
4.310666666666666536e-01
4.313333333333333464e-01
4.314666666666666650e-01
4.318666666666666765e-01
4.319999999999999951e-01
4.321333333333333138e-01
4.321999999999999731e-01
4.324000000000000066e-01
4.327333333333333587e-01
4.325999999999999845e-01
4.327333333333333587e-01
4.330666666666666553e-01
4.333333333333333481e-01
4.332666666666666888e-01
4.330666666666666553e-01
4.329333333333333367e-01
4.330666666666666553e-01
4.332666666666666888e-01
4.335999999999999854e-01
4.337333333333333596e-01
4.338000000000000189e-01
4.340666666666666562e-01
4.341999999999999749e-01
4.345333333333333270e-01
4.348000000000000198e-01
4.351333333333333164e-01
4.353333333333333499e-01
4.354000000000000092e-01
4.355999999999999872e-01
4.358666666666666800e-01
4.360666666666666580e-01
4.361333333333333173e-01
4.364000000000000101e-01
4.365999999999999881e-01
4.366666666666666474e-01
4.368666666666666809e-01
4.370666666666666589e-01
4.371999999999999775e-01
4.373333333333333517e-01
4.374000000000000110e-01
4.375333333333333297e-01
4.378000000000000225e-01
4.380666666666666598e-01
4.384666666666666712e-01
4.388666666666666827e-01
4.388666666666666827e-01
4.390666666666666607e-01
4.390666666666666607e-01
4.391999999999999793e-01
4.394666666666666721e-01
4.394666666666666721e-01
4.395999999999999908e-01
4.400666666666666615e-01
4.400666666666666615e-01
4.400666666666666615e-01
4.401333333333333209e-01
4.405333333333333323e-01
4.408666666666666845e-01
4.410666666666666624e-01
4.410000000000000031e-01
4.413333333333333552e-01
4.413333333333333552e-01
4.414000000000000146e-01
4.416666666666666519e-01
4.418000000000000260e-01
4.418000000000000260e-01
4.419333333333333447e-01
4.421999999999999820e-01
4.420666666666666633e-01
4.421333333333333226e-01
4.425333333333333341e-01
4.429333333333333456e-01
4.430000000000000049e-01
4.432666666666666422e-01
4.434000000000000163e-01
4.434666666666666757e-01
4.437333333333333130e-01
4.439333333333333464e-01
4.441333333333333244e-01
4.442666666666666431e-01
4.444666666666666766e-01
4.447333333333333139e-01
4.447999999999999732e-01
4.447333333333333139e-01
4.450666666666666660e-01
4.451999999999999846e-01
4.451999999999999846e-01
4.453333333333333588e-01
4.456666666666666554e-01
4.458666666666666889e-01
4.457333333333333147e-01
4.462666666666666448e-01
4.461333333333333262e-01
4.461999999999999855e-01
4.461999999999999855e-01
4.465999999999999970e-01
4.467999999999999750e-01
4.471333333333333271e-01
4.475999999999999979e-01
4.477333333333333165e-01
4.478666666666666907e-01
4.480666666666666687e-01
4.483333333333333059e-01
4.483333333333333059e-01
4.482666666666666466e-01
4.482666666666666466e-01
4.481999999999999873e-01
4.482666666666666466e-01
4.483333333333333059e-01
4.484000000000000208e-01
4.485999999999999988e-01
4.487333333333333174e-01
4.487999999999999767e-01
4.487333333333333174e-01
4.487333333333333174e-01
4.490000000000000102e-01
4.491999999999999882e-01
4.494000000000000217e-01
4.494666666666666810e-01
4.495999999999999996e-01
4.499333333333333518e-01
4.499333333333333518e-01
4.500666666666666704e-01
4.503333333333333077e-01
4.503333333333333077e-01
4.504666666666666819e-01
4.506666666666666599e-01
4.507999999999999785e-01
4.506666666666666599e-01
4.508666666666666933e-01
4.507333333333333192e-01
4.509333333333333527e-01
4.510000000000000120e-01
4.510666666666666713e-01
4.511999999999999900e-01
4.511999999999999900e-01
4.513333333333333086e-01
4.516000000000000014e-01
4.516000000000000014e-01
4.514666666666666828e-01
4.517333333333333201e-01
4.517999999999999794e-01
4.517999999999999794e-01
4.520666666666666722e-01
4.520666666666666722e-01
4.522666666666666502e-01
4.521333333333333315e-01
4.523333333333333095e-01
4.524000000000000243e-01
4.526000000000000023e-01
4.528666666666666396e-01
4.529333333333333544e-01
4.532666666666666511e-01
4.531333333333333324e-01
4.532666666666666511e-01
4.531999999999999917e-01
4.533333333333333104e-01
4.534666666666666845e-01
4.534000000000000252e-01
4.534000000000000252e-01
4.531999999999999917e-01
4.534000000000000252e-01
4.536000000000000032e-01
4.539333333333333553e-01
4.541333333333333333e-01
4.544000000000000261e-01
4.543333333333333113e-01
4.544666666666666854e-01
4.544000000000000261e-01
4.543333333333333113e-01
4.546000000000000041e-01
4.550000000000000155e-01
4.548666666666666414e-01
4.550000000000000155e-01
4.549333333333333562e-01
4.551333333333333342e-01
4.553333333333333122e-01
4.552666666666666528e-01
4.556000000000000050e-01
4.557999999999999829e-01
4.558666666666666423e-01
4.557333333333333236e-01
4.557999999999999829e-01
4.560000000000000164e-01
4.561333333333333351e-01
4.563999999999999724e-01
4.564666666666666872e-01
4.567333333333333245e-01
4.569333333333333580e-01
4.570666666666666766e-01
4.570000000000000173e-01
4.570000000000000173e-01
4.571333333333333360e-01
4.573333333333333139e-01
4.574666666666666881e-01
4.575333333333333474e-01
4.576666666666666661e-01
4.579333333333333589e-01
4.578666666666666440e-01
4.578666666666666440e-01
4.577999999999999847e-01
4.578666666666666440e-01
4.580000000000000182e-01
4.583333333333333148e-01
4.584666666666666890e-01
4.584666666666666890e-01
4.587999999999999856e-01
4.589333333333333598e-01
4.590000000000000191e-01
4.591999999999999971e-01
4.593999999999999750e-01
4.592666666666666564e-01
4.594666666666666899e-01
4.597999999999999865e-01
4.599333333333333607e-01
4.601333333333333386e-01
4.603333333333333166e-01
4.604666666666666908e-01
4.604666666666666908e-01
4.606000000000000094e-01
4.606666666666666687e-01
4.605333333333333501e-01
4.606666666666666687e-01
4.609333333333333060e-01
4.607333333333333281e-01
4.607999999999999874e-01
4.610000000000000209e-01
4.611333333333333395e-01
4.613333333333333175e-01
4.616666666666666696e-01
4.617999999999999883e-01
4.617999999999999883e-01
4.621333333333333404e-01
4.622666666666666591e-01
4.623333333333333184e-01
4.623333333333333184e-01
4.626000000000000112e-01
4.626666666666666705e-01
4.627999999999999892e-01
4.630000000000000226e-01
4.631333333333333413e-01
4.631333333333333413e-01
4.632666666666666599e-01
4.634666666666666934e-01
4.633333333333333193e-01
4.634666666666666934e-01
4.635333333333333528e-01
4.636000000000000121e-01
4.637999999999999901e-01
4.639333333333333087e-01
4.639333333333333087e-01
4.639333333333333087e-01
4.642666666666666608e-01
4.642666666666666608e-01
4.645333333333333536e-01
4.645333333333333536e-01
4.647333333333333316e-01
4.647999999999999909e-01
4.647333333333333316e-01
4.650000000000000244e-01
4.650666666666666837e-01
4.652000000000000024e-01
4.652666666666666617e-01
4.653999999999999804e-01
4.655333333333333545e-01
4.656666666666666732e-01
4.655333333333333545e-01
4.657999999999999918e-01
4.656666666666666732e-01
4.660666666666666846e-01
4.660666666666666846e-01
4.658666666666666512e-01
4.659333333333333105e-01
4.662000000000000033e-01
4.663999999999999813e-01
4.664666666666666406e-01
4.664666666666666406e-01
4.666000000000000147e-01
4.666666666666666741e-01
4.666666666666666741e-01
4.666000000000000147e-01
4.664666666666666406e-01
4.666666666666666741e-01
4.667999999999999927e-01
4.668666666666666520e-01
4.666666666666666741e-01
4.667333333333333334e-01
4.667999999999999927e-01
4.670666666666666855e-01
4.669333333333333114e-01
4.670666666666666855e-01
4.673333333333333228e-01
4.672666666666666635e-01
4.672666666666666635e-01
4.676000000000000156e-01
4.676000000000000156e-01
4.677999999999999936e-01
4.679333333333333123e-01
4.679333333333333123e-01
4.680666666666666864e-01
4.680666666666666864e-01
4.684666666666666424e-01
4.684666666666666424e-01
4.685333333333333572e-01
4.683999999999999830e-01
4.685333333333333572e-01
4.689333333333333131e-01
4.688666666666666538e-01
4.689333333333333131e-01
4.689333333333333131e-01
4.692000000000000060e-01
4.691333333333333466e-01
4.690666666666666873e-01
4.694666666666666432e-01
4.693333333333333246e-01
4.693999999999999839e-01
4.696666666666666767e-01
4.696666666666666767e-01
4.696000000000000174e-01
4.697999999999999954e-01
4.699333333333333140e-01
4.700666666666666882e-01
4.699999999999999734e-01
4.702000000000000068e-01
4.702000000000000068e-01
4.703999999999999848e-01
4.703333333333333255e-01
4.703333333333333255e-01
4.702000000000000068e-01
4.705333333333333590e-01
4.706000000000000183e-01
4.706000000000000183e-01
4.707999999999999963e-01
4.706666666666666776e-01
4.708666666666666556e-01
4.707333333333333369e-01
4.708666666666666556e-01
4.710666666666666891e-01
4.712666666666666671e-01
4.712000000000000077e-01
4.714666666666666450e-01
4.713333333333333264e-01
4.715333333333333599e-01
4.717999999999999972e-01
4.715333333333333599e-01
4.716666666666666785e-01
4.716666666666666785e-01
4.719333333333333158e-01
4.722000000000000086e-01
4.720666666666666900e-01
4.721333333333333493e-01
4.723999999999999866e-01
4.725333333333333607e-01
4.724666666666666459e-01
4.726000000000000201e-01
4.727999999999999980e-01
4.728666666666666574e-01
4.727999999999999980e-01
4.729999999999999760e-01
4.728666666666666574e-01
4.728666666666666574e-01
4.731333333333333502e-01
4.730666666666666909e-01
4.731333333333333502e-01
4.734666666666666468e-01
4.736000000000000210e-01
4.736000000000000210e-01
4.736666666666666803e-01
4.735333333333333061e-01
4.739333333333333176e-01
4.738666666666666583e-01
4.741333333333333511e-01
4.742000000000000104e-01
4.742000000000000104e-01
4.743333333333333290e-01
4.746666666666666812e-01
4.746666666666666812e-01
4.747999999999999998e-01
4.747999999999999998e-01
4.749333333333333185e-01
4.749333333333333185e-01
4.751333333333333520e-01
4.751333333333333520e-01
4.751333333333333520e-01
4.752000000000000113e-01
4.752000000000000113e-01
4.754666666666666486e-01
4.755333333333333079e-01
4.757333333333333414e-01
4.758666666666666600e-01
4.756666666666666821e-01
4.758666666666666600e-01
4.759333333333333194e-01
4.762000000000000122e-01
4.763333333333333308e-01
4.763999999999999901e-01
4.763999999999999901e-01
4.765333333333333088e-01
4.766666666666666829e-01
4.767333333333333423e-01
4.771333333333333537e-01
4.769999999999999796e-01
4.772000000000000131e-01
4.773333333333333317e-01
4.773999999999999910e-01
4.772000000000000131e-01
4.774666666666666504e-01
4.774666666666666504e-01
4.775333333333333097e-01
4.775333333333333097e-01
4.778000000000000025e-01
4.778000000000000025e-01
4.778000000000000025e-01
4.779333333333333211e-01
4.779999999999999805e-01
4.778000000000000025e-01
4.780666666666666398e-01
4.779333333333333211e-01
4.780666666666666398e-01
4.781333333333333546e-01
4.781333333333333546e-01
4.783333333333333326e-01
4.782666666666666733e-01
4.784666666666666512e-01
4.784666666666666512e-01
4.785333333333333106e-01
4.786666666666666847e-01
4.786666666666666847e-01
4.788000000000000034e-01
4.789999999999999813e-01
4.790666666666666407e-01
4.789999999999999813e-01
4.790666666666666407e-01
4.793999999999999928e-01
4.793999999999999928e-01
4.794666666666666521e-01
4.797333333333333449e-01
4.796666666666666856e-01
4.798666666666666636e-01
4.798666666666666636e-01
4.799333333333333229e-01
4.798666666666666636e-01
4.799333333333333229e-01
4.803333333333333344e-01
4.804666666666666530e-01
4.806000000000000272e-01
4.805333333333333123e-01
4.808000000000000052e-01
4.807333333333333458e-01
4.808000000000000052e-01
4.806666666666666865e-01
4.806666666666666865e-01
4.809999999999999831e-01
4.809999999999999831e-01
4.809999999999999831e-01
4.812000000000000166e-01
4.812000000000000166e-01
4.809999999999999831e-01
4.812666666666666759e-01
4.811333333333333573e-01
4.812000000000000166e-01
4.813333333333333353e-01
4.812000000000000166e-01
4.813333333333333353e-01
4.813999999999999946e-01
4.814666666666666539e-01
4.817333333333333467e-01
4.815999999999999726e-01
4.816666666666666874e-01
4.818000000000000060e-01
4.819333333333333247e-01
