3.602000000000000202e-01
3.612666666666666804e-01
3.621333333333333071e-01
3.628000000000000114e-01
3.633333333333333415e-01
3.637333333333333529e-01
3.639999999999999902e-01
3.644666666666666610e-01
3.652666666666666839e-01
3.652666666666666839e-01
3.658000000000000140e-01
3.665999999999999814e-01
3.668000000000000149e-01
3.672666666666666857e-01
3.675333333333333230e-01
3.674666666666666637e-01
3.677333333333333565e-01
3.684000000000000052e-01
3.685333333333333239e-01
3.688666666666666760e-01
3.695999999999999841e-01
3.701333333333333142e-01
3.702666666666666884e-01
3.705333333333333257e-01
3.709333333333333371e-01
3.711999999999999744e-01
3.719333333333333380e-01
3.721333333333333160e-01
3.727333333333333609e-01
3.731999999999999762e-01
3.737333333333333063e-01
3.735333333333333283e-01
3.740666666666666584e-01
3.743333333333333512e-01
3.748000000000000220e-01
3.749333333333333407e-01
3.752666666666666928e-01
3.759333333333333416e-01
3.761333333333333195e-01
3.764000000000000123e-01
3.767333333333333090e-01
3.774000000000000132e-01
3.778666666666666840e-01
3.784000000000000141e-01
3.787333333333333107e-01
3.791999999999999815e-01
3.796666666666666523e-01
3.792666666666666409e-01
3.799333333333333451e-01
3.801999999999999824e-01
3.803333333333333566e-01
3.807333333333333125e-01
3.811333333333333240e-01
3.815999999999999948e-01
3.817999999999999727e-01
3.820666666666666655e-01
3.824666666666666770e-01
3.828666666666666885e-01
3.830000000000000071e-01
3.833333333333333592e-01
3.835999999999999965e-01
3.838666666666666893e-01
3.843333333333333601e-01
3.843333333333333601e-01
3.850666666666666682e-01
3.854666666666666797e-01
3.856666666666666576e-01
3.861999999999999877e-01
3.864000000000000212e-01
3.870000000000000107e-01
3.872666666666666480e-01
3.879333333333333522e-01
3.882666666666666488e-01
3.886000000000000010e-01
3.889333333333333531e-01
3.892666666666666497e-01
3.893333333333333091e-01
3.900666666666666726e-01
3.903333333333333099e-01
3.907999999999999807e-01
3.909333333333333549e-01
3.911333333333333329e-01
3.915333333333333443e-01
3.918666666666666409e-01
3.921999999999999931e-01
3.926000000000000045e-01
3.927333333333333232e-01
3.930666666666666753e-01
3.934000000000000274e-01
3.940000000000000169e-01
3.941999999999999948e-01
3.946000000000000063e-01
3.945333333333333470e-01
3.948666666666666436e-01
3.952666666666666551e-01
3.948666666666666436e-01
3.955333333333333479e-01
3.956000000000000072e-01
3.959333333333333593e-01
3.964666666666666894e-01
3.970000000000000195e-01
3.974666666666666903e-01
3.977333333333333276e-01
3.981333333333333391e-01
3.981999999999999984e-01
3.984666666666666912e-01
3.987333333333333285e-01
3.990666666666666806e-01
3.991333333333333400e-01
3.997333333333333294e-01
3.996666666666666701e-01
4.004666666666666930e-01
4.008666666666666489e-01
4.013999999999999790e-01
4.015333333333333532e-01
4.018666666666666498e-01
4.020666666666666833e-01
4.020000000000000240e-01
4.023333333333333206e-01
4.027999999999999914e-01
4.029333333333333100e-01
4.030000000000000249e-01
4.034666666666666401e-01
4.037999999999999923e-01
4.040000000000000258e-01
4.042000000000000037e-01
4.043333333333333224e-01
4.043333333333333224e-01
4.047999999999999932e-01
4.050000000000000266e-01
4.055333333333333568e-01
4.055333333333333568e-01
4.060000000000000275e-01
4.062000000000000055e-01
4.066000000000000170e-01
4.067333333333333356e-01
4.069333333333333136e-01
4.068666666666666543e-01
4.071333333333333471e-01
4.074666666666666437e-01
4.078666666666666551e-01
4.077999999999999958e-01
4.082000000000000073e-01
4.083999999999999853e-01
4.089999999999999747e-01
4.090666666666666895e-01
4.090666666666666895e-01
4.093333333333333268e-01
4.093999999999999861e-01
4.096000000000000196e-01
4.096666666666666790e-01
4.099999999999999756e-01
4.101333333333333497e-01
4.103999999999999870e-01
4.107333333333333392e-01
4.108666666666666578e-01
4.108666666666666578e-01
4.109333333333333171e-01
4.113333333333333286e-01
4.113333333333333286e-01
4.118666666666666587e-01
4.121333333333333515e-01
4.122000000000000108e-01
4.123999999999999888e-01
4.126666666666666816e-01
4.129999999999999782e-01
4.132666666666666710e-01
4.136666666666666825e-01
4.139999999999999791e-01
4.142666666666666719e-01
4.145333333333333092e-01
4.147333333333333427e-01
4.148000000000000020e-01
4.148000000000000020e-01
4.147333333333333427e-01
4.150666666666666393e-01
4.153999999999999915e-01
4.154666666666666508e-01
4.156000000000000250e-01
4.156666666666666843e-01
4.156000000000000250e-01
4.156666666666666843e-01
4.158000000000000029e-01
4.162000000000000144e-01
4.161333333333333551e-01
4.163333333333333330e-01
4.165333333333333110e-01
4.169333333333333225e-01
4.173999999999999932e-01
4.175333333333333119e-01
4.176666666666666861e-01
4.176000000000000267e-01
4.183333333333333348e-01
4.183999999999999941e-01
4.185333333333333128e-01
4.186000000000000276e-01
4.186000000000000276e-01
4.186666666666666869e-01
4.193333333333333357e-01
4.195333333333333137e-01
4.198666666666666658e-01
4.202666666666666773e-01
4.205999999999999739e-01
4.204666666666666552e-01
4.209999999999999853e-01
4.211333333333333595e-01
4.212666666666666782e-01
4.217333333333333489e-01
4.216666666666666896e-01
4.219333333333333269e-01
4.222666666666666790e-01
4.227333333333333498e-01
4.228666666666666685e-01
4.228666666666666685e-01
4.232666666666666799e-01
4.236666666666666914e-01
4.236666666666666914e-01
4.238000000000000100e-01
4.239999999999999880e-01
4.242000000000000215e-01
4.242000000000000215e-01
4.242666666666666808e-01
4.244666666666666588e-01
4.244666666666666588e-01
4.248000000000000109e-01
4.249333333333333296e-01
4.250666666666666482e-01
4.251333333333333075e-01
4.254000000000000004e-01
4.254000000000000004e-01
4.256666666666666932e-01
4.261333333333333084e-01
4.262666666666666826e-01
4.265999999999999792e-01
4.265333333333333199e-01
4.268666666666666720e-01
4.272666666666666835e-01
4.273333333333333428e-01
4.278666666666666729e-01
4.278666666666666729e-01
4.280666666666666509e-01
4.284000000000000030e-01
4.288666666666666738e-01
4.292000000000000259e-01
4.289999999999999925e-01
4.292666666666666853e-01
4.295333333333333226e-01
4.296666666666666412e-01
4.296666666666666412e-01
4.298666666666666747e-01
4.302000000000000268e-01
4.304666666666666641e-01
4.305333333333333234e-01
4.305333333333333234e-01
4.308666666666666756e-01
4.309999999999999942e-01
4.314000000000000057e-01
4.315999999999999837e-01
4.319999999999999951e-01
4.320666666666666544e-01
4.323333333333333472e-01
4.324666666666666659e-01
4.325999999999999845e-01
4.326666666666666439e-01
4.328666666666666774e-01
4.328666666666666774e-01
4.331333333333333147e-01
4.333333333333333481e-01
4.334666666666666668e-01
4.334666666666666668e-01
4.334000000000000075e-01
4.337333333333333596e-01
4.338000000000000189e-01
4.340666666666666562e-01
4.341333333333333155e-01
4.341333333333333155e-01
4.343333333333333490e-01
4.344666666666666677e-01
4.346666666666666456e-01
4.348000000000000198e-01
4.349999999999999978e-01
4.354000000000000092e-01
4.351999999999999758e-01
4.354666666666666686e-01
4.357333333333333059e-01
4.361333333333333173e-01
4.361999999999999766e-01
4.361333333333333173e-01
4.366666666666666474e-01
4.369999999999999996e-01
4.370666666666666589e-01
4.371999999999999775e-01
4.371999999999999775e-01
4.373333333333333517e-01
4.376666666666666483e-01
4.376666666666666483e-01
4.380000000000000004e-01
4.380000000000000004e-01
4.381999999999999784e-01
4.384666666666666712e-01
4.385999999999999899e-01
4.385999999999999899e-01
4.390000000000000013e-01
4.390000000000000013e-01
4.391999999999999793e-01
4.394000000000000128e-01
4.395333333333333314e-01
4.398666666666666836e-01
4.401333333333333209e-01
4.401333333333333209e-01
4.402666666666666395e-01
4.405333333333333323e-01
4.408000000000000251e-01
4.410000000000000031e-01
4.411333333333333218e-01
4.415333333333333332e-01
4.414666666666666739e-01
4.414666666666666739e-01
4.417333333333333112e-01
4.418000000000000260e-01
4.420000000000000040e-01
4.421333333333333226e-01
4.422666666666666413e-01
4.421999999999999820e-01
4.425999999999999934e-01
4.427333333333333121e-01
4.429333333333333456e-01
4.430000000000000049e-01
4.433333333333333570e-01
4.435333333333333350e-01
4.435999999999999943e-01
4.437999999999999723e-01
4.441333333333333244e-01
4.442666666666666431e-01
4.445999999999999952e-01
4.445999999999999952e-01
4.447333333333333139e-01
4.450000000000000067e-01
4.450666666666666660e-01
4.450666666666666660e-01
4.452666666666666440e-01
4.454000000000000181e-01
4.453333333333333588e-01
4.455999999999999961e-01
4.457999999999999741e-01
4.459333333333333482e-01
4.461333333333333262e-01
4.461999999999999855e-01
4.464666666666666783e-01
4.462666666666666448e-01
4.466666666666666563e-01
4.470000000000000084e-01
4.471999999999999864e-01
4.477333333333333165e-01
4.479333333333333500e-01
4.477999999999999758e-01
4.480000000000000093e-01
4.483333333333333059e-01
4.484000000000000208e-01
4.485333333333333394e-01
4.485999999999999988e-01
4.485333333333333394e-01
4.487333333333333174e-01
4.487333333333333174e-01
4.490000000000000102e-01
4.489333333333333509e-01
4.489333333333333509e-01
4.490000000000000102e-01
4.491333333333333289e-01
4.491999999999999882e-01
4.492666666666666475e-01
4.491999999999999882e-01
4.494666666666666810e-01
4.494666666666666810e-01
4.496666666666666590e-01
4.501333333333333298e-01
4.501333333333333298e-01
4.501999999999999891e-01
4.502666666666666484e-01
4.503333333333333077e-01
4.505333333333333412e-01
4.505333333333333412e-01
4.504666666666666819e-01
4.503333333333333077e-01
4.506666666666666599e-01
4.509333333333333527e-01
4.510666666666666713e-01
4.510000000000000120e-01
4.510000000000000120e-01
4.510000000000000120e-01
4.514000000000000234e-01
4.513333333333333086e-01
4.514666666666666828e-01
4.514000000000000234e-01
4.515333333333333421e-01
4.514000000000000234e-01
4.517999999999999794e-01
4.518666666666666942e-01
4.520000000000000129e-01
4.521333333333333315e-01
4.521333333333333315e-01
4.521999999999999909e-01
4.522666666666666502e-01
4.522666666666666502e-01
4.526000000000000023e-01
4.526666666666666616e-01
4.527999999999999803e-01
4.530000000000000138e-01
4.530666666666666731e-01
4.530666666666666731e-01
4.531999999999999917e-01
4.530666666666666731e-01
4.532666666666666511e-01
4.535333333333333439e-01
4.534000000000000252e-01
4.534666666666666845e-01
4.534666666666666845e-01
4.534000000000000252e-01
4.537333333333333218e-01
4.537333333333333218e-01
4.541999999999999926e-01
4.543333333333333113e-01
4.544000000000000261e-01
4.544000000000000261e-01
4.546000000000000041e-01
4.547999999999999821e-01
4.550000000000000155e-01
4.548666666666666414e-01
4.549333333333333562e-01
4.550666666666666749e-01
4.551333333333333342e-01
4.553333333333333122e-01
4.556000000000000050e-01
4.556000000000000050e-01
4.560666666666666758e-01
4.559333333333333571e-01
4.558666666666666423e-01
4.559333333333333571e-01
4.561333333333333351e-01
4.563333333333333131e-01
4.564666666666666872e-01
4.566000000000000059e-01
4.567999999999999838e-01
4.566666666666666652e-01
4.570000000000000173e-01
4.571333333333333360e-01
4.572666666666666546e-01
4.572666666666666546e-01
4.574666666666666881e-01
4.576000000000000068e-01
4.577333333333333254e-01
4.577333333333333254e-01
4.578666666666666440e-01
4.581333333333333369e-01
4.582666666666666555e-01
4.582666666666666555e-01
4.583333333333333148e-01
4.583333333333333148e-01
4.584666666666666890e-01
4.582666666666666555e-01
4.586000000000000076e-01
4.589333333333333598e-01
4.589333333333333598e-01
4.590000000000000191e-01
4.593333333333333157e-01
4.594666666666666899e-01
4.594666666666666899e-01
4.596000000000000085e-01
4.597999999999999865e-01
4.597999999999999865e-01
4.600000000000000200e-01
4.602666666666666573e-01
4.603333333333333166e-01
4.604666666666666908e-01
4.603333333333333166e-01
4.603999999999999759e-01
4.605333333333333501e-01
4.603999999999999759e-01
4.606666666666666687e-01
4.603999999999999759e-01
4.606666666666666687e-01
4.611333333333333395e-01
4.613333333333333175e-01
4.613333333333333175e-01
4.616000000000000103e-01
4.618666666666666476e-01
4.617999999999999883e-01
4.619333333333333069e-01
4.621999999999999997e-01
4.622666666666666591e-01
4.625333333333333519e-01
4.623999999999999777e-01
4.627999999999999892e-01
4.627999999999999892e-01
4.628666666666666485e-01
4.630000000000000226e-01
4.631333333333333413e-01
4.631333333333333413e-01
4.632666666666666599e-01
4.633333333333333193e-01
4.635333333333333528e-01
4.633999999999999786e-01
4.634666666666666934e-01
4.635333333333333528e-01
4.637999999999999901e-01
4.639333333333333087e-01
4.641333333333333422e-01
4.640666666666666829e-01
4.643999999999999795e-01
4.646666666666666723e-01
4.648666666666666503e-01
4.650000000000000244e-01
4.649333333333333096e-01
4.650000000000000244e-01
4.650000000000000244e-01
4.650000000000000244e-01
4.652000000000000024e-01
4.653999999999999804e-01
4.653333333333333210e-01
4.653999999999999804e-01
4.656000000000000139e-01
4.657333333333333325e-01
4.658666666666666512e-01
4.658666666666666512e-01
4.658666666666666512e-01
4.660666666666666846e-01
4.663999999999999813e-01
4.663333333333333219e-01
4.663333333333333219e-01
4.663333333333333219e-01
4.664666666666666406e-01
4.663999999999999813e-01
4.666666666666666741e-01
4.666666666666666741e-01
4.667333333333333334e-01
4.669333333333333114e-01
4.667999999999999927e-01
4.667999999999999927e-01
4.669333333333333114e-01
4.666000000000000147e-01
4.667999999999999927e-01
4.670000000000000262e-01
4.672000000000000042e-01
4.672000000000000042e-01
4.674666666666666415e-01
4.673999999999999821e-01
4.673333333333333228e-01
4.676000000000000156e-01
4.675333333333333563e-01
4.677333333333333343e-01
4.677999999999999936e-01
4.677999999999999936e-01
4.679333333333333123e-01
4.680000000000000271e-01
4.682666666666666644e-01
4.682000000000000051e-01
4.682666666666666644e-01
4.685333333333333572e-01
4.684666666666666424e-01
4.686666666666666758e-01
4.687333333333333352e-01
4.687999999999999945e-01
4.690666666666666873e-01
4.687333333333333352e-01
4.689333333333333131e-01
4.688666666666666538e-01
4.692000000000000060e-01
4.693999999999999839e-01
4.693333333333333246e-01
4.696666666666666767e-01
4.696000000000000174e-01
4.696666666666666767e-01
4.697333333333333361e-01
4.696666666666666767e-01
4.698666666666666547e-01
4.699333333333333140e-01
4.701333333333333475e-01
4.701333333333333475e-01
4.703999999999999848e-01
4.703999999999999848e-01
4.705333333333333590e-01
4.705333333333333590e-01
4.703999999999999848e-01
4.703999999999999848e-01
4.702000000000000068e-01
4.705333333333333590e-01
4.706666666666666776e-01
4.705333333333333590e-01
4.707333333333333369e-01
4.707999999999999963e-01
4.707999999999999963e-01
4.708666666666666556e-01
4.711333333333333484e-01
4.709999999999999742e-01
4.712000000000000077e-01
4.712666666666666671e-01
4.715333333333333599e-01
4.714666666666666450e-01
4.715333333333333599e-01
4.716000000000000192e-01
4.716666666666666785e-01
4.716666666666666785e-01
4.717333333333333378e-01
4.717333333333333378e-01
4.719999999999999751e-01
4.723333333333333273e-01
4.723333333333333273e-01
4.723999999999999866e-01
4.726666666666666794e-01
4.727999999999999980e-01
4.727333333333333387e-01
4.727999999999999980e-01
4.729333333333333167e-01
4.729333333333333167e-01
4.729333333333333167e-01
4.732000000000000095e-01
4.731333333333333502e-01
4.731333333333333502e-01
4.733333333333333282e-01
4.733333333333333282e-01
4.734666666666666468e-01
4.734666666666666468e-01
4.737333333333333396e-01
4.737999999999999989e-01
4.739333333333333176e-01
4.739333333333333176e-01
4.742666666666666697e-01
4.744666666666666477e-01
4.746000000000000218e-01
4.746000000000000218e-01
4.746666666666666812e-01
4.749333333333333185e-01
4.746666666666666812e-01
4.750666666666666926e-01
4.752000000000000113e-01
4.752666666666666706e-01
4.753333333333333299e-01
4.753999999999999893e-01
4.753333333333333299e-01
4.753999999999999893e-01
4.756666666666666821e-01
4.757333333333333414e-01
4.757333333333333414e-01
4.759333333333333194e-01
4.758666666666666600e-01
4.758000000000000007e-01
4.761333333333333528e-01
4.762000000000000122e-01
4.763333333333333308e-01
4.764666666666666495e-01
4.766000000000000236e-01
4.765333333333333088e-01
4.767333333333333423e-01
4.767333333333333423e-01
4.766666666666666829e-01
4.769333333333333202e-01
4.773333333333333317e-01
4.773999999999999910e-01
4.773999999999999910e-01
4.773333333333333317e-01
4.774666666666666504e-01
4.772000000000000131e-01
4.773999999999999910e-01
4.775333333333333097e-01
4.776000000000000245e-01
4.777333333333333432e-01
4.777333333333333432e-01
4.778666666666666618e-01
4.778000000000000025e-01
4.778000000000000025e-01
4.778000000000000025e-01
4.778000000000000025e-01
4.779999999999999805e-01
4.778666666666666618e-01
4.781333333333333546e-01
4.783333333333333326e-01
4.783333333333333326e-01
4.783999999999999919e-01
4.783333333333333326e-01
4.787333333333333441e-01
4.787333333333333441e-01
4.787333333333333441e-01
4.788666666666666627e-01
4.787333333333333441e-01
4.788666666666666627e-01
4.789999999999999813e-01
4.789333333333333220e-01
4.788666666666666627e-01
4.792666666666666742e-01
4.792000000000000148e-01
4.796000000000000263e-01
4.797333333333333449e-01
4.799999999999999822e-01
4.797333333333333449e-01
4.798000000000000043e-01
4.799333333333333229e-01
4.802000000000000157e-01
4.801333333333333564e-01
4.800666666666666416e-01
4.802000000000000157e-01
4.804666666666666530e-01
4.806666666666666865e-01
4.806000000000000272e-01
4.805333333333333123e-01
4.807333333333333458e-01
4.807333333333333458e-01
4.806666666666666865e-01
4.807333333333333458e-01
4.809333333333333238e-01
4.811333333333333573e-01
4.811333333333333573e-01
4.810666666666666424e-01
4.809999999999999831e-01
4.810666666666666424e-01
4.812000000000000166e-01
4.812000000000000166e-01
4.811333333333333573e-01
4.813999999999999946e-01
4.813999999999999946e-01
4.813999999999999946e-01
4.815999999999999726e-01
4.814666666666666539e-01
4.816666666666666874e-01
4.817333333333333467e-01
4.818000000000000060e-01
4.817333333333333467e-01
4.822000000000000175e-01
4.822666666666666768e-01
4.821333333333333582e-01
4.821333333333333582e-01
