2.545333333333333337e-01
2.577333333333333143e-01
2.614666666666666806e-01
2.646000000000000019e-01
2.680000000000000160e-01
2.700000000000000178e-01
2.727999999999999869e-01
2.751333333333333409e-01
2.772666666666666613e-01
2.807333333333333347e-01
2.833999999999999853e-01
2.856666666666666798e-01
2.872666666666666702e-01
2.892666666666666719e-01
2.909333333333333216e-01
2.928000000000000047e-01
2.948666666666666658e-01
2.967333333333333489e-01
2.987333333333333507e-01
3.007333333333333525e-01
3.022000000000000242e-01
3.034666666666666623e-01
3.052000000000000268e-01
3.071333333333333138e-01
3.085333333333333261e-01
3.102666666666666906e-01
3.115333333333333288e-01
3.127333333333333076e-01
3.137333333333333085e-01
3.153333333333333544e-01
3.165333333333333332e-01
3.177333333333333121e-01
3.187999999999999723e-01
3.207999999999999741e-01
3.218666666666666898e-01
3.227333333333333165e-01
3.238666666666666916e-01
3.250666666666666704e-01
3.260000000000000120e-01
3.270000000000000129e-01
3.280000000000000138e-01
3.289333333333333553e-01
3.304000000000000270e-01
3.313333333333333131e-01
3.320000000000000173e-01
3.328666666666666440e-01
3.337333333333333263e-01
3.344666666666666899e-01
3.355333333333333501e-01
3.364666666666666917e-01
3.369333333333333069e-01
3.375333333333333519e-01
3.383333333333333193e-01
3.392000000000000015e-01
3.400666666666666837e-01
3.412000000000000033e-01
3.422666666666666635e-01
3.427999999999999936e-01
3.440666666666666873e-01
3.448666666666666547e-01
3.458666666666666556e-01
3.464666666666666450e-01
3.468666666666666565e-01
3.475333333333333607e-01
3.482666666666666688e-01
3.487333333333333396e-01
3.493333333333333290e-01
3.499999999999999778e-01
3.508000000000000007e-01
3.516000000000000236e-01
3.524666666666666504e-01
3.529333333333333211e-01
3.532000000000000139e-01
3.541333333333333555e-01
3.548000000000000043e-01
3.552666666666666750e-01
3.554666666666666530e-01
3.563999999999999946e-01
3.567333333333333467e-01
3.573333333333333361e-01
3.575999999999999734e-01
3.578666666666666663e-01
3.582666666666666777e-01
3.588666666666666671e-01
3.598666666666666680e-01
3.602666666666666795e-01
3.607333333333333503e-01
3.612666666666666804e-01
3.617333333333333512e-01
3.622666666666666813e-01
3.627333333333333520e-01
3.632666666666666822e-01
3.639333333333333309e-01
3.643333333333333424e-01
3.648666666666666725e-01
3.653333333333333433e-01
3.655333333333333212e-01
3.662666666666666848e-01
3.669333333333333336e-01
3.670666666666666522e-01
3.675999999999999823e-01
3.682666666666666866e-01
3.691999999999999726e-01
3.696666666666666434e-01
3.698000000000000176e-01
3.702666666666666884e-01
3.706666666666666443e-01
3.712666666666666893e-01
3.721333333333333160e-01
3.725999999999999868e-01
3.728666666666666796e-01
3.734000000000000097e-01
3.736666666666666470e-01
3.739333333333333398e-01
3.743333333333333512e-01
3.748666666666666814e-01
3.755999999999999894e-01
3.760000000000000009e-01
3.763333333333333530e-01
3.765999999999999903e-01
3.771333333333333204e-01
3.774666666666666726e-01
3.778666666666666840e-01
3.780666666666666620e-01
3.783333333333333548e-01
3.786666666666666514e-01
3.790666666666666629e-01
3.800666666666666638e-01
3.803333333333333566e-01
3.808666666666666867e-01
3.812666666666666426e-01
3.814000000000000168e-01
3.816666666666666541e-01
3.821999999999999842e-01
3.825333333333333363e-01
3.829333333333333478e-01
3.834666666666666779e-01
3.840000000000000080e-01
3.840666666666666673e-01
3.845333333333333381e-01
3.849333333333333496e-01
3.850666666666666682e-01
3.851999999999999869e-01
3.854000000000000203e-01
3.855333333333333390e-01
3.861333333333333284e-01
3.866666666666666585e-01
3.869333333333333513e-01
3.871333333333333293e-01
3.874000000000000221e-01
3.876666666666666594e-01
3.880666666666666709e-01
3.887333333333333196e-01
3.890666666666666718e-01
3.893333333333333091e-01
3.897333333333333205e-01
3.901333333333333320e-01
3.906000000000000028e-01
3.911999999999999922e-01
3.914666666666666850e-01
3.917999999999999816e-01
3.920666666666666744e-01
3.920000000000000151e-01
3.923333333333333117e-01
3.926000000000000045e-01
3.928666666666666418e-01
3.934000000000000274e-01
3.934000000000000274e-01
3.940000000000000169e-01
3.943999999999999728e-01
3.946000000000000063e-01
3.949333333333333584e-01
3.952666666666666551e-01
3.954666666666666885e-01
3.961333333333333373e-01
3.967999999999999861e-01
3.971333333333333382e-01
3.972666666666666568e-01
3.975333333333333496e-01
3.981333333333333391e-01
3.986666666666666692e-01
3.986666666666666692e-01
3.987333333333333285e-01
3.993999999999999773e-01
3.998666666666666480e-01
4.002000000000000002e-01
4.003333333333333188e-01
4.004666666666666930e-01
4.007999999999999896e-01
4.011333333333333417e-01
4.015333333333333532e-01
4.020000000000000240e-01
4.026666666666666727e-01
4.027999999999999914e-01
4.032000000000000028e-01
4.030666666666666842e-01
4.036666666666666736e-01
4.040000000000000258e-01
4.043333333333333224e-01
4.043999999999999817e-01
4.044666666666666410e-01
4.044666666666666410e-01
4.048666666666666525e-01
4.051333333333333453e-01
4.053999999999999826e-01
4.056000000000000161e-01
4.056666666666666754e-01
4.060666666666666869e-01
4.063333333333333242e-01
4.067999999999999949e-01
4.069999999999999729e-01
4.072666666666666657e-01
4.072000000000000064e-01
4.071333333333333471e-01
4.076000000000000179e-01
4.077333333333333365e-01
4.076000000000000179e-01
4.079999999999999738e-01
4.082666666666666666e-01
4.085333333333333594e-01
4.086666666666666781e-01
4.089999999999999747e-01
4.089999999999999747e-01
4.093333333333333268e-01
4.095333333333333603e-01
4.097999999999999976e-01
4.102000000000000091e-01
4.103999999999999870e-01
4.105333333333333057e-01
4.107999999999999985e-01
4.109333333333333171e-01
4.109333333333333171e-01
4.109333333333333171e-01
4.112666666666666693e-01
4.114666666666666472e-01
4.116666666666666807e-01
4.120666666666666922e-01
4.121333333333333515e-01
4.123999999999999888e-01
4.127333333333333409e-01
4.127333333333333409e-01
4.131333333333333524e-01
4.133333333333333304e-01
4.136666666666666825e-01
4.135333333333333083e-01
4.137333333333333418e-01
4.139333333333333198e-01
4.143333333333333313e-01
4.147333333333333427e-01
4.150666666666666393e-01
4.152000000000000135e-01
4.152666666666666728e-01
4.156666666666666843e-01
4.157333333333333436e-01
4.155333333333333101e-01
4.158000000000000029e-01
4.159333333333333216e-01
4.158666666666666623e-01
4.158666666666666623e-01
4.159999999999999809e-01
4.161333333333333551e-01
4.164666666666666517e-01
4.165333333333333110e-01
4.166666666666666852e-01
4.169333333333333225e-01
4.173333333333333339e-01
4.176000000000000267e-01
4.181333333333333568e-01
4.180666666666666420e-01
4.183333333333333348e-01
4.186666666666666869e-01
4.189999999999999836e-01
4.190666666666666429e-01
4.190666666666666429e-01
4.193999999999999950e-01
4.194666666666666544e-01
4.195333333333333137e-01
4.195999999999999730e-01
4.199333333333333251e-01
4.201333333333333586e-01
4.204666666666666552e-01
4.206666666666666887e-01
4.208000000000000074e-01
4.210666666666666447e-01
4.208666666666666667e-01
4.209333333333333260e-01
4.212666666666666782e-01
4.216666666666666896e-01
4.216666666666666896e-01
4.218666666666666676e-01
4.222000000000000197e-01
4.222666666666666790e-01
4.227333333333333498e-01
4.229333333333333278e-01
4.233999999999999986e-01
4.235333333333333172e-01
4.236666666666666914e-01
4.238000000000000100e-01
4.241333333333333067e-01
4.242666666666666808e-01
4.240666666666666473e-01
4.245999999999999774e-01
4.248666666666666702e-01
4.254000000000000004e-01
4.259333333333333305e-01
4.260666666666666491e-01
4.261333333333333084e-01
4.262666666666666826e-01
4.264666666666666606e-01
4.265333333333333199e-01
4.265333333333333199e-01
4.268666666666666720e-01
4.272000000000000242e-01
4.273333333333333428e-01
4.274666666666666615e-01
4.276666666666666394e-01
4.281333333333333102e-01
4.282000000000000250e-01
4.283333333333333437e-01
4.284000000000000030e-01
4.291333333333333111e-01
4.288000000000000145e-01
4.289333333333333331e-01
4.288000000000000145e-01
4.286666666666666403e-01
4.289999999999999925e-01
4.289333333333333331e-01
4.291333333333333111e-01
4.292000000000000259e-01
4.295333333333333226e-01
4.297333333333333560e-01
4.296666666666666412e-01
4.300666666666666527e-01
4.301333333333333120e-01
4.305333333333333234e-01
4.307333333333333569e-01
4.311333333333333129e-01
4.314000000000000057e-01
4.316666666666666430e-01
4.318000000000000171e-01
4.321333333333333138e-01
4.322666666666666879e-01
4.322666666666666879e-01
4.324000000000000066e-01
4.324666666666666659e-01
4.328000000000000180e-01
4.330666666666666553e-01
4.331999999999999740e-01
4.333333333333333481e-01
4.335999999999999854e-01
4.338000000000000189e-01
4.340666666666666562e-01
4.338000000000000189e-01
4.341333333333333155e-01
4.345999999999999863e-01
4.348666666666666791e-01
4.348000000000000198e-01
4.350666666666666571e-01
4.351999999999999758e-01
4.358000000000000207e-01
4.359999999999999987e-01
4.361999999999999766e-01
4.361999999999999766e-01
4.365333333333333288e-01
4.368666666666666809e-01
4.367333333333333067e-01
4.369333333333333402e-01
4.369333333333333402e-01
4.371333333333333182e-01
4.371333333333333182e-01
4.371999999999999775e-01
4.374000000000000110e-01
4.378666666666666818e-01
4.380000000000000004e-01
4.381999999999999784e-01
4.385333333333333306e-01
4.385333333333333306e-01
4.388000000000000234e-01
4.388000000000000234e-01
4.390666666666666607e-01
4.389333333333333420e-01
4.394666666666666721e-01
4.396666666666666501e-01
4.400000000000000022e-01
4.401333333333333209e-01
4.401999999999999802e-01
4.401333333333333209e-01
4.401333333333333209e-01
4.400666666666666615e-01
4.400666666666666615e-01
4.402666666666666395e-01
4.404000000000000137e-01
4.405999999999999917e-01
4.406666666666666510e-01
4.408666666666666845e-01
4.410666666666666624e-01
4.415333333333333332e-01
4.417333333333333112e-01
4.419333333333333447e-01
4.422666666666666413e-01
4.423333333333333561e-01
4.424666666666666748e-01
4.426666666666666528e-01
4.429333333333333456e-01
4.432666666666666422e-01
4.436666666666666536e-01
4.435333333333333350e-01
4.437333333333333130e-01
4.438666666666666871e-01
4.443333333333333579e-01
4.442666666666666431e-01
4.443333333333333579e-01
4.445333333333333359e-01
4.447999999999999732e-01
4.447999999999999732e-01
4.448666666666666880e-01
4.451999999999999846e-01
4.451333333333333253e-01
4.453333333333333588e-01
4.455333333333333368e-01
4.458666666666666889e-01
4.458666666666666889e-01
4.457999999999999741e-01
4.461333333333333262e-01
4.462666666666666448e-01
4.464000000000000190e-01
4.463333333333333597e-01
4.464666666666666783e-01
4.464000000000000190e-01
4.466666666666666563e-01
4.470666666666666678e-01
4.470666666666666678e-01
4.471333333333333271e-01
4.468666666666666898e-01
4.471333333333333271e-01
4.474666666666666792e-01
4.472666666666666457e-01
4.475333333333333385e-01
4.474000000000000199e-01
4.476666666666666572e-01
4.475999999999999979e-01
4.476666666666666572e-01
4.477333333333333165e-01
4.476666666666666572e-01
4.478666666666666907e-01
4.478666666666666907e-01
4.482666666666666466e-01
4.485999999999999988e-01
4.488666666666666916e-01
4.487999999999999767e-01
4.489333333333333509e-01
4.491999999999999882e-01
4.491333333333333289e-01
4.491333333333333289e-01
4.493333333333333068e-01
4.495333333333333403e-01
4.497333333333333183e-01
4.497333333333333183e-01
4.497999999999999776e-01
4.498666666666666925e-01
4.500666666666666704e-01
4.499333333333333518e-01
4.500000000000000111e-01
4.497333333333333183e-01
4.500000000000000111e-01
4.500666666666666704e-01
4.502666666666666484e-01
4.501333333333333298e-01
4.506666666666666599e-01
4.506666666666666599e-01
4.507999999999999785e-01
4.511999999999999900e-01
4.511333333333333306e-01
4.512666666666666493e-01
4.512666666666666493e-01
4.515333333333333421e-01
4.517333333333333201e-01
4.517333333333333201e-01
4.518666666666666942e-01
4.521333333333333315e-01
4.523333333333333095e-01
4.524000000000000243e-01
4.524000000000000243e-01
4.521999999999999909e-01
4.522666666666666502e-01
4.525333333333333430e-01
4.522666666666666502e-01
4.523333333333333095e-01
4.526000000000000023e-01
4.525333333333333430e-01
4.527333333333333210e-01
4.530000000000000138e-01
4.529333333333333544e-01
4.531333333333333324e-01
4.533333333333333104e-01
4.532666666666666511e-01
4.535333333333333439e-01
4.536666666666666625e-01
4.539333333333333553e-01
4.544000000000000261e-01
4.544000000000000261e-01
4.541333333333333333e-01
4.541999999999999926e-01
4.543333333333333113e-01
4.545333333333333448e-01
4.544000000000000261e-01
4.544000000000000261e-01
4.545333333333333448e-01
4.547333333333333227e-01
4.546666666666666634e-01
4.546666666666666634e-01
4.549333333333333562e-01
4.552666666666666528e-01
4.555333333333333456e-01
4.556000000000000050e-01
4.556666666666666643e-01
4.556666666666666643e-01
4.557999999999999829e-01
4.559333333333333571e-01
4.560000000000000164e-01
4.562666666666666537e-01
4.566000000000000059e-01
4.566000000000000059e-01
4.566666666666666652e-01
4.570000000000000173e-01
4.570000000000000173e-01
4.571333333333333360e-01
4.572666666666666546e-01
4.573999999999999733e-01
4.578666666666666440e-01
4.577999999999999847e-01
4.576000000000000068e-01
4.576666666666666661e-01
4.580000000000000182e-01
4.579333333333333589e-01
4.582666666666666555e-01
4.581333333333333369e-01
4.582666666666666555e-01
4.586666666666666670e-01
4.586666666666666670e-01
4.587999999999999856e-01
4.588666666666666449e-01
4.590666666666666784e-01
4.590000000000000191e-01
4.589333333333333598e-01
4.591999999999999971e-01
4.591999999999999971e-01
4.592666666666666564e-01
4.593999999999999750e-01
4.596666666666666679e-01
4.597333333333333272e-01
4.598666666666666458e-01
4.601999999999999980e-01
4.601333333333333386e-01
4.601999999999999980e-01
4.603333333333333166e-01
4.603999999999999759e-01
4.605333333333333501e-01
4.607999999999999874e-01
4.607333333333333281e-01
4.607333333333333281e-01
4.610666666666666802e-01
4.611333333333333395e-01
4.614666666666666917e-01
4.615333333333333510e-01
4.615333333333333510e-01
4.616666666666666696e-01
4.615333333333333510e-01
4.614666666666666917e-01
4.616666666666666696e-01
4.617333333333333290e-01
4.616666666666666696e-01
4.618666666666666476e-01
4.619333333333333069e-01
4.620000000000000218e-01
4.623999999999999777e-01
4.623999999999999777e-01
4.621999999999999997e-01
4.623999999999999777e-01
4.625333333333333519e-01
4.624666666666666925e-01
4.628666666666666485e-01
4.630666666666666820e-01
4.629333333333333078e-01
4.632000000000000006e-01
4.632666666666666599e-01
4.633999999999999786e-01
4.634666666666666934e-01
4.635333333333333528e-01
4.634666666666666934e-01
4.633999999999999786e-01
4.633333333333333193e-01
4.632666666666666599e-01
4.637333333333333307e-01
4.637333333333333307e-01
4.639333333333333087e-01
4.639333333333333087e-01
4.639333333333333087e-01
4.640000000000000235e-01
4.640666666666666829e-01
4.642000000000000015e-01
4.641333333333333422e-01
4.642666666666666608e-01
4.642666666666666608e-01
4.643999999999999795e-01
4.646000000000000130e-01
4.646000000000000130e-01
4.647999999999999909e-01
4.650666666666666837e-01
4.651333333333333431e-01
4.652000000000000024e-01
4.650666666666666837e-01
4.652000000000000024e-01
4.653333333333333210e-01
4.655333333333333545e-01
4.657333333333333325e-01
4.655333333333333545e-01
4.655333333333333545e-01
4.657333333333333325e-01
4.658666666666666512e-01
4.658666666666666512e-01
4.657333333333333325e-01
4.657333333333333325e-01
4.659333333333333105e-01
4.657333333333333325e-01
4.660000000000000253e-01
4.659333333333333105e-01
4.658666666666666512e-01
4.660666666666666846e-01
4.662666666666666626e-01
4.665333333333333554e-01
4.666666666666666741e-01
4.666000000000000147e-01
4.664666666666666406e-01
4.662000000000000033e-01
4.662666666666666626e-01
4.660666666666666846e-01
4.658666666666666512e-01
4.660000000000000253e-01
4.662000000000000033e-01
4.663333333333333219e-01
4.662000000000000033e-01
4.662666666666666626e-01
4.662666666666666626e-01
4.663999999999999813e-01
4.661333333333333440e-01
4.664666666666666406e-01
4.667999999999999927e-01
4.667333333333333334e-01
4.670000000000000262e-01
4.670000000000000262e-01
4.669333333333333114e-01
4.667999999999999927e-01
4.669333333333333114e-01
4.670666666666666855e-01
4.673333333333333228e-01
4.676000000000000156e-01
4.676000000000000156e-01
4.681333333333333457e-01
4.680666666666666864e-01
4.683999999999999830e-01
4.683333333333333237e-01
4.685333333333333572e-01
4.687333333333333352e-01
4.686000000000000165e-01
4.685333333333333572e-01
4.687333333333333352e-01
4.685333333333333572e-01
4.684666666666666424e-01
4.684666666666666424e-01
4.685333333333333572e-01
4.686000000000000165e-01
4.683999999999999830e-01
4.686000000000000165e-01
4.686000000000000165e-01
4.686000000000000165e-01
4.687333333333333352e-01
4.688666666666666538e-01
4.689999999999999725e-01
4.691333333333333466e-01
4.693333333333333246e-01
4.693333333333333246e-01
4.693999999999999839e-01
4.693333333333333246e-01
4.694666666666666432e-01
4.693999999999999839e-01
4.693333333333333246e-01
4.692000000000000060e-01
4.695333333333333581e-01
4.695333333333333581e-01
4.697333333333333361e-01
4.701333333333333475e-01
4.700666666666666882e-01
4.702666666666666662e-01
4.700666666666666882e-01
4.701333333333333475e-01
4.699333333333333140e-01
4.702666666666666662e-01
4.701333333333333475e-01
4.703999999999999848e-01
4.705333333333333590e-01
4.706000000000000183e-01
4.709333333333333149e-01
4.708666666666666556e-01
4.706666666666666776e-01
4.712000000000000077e-01
4.711333333333333484e-01
4.713999999999999857e-01
4.713999999999999857e-01
4.715333333333333599e-01
4.716666666666666785e-01
4.719333333333333158e-01
4.718666666666666565e-01
4.718666666666666565e-01
4.721333333333333493e-01
4.722666666666666679e-01
4.722000000000000086e-01
4.725333333333333607e-01
4.723999999999999866e-01
4.724666666666666459e-01
4.724666666666666459e-01
4.724666666666666459e-01
4.723999999999999866e-01
4.725333333333333607e-01
4.724666666666666459e-01
4.724666666666666459e-01
4.726666666666666794e-01
4.728666666666666574e-01
4.729999999999999760e-01
4.733333333333333282e-01
