3.612666666666666804e-01
3.619333333333333291e-01
3.627333333333333520e-01
3.635999999999999788e-01
3.640666666666666496e-01
3.646666666666666390e-01
3.650666666666666504e-01
3.658000000000000140e-01
3.663333333333333441e-01
3.668000000000000149e-01
3.669999999999999929e-01
3.670666666666666522e-01
3.673333333333333450e-01
3.676666666666666416e-01
3.681333333333333124e-01
3.685333333333333239e-01
3.687333333333333574e-01
3.694000000000000061e-01
3.698666666666666769e-01
3.702666666666666884e-01
3.704666666666666663e-01
3.709333333333333371e-01
3.709999999999999964e-01
3.715999999999999859e-01
3.718000000000000194e-01
3.724000000000000088e-01
3.728666666666666796e-01
3.733333333333333504e-01
3.736666666666666470e-01
3.738000000000000211e-01
3.741999999999999771e-01
3.745333333333333292e-01
3.745333333333333292e-01
3.749333333333333407e-01
3.754000000000000115e-01
3.760000000000000009e-01
3.761999999999999789e-01
3.765333333333333310e-01
3.768000000000000238e-01
3.774666666666666726e-01
3.778000000000000247e-01
3.782666666666666400e-01
3.788666666666666849e-01
3.792666666666666409e-01
3.795333333333333337e-01
3.798000000000000265e-01
3.799333333333333451e-01
3.800666666666666638e-01
3.801333333333333231e-01
3.807333333333333125e-01
3.811999999999999833e-01
3.817999999999999727e-01
3.817333333333333134e-01
3.821999999999999842e-01
3.825333333333333363e-01
3.829333333333333478e-01
3.831333333333333258e-01
3.833333333333333592e-01
3.836666666666666559e-01
3.838666666666666893e-01
3.844000000000000195e-01
3.847999999999999754e-01
3.849333333333333496e-01
3.854666666666666797e-01
3.857333333333333170e-01
3.861333333333333284e-01
3.863333333333333064e-01
3.867999999999999772e-01
3.872666666666666480e-01
3.878666666666666929e-01
3.882666666666666488e-01
3.886000000000000010e-01
3.888666666666666938e-01
3.891999999999999904e-01
3.894000000000000239e-01
3.900666666666666726e-01
3.904000000000000248e-01
3.909333333333333549e-01
3.909333333333333549e-01
3.910666666666666735e-01
3.914000000000000257e-01
3.917999999999999816e-01
3.920666666666666744e-01
3.924666666666666859e-01
3.930000000000000160e-01
3.929333333333333567e-01
3.934666666666666868e-01
3.940666666666666762e-01
3.943333333333333135e-01
3.945333333333333470e-01
3.943333333333333135e-01
3.948666666666666436e-01
3.951333333333333364e-01
3.955333333333333479e-01
3.954666666666666885e-01
3.953999999999999737e-01
3.957333333333333258e-01
3.955333333333333479e-01
3.968666666666666454e-01
3.973999999999999755e-01
3.976000000000000090e-01
3.979333333333333056e-01
3.980666666666666798e-01
3.985333333333333505e-01
3.986000000000000099e-01
3.990000000000000213e-01
3.989333333333333065e-01
3.991999999999999993e-01
3.996666666666666701e-01
4.002000000000000002e-01
4.007333333333333303e-01
4.012000000000000011e-01
4.012666666666666604e-01
4.019333333333333091e-01
4.019333333333333091e-01
4.020666666666666833e-01
4.024666666666666393e-01
4.026666666666666727e-01
4.029333333333333100e-01
4.030666666666666842e-01
4.031333333333333435e-01
4.034666666666666401e-01
4.036000000000000143e-01
4.040000000000000258e-01
4.042000000000000037e-01
4.043333333333333224e-01
4.047999999999999932e-01
4.050000000000000266e-01
4.053999999999999826e-01
4.053999999999999826e-01
4.057999999999999940e-01
4.060666666666666869e-01
4.065333333333333576e-01
4.066000000000000170e-01
4.066666666666666763e-01
4.068666666666666543e-01
4.071333333333333471e-01
4.073999999999999844e-01
4.078666666666666551e-01
4.077999999999999958e-01
4.081333333333333480e-01
4.085333333333333594e-01
4.088666666666666560e-01
4.089999999999999747e-01
4.089999999999999747e-01
4.090666666666666895e-01
4.090666666666666895e-01
4.095333333333333603e-01
4.094666666666666455e-01
4.098666666666666569e-01
4.102666666666666684e-01
4.103999999999999870e-01
4.106000000000000205e-01
4.107333333333333392e-01
4.108666666666666578e-01
4.109333333333333171e-01
4.112666666666666693e-01
4.114666666666666472e-01
4.116000000000000214e-01
4.120666666666666922e-01
4.121333333333333515e-01
4.124666666666666481e-01
4.124666666666666481e-01
4.127333333333333409e-01
4.129999999999999782e-01
4.132666666666666710e-01
4.138000000000000012e-01
4.139999999999999791e-01
4.143999999999999906e-01
4.147333333333333427e-01
4.147333333333333427e-01
4.146000000000000241e-01
4.147333333333333427e-01
4.150666666666666393e-01
4.151333333333333542e-01
4.154666666666666508e-01
4.156000000000000250e-01
4.155333333333333101e-01
4.156666666666666843e-01
4.158000000000000029e-01
4.159333333333333216e-01
4.162000000000000144e-01
4.162666666666666737e-01
4.163999999999999924e-01
4.166000000000000258e-01
4.169999999999999818e-01
4.172000000000000153e-01
4.174666666666666526e-01
4.173999999999999932e-01
4.179999999999999827e-01
4.182000000000000162e-01
4.184666666666666535e-01
4.184666666666666535e-01
4.184666666666666535e-01
4.187333333333333463e-01
4.181333333333333568e-01
4.191333333333333577e-01
4.195333333333333137e-01
4.195999999999999730e-01
4.201333333333333586e-01
4.202666666666666773e-01
4.205999999999999739e-01
4.205333333333333146e-01
4.209999999999999853e-01
4.212666666666666782e-01
4.213333333333333375e-01
4.216666666666666896e-01
4.218666666666666676e-01
4.223999999999999977e-01
4.223999999999999977e-01
4.225333333333333163e-01
4.229333333333333278e-01
4.233999999999999986e-01
4.232666666666666799e-01
4.237333333333333507e-01
4.236666666666666914e-01
4.236666666666666914e-01
4.238666666666666694e-01
4.238666666666666694e-01
4.239999999999999880e-01
4.240666666666666473e-01
4.243333333333333401e-01
4.245333333333333181e-01
4.247333333333333516e-01
4.252000000000000224e-01
4.252000000000000224e-01
4.252000000000000224e-01
4.253333333333333410e-01
4.254000000000000004e-01
4.257333333333333525e-01
4.259333333333333305e-01
4.264000000000000012e-01
4.266666666666666941e-01
4.266666666666666941e-01
4.270666666666666500e-01
4.272000000000000242e-01
4.276666666666666394e-01
4.277333333333333543e-01
4.282000000000000250e-01
4.283333333333333437e-01
4.288666666666666738e-01
4.288666666666666738e-01
4.289333333333333331e-01
4.289999999999999925e-01
4.290666666666666518e-01
4.294000000000000039e-01
4.295333333333333226e-01
4.299333333333333340e-01
4.299999999999999933e-01
4.303333333333333455e-01
4.304000000000000048e-01
4.304000000000000048e-01
4.308666666666666756e-01
4.309999999999999942e-01
4.312666666666666870e-01
4.314000000000000057e-01
4.316666666666666430e-01
4.319999999999999951e-01
4.322666666666666879e-01
4.323333333333333472e-01
4.325333333333333252e-01
4.328000000000000180e-01
4.329333333333333367e-01
4.329333333333333367e-01
4.329333333333333367e-01
4.331999999999999740e-01
4.332666666666666888e-01
4.331999999999999740e-01
4.335333333333333261e-01
4.334666666666666668e-01
4.335999999999999854e-01
4.338666666666666782e-01
4.341999999999999749e-01
4.341333333333333155e-01
4.343333333333333490e-01
4.344000000000000083e-01
4.344000000000000083e-01
4.347333333333333605e-01
4.348000000000000198e-01
4.351333333333333164e-01
4.354000000000000092e-01
4.355333333333333279e-01
4.355333333333333279e-01
4.359333333333333393e-01
4.361333333333333173e-01
4.365333333333333288e-01
4.365333333333333288e-01
4.366666666666666474e-01
4.370666666666666589e-01
4.371333333333333182e-01
4.369999999999999996e-01
4.372666666666666924e-01
4.374000000000000110e-01
4.371333333333333182e-01
4.376666666666666483e-01
4.378666666666666818e-01
4.381333333333333191e-01
4.381999999999999784e-01
4.385999999999999899e-01
4.385999999999999899e-01
4.387333333333333085e-01
4.389333333333333420e-01
4.390666666666666607e-01
4.391333333333333200e-01
4.394666666666666721e-01
4.398000000000000242e-01
4.400000000000000022e-01
4.400666666666666615e-01
4.401333333333333209e-01
4.405333333333333323e-01
4.405999999999999917e-01
4.407333333333333103e-01
4.409333333333333438e-01
4.410000000000000031e-01
4.414000000000000146e-01
4.415333333333333332e-01
4.415999999999999925e-01
4.418000000000000260e-01
4.420666666666666633e-01
4.421999999999999820e-01
4.424000000000000155e-01
4.424000000000000155e-01
4.426666666666666528e-01
4.426666666666666528e-01
4.428000000000000269e-01
4.428666666666666862e-01
4.430000000000000049e-01
4.433333333333333570e-01
4.432666666666666422e-01
4.436666666666666536e-01
4.438666666666666871e-01
4.438666666666666871e-01
4.443333333333333579e-01
4.444666666666666766e-01
4.445999999999999952e-01
4.448666666666666880e-01
4.450000000000000067e-01
4.450000000000000067e-01
4.450000000000000067e-01
4.450666666666666660e-01
4.450666666666666660e-01
4.452666666666666440e-01
4.454000000000000181e-01
4.457333333333333147e-01
4.459333333333333482e-01
4.462666666666666448e-01
4.463333333333333597e-01
4.464666666666666783e-01
4.467333333333333156e-01
4.469333333333333491e-01
4.471999999999999864e-01
4.475999999999999979e-01
4.479333333333333500e-01
4.479333333333333500e-01
4.479333333333333500e-01
4.482666666666666466e-01
4.484666666666666801e-01
4.485333333333333394e-01
4.484000000000000208e-01
4.485333333333333394e-01
4.485333333333333394e-01
4.486666666666666581e-01
4.486666666666666581e-01
4.487999999999999767e-01
4.487999999999999767e-01
4.487333333333333174e-01
4.489333333333333509e-01
4.490666666666666695e-01
4.491333333333333289e-01
4.491333333333333289e-01
4.494000000000000217e-01
4.494000000000000217e-01
4.495999999999999996e-01
4.498666666666666925e-01
4.498666666666666925e-01
4.500000000000000111e-01
4.501333333333333298e-01
4.501333333333333298e-01
4.504666666666666819e-01
4.505333333333333412e-01
4.506000000000000005e-01
4.507999999999999785e-01
4.506666666666666599e-01
4.507333333333333192e-01
4.506000000000000005e-01
4.507333333333333192e-01
4.510666666666666713e-01
4.510000000000000120e-01
4.509333333333333527e-01
4.509333333333333527e-01
4.511333333333333306e-01
4.508666666666666933e-01
4.513333333333333086e-01
4.516666666666666607e-01
4.514000000000000234e-01
4.517333333333333201e-01
4.519333333333333536e-01
4.519333333333333536e-01
4.519333333333333536e-01
4.520666666666666722e-01
4.521333333333333315e-01
4.521999999999999909e-01
4.525333333333333430e-01
4.525333333333333430e-01
4.527333333333333210e-01
4.528666666666666396e-01
4.528666666666666396e-01
4.530000000000000138e-01
4.530000000000000138e-01
4.531999999999999917e-01
4.532666666666666511e-01
4.532666666666666511e-01
4.534000000000000252e-01
4.535333333333333439e-01
4.534000000000000252e-01
4.533333333333333104e-01
4.535333333333333439e-01
4.539333333333333553e-01
4.541999999999999926e-01
4.541999999999999926e-01
4.541333333333333333e-01
4.544000000000000261e-01
4.544000000000000261e-01
4.547333333333333227e-01
4.547333333333333227e-01
4.550666666666666749e-01
4.550666666666666749e-01
4.551999999999999935e-01
4.553333333333333122e-01
4.551999999999999935e-01
4.555333333333333456e-01
4.555333333333333456e-01
4.557333333333333236e-01
4.557333333333333236e-01
4.558666666666666423e-01
4.560666666666666758e-01
4.560000000000000164e-01
4.559333333333333571e-01
4.561333333333333351e-01
4.562666666666666537e-01
4.561333333333333351e-01
4.566000000000000059e-01
4.568666666666666432e-01
4.570000000000000173e-01
4.571999999999999953e-01
4.570666666666666766e-01
4.571999999999999953e-01
4.573999999999999733e-01
4.576000000000000068e-01
4.576000000000000068e-01
4.577999999999999847e-01
4.581333333333333369e-01
4.580666666666666775e-01
4.581333333333333369e-01
4.581999999999999962e-01
4.581999999999999962e-01
4.581999999999999962e-01
4.582666666666666555e-01
4.583999999999999742e-01
4.586000000000000076e-01
4.586666666666666670e-01
4.588666666666666449e-01
4.592666666666666564e-01
4.595333333333333492e-01
4.594666666666666899e-01
4.596000000000000085e-01
4.596000000000000085e-01
4.595333333333333492e-01
4.600666666666666793e-01
4.599333333333333607e-01
4.601999999999999980e-01
4.602666666666666573e-01
4.603333333333333166e-01
4.605333333333333501e-01
4.604666666666666908e-01
4.604666666666666908e-01
4.605333333333333501e-01
4.607333333333333281e-01
4.606666666666666687e-01
4.610666666666666802e-01
4.612666666666666582e-01
4.612666666666666582e-01
4.612666666666666582e-01
4.615333333333333510e-01
4.617999999999999883e-01
4.617333333333333290e-01
4.617333333333333290e-01
4.619333333333333069e-01
4.621333333333333404e-01
4.621333333333333404e-01
4.625333333333333519e-01
4.626666666666666705e-01
4.625333333333333519e-01
4.627999999999999892e-01
4.629333333333333078e-01
4.629333333333333078e-01
4.631333333333333413e-01
4.633333333333333193e-01
4.633999999999999786e-01
4.633333333333333193e-01
4.634666666666666934e-01
4.633999999999999786e-01
4.636000000000000121e-01
4.640666666666666829e-01
4.640000000000000235e-01
4.643333333333333202e-01
4.645333333333333536e-01
4.647333333333333316e-01
4.648666666666666503e-01
4.648666666666666503e-01
4.648666666666666503e-01
4.648666666666666503e-01
4.650000000000000244e-01
4.650666666666666837e-01
4.650000000000000244e-01
4.652000000000000024e-01
4.652000000000000024e-01
4.653333333333333210e-01
4.653999999999999804e-01
4.656000000000000139e-01
4.656666666666666732e-01
4.657999999999999918e-01
4.659333333333333105e-01
4.660000000000000253e-01
4.662666666666666626e-01
4.661333333333333440e-01
4.662000000000000033e-01
4.662666666666666626e-01
4.663333333333333219e-01
4.666000000000000147e-01
4.667999999999999927e-01
4.667999999999999927e-01
4.668666666666666520e-01
4.668666666666666520e-01
4.667333333333333334e-01
4.667333333333333334e-01
4.668666666666666520e-01
4.667999999999999927e-01
4.669333333333333114e-01
4.671333333333333449e-01
4.671333333333333449e-01
4.670666666666666855e-01
4.670666666666666855e-01
4.672666666666666635e-01
4.673333333333333228e-01
4.673999999999999821e-01
4.676666666666666750e-01
4.675333333333333563e-01
4.677333333333333343e-01
4.677333333333333343e-01
4.676000000000000156e-01
4.681333333333333457e-01
4.682666666666666644e-01
4.682000000000000051e-01
4.682666666666666644e-01
4.684666666666666424e-01
4.685333333333333572e-01
4.684666666666666424e-01
4.684666666666666424e-01
4.687333333333333352e-01
4.687999999999999945e-01
4.688666666666666538e-01
4.687999999999999945e-01
4.690666666666666873e-01
4.690666666666666873e-01
4.690666666666666873e-01
4.690666666666666873e-01
4.693333333333333246e-01
4.696666666666666767e-01
4.695333333333333581e-01
4.697333333333333361e-01
4.700666666666666882e-01
4.699333333333333140e-01
4.699999999999999734e-01
4.699999999999999734e-01
4.701333333333333475e-01
4.700666666666666882e-01
4.702666666666666662e-01
4.703999999999999848e-01
4.705333333333333590e-01
4.702666666666666662e-01
4.703999999999999848e-01
4.703999999999999848e-01
4.703999999999999848e-01
4.704666666666666441e-01
4.705333333333333590e-01
4.706000000000000183e-01
4.706000000000000183e-01
4.706000000000000183e-01
4.707999999999999963e-01
4.711333333333333484e-01
4.710666666666666891e-01
4.711333333333333484e-01
4.712000000000000077e-01
4.716000000000000192e-01
4.715333333333333599e-01
4.715333333333333599e-01
4.713999999999999857e-01
4.715333333333333599e-01
4.716000000000000192e-01
4.716000000000000192e-01
4.717333333333333378e-01
4.718666666666666565e-01
4.721333333333333493e-01
4.723333333333333273e-01
4.723333333333333273e-01
4.724666666666666459e-01
4.726000000000000201e-01
4.727333333333333387e-01
4.726000000000000201e-01
4.727333333333333387e-01
4.727999999999999980e-01
4.727999999999999980e-01
4.729999999999999760e-01
4.731333333333333502e-01
4.730666666666666909e-01
4.729999999999999760e-01
4.732000000000000095e-01
4.732666666666666688e-01
4.734666666666666468e-01
4.737333333333333396e-01
4.737999999999999989e-01
4.736666666666666803e-01
4.739333333333333176e-01
4.743999999999999884e-01
4.743999999999999884e-01
4.744666666666666477e-01
4.746666666666666812e-01
4.746666666666666812e-01
4.749333333333333185e-01
4.749999999999999778e-01
4.749333333333333185e-01
4.748666666666666591e-01
4.749333333333333185e-01
4.750666666666666926e-01
4.752000000000000113e-01
4.753999999999999893e-01
4.753333333333333299e-01
4.756000000000000227e-01
4.754666666666666486e-01
4.756000000000000227e-01
4.756000000000000227e-01
4.758666666666666600e-01
4.759333333333333194e-01
4.762000000000000122e-01
4.762000000000000122e-01
4.762000000000000122e-01
4.764666666666666495e-01
4.763333333333333308e-01
4.764666666666666495e-01
4.763999999999999901e-01
4.765333333333333088e-01
4.766666666666666829e-01
4.767333333333333423e-01
4.770666666666666944e-01
4.773333333333333317e-01
4.771333333333333537e-01
4.773333333333333317e-01
4.774666666666666504e-01
4.774666666666666504e-01
4.773333333333333317e-01
4.774666666666666504e-01
4.776000000000000245e-01
4.777333333333333432e-01
4.776666666666666838e-01
4.776666666666666838e-01
4.778000000000000025e-01
4.777333333333333432e-01
4.778666666666666618e-01
4.778666666666666618e-01
4.781333333333333546e-01
4.782000000000000139e-01
4.781333333333333546e-01
4.782000000000000139e-01
4.783999999999999919e-01
4.785333333333333106e-01
4.785333333333333106e-01
4.785333333333333106e-01
4.786666666666666847e-01
4.784666666666666512e-01
4.787333333333333441e-01
4.787333333333333441e-01
4.787333333333333441e-01
4.787333333333333441e-01
4.788000000000000034e-01
4.787333333333333441e-01
4.789333333333333220e-01
4.793333333333333335e-01
4.795333333333333115e-01
4.796000000000000263e-01
4.798666666666666636e-01
4.797333333333333449e-01
4.798666666666666636e-01
4.798666666666666636e-01
4.798666666666666636e-01
4.798000000000000043e-01
4.799333333333333229e-01
4.801333333333333564e-01
4.804666666666666530e-01
4.803333333333333344e-01
4.805333333333333123e-01
4.806000000000000272e-01
4.807333333333333458e-01
4.808666666666666645e-01
4.805333333333333123e-01
4.807333333333333458e-01
4.808666666666666645e-01
4.809999999999999831e-01
4.811333333333333573e-01
4.809333333333333238e-01
4.809999999999999831e-01
4.810666666666666424e-01
4.811333333333333573e-01
4.812000000000000166e-01
4.810666666666666424e-01
4.813333333333333353e-01
4.813333333333333353e-01
4.813999999999999946e-01
4.816666666666666874e-01
4.816666666666666874e-01
4.816666666666666874e-01
4.815333333333333132e-01
4.817333333333333467e-01
4.817333333333333467e-01
4.819999999999999840e-01
4.819999999999999840e-01
4.820666666666666433e-01
4.820666666666666433e-01
4.823999999999999955e-01
4.823999999999999955e-01
