3.602666666666666795e-01
3.612000000000000210e-01
3.618000000000000105e-01
3.623999999999999999e-01
3.627333333333333520e-01
3.632000000000000228e-01
3.638000000000000123e-01
3.640666666666666496e-01
3.645999999999999797e-01
3.651333333333333098e-01
3.653333333333333433e-01
3.654666666666666619e-01
3.663333333333333441e-01
3.668000000000000149e-01
3.670666666666666522e-01
3.674000000000000044e-01
3.675999999999999823e-01
3.676666666666666416e-01
3.681333333333333124e-01
3.685999999999999832e-01
3.687333333333333574e-01
3.692666666666666875e-01
3.700666666666666549e-01
3.702666666666666884e-01
3.705999999999999850e-01
3.709333333333333371e-01
3.712666666666666893e-01
3.717333333333333600e-01
3.719999999999999973e-01
3.725333333333333274e-01
3.729333333333333389e-01
3.735333333333333283e-01
3.737333333333333063e-01
3.739333333333333398e-01
3.743333333333333512e-01
3.748000000000000220e-01
3.750000000000000000e-01
3.753333333333333521e-01
3.758000000000000229e-01
3.761999999999999789e-01
3.764666666666666717e-01
3.766666666666666496e-01
3.773333333333333539e-01
3.778666666666666840e-01
3.783333333333333548e-01
3.787333333333333107e-01
3.790666666666666629e-01
3.794000000000000150e-01
3.797333333333333116e-01
3.800000000000000044e-01
3.801999999999999824e-01
3.804666666666666752e-01
3.808000000000000274e-01
3.811999999999999833e-01
3.814666666666666761e-01
3.818666666666666876e-01
3.820666666666666655e-01
3.824000000000000177e-01
3.827999999999999736e-01
3.829333333333333478e-01
3.831333333333333258e-01
3.835333333333333372e-01
3.837999999999999745e-01
3.842666666666666453e-01
3.845333333333333381e-01
3.850000000000000089e-01
3.853333333333333610e-01
3.857333333333333170e-01
3.860666666666666691e-01
3.864666666666666806e-01
3.869333333333333513e-01
3.873333333333333073e-01
3.880000000000000115e-01
3.882666666666666488e-01
3.886000000000000010e-01
3.887999999999999790e-01
3.892666666666666497e-01
3.893333333333333091e-01
3.897999999999999798e-01
3.904666666666666841e-01
3.908666666666666401e-01
3.910000000000000142e-01
3.910666666666666735e-01
3.915333333333333443e-01
3.918666666666666409e-01
3.918666666666666409e-01
3.923333333333333117e-01
3.926666666666666639e-01
3.928666666666666418e-01
3.934000000000000274e-01
3.937999999999999834e-01
3.940000000000000169e-01
3.944666666666666877e-01
3.945333333333333470e-01
3.942666666666666542e-01
3.951999999999999957e-01
3.955333333333333479e-01
3.954666666666666885e-01
3.956666666666666665e-01
3.958666666666666445e-01
3.964666666666666894e-01
3.973333333333333162e-01
3.977333333333333276e-01
3.977999999999999869e-01
3.981999999999999984e-01
3.983333333333333171e-01
3.986000000000000099e-01
3.987999999999999878e-01
3.990666666666666806e-01
3.991999999999999993e-01
3.996000000000000107e-01
3.999333333333333074e-01
4.003999999999999782e-01
4.011333333333333417e-01
4.013999999999999790e-01
4.016000000000000125e-01
4.019333333333333091e-01
4.019333333333333091e-01
4.019333333333333091e-01
4.024666666666666393e-01
4.027333333333333321e-01
4.030000000000000249e-01
4.033333333333333215e-01
4.033999999999999808e-01
4.037333333333333329e-01
4.040000000000000258e-01
4.041333333333333444e-01
4.043333333333333224e-01
4.046000000000000152e-01
4.047333333333333338e-01
4.049333333333333118e-01
4.056000000000000161e-01
4.056000000000000161e-01
4.060666666666666869e-01
4.063333333333333242e-01
4.066666666666666763e-01
4.066666666666666763e-01
4.067999999999999949e-01
4.067333333333333356e-01
4.072000000000000064e-01
4.073999999999999844e-01
4.076666666666666772e-01
4.078666666666666551e-01
4.082000000000000073e-01
4.085333333333333594e-01
4.088666666666666560e-01
4.089999999999999747e-01
4.092666666666666675e-01
4.093999999999999861e-01
4.093999999999999861e-01
4.096666666666666790e-01
4.098666666666666569e-01
4.101333333333333497e-01
4.102666666666666684e-01
4.102666666666666684e-01
4.107999999999999985e-01
4.107333333333333392e-01
4.106666666666666798e-01
4.110666666666666913e-01
4.113333333333333286e-01
4.113999999999999879e-01
4.119999999999999774e-01
4.119333333333333180e-01
4.121333333333333515e-01
4.123999999999999888e-01
4.126000000000000223e-01
4.128666666666666596e-01
4.135333333333333083e-01
4.137333333333333418e-01
4.142000000000000126e-01
4.144666666666666499e-01
4.145333333333333092e-01
4.146000000000000241e-01
4.146666666666666834e-01
4.148666666666666614e-01
4.149333333333333207e-01
4.150666666666666393e-01
4.152000000000000135e-01
4.152000000000000135e-01
4.153333333333333321e-01
4.152666666666666728e-01
4.153999999999999915e-01
4.158666666666666623e-01
4.158000000000000029e-01
4.162000000000000144e-01
4.162000000000000144e-01
4.162666666666666737e-01
4.165333333333333110e-01
4.169333333333333225e-01
4.171333333333333560e-01
4.176000000000000267e-01
4.177333333333333454e-01
4.179999999999999827e-01
4.183333333333333348e-01
4.184666666666666535e-01
4.184666666666666535e-01
4.186666666666666869e-01
4.188000000000000056e-01
4.189333333333333242e-01
4.193333333333333357e-01
4.195999999999999730e-01
4.199999999999999845e-01
4.204666666666666552e-01
4.206666666666666887e-01
4.206666666666666887e-01
4.209999999999999853e-01
4.213999999999999968e-01
4.213333333333333375e-01
4.218000000000000083e-01
4.219333333333333269e-01
4.219999999999999862e-01
4.223999999999999977e-01
4.228000000000000091e-01
4.226666666666666905e-01
4.229999999999999871e-01
4.233333333333333393e-01
4.238000000000000100e-01
4.238000000000000100e-01
4.239333333333333287e-01
4.239333333333333287e-01
4.241333333333333067e-01
4.240666666666666473e-01
4.243333333333333401e-01
4.245333333333333181e-01
4.245333333333333181e-01
4.246666666666666923e-01
4.251333333333333075e-01
4.252000000000000224e-01
4.252000000000000224e-01
4.253333333333333410e-01
4.255333333333333190e-01
4.256666666666666932e-01
4.260666666666666491e-01
4.264000000000000012e-01
4.267333333333333534e-01
4.268000000000000127e-01
4.268666666666666720e-01
4.269999999999999907e-01
4.274666666666666615e-01
4.278666666666666729e-01
4.280666666666666509e-01
4.282666666666666844e-01
4.286666666666666403e-01
4.289999999999999925e-01
4.291333333333333111e-01
4.291333333333333111e-01
4.294666666666666632e-01
4.297333333333333560e-01
4.297333333333333560e-01
4.295999999999999819e-01
4.298666666666666747e-01
4.302666666666666861e-01
4.304000000000000048e-01
4.305333333333333234e-01
4.307333333333333569e-01
4.307333333333333569e-01
4.311333333333333129e-01
4.314000000000000057e-01
4.316666666666666430e-01
4.320666666666666544e-01
4.321333333333333138e-01
4.322666666666666879e-01
4.324666666666666659e-01
4.325999999999999845e-01
4.326666666666666439e-01
4.328666666666666774e-01
4.329999999999999960e-01
4.331999999999999740e-01
4.331333333333333147e-01
4.331999999999999740e-01
4.331999999999999740e-01
4.333333333333333481e-01
4.335333333333333261e-01
4.334666666666666668e-01
4.338666666666666782e-01
4.339333333333333376e-01
4.342666666666666897e-01
4.343333333333333490e-01
4.345333333333333270e-01
4.346666666666666456e-01
4.349333333333333385e-01
4.351333333333333164e-01
4.353333333333333499e-01
4.351333333333333164e-01
4.355999999999999872e-01
4.358666666666666800e-01
4.361333333333333173e-01
4.363333333333333508e-01
4.365999999999999881e-01
4.365999999999999881e-01
4.369333333333333402e-01
4.370666666666666589e-01
4.371333333333333182e-01
4.373333333333333517e-01
4.374666666666666703e-01
4.375333333333333297e-01
4.375999999999999890e-01
4.380000000000000004e-01
4.381333333333333191e-01
4.383333333333333526e-01
4.385333333333333306e-01
4.385333333333333306e-01
4.388000000000000234e-01
4.391333333333333200e-01
4.390666666666666607e-01
4.393333333333333535e-01
4.393333333333333535e-01
4.397333333333333094e-01
4.398000000000000242e-01
4.401999999999999802e-01
4.401999999999999802e-01
4.404000000000000137e-01
4.406666666666666510e-01
4.408000000000000251e-01
4.409333333333333438e-01
4.411999999999999811e-01
4.413333333333333552e-01
4.414666666666666739e-01
4.414666666666666739e-01
4.416666666666666519e-01
4.416666666666666519e-01
4.420000000000000040e-01
4.422666666666666413e-01
4.424666666666666748e-01
4.424000000000000155e-01
4.425333333333333341e-01
4.428000000000000269e-01
4.429333333333333456e-01
4.431999999999999829e-01
4.433333333333333570e-01
4.435999999999999943e-01
4.435999999999999943e-01
4.437999999999999723e-01
4.441333333333333244e-01
4.445999999999999952e-01
4.445333333333333359e-01
4.446666666666666545e-01
4.447333333333333139e-01
4.450666666666666660e-01
4.451333333333333253e-01
4.451333333333333253e-01
4.452666666666666440e-01
4.451999999999999846e-01
4.452666666666666440e-01
4.454666666666666774e-01
4.457333333333333147e-01
4.460000000000000075e-01
4.462666666666666448e-01
4.464000000000000190e-01
4.464666666666666783e-01
4.464000000000000190e-01
4.467999999999999750e-01
4.470666666666666678e-01
4.473333333333333606e-01
4.477333333333333165e-01
4.477333333333333165e-01
4.478666666666666907e-01
4.481999999999999873e-01
4.484000000000000208e-01
4.484000000000000208e-01
4.483333333333333059e-01
4.483333333333333059e-01
4.481999999999999873e-01
4.485333333333333394e-01
4.485999999999999988e-01
4.486666666666666581e-01
4.489333333333333509e-01
4.490000000000000102e-01
4.488666666666666916e-01
4.490666666666666695e-01
4.491333333333333289e-01
4.492666666666666475e-01
4.494000000000000217e-01
4.495333333333333403e-01
4.496666666666666590e-01
4.497999999999999776e-01
4.499333333333333518e-01
4.500666666666666704e-01
4.500000000000000111e-01
4.502666666666666484e-01
4.504000000000000226e-01
4.505333333333333412e-01
4.506666666666666599e-01
4.505333333333333412e-01
4.504000000000000226e-01
4.507999999999999785e-01
4.508666666666666933e-01
4.510666666666666713e-01
4.510000000000000120e-01
4.511999999999999900e-01
4.512666666666666493e-01
4.512666666666666493e-01
4.514000000000000234e-01
4.515333333333333421e-01
4.514666666666666828e-01
4.514000000000000234e-01
4.517333333333333201e-01
4.517999999999999794e-01
4.520666666666666722e-01
4.520666666666666722e-01
4.521999999999999909e-01
4.521333333333333315e-01
4.521999999999999909e-01
4.521999999999999909e-01
4.525333333333333430e-01
4.526000000000000023e-01
4.528666666666666396e-01
4.529333333333333544e-01
4.530666666666666731e-01
4.530666666666666731e-01
4.530666666666666731e-01
4.531333333333333324e-01
4.534000000000000252e-01
4.532666666666666511e-01
4.534666666666666845e-01
4.532666666666666511e-01
4.534666666666666845e-01
4.534666666666666845e-01
4.534666666666666845e-01
4.539333333333333553e-01
4.540000000000000147e-01
4.541999999999999926e-01
4.541999999999999926e-01
4.543333333333333113e-01
4.546000000000000041e-01
4.547333333333333227e-01
4.549333333333333562e-01
4.548666666666666414e-01
4.550666666666666749e-01
4.550666666666666749e-01
4.550000000000000155e-01
4.552666666666666528e-01
4.553333333333333122e-01
4.555333333333333456e-01
4.557333333333333236e-01
4.560000000000000164e-01
4.559333333333333571e-01
4.559333333333333571e-01
4.560000000000000164e-01
4.561999999999999944e-01
4.563999999999999724e-01
4.563999999999999724e-01
4.564666666666666872e-01
4.568666666666666432e-01
4.570000000000000173e-01
4.571999999999999953e-01
4.573999999999999733e-01
4.573333333333333139e-01
4.573999999999999733e-01
4.576000000000000068e-01
4.573999999999999733e-01
4.573999999999999733e-01
4.577999999999999847e-01
4.579333333333333589e-01
4.580666666666666775e-01
4.580000000000000182e-01
4.580000000000000182e-01
4.579333333333333589e-01
4.583999999999999742e-01
4.584666666666666890e-01
4.584666666666666890e-01
4.585333333333333483e-01
4.586000000000000076e-01
4.589333333333333598e-01
4.590666666666666784e-01
4.593333333333333157e-01
4.593999999999999750e-01
4.594666666666666899e-01
4.596666666666666679e-01
4.597333333333333272e-01
4.599333333333333607e-01
4.600666666666666793e-01
4.602666666666666573e-01
4.602666666666666573e-01
4.603999999999999759e-01
4.604666666666666908e-01
4.607333333333333281e-01
4.606666666666666687e-01
4.605333333333333501e-01
4.606666666666666687e-01
4.607333333333333281e-01
4.608666666666666467e-01
4.611333333333333395e-01
4.611999999999999988e-01
4.614666666666666917e-01
4.616666666666666696e-01
4.617999999999999883e-01
4.619333333333333069e-01
4.620000000000000218e-01
4.621333333333333404e-01
4.621999999999999997e-01
4.626000000000000112e-01
4.624666666666666925e-01
4.625333333333333519e-01
4.628666666666666485e-01
4.632000000000000006e-01
4.632666666666666599e-01
4.632666666666666599e-01
4.632666666666666599e-01
4.632666666666666599e-01
4.635333333333333528e-01
4.636000000000000121e-01
4.635333333333333528e-01
4.635333333333333528e-01
4.636666666666666714e-01
4.637999999999999901e-01
4.638666666666666494e-01
4.640666666666666829e-01
4.642666666666666608e-01
4.644666666666666943e-01
4.645333333333333536e-01
4.649333333333333096e-01
4.650666666666666837e-01
4.649333333333333096e-01
4.649333333333333096e-01
4.650000000000000244e-01
4.650666666666666837e-01
4.652000000000000024e-01
4.653999999999999804e-01
4.654666666666666397e-01
4.654666666666666397e-01
4.656000000000000139e-01
4.656000000000000139e-01
4.658666666666666512e-01
4.658666666666666512e-01
4.661333333333333440e-01
4.662666666666666626e-01
4.662000000000000033e-01
4.662666666666666626e-01
4.662666666666666626e-01
4.662666666666666626e-01
4.663999999999999813e-01
4.666000000000000147e-01
4.667333333333333334e-01
4.666666666666666741e-01
4.669333333333333114e-01
4.667333333333333334e-01
4.667999999999999927e-01
4.668666666666666520e-01
4.667999999999999927e-01
4.666666666666666741e-01
4.667333333333333334e-01
4.669333333333333114e-01
4.671333333333333449e-01
4.672666666666666635e-01
4.672666666666666635e-01
4.672666666666666635e-01
4.673333333333333228e-01
4.675333333333333563e-01
4.674666666666666415e-01
4.676666666666666750e-01
4.677999999999999936e-01
4.677333333333333343e-01
4.680666666666666864e-01
4.681333333333333457e-01
4.681333333333333457e-01
4.682666666666666644e-01
4.683333333333333237e-01
4.683999999999999830e-01
4.683999999999999830e-01
4.686666666666666758e-01
4.687333333333333352e-01
4.687333333333333352e-01
4.689999999999999725e-01
4.687999999999999945e-01
4.688666666666666538e-01
4.692666666666666653e-01
4.693333333333333246e-01
4.693999999999999839e-01
4.694666666666666432e-01
4.696000000000000174e-01
4.697333333333333361e-01
4.698666666666666547e-01
4.697333333333333361e-01
4.697999999999999954e-01
4.699333333333333140e-01
4.699999999999999734e-01
4.702666666666666662e-01
4.702000000000000068e-01
4.703999999999999848e-01
4.703999999999999848e-01
4.704666666666666441e-01
4.703999999999999848e-01
4.703999999999999848e-01
4.702000000000000068e-01
4.703333333333333255e-01
4.706000000000000183e-01
4.705333333333333590e-01
4.704666666666666441e-01
4.707333333333333369e-01
4.707999999999999963e-01
4.707333333333333369e-01
4.707999999999999963e-01
4.712000000000000077e-01
4.710666666666666891e-01
4.712000000000000077e-01
4.713333333333333264e-01
4.715333333333333599e-01
4.715333333333333599e-01
4.716000000000000192e-01
4.715333333333333599e-01
4.714666666666666450e-01
4.715333333333333599e-01
4.717999999999999972e-01
4.719333333333333158e-01
4.720666666666666900e-01
4.722666666666666679e-01
4.724666666666666459e-01
4.724666666666666459e-01
4.726666666666666794e-01
4.728666666666666574e-01
4.728666666666666574e-01
4.728666666666666574e-01
4.729333333333333167e-01
4.729999999999999760e-01
4.729999999999999760e-01
4.730666666666666909e-01
4.729999999999999760e-01
4.732000000000000095e-01
4.733333333333333282e-01
4.733999999999999875e-01
4.736000000000000210e-01
4.736000000000000210e-01
4.735333333333333061e-01
4.737333333333333396e-01
4.738666666666666583e-01
4.742000000000000104e-01
4.742000000000000104e-01
4.744666666666666477e-01
4.743999999999999884e-01
4.746000000000000218e-01
4.746000000000000218e-01
4.747999999999999998e-01
4.749333333333333185e-01
4.749333333333333185e-01
4.750666666666666926e-01
4.750666666666666926e-01
4.752666666666666706e-01
4.752666666666666706e-01
4.752000000000000113e-01
4.753333333333333299e-01
4.756000000000000227e-01
4.758666666666666600e-01
4.758666666666666600e-01
4.759999999999999787e-01
4.760666666666666935e-01
4.762000000000000122e-01
4.761333333333333528e-01
4.762000000000000122e-01
4.766666666666666829e-01
4.764666666666666495e-01
4.764666666666666495e-01
4.764666666666666495e-01
4.766666666666666829e-01
4.767333333333333423e-01
4.767333333333333423e-01
4.771333333333333537e-01
4.771333333333333537e-01
4.773999999999999910e-01
4.774666666666666504e-01
4.774666666666666504e-01
4.775333333333333097e-01
4.775333333333333097e-01
4.774666666666666504e-01
4.776000000000000245e-01
4.776000000000000245e-01
4.777333333333333432e-01
4.778666666666666618e-01
4.778666666666666618e-01
4.779333333333333211e-01
4.779999999999999805e-01
4.778666666666666618e-01
4.780666666666666398e-01
4.779999999999999805e-01
4.779333333333333211e-01
4.781333333333333546e-01
4.782666666666666733e-01
4.782666666666666733e-01
4.784666666666666512e-01
4.786000000000000254e-01
4.786000000000000254e-01
4.788000000000000034e-01
4.786666666666666847e-01
4.788000000000000034e-01
4.788000000000000034e-01
4.788000000000000034e-01
4.789999999999999813e-01
4.789333333333333220e-01
4.788666666666666627e-01
4.792000000000000148e-01
4.793333333333333335e-01
4.796000000000000263e-01
4.796666666666666856e-01
4.799999999999999822e-01
4.798666666666666636e-01
4.798666666666666636e-01
4.798666666666666636e-01
4.802000000000000157e-01
4.801333333333333564e-01
4.802666666666666750e-01
4.804666666666666530e-01
4.803999999999999937e-01
4.807333333333333458e-01
4.806000000000000272e-01
4.807333333333333458e-01
4.808000000000000052e-01
4.808000000000000052e-01
4.808000000000000052e-01
4.808666666666666645e-01
4.809333333333333238e-01
4.811333333333333573e-01
4.812000000000000166e-01
4.809999999999999831e-01
4.811333333333333573e-01
4.811333333333333573e-01
4.809999999999999831e-01
4.810666666666666424e-01
4.811333333333333573e-01
4.813333333333333353e-01
4.812666666666666759e-01
4.813999999999999946e-01
4.815999999999999726e-01
4.815333333333333132e-01
4.815999999999999726e-01
4.818000000000000060e-01
4.818000000000000060e-01
4.819333333333333247e-01
4.820666666666666433e-01
4.820666666666666433e-01
4.821333333333333582e-01
