3.613999999999999990e-01
3.626666666666666927e-01
3.635333333333333194e-01
3.639999999999999902e-01
3.648000000000000131e-01
3.652000000000000246e-01
3.657333333333333547e-01
3.663333333333333441e-01
3.669333333333333336e-01
3.669999999999999929e-01
3.671333333333333115e-01
3.675999999999999823e-01
3.678666666666666751e-01
3.681333333333333124e-01
3.685999999999999832e-01
3.689333333333333353e-01
3.695999999999999841e-01
3.699333333333333362e-01
3.702666666666666884e-01
3.705999999999999850e-01
3.709999999999999964e-01
3.715333333333333266e-01
3.717333333333333600e-01
3.720666666666666567e-01
3.725999999999999868e-01
3.730666666666666575e-01
3.735999999999999877e-01
3.736666666666666470e-01
3.738666666666666805e-01
3.744000000000000106e-01
3.745333333333333292e-01
3.747333333333333072e-01
3.750000000000000000e-01
3.754666666666666708e-01
3.760000000000000009e-01
3.764666666666666717e-01
3.765999999999999903e-01
3.770000000000000018e-01
3.775999999999999912e-01
3.780000000000000027e-01
3.785999999999999921e-01
3.789333333333333442e-01
3.794666666666666743e-01
3.795333333333333337e-01
3.798666666666666858e-01
3.801333333333333231e-01
3.802666666666666417e-01
3.807333333333333125e-01
3.808000000000000274e-01
3.811333333333333240e-01
3.817999999999999727e-01
3.817999999999999727e-01
3.821999999999999842e-01
3.826666666666666550e-01
3.829333333333333478e-01
3.830666666666666664e-01
3.834000000000000186e-01
3.835333333333333372e-01
3.837333333333333152e-01
3.844000000000000195e-01
3.847999999999999754e-01
3.849333333333333496e-01
3.854666666666666797e-01
3.858666666666666911e-01
3.861999999999999877e-01
3.861333333333333284e-01
3.868666666666666920e-01
3.872666666666666480e-01
3.878666666666666929e-01
3.881333333333333302e-01
3.886000000000000010e-01
3.888666666666666938e-01
3.891333333333333311e-01
3.894666666666666832e-01
3.899333333333333540e-01
3.905333333333333434e-01
3.908666666666666401e-01
3.910000000000000142e-01
3.910666666666666735e-01
3.915333333333333443e-01
3.918666666666666409e-01
3.920000000000000151e-01
3.926000000000000045e-01
3.928666666666666418e-01
3.930666666666666753e-01
3.937333333333333241e-01
3.940000000000000169e-01
3.943333333333333135e-01
3.944666666666666877e-01
3.944666666666666877e-01
3.950000000000000178e-01
3.952666666666666551e-01
3.954666666666666885e-01
3.955333333333333479e-01
3.957333333333333258e-01
3.960000000000000187e-01
3.964666666666666894e-01
3.971333333333333382e-01
3.968666666666666454e-01
3.973999999999999755e-01
3.978666666666666463e-01
3.981333333333333391e-01
3.984666666666666912e-01
3.986666666666666692e-01
3.990000000000000213e-01
3.990000000000000213e-01
3.992666666666666586e-01
3.997333333333333294e-01
4.003333333333333188e-01
4.007333333333333303e-01
4.011333333333333417e-01
4.013999999999999790e-01
4.017333333333333312e-01
4.019333333333333091e-01
4.019333333333333091e-01
4.022000000000000020e-01
4.024666666666666393e-01
4.027999999999999914e-01
4.029333333333333100e-01
4.033333333333333215e-01
4.034666666666666401e-01
4.036000000000000143e-01
4.040000000000000258e-01
4.042000000000000037e-01
4.043999999999999817e-01
4.047999999999999932e-01
4.050000000000000266e-01
4.053999999999999826e-01
4.055333333333333568e-01
4.057333333333333347e-01
4.060666666666666869e-01
4.065333333333333576e-01
4.063999999999999835e-01
4.068666666666666543e-01
4.068666666666666543e-01
4.072666666666666657e-01
4.075333333333333585e-01
4.077333333333333365e-01
4.078666666666666551e-01
4.082000000000000073e-01
4.083999999999999853e-01
4.089333333333333154e-01
4.091333333333333488e-01
4.089333333333333154e-01
4.092000000000000082e-01
4.094666666666666455e-01
4.095333333333333603e-01
4.094666666666666455e-01
4.099999999999999756e-01
4.102000000000000091e-01
4.104666666666666464e-01
4.106666666666666798e-01
4.109333333333333171e-01
4.109333333333333171e-01
4.108666666666666578e-01
4.112666666666666693e-01
4.113999999999999879e-01
4.113999999999999879e-01
4.119333333333333180e-01
4.121333333333333515e-01
4.123999999999999888e-01
4.124666666666666481e-01
4.127333333333333409e-01
4.129999999999999782e-01
4.132666666666666710e-01
4.136666666666666825e-01
4.140666666666666940e-01
4.143999999999999906e-01
4.146000000000000241e-01
4.147333333333333427e-01
4.146666666666666834e-01
4.147333333333333427e-01
4.150666666666666393e-01
4.152000000000000135e-01
4.154666666666666508e-01
4.155333333333333101e-01
4.156000000000000250e-01
4.158000000000000029e-01
4.159333333333333216e-01
4.162000000000000144e-01
4.162666666666666737e-01
4.162666666666666737e-01
4.163333333333333330e-01
4.166000000000000258e-01
4.169333333333333225e-01
4.172000000000000153e-01
4.173999999999999932e-01
4.174666666666666526e-01
4.177333333333333454e-01
4.182000000000000162e-01
4.183999999999999941e-01
4.183999999999999941e-01
4.187333333333333463e-01
4.189333333333333242e-01
4.188666666666666649e-01
4.189999999999999836e-01
4.193999999999999950e-01
4.192666666666666764e-01
4.199999999999999845e-01
4.202000000000000179e-01
4.204666666666666552e-01
4.207333333333333480e-01
4.209333333333333260e-01
4.212000000000000188e-01
4.213999999999999968e-01
4.215333333333333155e-01
4.218000000000000083e-01
4.223999999999999977e-01
4.225333333333333163e-01
4.228000000000000091e-01
4.228000000000000091e-01
4.232666666666666799e-01
4.233999999999999986e-01
4.236666666666666914e-01
4.235999999999999766e-01
4.237333333333333507e-01
4.238666666666666694e-01
4.238666666666666694e-01
4.239999999999999880e-01
4.239999999999999880e-01
4.243999999999999995e-01
4.245333333333333181e-01
4.248666666666666702e-01
4.249999999999999889e-01
4.249999999999999889e-01
4.249999999999999889e-01
4.253333333333333410e-01
4.254666666666666597e-01
4.258000000000000118e-01
4.261333333333333084e-01
4.264666666666666606e-01
4.265333333333333199e-01
4.268000000000000127e-01
4.269999999999999907e-01
4.271333333333333093e-01
4.275333333333333208e-01
4.277333333333333543e-01
4.280666666666666509e-01
4.282666666666666844e-01
4.286666666666666403e-01
4.289999999999999925e-01
4.291333333333333111e-01
4.291333333333333111e-01
4.294000000000000039e-01
4.294666666666666632e-01
4.296666666666666412e-01
4.298666666666666747e-01
4.299999999999999933e-01
4.300666666666666527e-01
4.302666666666666861e-01
4.304000000000000048e-01
4.308000000000000163e-01
4.309333333333333349e-01
4.312000000000000277e-01
4.314000000000000057e-01
4.318666666666666765e-01
4.319999999999999951e-01
4.322666666666666879e-01
4.323333333333333472e-01
4.325333333333333252e-01
4.327333333333333587e-01
4.328666666666666774e-01
4.328666666666666774e-01
4.329333333333333367e-01
4.332666666666666888e-01
4.332666666666666888e-01
4.333333333333333481e-01
4.334000000000000075e-01
4.335999999999999854e-01
4.336666666666666448e-01
4.339333333333333376e-01
4.341999999999999749e-01
4.342666666666666897e-01
4.342666666666666897e-01
4.343333333333333490e-01
4.344666666666666677e-01
4.348000000000000198e-01
4.348666666666666791e-01
4.351999999999999758e-01
4.353333333333333499e-01
4.354666666666666686e-01
4.356666666666666465e-01
4.359999999999999987e-01
4.362666666666666915e-01
4.365999999999999881e-01
4.366666666666666474e-01
4.368000000000000216e-01
4.370666666666666589e-01
4.370666666666666589e-01
4.371333333333333182e-01
4.373333333333333517e-01
4.375999999999999890e-01
4.375333333333333297e-01
4.378000000000000225e-01
4.379333333333333411e-01
4.380000000000000004e-01
4.380666666666666598e-01
4.384666666666666712e-01
4.384000000000000119e-01
4.386666666666666492e-01
4.389333333333333420e-01
4.390666666666666607e-01
4.390666666666666607e-01
4.394000000000000128e-01
4.397333333333333094e-01
4.400000000000000022e-01
4.400666666666666615e-01
4.402666666666666395e-01
4.405333333333333323e-01
4.405333333333333323e-01
4.407333333333333103e-01
4.411333333333333218e-01
4.411999999999999811e-01
4.414000000000000146e-01
4.415999999999999925e-01
4.416666666666666519e-01
4.417333333333333112e-01
4.419333333333333447e-01
4.421999999999999820e-01
4.422666666666666413e-01
4.424666666666666748e-01
4.425333333333333341e-01
4.425999999999999934e-01
4.427333333333333121e-01
4.430000000000000049e-01
4.430666666666666642e-01
4.431999999999999829e-01
4.434000000000000163e-01
4.435333333333333350e-01
4.436666666666666536e-01
4.437333333333333130e-01
4.441333333333333244e-01
4.444000000000000172e-01
4.443333333333333579e-01
4.447999999999999732e-01
4.447999999999999732e-01
4.450000000000000067e-01
4.448666666666666880e-01
4.451333333333333253e-01
4.451999999999999846e-01
4.454000000000000181e-01
4.457333333333333147e-01
4.459333333333333482e-01
4.460000000000000075e-01
4.463333333333333597e-01
4.465333333333333377e-01
4.465999999999999970e-01
4.466666666666666563e-01
4.467999999999999750e-01
4.468666666666666898e-01
4.471999999999999864e-01
4.476666666666666572e-01
4.477999999999999758e-01
4.480000000000000093e-01
4.483333333333333059e-01
4.483333333333333059e-01
4.484666666666666801e-01
4.483333333333333059e-01
4.484666666666666801e-01
4.484666666666666801e-01
4.486666666666666581e-01
4.487333333333333174e-01
4.487999999999999767e-01
4.488666666666666916e-01
4.487333333333333174e-01
4.489333333333333509e-01
4.490000000000000102e-01
4.491333333333333289e-01
4.494666666666666810e-01
4.494000000000000217e-01
4.494666666666666810e-01
4.496666666666666590e-01
4.497999999999999776e-01
4.499333333333333518e-01
4.499333333333333518e-01
4.501333333333333298e-01
4.501333333333333298e-01
4.502666666666666484e-01
4.502666666666666484e-01
4.505333333333333412e-01
4.507333333333333192e-01
4.507333333333333192e-01
4.507999999999999785e-01
4.507999999999999785e-01
4.509333333333333527e-01
4.510000000000000120e-01
4.509333333333333527e-01
4.509333333333333527e-01
4.511333333333333306e-01
4.514000000000000234e-01
4.513333333333333086e-01
4.512666666666666493e-01
4.515333333333333421e-01
4.514000000000000234e-01
4.516666666666666607e-01
4.517333333333333201e-01
4.518666666666666942e-01
4.518666666666666942e-01
4.521333333333333315e-01
4.520666666666666722e-01
4.521999999999999909e-01
4.526000000000000023e-01
4.525333333333333430e-01
4.526666666666666616e-01
4.529333333333333544e-01
4.528666666666666396e-01
4.530000000000000138e-01
4.530000000000000138e-01
4.530666666666666731e-01
4.532666666666666511e-01
4.534000000000000252e-01
4.534000000000000252e-01
4.534000000000000252e-01
4.535333333333333439e-01
4.535333333333333439e-01
4.536666666666666625e-01
4.538666666666666405e-01
4.541333333333333333e-01
4.542666666666666520e-01
4.542666666666666520e-01
4.543333333333333113e-01
4.544666666666666854e-01
4.546000000000000041e-01
4.548666666666666414e-01
4.550666666666666749e-01
4.551333333333333342e-01
4.552666666666666528e-01
4.552666666666666528e-01
4.551999999999999935e-01
4.554666666666666863e-01
4.555333333333333456e-01
4.557333333333333236e-01
4.557999999999999829e-01
4.558666666666666423e-01
4.560000000000000164e-01
4.561333333333333351e-01
4.560000000000000164e-01
4.562666666666666537e-01
4.563999999999999724e-01
4.565333333333333465e-01
4.566666666666666652e-01
4.567333333333333245e-01
4.569333333333333580e-01
4.571999999999999953e-01
4.571333333333333360e-01
4.572666666666666546e-01
4.573999999999999733e-01
4.576000000000000068e-01
4.575333333333333474e-01
4.576666666666666661e-01
4.580000000000000182e-01
4.579333333333333589e-01
4.581999999999999962e-01
4.582666666666666555e-01
4.581333333333333369e-01
4.582666666666666555e-01
4.581999999999999962e-01
4.582666666666666555e-01
4.585333333333333483e-01
4.586666666666666670e-01
4.587999999999999856e-01
4.591999999999999971e-01
4.593999999999999750e-01
4.595333333333333492e-01
4.594666666666666899e-01
4.596666666666666679e-01
4.595333333333333492e-01
4.599333333333333607e-01
4.599333333333333607e-01
4.602666666666666573e-01
4.602666666666666573e-01
4.602666666666666573e-01
4.605333333333333501e-01
4.605333333333333501e-01
4.604666666666666908e-01
4.606000000000000094e-01
4.606000000000000094e-01
4.606666666666666687e-01
4.607999999999999874e-01
4.611999999999999988e-01
4.611333333333333395e-01
4.613999999999999768e-01
4.616000000000000103e-01
4.617333333333333290e-01
4.618666666666666476e-01
4.620000000000000218e-01
4.621999999999999997e-01
4.623999999999999777e-01
4.624666666666666925e-01
4.626666666666666705e-01
4.627333333333333298e-01
4.627333333333333298e-01
4.625333333333333519e-01
4.628666666666666485e-01
4.628666666666666485e-01
4.630666666666666820e-01
4.632000000000000006e-01
4.632666666666666599e-01
4.632000000000000006e-01
4.632000000000000006e-01
4.633999999999999786e-01
4.636000000000000121e-01
4.640000000000000235e-01
4.642000000000000015e-01
4.643333333333333202e-01
4.645333333333333536e-01
4.646000000000000130e-01
4.647333333333333316e-01
4.649333333333333096e-01
4.647333333333333316e-01
4.648666666666666503e-01
4.649333333333333096e-01
4.651333333333333431e-01
4.650666666666666837e-01
4.652666666666666617e-01
4.652000000000000024e-01
4.652666666666666617e-01
4.654666666666666397e-01
4.656000000000000139e-01
4.656666666666666732e-01
4.657999999999999918e-01
4.658666666666666512e-01
4.660000000000000253e-01
4.662000000000000033e-01
4.661333333333333440e-01
4.662000000000000033e-01
4.662666666666666626e-01
4.663999999999999813e-01
4.665333333333333554e-01
4.668666666666666520e-01
4.667333333333333334e-01
4.667999999999999927e-01
4.668666666666666520e-01
4.668666666666666520e-01
4.667333333333333334e-01
4.670666666666666855e-01
4.668666666666666520e-01
4.670666666666666855e-01
4.670666666666666855e-01
4.672000000000000042e-01
4.672000000000000042e-01
4.671333333333333449e-01
4.672666666666666635e-01
4.673999999999999821e-01
4.673999999999999821e-01
4.676000000000000156e-01
4.676666666666666750e-01
4.676000000000000156e-01
4.676666666666666750e-01
4.677333333333333343e-01
4.679333333333333123e-01
4.680666666666666864e-01
4.682000000000000051e-01
4.682666666666666644e-01
4.683999999999999830e-01
4.685333333333333572e-01
4.684666666666666424e-01
4.687333333333333352e-01
4.686000000000000165e-01
4.686666666666666758e-01
4.689333333333333131e-01
4.689999999999999725e-01
4.690666666666666873e-01
4.690666666666666873e-01
4.691333333333333466e-01
4.691333333333333466e-01
4.693333333333333246e-01
4.695333333333333581e-01
4.696000000000000174e-01
4.697999999999999954e-01
4.700666666666666882e-01
4.699999999999999734e-01
4.698666666666666547e-01
4.699333333333333140e-01
4.700666666666666882e-01
4.700666666666666882e-01
4.701333333333333475e-01
4.703333333333333255e-01
4.704666666666666441e-01
4.703999999999999848e-01
4.704666666666666441e-01
4.704666666666666441e-01
4.704666666666666441e-01
4.706000000000000183e-01
4.707333333333333369e-01
4.707333333333333369e-01
4.708666666666666556e-01
4.708666666666666556e-01
4.709333333333333149e-01
4.710666666666666891e-01
4.713333333333333264e-01
4.712000000000000077e-01
4.712666666666666671e-01
4.713333333333333264e-01
4.716666666666666785e-01
4.716666666666666785e-01
4.714666666666666450e-01
4.716666666666666785e-01
4.715333333333333599e-01
4.716666666666666785e-01
4.716000000000000192e-01
4.719333333333333158e-01
4.722000000000000086e-01
4.723333333333333273e-01
4.723333333333333273e-01
4.724666666666666459e-01
4.726000000000000201e-01
4.727999999999999980e-01
4.725333333333333607e-01
4.726666666666666794e-01
4.727333333333333387e-01
4.728666666666666574e-01
4.730666666666666909e-01
4.731333333333333502e-01
4.730666666666666909e-01
4.730666666666666909e-01
4.732000000000000095e-01
4.732666666666666688e-01
4.735333333333333061e-01
4.736000000000000210e-01
4.738666666666666583e-01
4.738666666666666583e-01
4.738666666666666583e-01
4.743999999999999884e-01
4.744666666666666477e-01
4.743999999999999884e-01
4.746000000000000218e-01
4.746000000000000218e-01
4.748666666666666591e-01
4.749999999999999778e-01
4.747999999999999998e-01
4.749333333333333185e-01
4.750666666666666926e-01
4.751333333333333520e-01
4.753999999999999893e-01
4.753999999999999893e-01
4.755333333333333079e-01
4.756000000000000227e-01
4.755333333333333079e-01
4.756000000000000227e-01
4.756666666666666821e-01
4.758666666666666600e-01
4.759333333333333194e-01
4.762000000000000122e-01
4.762000000000000122e-01
4.763333333333333308e-01
4.763333333333333308e-01
4.764666666666666495e-01
4.763333333333333308e-01
4.763999999999999901e-01
4.766000000000000236e-01
4.767333333333333423e-01
4.767333333333333423e-01
4.770666666666666944e-01
4.770666666666666944e-01
4.772000000000000131e-01
4.773333333333333317e-01
4.771333333333333537e-01
4.773333333333333317e-01
4.773333333333333317e-01
4.773999999999999910e-01
4.774666666666666504e-01
4.776666666666666838e-01
4.776666666666666838e-01
4.776666666666666838e-01
4.778000000000000025e-01
4.776000000000000245e-01
4.778666666666666618e-01
4.777333333333333432e-01
4.782000000000000139e-01
4.781333333333333546e-01
4.782000000000000139e-01
4.782000000000000139e-01
4.784666666666666512e-01
4.784666666666666512e-01
4.782666666666666733e-01
4.784666666666666512e-01
4.785333333333333106e-01
4.786666666666666847e-01
4.788000000000000034e-01
4.788666666666666627e-01
4.789333333333333220e-01
4.788666666666666627e-01
4.789999999999999813e-01
4.789333333333333220e-01
4.791333333333333555e-01
4.793333333333333335e-01
4.796666666666666856e-01
4.796666666666666856e-01
4.798000000000000043e-01
4.798000000000000043e-01
4.798666666666666636e-01
4.799333333333333229e-01
4.800666666666666416e-01
4.799999999999999822e-01
4.798666666666666636e-01
4.798666666666666636e-01
4.802666666666666750e-01
4.802666666666666750e-01
4.804666666666666530e-01
4.806000000000000272e-01
4.807333333333333458e-01
4.808666666666666645e-01
4.806000000000000272e-01
4.807333333333333458e-01
4.809999999999999831e-01
4.810666666666666424e-01
4.812000000000000166e-01
4.809999999999999831e-01
4.809999999999999831e-01
4.809999999999999831e-01
4.812000000000000166e-01
4.811333333333333573e-01
4.812000000000000166e-01
4.812000000000000166e-01
4.813999999999999946e-01
4.815333333333333132e-01
4.815333333333333132e-01
4.815999999999999726e-01
4.817333333333333467e-01
4.816666666666666874e-01
4.816666666666666874e-01
4.818666666666666654e-01
4.819333333333333247e-01
4.819999999999999840e-01
4.819333333333333247e-01
4.818666666666666654e-01
4.821333333333333582e-01
4.823999999999999955e-01
4.822666666666666768e-01
