3.580666666666666442e-01
3.588000000000000078e-01
3.593333333333333379e-01
3.598666666666666680e-01
3.605333333333333168e-01
3.615333333333333177e-01
3.617333333333333512e-01
3.621333333333333071e-01
3.623999999999999999e-01
3.628000000000000114e-01
3.631333333333333080e-01
3.634666666666666601e-01
3.637333333333333529e-01
3.644000000000000017e-01
3.644000000000000017e-01
3.648000000000000131e-01
3.652000000000000246e-01
3.655333333333333212e-01
3.658000000000000140e-01
3.661333333333333107e-01
3.668000000000000149e-01
3.672000000000000264e-01
3.675999999999999823e-01
3.678000000000000158e-01
3.679333333333333345e-01
3.682666666666666866e-01
3.688000000000000167e-01
3.692666666666666875e-01
3.694666666666666655e-01
3.698666666666666769e-01
3.705333333333333257e-01
3.708666666666666778e-01
3.712666666666666893e-01
3.715333333333333266e-01
3.719999999999999973e-01
3.724000000000000088e-01
3.727333333333333609e-01
3.734666666666666690e-01
3.739999999999999991e-01
3.741333333333333178e-01
3.744666666666666699e-01
3.748000000000000220e-01
3.751333333333333186e-01
3.751999999999999780e-01
3.755999999999999894e-01
3.760000000000000009e-01
3.766666666666666496e-01
3.768000000000000238e-01
3.775333333333333319e-01
3.779333333333333433e-01
3.781999999999999806e-01
3.786666666666666514e-01
3.788000000000000256e-01
3.794666666666666743e-01
3.798000000000000265e-01
3.800666666666666638e-01
3.803333333333333566e-01
3.804000000000000159e-01
3.807333333333333125e-01
3.810666666666666647e-01
3.815999999999999948e-01
3.818666666666666876e-01
3.821999999999999842e-01
3.826666666666666550e-01
3.830666666666666664e-01
3.831333333333333258e-01
3.834000000000000186e-01
3.836666666666666559e-01
3.840666666666666673e-01
3.845333333333333381e-01
3.850000000000000089e-01
3.852666666666666462e-01
3.856666666666666576e-01
3.861333333333333284e-01
3.864000000000000212e-01
3.867333333333333178e-01
3.875333333333333408e-01
3.878666666666666929e-01
3.883333333333333082e-01
3.884000000000000230e-01
3.888666666666666938e-01
3.891999999999999904e-01
3.894000000000000239e-01
3.899333333333333540e-01
3.904000000000000248e-01
3.907999999999999807e-01
3.907999999999999807e-01
3.910000000000000142e-01
3.911333333333333329e-01
3.910000000000000142e-01
3.916666666666666630e-01
3.922666666666666524e-01
3.925333333333333452e-01
3.925333333333333452e-01
3.934000000000000274e-01
3.938666666666666427e-01
3.940000000000000169e-01
3.943333333333333135e-01
3.945333333333333470e-01
3.949333333333333584e-01
3.950666666666666771e-01
3.953333333333333144e-01
3.955333333333333479e-01
3.957999999999999852e-01
3.961333333333333373e-01
3.967333333333333267e-01
3.976000000000000090e-01
3.979333333333333056e-01
3.980000000000000204e-01
3.982666666666666577e-01
3.986666666666666692e-01
3.987333333333333285e-01
3.990000000000000213e-01
3.990666666666666806e-01
3.993333333333333179e-01
3.997999999999999887e-01
4.001333333333333409e-01
4.006666666666666710e-01
4.010666666666666824e-01
4.012000000000000011e-01
4.017999999999999905e-01
4.021333333333333426e-01
4.021333333333333426e-01
4.022000000000000020e-01
4.024666666666666393e-01
4.027333333333333321e-01
4.028666666666666507e-01
4.032000000000000028e-01
4.035333333333333550e-01
4.036666666666666736e-01
4.040666666666666851e-01
4.041333333333333444e-01
4.043333333333333224e-01
4.046666666666666745e-01
4.045333333333333559e-01
4.048666666666666525e-01
4.052666666666666639e-01
4.055333333333333568e-01
4.060000000000000275e-01
4.062000000000000055e-01
4.065333333333333576e-01
4.066666666666666763e-01
4.066000000000000170e-01
4.071333333333333471e-01
4.073333333333333250e-01
4.078666666666666551e-01
4.077333333333333365e-01
4.078666666666666551e-01
4.085333333333333594e-01
4.086666666666666781e-01
4.088666666666666560e-01
4.090666666666666895e-01
4.092666666666666675e-01
4.093333333333333268e-01
4.095333333333333603e-01
4.097999999999999976e-01
4.098666666666666569e-01
4.102000000000000091e-01
4.102666666666666684e-01
4.105333333333333057e-01
4.107999999999999985e-01
4.107999999999999985e-01
4.109333333333333171e-01
4.110666666666666913e-01
4.114666666666666472e-01
4.116000000000000214e-01
4.119333333333333180e-01
4.121333333333333515e-01
4.123999999999999888e-01
4.123999999999999888e-01
4.128666666666666596e-01
4.129999999999999782e-01
4.133333333333333304e-01
4.138666666666666605e-01
4.141333333333333533e-01
4.143333333333333313e-01
4.144666666666666499e-01
4.146000000000000241e-01
4.144666666666666499e-01
4.143333333333333313e-01
4.148000000000000020e-01
4.151333333333333542e-01
4.151333333333333542e-01
4.149999999999999800e-01
4.152000000000000135e-01
4.152666666666666728e-01
4.158000000000000029e-01
4.157333333333333436e-01
4.159333333333333216e-01
4.159333333333333216e-01
4.162666666666666737e-01
4.162666666666666737e-01
4.166666666666666852e-01
4.173333333333333339e-01
4.175333333333333119e-01
4.176666666666666861e-01
4.180666666666666420e-01
4.182666666666666755e-01
4.184666666666666535e-01
4.186000000000000276e-01
4.186666666666666869e-01
4.186000000000000276e-01
4.188000000000000056e-01
4.193333333333333357e-01
4.197333333333333472e-01
4.200666666666666438e-01
4.202666666666666773e-01
4.207333333333333480e-01
4.208666666666666667e-01
4.210666666666666447e-01
4.214666666666666561e-01
4.213999999999999968e-01
4.218000000000000083e-01
4.218666666666666676e-01
4.220666666666666456e-01
4.222000000000000197e-01
4.223999999999999977e-01
4.226666666666666905e-01
4.228666666666666685e-01
4.229999999999999871e-01
4.233999999999999986e-01
4.235999999999999766e-01
4.236666666666666914e-01
4.238000000000000100e-01
4.235999999999999766e-01
4.240666666666666473e-01
4.241333333333333067e-01
4.244666666666666588e-01
4.245333333333333181e-01
4.245333333333333181e-01
4.249999999999999889e-01
4.252666666666666817e-01
4.252000000000000224e-01
4.254000000000000004e-01
4.254666666666666597e-01
4.257333333333333525e-01
4.259999999999999898e-01
4.262666666666666826e-01
4.265333333333333199e-01
4.267333333333333534e-01
4.270666666666666500e-01
4.272666666666666835e-01
4.275333333333333208e-01
4.278666666666666729e-01
4.282000000000000250e-01
4.283333333333333437e-01
4.286666666666666403e-01
4.288666666666666738e-01
4.289333333333333331e-01
4.291333333333333111e-01
4.294666666666666632e-01
4.295999999999999819e-01
4.298000000000000154e-01
4.298000000000000154e-01
4.299999999999999933e-01
4.301333333333333120e-01
4.303333333333333455e-01
4.305333333333333234e-01
4.305999999999999828e-01
4.306666666666666421e-01
4.310666666666666536e-01
4.313333333333333464e-01
4.315999999999999837e-01
4.318000000000000171e-01
4.321333333333333138e-01
4.321333333333333138e-01
4.323333333333333472e-01
4.324000000000000066e-01
4.324666666666666659e-01
4.321999999999999731e-01
4.326666666666666439e-01
4.329333333333333367e-01
4.334666666666666668e-01
4.332666666666666888e-01
4.332666666666666888e-01
4.330666666666666553e-01
4.334000000000000075e-01
4.335333333333333261e-01
4.337333333333333596e-01
4.336666666666666448e-01
4.338666666666666782e-01
4.341333333333333155e-01
4.342666666666666897e-01
4.345999999999999863e-01
4.349333333333333385e-01
4.349333333333333385e-01
4.351999999999999758e-01
4.354000000000000092e-01
4.356666666666666465e-01
4.358000000000000207e-01
4.360666666666666580e-01
4.362666666666666915e-01
4.364000000000000101e-01
4.365999999999999881e-01
4.367333333333333067e-01
4.369999999999999996e-01
4.369999999999999996e-01
4.371333333333333182e-01
4.372666666666666924e-01
4.373333333333333517e-01
4.377333333333333076e-01
4.377333333333333076e-01
4.383333333333333526e-01
4.385999999999999899e-01
4.388666666666666827e-01
4.389333333333333420e-01
4.388666666666666827e-01
4.391333333333333200e-01
4.392666666666666941e-01
4.392666666666666941e-01
4.395333333333333314e-01
4.397333333333333094e-01
4.400000000000000022e-01
4.399333333333333429e-01
4.400000000000000022e-01
4.404666666666666730e-01
4.407333333333333103e-01
4.409333333333333438e-01
4.410000000000000031e-01
4.409333333333333438e-01
4.412666666666666404e-01
4.414000000000000146e-01
4.414000000000000146e-01
4.416666666666666519e-01
4.418000000000000260e-01
4.418666666666666853e-01
4.420666666666666633e-01
4.422666666666666413e-01
4.424000000000000155e-01
4.422666666666666413e-01
4.426666666666666528e-01
4.429333333333333456e-01
4.430000000000000049e-01
4.432666666666666422e-01
4.434000000000000163e-01
4.434666666666666757e-01
4.438666666666666871e-01
4.441333333333333244e-01
4.440000000000000058e-01
4.442666666666666431e-01
4.445333333333333359e-01
4.447999999999999732e-01
4.448666666666666880e-01
4.447999999999999732e-01
4.450666666666666660e-01
4.451333333333333253e-01
4.452666666666666440e-01
4.454666666666666774e-01
4.455999999999999961e-01
4.456666666666666554e-01
4.460000000000000075e-01
4.461999999999999855e-01
4.461333333333333262e-01
4.462666666666666448e-01
4.460000000000000075e-01
4.466666666666666563e-01
4.469333333333333491e-01
4.473333333333333606e-01
4.475333333333333385e-01
4.474666666666666792e-01
4.478666666666666907e-01
4.480666666666666687e-01
4.483333333333333059e-01
4.484000000000000208e-01
4.484666666666666801e-01
4.481999999999999873e-01
4.484666666666666801e-01
4.484666666666666801e-01
4.485999999999999988e-01
4.484666666666666801e-01
4.487333333333333174e-01
4.487999999999999767e-01
4.487999999999999767e-01
4.488666666666666916e-01
4.488666666666666916e-01
4.491333333333333289e-01
4.492666666666666475e-01
4.494000000000000217e-01
4.496666666666666590e-01
4.496666666666666590e-01
4.498666666666666925e-01
4.501333333333333298e-01
4.502666666666666484e-01
4.501999999999999891e-01
4.504000000000000226e-01
4.505333333333333412e-01
4.506666666666666599e-01
4.505333333333333412e-01
4.508666666666666933e-01
4.508666666666666933e-01
4.509333333333333527e-01
4.510000000000000120e-01
4.510000000000000120e-01
4.511333333333333306e-01
4.512666666666666493e-01
4.512666666666666493e-01
4.514666666666666828e-01
4.515333333333333421e-01
4.516666666666666607e-01
4.516000000000000014e-01
4.517333333333333201e-01
4.519333333333333536e-01
4.518666666666666942e-01
4.521333333333333315e-01
4.521999999999999909e-01
4.521999999999999909e-01
4.522666666666666502e-01
4.523333333333333095e-01
4.523333333333333095e-01
4.525333333333333430e-01
4.527999999999999803e-01
4.530000000000000138e-01
4.533333333333333104e-01
4.531333333333333324e-01
4.532666666666666511e-01
4.531999999999999917e-01
4.534000000000000252e-01
4.535333333333333439e-01
4.535333333333333439e-01
4.535333333333333439e-01
4.535333333333333439e-01
4.533333333333333104e-01
4.537999999999999812e-01
4.540000000000000147e-01
4.541999999999999926e-01
4.543333333333333113e-01
4.544000000000000261e-01
4.544000000000000261e-01
4.541333333333333333e-01
4.545333333333333448e-01
4.547333333333333227e-01
4.550000000000000155e-01
4.550000000000000155e-01
4.550666666666666749e-01
4.550000000000000155e-01
4.552666666666666528e-01
4.552666666666666528e-01
4.553333333333333122e-01
4.556000000000000050e-01
4.556000000000000050e-01
4.557999999999999829e-01
4.557999999999999829e-01
4.559333333333333571e-01
4.559333333333333571e-01
4.561999999999999944e-01
4.563999999999999724e-01
4.566666666666666652e-01
4.568666666666666432e-01
4.568666666666666432e-01
4.569333333333333580e-01
4.571333333333333360e-01
4.570666666666666766e-01
4.572666666666666546e-01
4.572666666666666546e-01
4.576000000000000068e-01
4.574666666666666881e-01
4.579333333333333589e-01
4.578666666666666440e-01
4.580000000000000182e-01
4.579333333333333589e-01
4.580000000000000182e-01
4.581333333333333369e-01
4.581333333333333369e-01
4.583999999999999742e-01
4.585333333333333483e-01
4.588666666666666449e-01
4.588666666666666449e-01
4.590000000000000191e-01
4.590666666666666784e-01
4.591999999999999971e-01
4.592666666666666564e-01
4.593999999999999750e-01
4.596666666666666679e-01
4.598666666666666458e-01
4.599333333333333607e-01
4.602666666666666573e-01
4.603333333333333166e-01
4.604666666666666908e-01
4.604666666666666908e-01
4.606000000000000094e-01
4.606666666666666687e-01
4.604666666666666908e-01
4.608666666666666467e-01
4.607999999999999874e-01
4.608666666666666467e-01
4.608666666666666467e-01
4.609333333333333060e-01
4.611999999999999988e-01
4.611333333333333395e-01
4.617333333333333290e-01
4.617333333333333290e-01
4.617999999999999883e-01
4.621999999999999997e-01
4.622666666666666591e-01
4.623333333333333184e-01
4.624666666666666925e-01
4.626000000000000112e-01
4.627333333333333298e-01
4.625333333333333519e-01
4.627999999999999892e-01
4.630666666666666820e-01
4.632000000000000006e-01
4.632666666666666599e-01
4.633333333333333193e-01
4.632000000000000006e-01
4.633999999999999786e-01
4.635333333333333528e-01
4.635333333333333528e-01
4.637333333333333307e-01
4.639333333333333087e-01
4.641333333333333422e-01
4.640000000000000235e-01
4.643333333333333202e-01
4.642666666666666608e-01
4.646000000000000130e-01
4.646000000000000130e-01
4.646000000000000130e-01
4.645333333333333536e-01
4.646666666666666723e-01
4.648666666666666503e-01
4.651333333333333431e-01
4.652000000000000024e-01
4.651333333333333431e-01
4.653999999999999804e-01
4.655333333333333545e-01
4.655333333333333545e-01
4.653999999999999804e-01
4.655333333333333545e-01
4.656666666666666732e-01
4.660000000000000253e-01
4.660000000000000253e-01
4.660000000000000253e-01
4.658666666666666512e-01
4.660666666666666846e-01
4.663999999999999813e-01
4.664666666666666406e-01
4.666000000000000147e-01
4.666000000000000147e-01
4.666000000000000147e-01
4.665333333333333554e-01
4.666000000000000147e-01
4.665333333333333554e-01
4.666000000000000147e-01
4.668666666666666520e-01
4.668666666666666520e-01
4.666666666666666741e-01
4.668666666666666520e-01
4.669333333333333114e-01
4.669333333333333114e-01
4.670000000000000262e-01
4.672000000000000042e-01
4.672666666666666635e-01
4.673333333333333228e-01
4.674666666666666415e-01
4.676666666666666750e-01
4.677333333333333343e-01
4.676666666666666750e-01
4.678666666666666529e-01
4.677999999999999936e-01
4.682000000000000051e-01
4.682666666666666644e-01
4.683999999999999830e-01
4.683999999999999830e-01
4.684666666666666424e-01
4.686000000000000165e-01
4.685333333333333572e-01
4.687999999999999945e-01
4.689333333333333131e-01
4.689333333333333131e-01
4.689333333333333131e-01
4.690666666666666873e-01
4.689999999999999725e-01
4.692666666666666653e-01
4.693333333333333246e-01
4.694666666666666432e-01
4.695333333333333581e-01
4.696000000000000174e-01
4.696666666666666767e-01
4.695333333333333581e-01
4.697333333333333361e-01
4.699999999999999734e-01
4.699999999999999734e-01
4.700666666666666882e-01
4.702000000000000068e-01
4.702666666666666662e-01
4.702000000000000068e-01
4.704666666666666441e-01
4.704666666666666441e-01
4.702666666666666662e-01
4.706000000000000183e-01
4.706000000000000183e-01
4.707333333333333369e-01
4.707333333333333369e-01
4.707999999999999963e-01
4.707999999999999963e-01
4.708666666666666556e-01
4.709333333333333149e-01
4.709999999999999742e-01
4.711333333333333484e-01
4.712666666666666671e-01
4.714666666666666450e-01
4.715333333333333599e-01
4.716666666666666785e-01
4.716666666666666785e-01
4.716000000000000192e-01
4.717333333333333378e-01
4.717999999999999972e-01
4.719333333333333158e-01
4.720666666666666900e-01
4.721333333333333493e-01
4.722666666666666679e-01
4.724666666666666459e-01
4.723333333333333273e-01
4.723999999999999866e-01
4.726000000000000201e-01
4.727999999999999980e-01
4.726666666666666794e-01
4.727333333333333387e-01
4.729333333333333167e-01
4.728666666666666574e-01
4.729999999999999760e-01
4.729999999999999760e-01
4.729999999999999760e-01
4.732666666666666688e-01
4.732000000000000095e-01
4.736666666666666803e-01
4.735333333333333061e-01
4.737333333333333396e-01
4.736000000000000210e-01
4.737999999999999989e-01
4.738666666666666583e-01
4.741333333333333511e-01
4.741333333333333511e-01
4.742666666666666697e-01
4.741333333333333511e-01
4.747999999999999998e-01
4.747999999999999998e-01
4.748666666666666591e-01
4.748666666666666591e-01
4.748666666666666591e-01
4.751333333333333520e-01
4.751333333333333520e-01
4.751333333333333520e-01
4.753333333333333299e-01
4.753999999999999893e-01
4.753333333333333299e-01
4.756666666666666821e-01
4.756666666666666821e-01
4.756000000000000227e-01
4.756666666666666821e-01
4.759333333333333194e-01
4.759333333333333194e-01
4.759333333333333194e-01
4.761333333333333528e-01
4.763333333333333308e-01
4.763999999999999901e-01
4.764666666666666495e-01
4.766666666666666829e-01
4.766000000000000236e-01
4.767333333333333423e-01
4.771333333333333537e-01
4.771333333333333537e-01
4.772666666666666724e-01
4.774666666666666504e-01
4.773333333333333317e-01
4.773999999999999910e-01
4.775333333333333097e-01
4.774666666666666504e-01
4.774666666666666504e-01
4.771333333333333537e-01
4.776666666666666838e-01
4.778000000000000025e-01
4.778000000000000025e-01
4.778666666666666618e-01
4.779333333333333211e-01
4.779999999999999805e-01
4.780666666666666398e-01
4.779999999999999805e-01
4.780666666666666398e-01
4.781333333333333546e-01
4.782666666666666733e-01
4.783333333333333326e-01
4.783999999999999919e-01
4.785333333333333106e-01
4.785333333333333106e-01
4.786000000000000254e-01
4.788000000000000034e-01
4.788666666666666627e-01
4.788666666666666627e-01
4.789999999999999813e-01
4.789999999999999813e-01
4.789999999999999813e-01
4.792666666666666742e-01
4.793333333333333335e-01
4.792666666666666742e-01
4.793999999999999928e-01
4.798000000000000043e-01
4.798666666666666636e-01
4.798666666666666636e-01
4.798000000000000043e-01
4.799999999999999822e-01
4.800666666666666416e-01
4.798666666666666636e-01
4.802666666666666750e-01
4.803999999999999937e-01
4.806666666666666865e-01
4.806666666666666865e-01
4.808000000000000052e-01
4.807333333333333458e-01
4.805333333333333123e-01
4.807333333333333458e-01
4.808666666666666645e-01
4.808666666666666645e-01
4.808666666666666645e-01
4.809333333333333238e-01
4.810666666666666424e-01
4.811333333333333573e-01
4.809999999999999831e-01
4.810666666666666424e-01
4.811333333333333573e-01
4.811333333333333573e-01
4.813333333333333353e-01
4.813333333333333353e-01
4.814666666666666539e-01
4.813333333333333353e-01
4.815333333333333132e-01
4.817333333333333467e-01
4.816666666666666874e-01
4.816666666666666874e-01
4.819333333333333247e-01
