3.596666666666666901e-01
3.606666666666666909e-01
3.613999999999999990e-01
3.620666666666666478e-01
3.626666666666666927e-01
3.629333333333333300e-01
3.634000000000000008e-01
3.637333333333333529e-01
3.640666666666666496e-01
3.643333333333333424e-01
3.648666666666666725e-01
3.652000000000000246e-01
3.652666666666666839e-01
3.661333333333333107e-01
3.665999999999999814e-01
3.669333333333333336e-01
3.672666666666666857e-01
3.675999999999999823e-01
3.677333333333333565e-01
3.680666666666666531e-01
3.682000000000000273e-01
3.685333333333333239e-01
3.690666666666666540e-01
3.695999999999999841e-01
3.701333333333333142e-01
3.704666666666666663e-01
3.707333333333333591e-01
3.711333333333333151e-01
3.715333333333333266e-01
3.720666666666666567e-01
3.723333333333333495e-01
3.728666666666666796e-01
3.734000000000000097e-01
3.737333333333333063e-01
3.738666666666666805e-01
3.741999999999999771e-01
3.748000000000000220e-01
3.748666666666666814e-01
3.751999999999999780e-01
3.757333333333333081e-01
3.758666666666666822e-01
3.762666666666666937e-01
3.768666666666666831e-01
3.770666666666666611e-01
3.775999999999999912e-01
3.781999999999999806e-01
3.784000000000000141e-01
3.790666666666666629e-01
3.793333333333333557e-01
3.797333333333333116e-01
3.798666666666666858e-01
3.801333333333333231e-01
3.804000000000000159e-01
3.807333333333333125e-01
3.810000000000000053e-01
3.814000000000000168e-01
3.818666666666666876e-01
3.820000000000000062e-01
3.823333333333333584e-01
3.827333333333333143e-01
3.829333333333333478e-01
3.830000000000000071e-01
3.832666666666666444e-01
3.836666666666666559e-01
3.841999999999999860e-01
3.846666666666666567e-01
3.849333333333333496e-01
3.851333333333333275e-01
3.856666666666666576e-01
3.860666666666666691e-01
3.862666666666666471e-01
3.867333333333333178e-01
3.875333333333333408e-01
3.878666666666666929e-01
3.881333333333333302e-01
3.884000000000000230e-01
3.888666666666666938e-01
3.891333333333333311e-01
3.893333333333333091e-01
3.899333333333333540e-01
3.903333333333333099e-01
3.908666666666666401e-01
3.908666666666666401e-01
3.910666666666666735e-01
3.914666666666666850e-01
3.915333333333333443e-01
3.919333333333333558e-01
3.923333333333333117e-01
3.925333333333333452e-01
3.925333333333333452e-01
3.929333333333333567e-01
3.935333333333333461e-01
3.940000000000000169e-01
3.936666666666666647e-01
3.943333333333333135e-01
3.949333333333333584e-01
3.951999999999999957e-01
3.955333333333333479e-01
3.955333333333333479e-01
3.956000000000000072e-01
3.958666666666666445e-01
3.966666666666666674e-01
3.973333333333333162e-01
3.976666666666666683e-01
3.977999999999999869e-01
3.981333333333333391e-01
3.981999999999999984e-01
3.985333333333333505e-01
3.987333333333333285e-01
3.989333333333333065e-01
3.991333333333333400e-01
3.996000000000000107e-01
4.000000000000000222e-01
4.004666666666666930e-01
4.009333333333333083e-01
4.012666666666666604e-01
4.016000000000000125e-01
4.018666666666666498e-01
4.017999999999999905e-01
4.021333333333333426e-01
4.023333333333333206e-01
4.026666666666666727e-01
4.028666666666666507e-01
4.032000000000000028e-01
4.034666666666666401e-01
4.036000000000000143e-01
4.040000000000000258e-01
4.040000000000000258e-01
4.042000000000000037e-01
4.046666666666666745e-01
4.047333333333333338e-01
4.050666666666666860e-01
4.054666666666666419e-01
4.056000000000000161e-01
4.060000000000000275e-01
4.063333333333333242e-01
4.065333333333333576e-01
4.065333333333333576e-01
4.066000000000000170e-01
4.067999999999999949e-01
4.070666666666666877e-01
4.075333333333333585e-01
4.076666666666666772e-01
4.079999999999999738e-01
4.081333333333333480e-01
4.086000000000000187e-01
4.087999999999999967e-01
4.089333333333333154e-01
4.092666666666666675e-01
4.094666666666666455e-01
4.095333333333333603e-01
4.096666666666666790e-01
4.098666666666666569e-01
4.099999999999999756e-01
4.099999999999999756e-01
4.102666666666666684e-01
4.106000000000000205e-01
4.106000000000000205e-01
4.107333333333333392e-01
4.110666666666666913e-01
4.113999999999999879e-01
4.113999999999999879e-01
4.118666666666666587e-01
4.119999999999999774e-01
4.119999999999999774e-01
4.122666666666666702e-01
4.123333333333333295e-01
4.129333333333333189e-01
4.133333333333333304e-01
4.137333333333333418e-01
4.141333333333333533e-01
4.143333333333333313e-01
4.145333333333333092e-01
4.146000000000000241e-01
4.146666666666666834e-01
4.147333333333333427e-01
4.150666666666666393e-01
4.149999999999999800e-01
4.151333333333333542e-01
4.152000000000000135e-01
4.151333333333333542e-01
4.151333333333333542e-01
4.152000000000000135e-01
4.156000000000000250e-01
4.158000000000000029e-01
4.159999999999999809e-01
4.159333333333333216e-01
4.158000000000000029e-01
4.164666666666666517e-01
4.172000000000000153e-01
4.173333333333333339e-01
4.174666666666666526e-01
4.178666666666666640e-01
4.179999999999999827e-01
4.183999999999999941e-01
4.184666666666666535e-01
4.186000000000000276e-01
4.186666666666666869e-01
4.189333333333333242e-01
4.189333333333333242e-01
4.193333333333333357e-01
4.195333333333333137e-01
4.201333333333333586e-01
4.204666666666666552e-01
4.205999999999999739e-01
4.205999999999999739e-01
4.209333333333333260e-01
4.212666666666666782e-01
4.212666666666666782e-01
4.217333333333333489e-01
4.218666666666666676e-01
4.219333333333333269e-01
4.222666666666666790e-01
4.227333333333333498e-01
4.227333333333333498e-01
4.229999999999999871e-01
4.231333333333333058e-01
4.236666666666666914e-01
4.237333333333333507e-01
4.238000000000000100e-01
4.239999999999999880e-01
4.241333333333333067e-01
4.241333333333333067e-01
4.242666666666666808e-01
4.243999999999999995e-01
4.244666666666666588e-01
4.248666666666666702e-01
4.251333333333333075e-01
4.250666666666666482e-01
4.249999999999999889e-01
4.252000000000000224e-01
4.253333333333333410e-01
4.256666666666666932e-01
4.260666666666666491e-01
4.264000000000000012e-01
4.266666666666666941e-01
4.267333333333333534e-01
4.269333333333333313e-01
4.272666666666666835e-01
4.276666666666666394e-01
4.278666666666666729e-01
4.281333333333333102e-01
4.282000000000000250e-01
4.287333333333333552e-01
4.289999999999999925e-01
4.291333333333333111e-01
4.291333333333333111e-01
4.294666666666666632e-01
4.296666666666666412e-01
4.297333333333333560e-01
4.295999999999999819e-01
4.298666666666666747e-01
4.302000000000000268e-01
4.301333333333333120e-01
4.304000000000000048e-01
4.306666666666666421e-01
4.308000000000000163e-01
4.309999999999999942e-01
4.313333333333333464e-01
4.316666666666666430e-01
4.318666666666666765e-01
4.322666666666666879e-01
4.321999999999999731e-01
4.324666666666666659e-01
4.325333333333333252e-01
4.325999999999999845e-01
4.328666666666666774e-01
4.329999999999999960e-01
4.331333333333333147e-01
4.332666666666666888e-01
4.331333333333333147e-01
4.330666666666666553e-01
4.332666666666666888e-01
4.332666666666666888e-01
4.334000000000000075e-01
4.335333333333333261e-01
4.338666666666666782e-01
4.340666666666666562e-01
4.343333333333333490e-01
4.344666666666666677e-01
4.344666666666666677e-01
4.348000000000000198e-01
4.349333333333333385e-01
4.354000000000000092e-01
4.354000000000000092e-01
4.354666666666666686e-01
4.358666666666666800e-01
4.359999999999999987e-01
4.363333333333333508e-01
4.365333333333333288e-01
4.366666666666666474e-01
4.368666666666666809e-01
4.371333333333333182e-01
4.369999999999999996e-01
4.373333333333333517e-01
4.374000000000000110e-01
4.375333333333333297e-01
4.378666666666666818e-01
4.380000000000000004e-01
4.380666666666666598e-01
4.384000000000000119e-01
4.385333333333333306e-01
4.385333333333333306e-01
4.388666666666666827e-01
4.391333333333333200e-01
4.390000000000000013e-01
4.393333333333333535e-01
4.393333333333333535e-01
4.396666666666666501e-01
4.399333333333333429e-01
4.400000000000000022e-01
4.401333333333333209e-01
4.403333333333333544e-01
4.405999999999999917e-01
4.408000000000000251e-01
4.408666666666666845e-01
4.409333333333333438e-01
4.414000000000000146e-01
4.413333333333333552e-01
4.415333333333333332e-01
4.418000000000000260e-01
4.419333333333333447e-01
4.418000000000000260e-01
4.420666666666666633e-01
4.421333333333333226e-01
4.424000000000000155e-01
4.424666666666666748e-01
4.428000000000000269e-01
4.431333333333333235e-01
4.430000000000000049e-01
4.432666666666666422e-01
4.434666666666666757e-01
4.437333333333333130e-01
4.440000000000000058e-01
4.441333333333333244e-01
4.444666666666666766e-01
4.445333333333333359e-01
4.446666666666666545e-01
4.448666666666666880e-01
4.448666666666666880e-01
4.448666666666666880e-01
4.451333333333333253e-01
4.450666666666666660e-01
4.451999999999999846e-01
4.451999999999999846e-01
4.454666666666666774e-01
4.457333333333333147e-01
4.460000000000000075e-01
4.464000000000000190e-01
4.460666666666666669e-01
4.463333333333333597e-01
4.464000000000000190e-01
4.467999999999999750e-01
4.470000000000000084e-01
4.474666666666666792e-01
4.477333333333333165e-01
4.478666666666666907e-01
4.480000000000000093e-01
4.481999999999999873e-01
4.483333333333333059e-01
4.483333333333333059e-01
4.482666666666666466e-01
4.480666666666666687e-01
4.482666666666666466e-01
4.484666666666666801e-01
4.485333333333333394e-01
4.485999999999999988e-01
4.489333333333333509e-01
4.487333333333333174e-01
4.485333333333333394e-01
4.488666666666666916e-01
4.489333333333333509e-01
4.491999999999999882e-01
4.493333333333333068e-01
4.492666666666666475e-01
4.493333333333333068e-01
4.495999999999999996e-01
4.500000000000000111e-01
4.500000000000000111e-01
4.500666666666666704e-01
4.501333333333333298e-01
4.503333333333333077e-01
4.505333333333333412e-01
4.506666666666666599e-01
4.508666666666666933e-01
4.507333333333333192e-01
4.507333333333333192e-01
4.508666666666666933e-01
4.510000000000000120e-01
4.510000000000000120e-01
4.510666666666666713e-01
4.511333333333333306e-01
4.512666666666666493e-01
4.514666666666666828e-01
4.516000000000000014e-01
4.517333333333333201e-01
4.515333333333333421e-01
4.517999999999999794e-01
4.518666666666666942e-01
4.517999999999999794e-01
4.519333333333333536e-01
4.520666666666666722e-01
4.521333333333333315e-01
4.521333333333333315e-01
4.521999999999999909e-01
4.524666666666666837e-01
4.526666666666666616e-01
4.528666666666666396e-01
4.528666666666666396e-01
4.530000000000000138e-01
4.528666666666666396e-01
4.530000000000000138e-01
4.532666666666666511e-01
4.534000000000000252e-01
4.531333333333333324e-01
4.534000000000000252e-01
4.532666666666666511e-01
4.534000000000000252e-01
4.533333333333333104e-01
4.534666666666666845e-01
4.538666666666666405e-01
4.540000000000000147e-01
4.542666666666666520e-01
4.541999999999999926e-01
4.543333333333333113e-01
4.544000000000000261e-01
4.544000000000000261e-01
4.548666666666666414e-01
4.548666666666666414e-01
4.550666666666666749e-01
4.548666666666666414e-01
4.548666666666666414e-01
4.551333333333333342e-01
4.554000000000000270e-01
4.555333333333333456e-01
4.557333333333333236e-01
4.559333333333333571e-01
4.557999999999999829e-01
4.558666666666666423e-01
4.559333333333333571e-01
4.561999999999999944e-01
4.562666666666666537e-01
4.564666666666666872e-01
4.565333333333333465e-01
4.568666666666666432e-01
4.569333333333333580e-01
4.571999999999999953e-01
4.570666666666666766e-01
4.573333333333333139e-01
4.573333333333333139e-01
4.573999999999999733e-01
4.573999999999999733e-01
4.576666666666666661e-01
4.579333333333333589e-01
4.578666666666666440e-01
4.578666666666666440e-01
4.577333333333333254e-01
4.579333333333333589e-01
4.580666666666666775e-01
4.583333333333333148e-01
4.582666666666666555e-01
4.582666666666666555e-01
4.584666666666666890e-01
4.586000000000000076e-01
4.590000000000000191e-01
4.590666666666666784e-01
4.591999999999999971e-01
4.593333333333333157e-01
4.591999999999999971e-01
4.593999999999999750e-01
4.595333333333333492e-01
4.600000000000000200e-01
4.601333333333333386e-01
4.603333333333333166e-01
4.602666666666666573e-01
4.603333333333333166e-01
4.606000000000000094e-01
4.605333333333333501e-01
4.605333333333333501e-01
4.606666666666666687e-01
4.606000000000000094e-01
4.607333333333333281e-01
4.610000000000000209e-01
4.611333333333333395e-01
4.611333333333333395e-01
4.612666666666666582e-01
4.616666666666666696e-01
4.620000000000000218e-01
4.620000000000000218e-01
4.621333333333333404e-01
4.623333333333333184e-01
4.625333333333333519e-01
4.628666666666666485e-01
4.625333333333333519e-01
4.627333333333333298e-01
4.627999999999999892e-01
4.629333333333333078e-01
4.630666666666666820e-01
4.632666666666666599e-01
4.632666666666666599e-01
4.633333333333333193e-01
4.635333333333333528e-01
4.633999999999999786e-01
4.633999999999999786e-01
4.634666666666666934e-01
4.636000000000000121e-01
4.636666666666666714e-01
4.639333333333333087e-01
4.640000000000000235e-01
4.642000000000000015e-01
4.643333333333333202e-01
4.646000000000000130e-01
4.646666666666666723e-01
4.647999999999999909e-01
4.647333333333333316e-01
4.648666666666666503e-01
4.650000000000000244e-01
4.650666666666666837e-01
4.652000000000000024e-01
4.653999999999999804e-01
4.653999999999999804e-01
4.654666666666666397e-01
4.655333333333333545e-01
4.656666666666666732e-01
4.657999999999999918e-01
4.660000000000000253e-01
4.661333333333333440e-01
4.661333333333333440e-01
4.662666666666666626e-01
4.662000000000000033e-01
4.663333333333333219e-01
4.662000000000000033e-01
4.663333333333333219e-01
4.665333333333333554e-01
4.666000000000000147e-01
4.665333333333333554e-01
4.668666666666666520e-01
4.667999999999999927e-01
4.666666666666666741e-01
4.667999999999999927e-01
4.667999999999999927e-01
4.665333333333333554e-01
4.665333333333333554e-01
4.669333333333333114e-01
4.670000000000000262e-01
4.670666666666666855e-01
4.671333333333333449e-01
4.672666666666666635e-01
4.672666666666666635e-01
4.672666666666666635e-01
4.675333333333333563e-01
4.676666666666666750e-01
4.677999999999999936e-01
4.677999999999999936e-01
4.677999999999999936e-01
4.679333333333333123e-01
4.678666666666666529e-01
4.682000000000000051e-01
4.683999999999999830e-01
4.683999999999999830e-01
4.683999999999999830e-01
4.683999999999999830e-01
4.686666666666666758e-01
4.687999999999999945e-01
4.687333333333333352e-01
4.688666666666666538e-01
4.688666666666666538e-01
4.691333333333333466e-01
4.693333333333333246e-01
4.692666666666666653e-01
4.694666666666666432e-01
4.696000000000000174e-01
4.696666666666666767e-01
4.697999999999999954e-01
4.696666666666666767e-01
4.697999999999999954e-01
4.698666666666666547e-01
4.698666666666666547e-01
4.699999999999999734e-01
4.700666666666666882e-01
4.703333333333333255e-01
4.702666666666666662e-01
4.706000000000000183e-01
4.704666666666666441e-01
4.703333333333333255e-01
4.703999999999999848e-01
4.703333333333333255e-01
4.703999999999999848e-01
4.703999999999999848e-01
4.706000000000000183e-01
4.707333333333333369e-01
4.707999999999999963e-01
4.708666666666666556e-01
4.710666666666666891e-01
4.711333333333333484e-01
4.711333333333333484e-01
4.711333333333333484e-01
4.712666666666666671e-01
4.713333333333333264e-01
4.713999999999999857e-01
4.713999999999999857e-01
4.713999999999999857e-01
4.713999999999999857e-01
4.715333333333333599e-01
4.718666666666666565e-01
4.720666666666666900e-01
4.720666666666666900e-01
4.722000000000000086e-01
4.723333333333333273e-01
4.724666666666666459e-01
4.726666666666666794e-01
4.727999999999999980e-01
4.727333333333333387e-01
4.727999999999999980e-01
4.728666666666666574e-01
4.729999999999999760e-01
4.729333333333333167e-01
4.729999999999999760e-01
4.730666666666666909e-01
4.732000000000000095e-01
4.732666666666666688e-01
4.733999999999999875e-01
4.736000000000000210e-01
4.734666666666666468e-01
4.737333333333333396e-01
4.736000000000000210e-01
4.737333333333333396e-01
4.740666666666666917e-01
4.742000000000000104e-01
4.742666666666666697e-01
4.743333333333333290e-01
4.744666666666666477e-01
4.746000000000000218e-01
4.746000000000000218e-01
4.749333333333333185e-01
4.749333333333333185e-01
4.751333333333333520e-01
4.750666666666666926e-01
4.751333333333333520e-01
4.752666666666666706e-01
4.750666666666666926e-01
4.752666666666666706e-01
4.756666666666666821e-01
4.756666666666666821e-01
4.758000000000000007e-01
4.758000000000000007e-01
4.759333333333333194e-01
4.758666666666666600e-01
4.759999999999999787e-01
4.759333333333333194e-01
4.763999999999999901e-01
4.764666666666666495e-01
4.764666666666666495e-01
4.764666666666666495e-01
4.766000000000000236e-01
4.765333333333333088e-01
4.768000000000000016e-01
4.769333333333333202e-01
4.772000000000000131e-01
4.772666666666666724e-01
4.774666666666666504e-01
4.773999999999999910e-01
4.774666666666666504e-01
4.774666666666666504e-01
4.773333333333333317e-01
4.774666666666666504e-01
4.776000000000000245e-01
4.776666666666666838e-01
4.777333333333333432e-01
4.779333333333333211e-01
4.779999999999999805e-01
4.779999999999999805e-01
4.778666666666666618e-01
4.780666666666666398e-01
4.781333333333333546e-01
4.780666666666666398e-01
4.780666666666666398e-01
4.782666666666666733e-01
4.782666666666666733e-01
4.786000000000000254e-01
4.786000000000000254e-01
4.785333333333333106e-01
4.784666666666666512e-01
4.787333333333333441e-01
4.788000000000000034e-01
4.788000000000000034e-01
4.788000000000000034e-01
4.789333333333333220e-01
4.788666666666666627e-01
4.791333333333333555e-01
4.792666666666666742e-01
4.793333333333333335e-01
4.795333333333333115e-01
4.796666666666666856e-01
4.797333333333333449e-01
4.797333333333333449e-01
4.798666666666666636e-01
4.799333333333333229e-01
4.800666666666666416e-01
4.800666666666666416e-01
4.803333333333333344e-01
4.803999999999999937e-01
4.805333333333333123e-01
4.806000000000000272e-01
4.806000000000000272e-01
4.806666666666666865e-01
4.806666666666666865e-01
4.808666666666666645e-01
4.808666666666666645e-01
4.808000000000000052e-01
4.807333333333333458e-01
4.811333333333333573e-01
4.811333333333333573e-01
4.810666666666666424e-01
4.811333333333333573e-01
4.810666666666666424e-01
4.810666666666666424e-01
4.810666666666666424e-01
4.812666666666666759e-01
4.812666666666666759e-01
4.811333333333333573e-01
4.813333333333333353e-01
4.814666666666666539e-01
4.815999999999999726e-01
4.815999999999999726e-01
4.817333333333333467e-01
4.818000000000000060e-01
4.817333333333333467e-01
4.819999999999999840e-01
4.819999999999999840e-01
