3.084666666666666668e-01
3.210000000000000075e-01
3.320666666666666766e-01
3.398666666666666503e-01
3.478666666666666574e-01
3.547333333333333449e-01
3.584666666666666557e-01
3.641333333333333089e-01
3.693333333333333468e-01
3.739333333333333398e-01
3.776666666666666505e-01
3.817999999999999727e-01
3.850666666666666682e-01
3.886666666666666603e-01
3.919333333333333558e-01
3.946000000000000063e-01
3.981999999999999984e-01
4.014666666666666939e-01
4.038666666666666516e-01
4.066666666666666763e-01
4.083999999999999853e-01
4.091333333333333488e-01
4.116000000000000214e-01
4.140666666666666940e-01
4.153333333333333321e-01
4.183333333333333348e-01
4.199999999999999845e-01
4.219333333333333269e-01
4.239999999999999880e-01
4.254666666666666597e-01
4.271333333333333093e-01
4.279333333333333322e-01
4.312000000000000277e-01
4.321333333333333138e-01
4.345999999999999863e-01
4.364666666666666694e-01
4.380666666666666598e-01
4.394000000000000128e-01
4.415999999999999925e-01
4.431999999999999829e-01
4.443333333333333579e-01
4.450666666666666660e-01
4.471999999999999864e-01
4.484666666666666801e-01
4.491333333333333289e-01
4.496666666666666590e-01
4.504000000000000226e-01
4.516000000000000014e-01
4.531333333333333324e-01
4.537999999999999812e-01
4.546666666666666634e-01
4.561999999999999944e-01
4.566000000000000059e-01
4.587333333333333263e-01
4.597999999999999865e-01
4.604666666666666908e-01
4.609333333333333060e-01
4.617999999999999883e-01
4.627333333333333298e-01
4.633999999999999786e-01
4.647999999999999909e-01
4.647999999999999909e-01
4.647999999999999909e-01
4.656000000000000139e-01
4.665333333333333554e-01
4.662666666666666626e-01
4.673999999999999821e-01
4.682666666666666644e-01
4.691333333333333466e-01
4.696666666666666767e-01
4.703999999999999848e-01
4.712666666666666671e-01
4.723999999999999866e-01
4.736666666666666803e-01
4.745333333333333070e-01
4.748666666666666591e-01
4.747999999999999998e-01
4.760666666666666935e-01
4.769333333333333202e-01
4.772000000000000131e-01
4.773999999999999910e-01
4.783999999999999919e-01
4.790666666666666407e-01
4.796666666666666856e-01
4.808000000000000052e-01
4.814666666666666539e-01
4.818000000000000060e-01
4.830666666666666442e-01
4.830666666666666442e-01
4.834666666666666557e-01
4.842000000000000193e-01
4.855333333333333168e-01
4.850666666666666460e-01
4.869333333333333291e-01
4.869999999999999885e-01
4.866666666666666918e-01
4.878000000000000114e-01
4.880666666666666487e-01
4.898666666666666725e-01
4.904000000000000026e-01
4.909999999999999920e-01
4.915333333333333221e-01
4.924666666666666637e-01
4.934000000000000052e-01
4.935333333333333239e-01
4.945999999999999841e-01
4.948000000000000176e-01
4.944000000000000061e-01
4.954000000000000070e-01
4.959333333333333371e-01
4.965333333333333266e-01
4.975333333333333274e-01
4.985999999999999877e-01
4.994666666666666699e-01
5.003999999999999559e-01
5.005333333333333856e-01
5.010000000000000009e-01
5.010666666666666602e-01
5.016000000000000458e-01
5.020666666666666611e-01
5.021999999999999797e-01
5.020666666666666611e-01
5.033999999999999586e-01
5.042666666666666409e-01
5.050000000000000044e-01
5.059333333333333460e-01
5.057333333333333680e-01
5.060666666666666647e-01
5.067333333333333689e-01
5.073999999999999622e-01
5.074666666666666215e-01
5.073999999999999622e-01
5.080000000000000071e-01
5.090000000000000080e-01
5.099333333333333496e-01
5.110666666666666691e-01
5.104666666666666242e-01
5.105333333333332835e-01
5.113999999999999657e-01
5.118000000000000327e-01
5.125333333333332853e-01
5.128000000000000336e-01
5.123333333333333073e-01
5.123333333333333073e-01
5.124666666666666259e-01
5.131999999999999895e-01
5.120666666666666700e-01
5.133333333333333082e-01
5.138666666666666938e-01
5.141999999999999904e-01
5.143333333333333091e-01
5.159333333333333549e-01
5.151999999999999913e-01
5.152666666666666506e-01
5.156666666666667176e-01
5.157333333333333769e-01
5.163999999999999702e-01
5.176666666666667194e-01
5.175333333333332897e-01
5.177333333333333787e-01
5.179333333333333567e-01
5.183999999999999719e-01
5.184666666666666313e-01
5.176666666666667194e-01
5.195333333333332915e-01
5.201999999999999957e-01
5.207333333333333814e-01
5.211333333333333373e-01
5.213333333333333153e-01
5.211333333333333373e-01
5.210666666666666780e-01
5.220000000000000195e-01
5.218666666666667009e-01
5.229333333333333611e-01
5.228666666666667018e-01
5.230000000000000204e-01
5.238000000000000433e-01
5.238000000000000433e-01
5.233999999999999764e-01
5.231333333333333391e-01
5.231999999999999984e-01
5.244666666666666366e-01
5.245999999999999552e-01
5.238000000000000433e-01
5.241333333333333400e-01
5.247333333333333849e-01
5.250000000000000222e-01
5.253333333333333188e-01
5.266666666666666163e-01
5.275999999999999579e-01
5.273333333333333206e-01
5.278666666666667062e-01
5.275333333333332986e-01
5.274666666666666393e-01
5.288000000000000478e-01
5.282666666666666622e-01
5.280666666666666842e-01
5.293999999999999817e-01
5.300666666666666860e-01
5.298000000000000487e-01
5.305333333333333012e-01
5.308666666666667089e-01
5.305333333333333012e-01
5.308666666666667089e-01
5.307333333333332792e-01
5.305999999999999606e-01
5.312000000000000055e-01
5.314666666666666428e-01
5.318666666666667098e-01
5.316666666666666208e-01
5.318000000000000504e-01
5.333999999999999853e-01
5.333333333333333259e-01
5.333333333333333259e-01
5.337333333333332819e-01
5.332666666666666666e-01
5.342000000000000082e-01
5.341333333333333488e-01
5.348666666666667124e-01
5.341333333333333488e-01
5.341333333333333488e-01
5.352000000000000091e-01
5.363333333333333286e-01
5.375333333333333075e-01
5.383333333333333304e-01
5.388666666666667160e-01
5.385999999999999677e-01
5.387999999999999456e-01
5.394666666666666499e-01
5.392000000000000126e-01
5.405999999999999694e-01
5.408666666666667178e-01
5.413333333333333330e-01
5.410000000000000364e-01
5.409333333333333771e-01
5.408666666666667178e-01
5.404666666666666508e-01
5.413333333333333330e-01
5.417333333333332890e-01
5.410000000000000364e-01
5.416666666666666297e-01
5.420666666666666966e-01
5.420000000000000373e-01
5.437999999999999501e-01
5.436666666666666314e-01
5.432666666666666755e-01
5.427333333333332899e-01
5.446666666666666323e-01
5.445333333333333137e-01
5.444666666666666544e-01
5.459333333333333815e-01
5.448666666666667213e-01
5.442000000000000171e-01
5.450000000000000400e-01
5.455333333333333146e-01
5.448666666666667213e-01
5.459333333333333815e-01
5.460000000000000409e-01
5.452000000000000179e-01
5.453333333333333366e-01
5.452000000000000179e-01
5.460666666666667002e-01
5.462666666666666782e-01
5.473999999999999977e-01
5.483999999999999986e-01
5.478666666666666130e-01
5.482666666666666799e-01
5.482666666666666799e-01
5.479333333333333833e-01
5.485333333333333172e-01
5.483999999999999986e-01
5.486666666666666359e-01
5.486666666666666359e-01
5.487333333333332952e-01
5.486666666666666359e-01
5.481333333333333613e-01
5.482000000000000206e-01
5.480666666666667020e-01
5.477999999999999536e-01
5.487333333333332952e-01
5.488666666666666138e-01
5.483999999999999986e-01
5.483999999999999986e-01
5.482666666666666799e-01
5.484666666666666579e-01
5.492000000000000215e-01
5.495333333333333181e-01
5.499333333333333851e-01
5.501333333333333631e-01
5.510000000000000453e-01
5.508666666666666156e-01
5.504000000000000004e-01
5.513333333333333419e-01
5.514000000000000012e-01
5.509333333333333860e-01
5.500666666666667037e-01
5.510000000000000453e-01
5.523333333333333428e-01
5.524000000000000021e-01
5.519333333333333869e-01
5.526666666666666394e-01
5.537999999999999590e-01
5.531333333333333657e-01
5.534666666666666623e-01
5.535333333333333217e-01
5.531333333333333657e-01
5.534666666666666623e-01
5.533333333333333437e-01
5.544000000000000039e-01
5.546666666666666412e-01
5.551333333333333675e-01
5.560666666666667091e-01
5.559333333333332794e-01
5.552666666666666861e-01
5.552000000000000268e-01
5.556666666666666421e-01
5.555999999999999828e-01
5.554666666666666641e-01
5.567999999999999616e-01
5.574000000000000066e-01
5.573333333333333472e-01
5.574000000000000066e-01
5.582666666666666888e-01
5.577333333333333032e-01
5.573333333333333472e-01
5.577999999999999625e-01
5.580000000000000515e-01
5.586666666666666448e-01
5.579333333333332812e-01
5.584000000000000075e-01
5.586666666666666448e-01
5.589333333333332821e-01
5.592666666666666897e-01
5.593333333333333490e-01
5.600000000000000533e-01
5.603333333333333499e-01
5.605999999999999872e-01
5.605999999999999872e-01
5.612666666666666915e-01
5.610000000000000542e-01
5.605333333333333279e-01
5.616666666666666474e-01
5.628666666666666263e-01
5.625999999999999890e-01
5.620666666666667144e-01
5.615999999999999881e-01
5.622666666666666924e-01
5.618666666666666254e-01
5.626666666666666483e-01
5.626666666666666483e-01
5.632666666666666933e-01
5.632000000000000339e-01
5.629333333333332856e-01
5.630666666666667153e-01
5.625999999999999890e-01
5.627333333333333076e-01
5.626666666666666483e-01
5.627333333333333076e-01
5.632000000000000339e-01
5.629333333333332856e-01
5.627333333333333076e-01
5.627333333333333076e-01
5.635333333333333306e-01
