3.380666666666666820e-01
3.450666666666666882e-01
3.516000000000000236e-01
3.572666666666666768e-01
3.623333333333333406e-01
3.670666666666666522e-01
3.718000000000000194e-01
3.761999999999999789e-01
3.805333333333333345e-01
3.840666666666666673e-01
3.880666666666666709e-01
3.913333333333333108e-01
3.950666666666666771e-01
3.983333333333333171e-01
4.017999999999999905e-01
4.041333333333333444e-01
4.066000000000000170e-01
4.088666666666666560e-01
4.109333333333333171e-01
4.130666666666666931e-01
4.146666666666666834e-01
4.168000000000000038e-01
4.193333333333333357e-01
4.210666666666666447e-01
4.229999999999999871e-01
4.253333333333333410e-01
4.283333333333333437e-01
4.299333333333333340e-01
4.312000000000000277e-01
4.331333333333333147e-01
4.351999999999999758e-01
4.368000000000000216e-01
4.385333333333333306e-01
4.401999999999999802e-01
4.418666666666666853e-01
4.430000000000000049e-01
4.448666666666666880e-01
4.473333333333333606e-01
4.485999999999999988e-01
4.490000000000000102e-01
4.499333333333333518e-01
4.506666666666666599e-01
4.520666666666666722e-01
4.530666666666666731e-01
4.539333333333333553e-01
4.546666666666666634e-01
4.560666666666666758e-01
4.570666666666666766e-01
4.584666666666666890e-01
4.598666666666666458e-01
4.611333333333333395e-01
4.621333333333333404e-01
4.631333333333333413e-01
4.639333333333333087e-01
4.648666666666666503e-01
4.652000000000000024e-01
4.664666666666666406e-01
4.671333333333333449e-01
4.676000000000000156e-01
4.680666666666666864e-01
4.687999999999999945e-01
4.697333333333333361e-01
4.705333333333333590e-01
4.709999999999999742e-01
4.723999999999999866e-01
4.733999999999999875e-01
4.739999999999999769e-01
4.752000000000000113e-01
4.759999999999999787e-01
4.769999999999999796e-01
4.777333333333333432e-01
4.786666666666666847e-01
4.791333333333333555e-01
4.798666666666666636e-01
4.801333333333333564e-01
4.803999999999999937e-01
4.814666666666666539e-01
4.819333333333333247e-01
4.826666666666666883e-01
4.838666666666666671e-01
4.842000000000000193e-01
4.847333333333333494e-01
4.848000000000000087e-01
4.855333333333333168e-01
4.859333333333333282e-01
4.865333333333333177e-01
4.875999999999999779e-01
4.885333333333333194e-01
4.893333333333333424e-01
4.898000000000000131e-01
4.903333333333333433e-01
4.911333333333333107e-01
4.918666666666666742e-01
4.924666666666666637e-01
4.929333333333333345e-01
4.938666666666666760e-01
4.943333333333333468e-01
4.954000000000000070e-01
4.961333333333333151e-01
4.969333333333333380e-01
4.979333333333333389e-01
4.981999999999999762e-01
4.988666666666666805e-01
4.994666666666666699e-01
5.001333333333333186e-01
5.001999999999999780e-01
5.007333333333333636e-01
5.012666666666666382e-01
5.018666666666666831e-01
5.026666666666667060e-01
5.031999999999999806e-01
5.040666666666666629e-01
5.046666666666667078e-01
5.050000000000000044e-01
5.054666666666666197e-01
5.058666666666666867e-01
5.060666666666666647e-01
5.062666666666666426e-01
5.071333333333333249e-01
5.074666666666666215e-01
5.086666666666667114e-01
5.094666666666666233e-01
5.100666666666666682e-01
5.102666666666666462e-01
5.112666666666666471e-01
5.121999999999999886e-01
5.124666666666666259e-01
5.128666666666666929e-01
5.129333333333333522e-01
5.128666666666666929e-01
5.134666666666666268e-01
5.143999999999999684e-01
5.148000000000000353e-01
5.148000000000000353e-01
5.146666666666667167e-01
5.153999999999999693e-01
5.161999999999999922e-01
5.165999999999999481e-01
5.171333333333333337e-01
5.175333333333332897e-01
5.174666666666666304e-01
5.175333333333332897e-01
5.178666666666666973e-01
5.182666666666666533e-01
5.185999999999999499e-01
5.183333333333333126e-01
5.188000000000000389e-01
5.193333333333333135e-01
5.201333333333333364e-01
5.200000000000000178e-01
5.199333333333333584e-01
5.205333333333332924e-01
5.208666666666667000e-01
5.214666666666666339e-01
5.220000000000000195e-01
5.223333333333333162e-01
5.224666666666666348e-01
5.229333333333333611e-01
5.235333333333332950e-01
5.235999999999999543e-01
5.241999999999999993e-01
5.238666666666667027e-01
5.247333333333333849e-01
5.248666666666667036e-01
5.251333333333333409e-01
5.255333333333332968e-01
5.262666666666666604e-01
5.265999999999999570e-01
5.275333333333332986e-01
5.280000000000000249e-01
5.283999999999999808e-01
5.283999999999999808e-01
5.282666666666666622e-01
5.285333333333332995e-01
5.287333333333333885e-01
5.290666666666666851e-01
5.290000000000000258e-01
5.293333333333333224e-01
5.298000000000000487e-01
5.301333333333333453e-01
5.305333333333333012e-01
5.305333333333333012e-01
5.303333333333333233e-01
5.308666666666667089e-01
5.313999999999999835e-01
5.318000000000000504e-01
5.321333333333333471e-01
5.323333333333333250e-01
5.325333333333333030e-01
5.325333333333333030e-01
5.326666666666666217e-01
5.333333333333333259e-01
5.335333333333333039e-01
5.338666666666667115e-01
5.343333333333333268e-01
5.341333333333333488e-01
5.343333333333333268e-01
5.353333333333333277e-01
5.356666666666666243e-01
5.362000000000000099e-01
5.363333333333333286e-01
5.359333333333333727e-01
5.362000000000000099e-01
5.368000000000000549e-01
5.369333333333333735e-01
5.374666666666666481e-01
5.379333333333333744e-01
5.376666666666666261e-01
5.383333333333333304e-01
5.387333333333332863e-01
5.392000000000000126e-01
5.394666666666666499e-01
5.397999999999999465e-01
5.401333333333333542e-01
5.403999999999999915e-01
5.400666666666666949e-01
5.403333333333333321e-01
5.408666666666667178e-01
5.410666666666666957e-01
5.419333333333333780e-01
5.425999999999999712e-01
5.431333333333333568e-01
5.430666666666666975e-01
5.439333333333333798e-01
5.440666666666666984e-01
5.449333333333333806e-01
5.454666666666666552e-01
5.455999999999999739e-01
5.460666666666667002e-01
5.463999999999999968e-01
5.465333333333333155e-01
5.467333333333332934e-01
5.463333333333333375e-01
5.469333333333333824e-01
5.465999999999999748e-01
5.467333333333332934e-01
5.473333333333333384e-01
5.475999999999999757e-01
5.473999999999999977e-01
5.475333333333333163e-01
5.483333333333333393e-01
5.485333333333333172e-01
5.485999999999999766e-01
5.485999999999999766e-01
5.488666666666666138e-01
5.490666666666667028e-01
5.490666666666667028e-01
5.495999999999999774e-01
5.497999999999999554e-01
5.502000000000000224e-01
5.502666666666666817e-01
5.505333333333333190e-01
5.507333333333332970e-01
5.505999999999999783e-01
5.507333333333332970e-01
5.510666666666667046e-01
5.514000000000000012e-01
5.520000000000000462e-01
5.520666666666667055e-01
5.522000000000000242e-01
5.520000000000000462e-01
5.525333333333333208e-01
5.525999999999999801e-01
5.526666666666666394e-01
5.529333333333333877e-01
5.532000000000000250e-01
5.527999999999999581e-01
5.529333333333333877e-01
5.530666666666667064e-01
5.532666666666666844e-01
5.531333333333333657e-01
5.532666666666666844e-01
5.536666666666666403e-01
5.535999999999999810e-01
5.537333333333332996e-01
5.539333333333333886e-01
5.537999999999999590e-01
5.540000000000000480e-01
5.542666666666666853e-01
5.543333333333333446e-01
5.552666666666666861e-01
5.553333333333333455e-01
5.550000000000000488e-01
5.547333333333333005e-01
5.557999999999999607e-01
5.557999999999999607e-01
5.564666666666666650e-01
5.566666666666666430e-01
5.570666666666667100e-01
5.577333333333333032e-01
5.571333333333333693e-01
5.572666666666666879e-01
5.568666666666666210e-01
5.568666666666666210e-01
5.572000000000000286e-01
5.575333333333333252e-01
5.577333333333333032e-01
5.582666666666666888e-01
5.587333333333333041e-01
5.589333333333332821e-01
5.585999999999999854e-01
5.589333333333332821e-01
5.587999999999999634e-01
5.590666666666667117e-01
5.594000000000000083e-01
5.599333333333332829e-01
5.601333333333333719e-01
5.605333333333333279e-01
5.607333333333333059e-01
5.608666666666666245e-01
5.607999999999999652e-01
5.610666666666667135e-01
5.610666666666667135e-01
5.615333333333333288e-01
5.620000000000000551e-01
5.621333333333333737e-01
5.621333333333333737e-01
5.627333333333333076e-01
5.630666666666667153e-01
5.629333333333332856e-01
5.626666666666666483e-01
5.635999999999999899e-01
5.636666666666666492e-01
5.634000000000000119e-01
5.637999999999999678e-01
5.636666666666666492e-01
5.635333333333333306e-01
5.635333333333333306e-01
5.639333333333332865e-01
5.640666666666667162e-01
5.640666666666667162e-01
5.650666666666667171e-01
5.653333333333333544e-01
5.657999999999999696e-01
5.663333333333333552e-01
5.660666666666667179e-01
5.663333333333333552e-01
5.665999999999999925e-01
5.666666666666666519e-01
5.667999999999999705e-01
5.675333333333333341e-01
5.678666666666666307e-01
5.672666666666666968e-01
5.679999999999999494e-01
5.682666666666666977e-01
5.682666666666666977e-01
5.681333333333333790e-01
5.675999999999999934e-01
5.682000000000000384e-01
5.683333333333333570e-01
5.683333333333333570e-01
5.682666666666666977e-01
5.685999999999999943e-01
5.685333333333333350e-01
5.684000000000000163e-01
5.686666666666666536e-01
5.688666666666666316e-01
5.688666666666666316e-01
5.695333333333333359e-01
5.695333333333333359e-01
5.689999999999999503e-01
5.694666666666666766e-01
5.695999999999999952e-01
