3.341333333333333377e-01
3.424666666666666415e-01
3.493333333333333290e-01
3.552000000000000157e-01
3.606666666666666909e-01
3.654000000000000026e-01
3.702666666666666884e-01
3.745333333333333292e-01
3.791999999999999815e-01
3.825999999999999956e-01
3.865333333333333399e-01
3.901333333333333320e-01
3.936000000000000054e-01
3.970666666666666789e-01
4.009333333333333083e-01
4.030666666666666842e-01
4.057999999999999940e-01
4.076666666666666772e-01
4.103333333333333277e-01
4.122666666666666702e-01
4.141333333333333533e-01
4.162000000000000144e-01
4.182000000000000162e-01
4.204666666666666552e-01
4.222000000000000197e-01
4.247333333333333516e-01
4.271333333333333093e-01
4.294666666666666632e-01
4.305999999999999828e-01
4.320666666666666544e-01
4.341999999999999749e-01
4.359333333333333393e-01
4.380000000000000004e-01
4.394666666666666721e-01
4.408666666666666845e-01
4.425333333333333341e-01
4.443333333333333579e-01
4.468666666666666898e-01
4.480000000000000093e-01
4.489333333333333509e-01
4.497333333333333183e-01
4.503333333333333077e-01
4.516666666666666607e-01
4.524666666666666837e-01
4.537333333333333218e-01
4.543333333333333113e-01
4.552666666666666528e-01
4.568666666666666432e-01
4.583333333333333148e-01
4.591999999999999971e-01
4.605333333333333501e-01
4.616000000000000103e-01
4.626000000000000112e-01
4.632666666666666599e-01
4.645333333333333536e-01
4.645333333333333536e-01
4.660666666666666846e-01
4.667333333333333334e-01
4.673999999999999821e-01
4.680666666666666864e-01
4.684666666666666424e-01
4.693999999999999839e-01
4.699333333333333140e-01
4.705333333333333590e-01
4.713999999999999857e-01
4.727999999999999980e-01
4.733999999999999875e-01
4.744666666666666477e-01
4.756000000000000227e-01
4.763333333333333308e-01
4.769999999999999796e-01
4.779333333333333211e-01
4.789999999999999813e-01
4.793999999999999928e-01
4.799999999999999822e-01
4.803999999999999937e-01
4.809999999999999831e-01
4.813333333333333353e-01
4.818000000000000060e-01
4.832666666666666777e-01
4.836666666666666892e-01
4.847333333333333494e-01
4.846666666666666901e-01
4.854666666666666575e-01
4.856666666666666909e-01
4.861333333333333062e-01
4.868000000000000105e-01
4.875999999999999779e-01
4.885999999999999788e-01
4.897333333333333538e-01
4.900666666666666504e-01
4.905999999999999805e-01
4.916666666666666408e-01
4.924000000000000044e-01
4.925999999999999823e-01
4.932666666666666866e-01
4.940666666666666540e-01
4.949333333333333362e-01
4.958000000000000185e-01
4.967333333333333600e-01
4.975333333333333274e-01
4.975999999999999868e-01
4.984666666666666690e-01
4.988666666666666805e-01
4.997333333333333072e-01
4.999333333333333407e-01
5.002666666666666373e-01
5.005333333333333856e-01
5.008666666666666822e-01
5.020666666666666611e-01
5.030000000000000027e-01
5.034666666666666179e-01
5.043333333333333002e-01
5.048000000000000265e-01
5.055333333333332790e-01
5.058666666666666867e-01
5.058000000000000274e-01
5.063999999999999613e-01
5.067333333333333689e-01
5.073333333333333028e-01
5.078666666666666885e-01
5.091999999999999860e-01
5.098666666666666902e-01
5.103333333333333055e-01
5.104666666666666242e-01
5.117333333333333734e-01
5.120666666666666700e-01
5.125333333333332853e-01
5.123999999999999666e-01
5.128000000000000336e-01
5.131999999999999895e-01
5.136666666666667158e-01
5.145333333333332870e-01
5.148000000000000353e-01
5.146666666666667167e-01
5.149333333333333540e-01
5.156666666666667176e-01
5.159333333333333549e-01
5.161333333333333329e-01
5.171999999999999931e-01
5.171333333333333337e-01
5.170666666666666744e-01
5.170666666666666744e-01
5.177333333333333787e-01
5.182666666666666533e-01
5.177333333333333787e-01
5.185999999999999499e-01
5.188000000000000389e-01
5.194666666666666321e-01
5.195999999999999508e-01
5.196666666666667211e-01
5.200666666666666771e-01
5.205333333333332924e-01
5.210666666666666780e-01
5.216666666666666119e-01
5.219333333333333602e-01
5.223999999999999755e-01
5.221999999999999975e-01
5.232666666666666577e-01
5.231333333333333391e-01
5.233999999999999764e-01
5.237333333333333840e-01
5.242666666666666586e-01
5.241999999999999993e-01
5.248000000000000442e-01
5.250000000000000222e-01
5.257333333333333858e-01
5.262666666666666604e-01
5.267333333333333867e-01
5.275333333333332986e-01
5.278000000000000469e-01
5.279333333333333655e-01
5.282000000000000028e-01
5.282000000000000028e-01
5.283999999999999808e-01
5.283333333333333215e-01
5.283999999999999808e-01
5.284666666666666401e-01
5.288000000000000478e-01
5.294666666666666410e-01
5.295333333333333004e-01
5.297333333333332783e-01
5.298000000000000487e-01
5.300666666666666860e-01
5.308666666666667089e-01
5.310000000000000275e-01
5.317333333333332801e-01
5.319333333333333691e-01
5.322000000000000064e-01
5.320000000000000284e-01
5.320000000000000284e-01
5.325333333333333030e-01
5.332666666666666666e-01
5.332666666666666666e-01
5.336666666666666226e-01
5.340000000000000302e-01
5.335333333333333039e-01
5.342000000000000082e-01
5.354666666666666464e-01
5.355333333333333057e-01
5.359333333333333727e-01
5.360666666666666913e-01
5.363333333333333286e-01
5.363333333333333286e-01
5.369333333333333735e-01
5.368000000000000549e-01
5.370000000000000329e-01
5.374666666666666481e-01
5.378666666666667151e-01
5.384666666666666490e-01
5.385999999999999677e-01
5.390000000000000346e-01
5.392666666666666719e-01
5.397333333333332872e-01
5.399333333333333762e-01
5.400666666666666949e-01
5.396666666666666279e-01
5.401333333333333542e-01
5.407999999999999474e-01
5.410000000000000364e-01
5.422000000000000153e-01
5.425999999999999712e-01
5.430000000000000382e-01
5.433333333333333348e-01
5.434666666666666535e-01
5.442000000000000171e-01
5.446666666666666323e-01
5.451333333333333586e-01
5.455333333333333146e-01
5.458666666666666112e-01
5.458666666666666112e-01
5.463333333333333375e-01
5.460666666666667002e-01
5.465333333333333155e-01
5.463999999999999968e-01
5.463333333333333375e-01
5.471333333333333604e-01
5.473999999999999977e-01
5.473333333333333384e-01
5.472666666666666790e-01
5.478666666666666130e-01
5.484666666666666579e-01
5.483333333333333393e-01
5.483999999999999986e-01
5.487999999999999545e-01
5.485999999999999766e-01
5.488666666666666138e-01
5.491333333333333622e-01
5.497333333333332961e-01
5.493999999999999995e-01
5.500666666666667037e-01
5.503333333333333410e-01
5.503333333333333410e-01
5.504666666666666597e-01
5.502666666666666817e-01
5.505333333333333190e-01
5.512666666666666826e-01
5.510666666666667046e-01
5.514000000000000012e-01
5.517333333333332979e-01
5.520666666666667055e-01
5.520666666666667055e-01
5.524000000000000021e-01
5.526666666666666394e-01
5.528666666666666174e-01
5.528666666666666174e-01
5.530666666666667064e-01
5.527999999999999581e-01
5.526666666666666394e-01
5.530666666666667064e-01
5.534666666666666623e-01
5.527999999999999581e-01
5.534666666666666623e-01
5.531333333333333657e-01
5.534666666666666623e-01
5.534000000000000030e-01
5.535333333333333217e-01
5.536666666666666403e-01
5.536666666666666403e-01
5.538666666666666183e-01
5.542666666666666853e-01
5.547999999999999599e-01
5.550000000000000488e-01
5.549333333333332785e-01
5.551333333333333675e-01
5.557999999999999607e-01
5.559333333333332794e-01
5.561333333333333684e-01
5.567999999999999616e-01
5.570000000000000506e-01
5.570000000000000506e-01
5.572000000000000286e-01
5.570666666666667100e-01
5.565999999999999837e-01
5.570000000000000506e-01
5.568666666666666210e-01
5.572000000000000286e-01
5.574000000000000066e-01
5.587333333333333041e-01
5.588666666666666227e-01
5.587333333333333041e-01
5.587333333333333041e-01
5.585999999999999854e-01
5.587999999999999634e-01
5.591333333333333711e-01
5.595333333333333270e-01
5.599333333333332829e-01
5.599333333333332829e-01
5.605999999999999872e-01
5.604666666666666686e-01
5.604666666666666686e-01
5.609333333333332838e-01
5.610000000000000542e-01
5.608666666666666245e-01
5.614666666666666694e-01
5.615999999999999881e-01
5.618666666666666254e-01
5.621333333333333737e-01
5.627333333333333076e-01
5.629333333333332856e-01
5.625333333333333297e-01
5.633333333333333526e-01
5.630666666666667153e-01
5.632000000000000339e-01
5.630666666666667153e-01
5.632666666666666933e-01
5.633333333333333526e-01
5.630666666666667153e-01
5.629333333333332856e-01
5.631333333333333746e-01
5.632666666666666933e-01
5.642000000000000348e-01
5.647333333333333094e-01
5.652666666666666950e-01
5.656666666666666510e-01
5.657333333333333103e-01
5.654666666666666730e-01
5.660666666666667179e-01
5.664000000000000146e-01
5.666666666666666519e-01
5.667999999999999705e-01
5.672000000000000375e-01
5.673333333333333561e-01
5.672000000000000375e-01
5.679333333333332900e-01
5.679333333333332900e-01
5.679999999999999494e-01
5.675999999999999934e-01
5.675333333333333341e-01
5.678666666666666307e-01
5.681333333333333790e-01
5.681333333333333790e-01
5.681333333333333790e-01
5.681333333333333790e-01
5.682666666666666977e-01
5.682000000000000384e-01
5.685333333333333350e-01
5.685333333333333350e-01
5.688666666666666316e-01
5.691333333333333799e-01
5.690666666666667206e-01
5.690666666666667206e-01
5.687999999999999723e-01
