3.391333333333333422e-01
3.467333333333333378e-01
3.528000000000000025e-01
3.588666666666666671e-01
3.632000000000000228e-01
3.675999999999999823e-01
3.727333333333333609e-01
3.772666666666666391e-01
3.812666666666666426e-01
3.845999999999999974e-01
3.886666666666666603e-01
3.924000000000000266e-01
3.962666666666666559e-01
3.990666666666666806e-01
4.024666666666666393e-01
4.046000000000000152e-01
4.071333333333333471e-01
4.096666666666666790e-01
4.113333333333333286e-01
4.132000000000000117e-01
4.151333333333333542e-01
4.172000000000000153e-01
4.199999999999999845e-01
4.213333333333333375e-01
4.233333333333333393e-01
4.257333333333333525e-01
4.288000000000000145e-01
4.299999999999999933e-01
4.319333333333333358e-01
4.335999999999999854e-01
4.355333333333333279e-01
4.374000000000000110e-01
4.389333333333333420e-01
4.403333333333333544e-01
4.421333333333333226e-01
4.436666666666666536e-01
4.454666666666666774e-01
4.474666666666666792e-01
4.484000000000000208e-01
4.492666666666666475e-01
4.501333333333333298e-01
4.511333333333333306e-01
4.522666666666666502e-01
4.532666666666666511e-01
4.541333333333333333e-01
4.548666666666666414e-01
4.561999999999999944e-01
4.574666666666666881e-01
4.590666666666666784e-01
4.603333333333333166e-01
4.609333333333333060e-01
4.619333333333333069e-01
4.630666666666666820e-01
4.642666666666666608e-01
4.646000000000000130e-01
4.652000000000000024e-01
4.667333333333333334e-01
4.672000000000000042e-01
4.680000000000000271e-01
4.680000000000000271e-01
4.687333333333333352e-01
4.697999999999999954e-01
4.707999999999999963e-01
4.711333333333333484e-01
4.727333333333333387e-01
4.740666666666666917e-01
4.746666666666666812e-01
4.754666666666666486e-01
4.764666666666666495e-01
4.770666666666666944e-01
4.779333333333333211e-01
4.789999999999999813e-01
4.792666666666666742e-01
4.799999999999999822e-01
4.806000000000000272e-01
4.806666666666666865e-01
4.813999999999999946e-01
4.823333333333333361e-01
4.827333333333333476e-01
4.838666666666666671e-01
4.847333333333333494e-01
4.849333333333333274e-01
4.851333333333333608e-01
4.859999999999999876e-01
4.863999999999999990e-01
4.871333333333333071e-01
4.878666666666666707e-01
4.885333333333333194e-01
4.894000000000000017e-01
4.901333333333333098e-01
4.905999999999999805e-01
4.912666666666666848e-01
4.922000000000000264e-01
4.924666666666666637e-01
4.930666666666666531e-01
4.941333333333333133e-01
4.945333333333333248e-01
4.956666666666666443e-01
4.964000000000000079e-01
4.970666666666666567e-01
4.978000000000000203e-01
4.985333333333333283e-01
4.988666666666666805e-01
4.998000000000000220e-01
5.006000000000000449e-01
5.003999999999999559e-01
5.008000000000000229e-01
5.016000000000000458e-01
5.021999999999999797e-01
5.029333333333333433e-01
5.035333333333333883e-01
5.042666666666666409e-01
5.047333333333333671e-01
5.054666666666666197e-01
5.054666666666666197e-01
5.060666666666666647e-01
5.061333333333333240e-01
5.069333333333333469e-01
5.073333333333333028e-01
5.080000000000000071e-01
5.088000000000000300e-01
5.097333333333333716e-01
5.105333333333332835e-01
5.106666666666667131e-01
5.116666666666667140e-01
5.123999999999999666e-01
5.128000000000000336e-01
5.130000000000000115e-01
5.128666666666666929e-01
5.131333333333333302e-01
5.133999999999999675e-01
5.144666666666666277e-01
5.146666666666667167e-01
5.149333333333333540e-01
5.150000000000000133e-01
5.157333333333333769e-01
5.165999999999999481e-01
5.170000000000000151e-01
5.173999999999999710e-01
5.176666666666667194e-01
5.177333333333333787e-01
5.176666666666667194e-01
5.182666666666666533e-01
5.183999999999999719e-01
5.188000000000000389e-01
5.189333333333333576e-01
5.190666666666666762e-01
5.194666666666666321e-01
5.202666666666666551e-01
5.200666666666666771e-01
5.202666666666666551e-01
5.210000000000000187e-01
5.212666666666666559e-01
5.214666666666666339e-01
5.221999999999999975e-01
5.225999999999999535e-01
5.230000000000000204e-01
5.233333333333333171e-01
5.235333333333332950e-01
5.236666666666666137e-01
5.245999999999999552e-01
5.245333333333332959e-01
5.253333333333333188e-01
5.252666666666666595e-01
5.255999999999999561e-01
5.256666666666666154e-01
5.266666666666666163e-01
5.270000000000000240e-01
5.277333333333333876e-01
5.283333333333333215e-01
5.285333333333332995e-01
5.285999999999999588e-01
5.283333333333333215e-01
5.285333333333332995e-01
5.290666666666666851e-01
5.293999999999999817e-01
5.292666666666666631e-01
5.295333333333333004e-01
5.300000000000000266e-01
5.303999999999999826e-01
5.306666666666666199e-01
5.310666666666666869e-01
5.310000000000000275e-01
5.311333333333333462e-01
5.317333333333332801e-01
5.325999999999999623e-01
5.323999999999999844e-01
5.328000000000000513e-01
5.325999999999999623e-01
5.326666666666666217e-01
5.328000000000000513e-01
5.336666666666666226e-01
5.338666666666667115e-01
5.343333333333333268e-01
5.348000000000000531e-01
5.345999999999999641e-01
5.345333333333333048e-01
5.358000000000000540e-01
5.361333333333333506e-01
5.364666666666666472e-01
5.361333333333333506e-01
5.362000000000000099e-01
5.366666666666666252e-01
5.370666666666666922e-01
5.372000000000000108e-01
5.375333333333333075e-01
5.380000000000000338e-01
5.381333333333333524e-01
5.383999999999999897e-01
5.385999999999999677e-01
5.392000000000000126e-01
5.401333333333333542e-01
5.400000000000000355e-01
5.402000000000000135e-01
5.403999999999999915e-01
5.404666666666666508e-01
5.407999999999999474e-01
5.413333333333333330e-01
5.413999999999999924e-01
5.424666666666666526e-01
5.427999999999999492e-01
5.433999999999999941e-01
5.431333333333333568e-01
5.441333333333333577e-01
5.445333333333333137e-01
5.453333333333333366e-01
5.456666666666666332e-01
5.456666666666666332e-01
5.464666666666666561e-01
5.467333333333332934e-01
5.464666666666666561e-01
5.465333333333333155e-01
5.467999999999999527e-01
5.467333333333332934e-01
5.465999999999999748e-01
5.471333333333333604e-01
5.476666666666666350e-01
5.476666666666666350e-01
5.473333333333333384e-01
5.477999999999999536e-01
5.483333333333333393e-01
5.487333333333332952e-01
5.487333333333332952e-01
5.489333333333333842e-01
5.492000000000000215e-01
5.492666666666666808e-01
5.495333333333333181e-01
5.499333333333333851e-01
5.502000000000000224e-01
5.502666666666666817e-01
5.503333333333333410e-01
5.507999999999999563e-01
5.509333333333333860e-01
5.506666666666666377e-01
5.509333333333333860e-01
5.515333333333333199e-01
5.515333333333333199e-01
5.523333333333333428e-01
5.520666666666667055e-01
5.522666666666666835e-01
5.522666666666666835e-01
5.527333333333332988e-01
5.526666666666666394e-01
5.531333333333333657e-01
5.531333333333333657e-01
5.532666666666666844e-01
5.529333333333333877e-01
5.530666666666667064e-01
5.532000000000000250e-01
5.534666666666666623e-01
5.534000000000000030e-01
5.533333333333333437e-01
5.535333333333333217e-01
5.538666666666666183e-01
5.537333333333332996e-01
5.541333333333333666e-01
5.540666666666667073e-01
5.544666666666666632e-01
5.543333333333333446e-01
5.550666666666667082e-01
5.555333333333333234e-01
5.555333333333333234e-01
5.552000000000000268e-01
5.552000000000000268e-01
5.560666666666667091e-01
5.563333333333333464e-01
5.569333333333332803e-01
5.572000000000000286e-01
5.573333333333333472e-01
5.577999999999999625e-01
5.574666666666666659e-01
5.575999999999999845e-01
5.573333333333333472e-01
5.572000000000000286e-01
5.575333333333333252e-01
5.579333333333332812e-01
5.577333333333333032e-01
5.586666666666666448e-01
5.590666666666667117e-01
5.590666666666667117e-01
5.587999999999999634e-01
5.588666666666666227e-01
5.589333333333332821e-01
5.594000000000000083e-01
5.597333333333333050e-01
5.600000000000000533e-01
5.602666666666666906e-01
5.607999999999999652e-01
5.610000000000000542e-01
5.611333333333333728e-01
5.612000000000000322e-01
5.613333333333333508e-01
5.614000000000000101e-01
5.617999999999999661e-01
5.620000000000000551e-01
5.620666666666667144e-01
5.624000000000000110e-01
5.630666666666667153e-01
5.630666666666667153e-01
5.629999999999999449e-01
5.634666666666666712e-01
5.636666666666666492e-01
5.639333333333332865e-01
5.640666666666667162e-01
5.640666666666667162e-01
5.642000000000000348e-01
5.643333333333333535e-01
5.639333333333332865e-01
5.642000000000000348e-01
5.644666666666666721e-01
5.650666666666667171e-01
5.653333333333333544e-01
5.657999999999999696e-01
5.661333333333333773e-01
5.663333333333333552e-01
5.662666666666666959e-01
5.664666666666666739e-01
5.669333333333332892e-01
5.672666666666666968e-01
5.671333333333333782e-01
5.674000000000000155e-01
5.679999999999999494e-01
5.679999999999999494e-01
5.684666666666666757e-01
5.684000000000000163e-01
5.684666666666666757e-01
5.681333333333333790e-01
5.679333333333332900e-01
5.682000000000000384e-01
5.684666666666666757e-01
5.685333333333333350e-01
5.686666666666666536e-01
5.685999999999999943e-01
5.688666666666666316e-01
5.682666666666666977e-01
5.687999999999999723e-01
5.691333333333333799e-01
5.695333333333333359e-01
5.697333333333333139e-01
5.694666666666666766e-01
5.694000000000000172e-01
5.695999999999999952e-01
5.692000000000000393e-01
