3.105333333333333279e-01
3.229333333333333500e-01
3.333333333333333148e-01
3.410666666666666846e-01
3.492000000000000104e-01
3.553999999999999937e-01
3.599999999999999867e-01
3.654666666666666619e-01
3.708666666666666778e-01
3.743333333333333512e-01
3.784666666666666734e-01
3.827999999999999736e-01
3.856666666666666576e-01
3.896666666666666612e-01
3.924000000000000266e-01
3.957999999999999852e-01
3.989333333333333065e-01
4.027999999999999914e-01
4.048666666666666525e-01
4.069999999999999729e-01
4.090666666666666895e-01
4.107333333333333392e-01
4.127333333333333409e-01
4.148666666666666614e-01
4.166000000000000258e-01
4.189333333333333242e-01
4.210666666666666447e-01
4.232000000000000206e-01
4.252000000000000224e-01
4.265999999999999792e-01
4.276666666666666394e-01
4.299999999999999933e-01
4.319333333333333358e-01
4.332666666666666888e-01
4.359333333333333393e-01
4.373333333333333517e-01
4.388666666666666827e-01
4.405333333333333323e-01
4.424000000000000155e-01
4.444666666666666766e-01
4.447333333333333139e-01
4.465333333333333377e-01
4.475333333333333385e-01
4.488666666666666916e-01
4.491999999999999882e-01
4.502666666666666484e-01
4.520000000000000129e-01
4.530000000000000138e-01
4.540000000000000147e-01
4.549333333333333562e-01
4.561333333333333351e-01
4.573333333333333139e-01
4.574666666666666881e-01
4.596000000000000085e-01
4.600666666666666793e-01
4.610666666666666802e-01
4.622666666666666591e-01
4.629333333333333078e-01
4.637333333333333307e-01
4.645333333333333536e-01
4.653999999999999804e-01
4.651333333333333431e-01
4.656000000000000139e-01
4.663333333333333219e-01
4.674666666666666415e-01
4.677333333333333343e-01
4.683333333333333237e-01
4.696666666666666767e-01
4.697999999999999954e-01
4.707333333333333369e-01
4.710666666666666891e-01
4.723333333333333273e-01
4.736000000000000210e-01
4.747333333333333405e-01
4.749999999999999778e-01
4.761333333333333528e-01
4.760666666666666935e-01
4.768000000000000016e-01
4.779999999999999805e-01
4.780666666666666398e-01
4.792000000000000148e-01
4.795333333333333115e-01
4.804666666666666530e-01
4.803999999999999937e-01
4.815333333333333132e-01
4.819999999999999840e-01
4.830666666666666442e-01
4.833999999999999964e-01
4.838000000000000078e-01
4.843999999999999972e-01
4.849999999999999867e-01
4.863999999999999990e-01
4.867333333333333512e-01
4.877333333333333520e-01
4.876666666666666927e-01
4.882666666666666822e-01
4.887333333333333529e-01
4.896666666666666390e-01
4.905333333333333212e-01
4.914000000000000035e-01
4.918000000000000149e-01
4.931333333333333124e-01
4.934666666666666646e-01
4.943333333333333468e-01
4.944666666666666655e-01
4.957333333333333591e-01
4.955999999999999850e-01
4.959999999999999964e-01
4.961999999999999744e-01
4.971999999999999753e-01
4.973333333333333495e-01
4.981333333333333169e-01
4.991333333333333178e-01
5.001333333333333186e-01
5.013333333333332975e-01
5.016000000000000458e-01
5.020000000000000018e-01
5.025333333333333874e-01
5.024666666666666170e-01
5.031333333333333213e-01
5.029333333333333433e-01
5.030000000000000027e-01
5.036666666666667069e-01
5.056000000000000494e-01
5.055333333333332790e-01
5.063333333333333020e-01
5.065333333333332799e-01
5.068666666666666876e-01
5.079333333333333478e-01
5.085333333333332817e-01
5.086000000000000520e-01
5.086666666666667114e-01
5.095333333333332826e-01
5.104666666666666242e-01
5.110000000000000098e-01
5.116666666666667140e-01
5.115333333333332844e-01
5.112666666666666471e-01
5.117333333333333734e-01
5.125333333333332853e-01
5.130000000000000115e-01
5.133999999999999675e-01
5.137333333333333751e-01
5.132666666666666488e-01
5.133333333333333082e-01
5.135999999999999455e-01
5.135333333333332861e-01
5.143333333333333091e-01
5.149333333333333540e-01
5.155333333333332879e-01
5.159333333333333549e-01
5.168666666666666965e-01
5.158000000000000362e-01
5.163999999999999702e-01
5.165999999999999481e-01
5.168666666666666965e-01
5.177333333333333787e-01
5.184666666666666313e-01
5.183333333333333126e-01
5.183999999999999719e-01
5.193333333333333135e-01
5.191333333333333355e-01
5.190000000000000169e-01
5.192666666666666542e-01
5.203333333333333144e-01
5.210666666666666780e-01
5.219333333333333602e-01
5.218000000000000416e-01
5.221999999999999975e-01
5.222666666666666568e-01
5.221333333333333382e-01
5.231999999999999984e-01
5.230666666666666798e-01
5.235999999999999543e-01
5.239333333333333620e-01
5.238000000000000433e-01
5.245999999999999552e-01
5.248666666666667036e-01
5.239333333333333620e-01
5.243333333333333179e-01
5.246666666666666146e-01
5.247333333333333849e-01
5.250000000000000222e-01
5.251333333333333409e-01
5.250666666666666815e-01
5.255333333333332968e-01
5.262000000000000011e-01
5.270000000000000240e-01
5.274666666666666393e-01
5.280666666666666842e-01
5.278000000000000469e-01
5.284666666666666401e-01
5.286666666666666181e-01
5.285999999999999588e-01
5.297333333333332783e-01
5.290000000000000258e-01
5.292666666666666631e-01
5.305999999999999606e-01
5.307333333333332792e-01
5.308666666666667089e-01
5.314666666666666428e-01
5.315333333333333021e-01
5.314666666666666428e-01
5.314666666666666428e-01
5.317333333333332801e-01
5.316666666666666208e-01
5.322000000000000064e-01
5.325333333333333030e-01
5.325333333333333030e-01
5.328000000000000513e-01
5.338666666666667115e-01
5.347333333333332828e-01
5.342000000000000082e-01
5.342000000000000082e-01
5.344666666666666455e-01
5.344666666666666455e-01
5.356666666666666243e-01
5.358000000000000540e-01
5.354666666666666464e-01
5.352000000000000091e-01
5.353333333333333277e-01
5.369333333333333735e-01
5.373999999999999888e-01
5.383999999999999897e-01
5.392000000000000126e-01
5.400666666666666949e-01
5.392666666666666719e-01
5.395333333333333092e-01
5.398666666666667169e-01
5.396666666666666279e-01
5.409333333333333771e-01
5.422666666666666746e-01
5.417999999999999483e-01
5.414666666666666517e-01
5.416666666666666297e-01
5.415999999999999703e-01
5.418666666666667187e-01
5.421333333333333560e-01
5.422000000000000153e-01
5.422000000000000153e-01
5.430000000000000382e-01
5.434666666666666535e-01
5.436666666666666314e-01
5.446666666666666323e-01
5.443333333333333357e-01
5.439333333333333798e-01
5.445999999999999730e-01
5.450000000000000400e-01
5.454666666666666552e-01
5.455999999999999739e-01
5.464666666666666561e-01
5.456666666666666332e-01
5.456666666666666332e-01
5.457999999999999519e-01
5.466666666666666341e-01
5.462000000000000188e-01
5.467333333333332934e-01
5.469333333333333824e-01
5.460000000000000409e-01
5.464666666666666561e-01
5.464666666666666561e-01
5.467999999999999527e-01
5.472000000000000197e-01
5.485333333333333172e-01
5.490666666666667028e-01
5.490000000000000435e-01
5.494666666666666588e-01
5.492000000000000215e-01
5.490000000000000435e-01
5.493333333333333401e-01
5.493999999999999995e-01
5.493333333333333401e-01
5.496666666666666368e-01
5.492666666666666808e-01
5.495999999999999774e-01
5.496666666666666368e-01
5.490666666666667028e-01
5.489333333333333842e-01
5.494666666666666588e-01
5.492000000000000215e-01
5.495999999999999774e-01
5.493999999999999995e-01
5.492666666666666808e-01
5.490666666666667028e-01
5.494666666666666588e-01
5.501333333333333631e-01
5.503333333333333410e-01
5.504666666666666597e-01
5.512000000000000233e-01
5.518666666666666165e-01
5.514666666666666606e-01
5.514000000000000012e-01
5.522666666666666835e-01
5.522666666666666835e-01
5.515999999999999792e-01
5.512666666666666826e-01
5.523333333333333428e-01
5.533333333333333437e-01
5.527999999999999581e-01
5.529333333333333877e-01
5.539333333333333886e-01
5.549333333333332785e-01
5.544666666666666632e-01
5.542666666666666853e-01
5.544666666666666632e-01
5.544000000000000039e-01
5.544666666666666632e-01
5.554000000000000048e-01
5.546666666666666412e-01
5.562666666666666870e-01
5.562000000000000277e-01
5.564000000000000057e-01
5.564666666666666650e-01
5.563333333333333464e-01
5.563333333333333464e-01
5.564000000000000057e-01
5.563333333333333464e-01
5.565333333333333243e-01
5.575333333333333252e-01
5.580666666666667108e-01
5.580000000000000515e-01
5.583333333333333481e-01
5.594666666666666677e-01
5.582666666666666888e-01
5.589333333333332821e-01
5.588666666666666227e-01
5.585999999999999854e-01
5.590000000000000524e-01
5.585333333333333261e-01
5.590000000000000524e-01
5.592666666666666897e-01
5.594666666666666677e-01
5.600666666666667126e-01
5.600666666666667126e-01
5.610000000000000542e-01
5.610666666666667135e-01
5.614000000000000101e-01
5.615333333333333288e-01
5.615999999999999881e-01
5.610666666666667135e-01
5.621333333333333737e-01
5.631333333333333746e-01
5.632000000000000339e-01
5.630666666666667153e-01
5.635333333333333306e-01
5.632666666666666933e-01
5.630666666666667153e-01
5.632000000000000339e-01
5.634000000000000119e-01
5.635999999999999899e-01
5.644000000000000128e-01
5.643333333333333535e-01
5.638666666666666272e-01
5.639333333333332865e-01
5.632000000000000339e-01
5.633333333333333526e-01
5.637333333333333085e-01
5.636666666666666492e-01
5.637333333333333085e-01
5.633333333333333526e-01
5.630666666666667153e-01
5.635333333333333306e-01
5.645333333333333314e-01
