3.437333333333333352e-01
3.498666666666666591e-01
3.559333333333333238e-01
3.608666666666666689e-01
3.655999999999999805e-01
3.699999999999999956e-01
3.753333333333333521e-01
3.790000000000000036e-01
3.826666666666666550e-01
3.871333333333333293e-01
3.905333333333333434e-01
3.940000000000000169e-01
3.975333333333333496e-01
4.010666666666666824e-01
4.034666666666666401e-01
4.057999999999999940e-01
4.080666666666666886e-01
4.100666666666666904e-01
4.122666666666666702e-01
4.141333333333333533e-01
4.163999999999999924e-01
4.185333333333333128e-01
4.208666666666666667e-01
4.225999999999999757e-01
4.247333333333333516e-01
4.279333333333333322e-01
4.292666666666666853e-01
4.309999999999999942e-01
4.326666666666666439e-01
4.345999999999999863e-01
4.361999999999999766e-01
4.381999999999999784e-01
4.394666666666666721e-01
4.411999999999999811e-01
4.424666666666666748e-01
4.441333333333333244e-01
4.463333333333333597e-01
4.480666666666666687e-01
4.485999999999999988e-01
4.499333333333333518e-01
4.506666666666666599e-01
4.516000000000000014e-01
4.526666666666666616e-01
4.537333333333333218e-01
4.545333333333333448e-01
4.553333333333333122e-01
4.569333333333333580e-01
4.579333333333333589e-01
4.596666666666666679e-01
4.607999999999999874e-01
4.619333333333333069e-01
4.631333333333333413e-01
4.638666666666666494e-01
4.649333333333333096e-01
4.647999999999999909e-01
4.658666666666666512e-01
4.667333333333333334e-01
4.672666666666666635e-01
4.680000000000000271e-01
4.687999999999999945e-01
4.693999999999999839e-01
4.707333333333333369e-01
4.716666666666666785e-01
4.726000000000000201e-01
4.733999999999999875e-01
4.742000000000000104e-01
4.752000000000000113e-01
4.761333333333333528e-01
4.772000000000000131e-01
4.779333333333333211e-01
4.785333333333333106e-01
4.792666666666666742e-01
4.798666666666666636e-01
4.806000000000000272e-01
4.808000000000000052e-01
4.813999999999999946e-01
4.822666666666666768e-01
4.824666666666666548e-01
4.837333333333333485e-01
4.842000000000000193e-01
4.849333333333333274e-01
4.853333333333333388e-01
4.857333333333333503e-01
4.862000000000000210e-01
4.867333333333333512e-01
4.874666666666666592e-01
4.884000000000000008e-01
4.889999999999999902e-01
4.900666666666666504e-01
4.908666666666666734e-01
4.909999999999999920e-01
4.919999999999999929e-01
4.928000000000000158e-01
4.932666666666666866e-01
4.938666666666666760e-01
4.946666666666666434e-01
4.951999999999999735e-01
4.959999999999999964e-01
4.969333333333333380e-01
4.978666666666666796e-01
4.981333333333333169e-01
4.986666666666666470e-01
4.992666666666666919e-01
5.004666666666666153e-01
5.003999999999999559e-01
5.008666666666666822e-01
5.015333333333333865e-01
5.023333333333332984e-01
5.028666666666666840e-01
5.031333333333333213e-01
5.039333333333333442e-01
5.046666666666667078e-01
5.048000000000000265e-01
5.056000000000000494e-01
5.058000000000000274e-01
5.064666666666666206e-01
5.067333333333333689e-01
5.074666666666666215e-01
5.076666666666667105e-01
5.087333333333333707e-01
5.096666666666667123e-01
5.101999999999999869e-01
5.110000000000000098e-01
5.115333333333332844e-01
5.126666666666667149e-01
5.129333333333333522e-01
5.133333333333333082e-01
5.132666666666666488e-01
5.134666666666666268e-01
5.139333333333333531e-01
5.145999999999999464e-01
5.148666666666666947e-01
5.151999999999999913e-01
5.153999999999999693e-01
5.163999999999999702e-01
5.171333333333333337e-01
5.172666666666666524e-01
5.174666666666666304e-01
5.178666666666666973e-01
5.177333333333333787e-01
5.179333333333333567e-01
5.181333333333333346e-01
5.183333333333333126e-01
5.190666666666666762e-01
5.193999999999999728e-01
5.191999999999999948e-01
5.196666666666667211e-01
5.201333333333333364e-01
5.203333333333333144e-01
5.204666666666666330e-01
5.208666666666667000e-01
5.215999999999999526e-01
5.217333333333333822e-01
5.220666666666666789e-01
5.228000000000000425e-01
5.230000000000000204e-01
5.233999999999999764e-01
5.234666666666666357e-01
5.239333333333333620e-01
5.244666666666666366e-01
5.249333333333333629e-01
5.252000000000000002e-01
5.255999999999999561e-01
5.257333333333333858e-01
5.260666666666666824e-01
5.265333333333332977e-01
5.270666666666666833e-01
5.278666666666667062e-01
5.285999999999999588e-01
5.286666666666666181e-01
5.287333333333333885e-01
5.289333333333333664e-01
5.293333333333333224e-01
5.295999999999999597e-01
5.295999999999999597e-01
5.298000000000000487e-01
5.300000000000000266e-01
5.302000000000000046e-01
5.303999999999999826e-01
5.310666666666666869e-01
5.313333333333333242e-01
5.313333333333333242e-01
5.318000000000000504e-01
5.321333333333333471e-01
5.325333333333333030e-01
5.330666666666666886e-01
5.332000000000000073e-01
5.330666666666666886e-01
5.328666666666667107e-01
5.330666666666666886e-01
5.338666666666667115e-01
5.342666666666666675e-01
5.343333333333333268e-01
5.348000000000000531e-01
5.348666666666667124e-01
5.347333333333332828e-01
5.354666666666666464e-01
5.359333333333333727e-01
5.363333333333333286e-01
5.364666666666666472e-01
5.364666666666666472e-01
5.366666666666666252e-01
5.370666666666666922e-01
5.375333333333333075e-01
5.376666666666666261e-01
5.382666666666666710e-01
5.385333333333333083e-01
5.385999999999999677e-01
5.389333333333333753e-01
5.392666666666666719e-01
5.401333333333333542e-01
5.400000000000000355e-01
5.407999999999999474e-01
5.408666666666667178e-01
5.408666666666667178e-01
5.411333333333333551e-01
5.417333333333332890e-01
5.417333333333332890e-01
5.424666666666666526e-01
5.430666666666666975e-01
5.434666666666666535e-01
5.440000000000000391e-01
5.440666666666666984e-01
5.445333333333333137e-01
5.453333333333333366e-01
5.457999999999999519e-01
5.461333333333333595e-01
5.464666666666666561e-01
5.469333333333333824e-01
5.468666666666666121e-01
5.467333333333332934e-01
5.470000000000000417e-01
5.470000000000000417e-01
5.470000000000000417e-01
5.467999999999999527e-01
5.475333333333333163e-01
5.480000000000000426e-01
5.477333333333332943e-01
5.479333333333333833e-01
5.485333333333333172e-01
5.487999999999999545e-01
5.487999999999999545e-01
5.489333333333333842e-01
5.495333333333333181e-01
5.496666666666666368e-01
5.498666666666666147e-01
5.502000000000000224e-01
5.502666666666666817e-01
5.510000000000000453e-01
5.507333333333332970e-01
5.512000000000000233e-01
5.513333333333333419e-01
5.508666666666666156e-01
5.510666666666667046e-01
5.513333333333333419e-01
5.519333333333333869e-01
5.519333333333333869e-01
5.525999999999999801e-01
5.525999999999999801e-01
5.525999999999999801e-01
5.529333333333333877e-01
5.528666666666666174e-01
5.533333333333333437e-01
5.538666666666666183e-01
5.535999999999999810e-01
5.534666666666666623e-01
5.537333333333332996e-01
5.535999999999999810e-01
5.536666666666666403e-01
5.536666666666666403e-01
5.539333333333333886e-01
5.537999999999999590e-01
5.540000000000000480e-01
5.549333333333332785e-01
5.549333333333332785e-01
5.547999999999999599e-01
5.547333333333333005e-01
5.547999999999999599e-01
5.548666666666666192e-01
5.555333333333333234e-01
5.559333333333332794e-01
5.557999999999999607e-01
5.556666666666666421e-01
5.562666666666666870e-01
5.568666666666666210e-01
5.570000000000000506e-01
5.573333333333333472e-01
5.575333333333333252e-01
5.582000000000000295e-01
5.582000000000000295e-01
5.578666666666666218e-01
5.579333333333332812e-01
5.576666666666666439e-01
5.577999999999999625e-01
5.583333333333333481e-01
5.585333333333333261e-01
5.585333333333333261e-01
5.590000000000000524e-01
5.592666666666666897e-01
5.592000000000000304e-01
5.593333333333333490e-01
5.594000000000000083e-01
5.595999999999999863e-01
5.599333333333332829e-01
5.599333333333332829e-01
5.606666666666666465e-01
5.610666666666667135e-01
5.613333333333333508e-01
5.615333333333333288e-01
5.615333333333333288e-01
5.619333333333332847e-01
5.620000000000000551e-01
5.617999999999999661e-01
5.621333333333333737e-01
5.624666666666666703e-01
5.627333333333333076e-01
5.631333333333333746e-01
5.632000000000000339e-01
5.636666666666666492e-01
5.639333333333332865e-01
5.641333333333333755e-01
5.643333333333333535e-01
5.646666666666666501e-01
5.643333333333333535e-01
5.647333333333333094e-01
5.655333333333333323e-01
5.653333333333333544e-01
5.654000000000000137e-01
5.655333333333333323e-01
5.655999999999999917e-01
5.659333333333332883e-01
5.664666666666666739e-01
5.665999999999999925e-01
5.667999999999999705e-01
5.667999999999999705e-01
5.671333333333333782e-01
5.674666666666666748e-01
5.675999999999999934e-01
5.676666666666666528e-01
5.678666666666666307e-01
5.681333333333333790e-01
5.682666666666666977e-01
5.686666666666666536e-01
5.687999999999999723e-01
5.685333333333333350e-01
5.687999999999999723e-01
5.684000000000000163e-01
5.684666666666666757e-01
5.687333333333333130e-01
5.689999999999999503e-01
5.687333333333333130e-01
5.687999999999999723e-01
5.689333333333332909e-01
5.689333333333332909e-01
5.688666666666666316e-01
5.690666666666667206e-01
5.695333333333333359e-01
5.699999999999999512e-01
5.699999999999999512e-01
5.694000000000000172e-01
5.697333333333333139e-01
5.697333333333333139e-01
5.697333333333333139e-01
