3.506000000000000227e-01
3.559999999999999831e-01
3.608000000000000096e-01
3.654000000000000026e-01
3.694000000000000061e-01
3.746666666666666479e-01
3.788000000000000256e-01
3.821999999999999842e-01
3.861333333333333284e-01
3.898666666666666392e-01
3.935333333333333461e-01
3.972666666666666568e-01
4.003999999999999782e-01
4.032000000000000028e-01
4.056000000000000161e-01
4.080666666666666886e-01
4.099999999999999756e-01
4.122000000000000108e-01
4.138666666666666605e-01
4.156666666666666843e-01
4.179999999999999827e-01
4.202000000000000179e-01
4.224666666666666570e-01
4.239333333333333287e-01
4.270666666666666500e-01
4.290666666666666518e-01
4.304000000000000048e-01
4.324000000000000066e-01
4.338666666666666782e-01
4.358000000000000207e-01
4.374666666666666703e-01
4.392666666666666941e-01
4.406666666666666510e-01
4.425333333333333341e-01
4.444000000000000172e-01
4.463333333333333597e-01
4.477999999999999758e-01
4.487333333333333174e-01
4.498666666666666925e-01
4.504666666666666819e-01
4.516666666666666607e-01
4.527333333333333210e-01
4.534666666666666845e-01
4.545333333333333448e-01
4.554000000000000270e-01
4.568666666666666432e-01
4.582666666666666555e-01
4.593999999999999750e-01
4.609333333333333060e-01
4.619333333333333069e-01
4.632000000000000006e-01
4.640666666666666829e-01
4.647333333333333316e-01
4.650666666666666837e-01
4.658666666666666512e-01
4.667999999999999927e-01
4.676000000000000156e-01
4.686666666666666758e-01
4.693999999999999839e-01
4.699999999999999734e-01
4.703999999999999848e-01
4.717333333333333378e-01
4.724666666666666459e-01
4.732000000000000095e-01
4.741333333333333511e-01
4.749999999999999778e-01
4.762000000000000122e-01
4.769999999999999796e-01
4.777333333333333432e-01
4.784666666666666512e-01
4.794666666666666521e-01
4.798000000000000043e-01
4.803999999999999937e-01
4.809333333333333238e-01
4.822000000000000175e-01
4.823333333333333361e-01
4.832666666666666777e-01
4.843333333333333379e-01
4.848666666666666680e-01
4.852000000000000202e-01
4.858000000000000096e-01
4.862000000000000210e-01
4.863999999999999990e-01
4.869333333333333291e-01
4.878666666666666707e-01
4.885333333333333194e-01
4.894000000000000017e-01
4.903333333333333433e-01
4.910666666666666513e-01
4.914000000000000035e-01
4.923333333333333450e-01
4.932666666666666866e-01
4.938000000000000167e-01
4.940666666666666540e-01
4.950666666666666549e-01
4.955999999999999850e-01
4.964000000000000079e-01
4.971333333333333160e-01
4.981999999999999762e-01
4.981999999999999762e-01
4.990666666666666584e-01
4.994666666666666699e-01
5.007333333333333636e-01
5.009333333333333416e-01
5.013999999999999568e-01
5.019333333333333425e-01
5.028000000000000247e-01
5.031333333333333213e-01
5.032666666666666400e-01
5.040666666666666629e-01
5.046000000000000485e-01
5.048000000000000265e-01
5.054666666666666197e-01
5.058000000000000274e-01
5.068000000000000282e-01
5.071999999999999842e-01
5.076666666666667105e-01
5.080666666666666664e-01
5.089333333333333487e-01
5.096666666666667123e-01
5.103333333333333055e-01
5.116000000000000547e-01
5.118666666666666920e-01
5.124666666666666259e-01
5.131999999999999895e-01
5.135333333333332861e-01
5.138000000000000345e-01
5.138000000000000345e-01
5.142666666666666497e-01
5.145999999999999464e-01
5.153999999999999693e-01
5.160000000000000142e-01
5.158000000000000362e-01
5.166666666666667185e-01
5.173333333333333117e-01
5.176666666666667194e-01
5.180000000000000160e-01
5.178000000000000380e-01
5.183999999999999719e-01
5.185999999999999499e-01
5.186666666666667203e-01
5.190000000000000169e-01
5.190000000000000169e-01
5.195333333333332915e-01
5.195999999999999508e-01
5.200000000000000178e-01
5.205333333333332924e-01
5.208000000000000407e-01
5.208000000000000407e-01
5.212666666666666559e-01
5.220000000000000195e-01
5.227333333333333831e-01
5.230666666666666798e-01
5.235333333333332950e-01
5.238666666666667027e-01
5.240000000000000213e-01
5.248000000000000442e-01
5.246666666666666146e-01
5.250666666666666815e-01
5.253333333333333188e-01
5.254666666666666375e-01
5.258666666666667044e-01
5.264666666666666384e-01
5.265333333333332977e-01
5.270000000000000240e-01
5.276666666666666172e-01
5.283333333333333215e-01
5.288000000000000478e-01
5.289333333333333664e-01
5.293333333333333224e-01
5.292666666666666631e-01
5.296666666666666190e-01
5.299333333333333673e-01
5.304666666666666419e-01
5.308000000000000496e-01
5.310000000000000275e-01
5.312000000000000055e-01
5.314666666666666428e-01
5.318000000000000504e-01
5.318000000000000504e-01
5.319333333333333691e-01
5.323999999999999844e-01
5.326666666666666217e-01
5.335333333333333039e-01
5.339333333333333709e-01
5.338666666666667115e-01
5.342000000000000082e-01
5.339333333333333709e-01
5.342000000000000082e-01
5.344666666666666455e-01
5.346666666666666234e-01
5.353999999999999870e-01
5.354666666666666464e-01
5.353333333333333277e-01
5.355333333333333057e-01
5.359333333333333727e-01
5.365999999999999659e-01
5.369333333333333735e-01
5.367333333333332845e-01
5.369333333333333735e-01
5.370666666666666922e-01
5.374666666666666481e-01
5.374666666666666481e-01
5.381333333333333524e-01
5.386666666666666270e-01
5.390000000000000346e-01
5.392000000000000126e-01
5.396666666666666279e-01
5.400666666666666949e-01
5.404666666666666508e-01
5.407999999999999474e-01
5.409333333333333771e-01
5.414666666666666517e-01
5.411333333333333551e-01
5.414666666666666517e-01
5.418666666666667187e-01
5.420000000000000373e-01
5.427999999999999492e-01
5.433333333333333348e-01
5.437999999999999501e-01
5.440666666666666984e-01
5.438666666666667204e-01
5.445333333333333137e-01
5.454666666666666552e-01
5.463333333333333375e-01
5.465333333333333155e-01
5.465999999999999748e-01
5.470000000000000417e-01
5.470666666666667011e-01
5.474666666666666570e-01
5.475333333333333163e-01
5.473999999999999977e-01
5.474666666666666570e-01
5.475333333333333163e-01
5.480000000000000426e-01
5.485999999999999766e-01
5.483333333333333393e-01
5.482666666666666799e-01
5.490666666666667028e-01
5.492000000000000215e-01
5.493999999999999995e-01
5.493333333333333401e-01
5.498666666666666147e-01
5.501333333333333631e-01
5.504666666666666597e-01
5.507999999999999563e-01
5.510666666666667046e-01
5.513333333333333419e-01
5.516666666666666385e-01
5.516666666666666385e-01
5.516666666666666385e-01
5.515333333333333199e-01
5.517333333333332979e-01
5.519333333333333869e-01
5.523333333333333428e-01
5.522000000000000242e-01
5.528666666666666174e-01
5.533333333333333437e-01
5.535999999999999810e-01
5.535333333333333217e-01
5.537333333333332996e-01
5.539333333333333886e-01
5.540000000000000480e-01
5.539333333333333886e-01
5.542666666666666853e-01
5.542666666666666853e-01
5.545333333333333226e-01
5.546666666666666412e-01
5.544666666666666632e-01
5.544666666666666632e-01
5.547333333333333005e-01
5.550666666666667082e-01
5.555333333333333234e-01
5.554666666666666641e-01
5.551333333333333675e-01
5.557999999999999607e-01
5.556666666666666421e-01
5.557333333333333014e-01
5.562000000000000277e-01
5.563333333333333464e-01
5.564666666666666650e-01
5.563333333333333464e-01
5.570000000000000506e-01
5.575333333333333252e-01
5.574000000000000066e-01
5.577333333333333032e-01
5.580666666666667108e-01
5.580000000000000515e-01
5.585333333333333261e-01
5.581333333333333702e-01
5.585333333333333261e-01
5.587333333333333041e-01
5.590000000000000524e-01
5.590666666666667117e-01
5.594666666666666677e-01
5.596666666666666456e-01
5.603333333333333499e-01
5.603333333333333499e-01
5.604000000000000092e-01
5.605333333333333279e-01
5.605999999999999872e-01
5.610000000000000542e-01
5.613333333333333508e-01
5.614000000000000101e-01
5.620666666666667144e-01
5.622666666666666924e-01
5.625999999999999890e-01
5.628666666666666263e-01
5.627333333333333076e-01
5.630666666666667153e-01
5.630666666666667153e-01
5.627999999999999670e-01
5.631333333333333746e-01
5.634000000000000119e-01
5.634000000000000119e-01
5.640666666666667162e-01
5.644000000000000128e-01
5.646666666666666501e-01
5.645333333333333314e-01
5.647333333333333094e-01
5.646666666666666501e-01
5.652000000000000357e-01
5.654000000000000137e-01
5.659333333333332883e-01
5.663333333333333552e-01
5.662666666666666959e-01
5.659999999999999476e-01
5.657333333333333103e-01
5.663333333333333552e-01
5.667999999999999705e-01
5.666666666666666519e-01
5.670666666666667188e-01
5.672000000000000375e-01
5.672000000000000375e-01
5.673333333333333561e-01
5.677333333333333121e-01
5.680666666666667197e-01
5.680666666666667197e-01
5.681333333333333790e-01
5.685333333333333350e-01
5.683333333333333570e-01
5.690666666666667206e-01
5.692666666666666986e-01
5.691333333333333799e-01
5.691333333333333799e-01
5.687999999999999723e-01
5.692000000000000393e-01
5.692000000000000393e-01
5.693333333333333579e-01
5.693333333333333579e-01
5.695333333333333359e-01
5.693333333333333579e-01
5.695333333333333359e-01
5.699333333333332918e-01
5.699333333333332918e-01
5.702000000000000401e-01
5.702000000000000401e-01
5.702666666666666995e-01
5.700666666666667215e-01
5.702000000000000401e-01
5.702000000000000401e-01
5.705999999999999961e-01
5.707333333333333147e-01
