3.493999999999999884e-01
3.546000000000000263e-01
3.591333333333333599e-01
3.645333333333333203e-01
3.683333333333333459e-01
3.739999999999999991e-01
3.780666666666666620e-01
3.813333333333333575e-01
3.851999999999999869e-01
3.891999999999999904e-01
3.926666666666666639e-01
3.965333333333333488e-01
3.990666666666666806e-01
4.026000000000000134e-01
4.050000000000000266e-01
4.074666666666666437e-01
4.096000000000000196e-01
4.115333333333333066e-01
4.134666666666666490e-01
4.152666666666666728e-01
4.178000000000000047e-01
4.198666666666666658e-01
4.219333333333333269e-01
4.234666666666666579e-01
4.265333333333333199e-01
4.288000000000000145e-01
4.299333333333333340e-01
4.318666666666666765e-01
4.334666666666666668e-01
4.355333333333333279e-01
4.371333333333333182e-01
4.388000000000000234e-01
4.403333333333333544e-01
4.421333333333333226e-01
4.437333333333333130e-01
4.457999999999999741e-01
4.475333333333333385e-01
4.482666666666666466e-01
4.495333333333333403e-01
4.500666666666666704e-01
4.513333333333333086e-01
4.522666666666666502e-01
4.534666666666666845e-01
4.544000000000000261e-01
4.550666666666666749e-01
4.566666666666666652e-01
4.576666666666666661e-01
4.588666666666666449e-01
4.606000000000000094e-01
4.616666666666666696e-01
4.628666666666666485e-01
4.637333333333333307e-01
4.646000000000000130e-01
4.648666666666666503e-01
4.658666666666666512e-01
4.663999999999999813e-01
4.672000000000000042e-01
4.682666666666666644e-01
4.691333333333333466e-01
4.699999999999999734e-01
4.705333333333333590e-01
4.713333333333333264e-01
4.723333333333333273e-01
4.731333333333333502e-01
4.738666666666666583e-01
4.746000000000000218e-01
4.759333333333333194e-01
4.768666666666666609e-01
4.776000000000000245e-01
4.782666666666666733e-01
4.788000000000000034e-01
4.796000000000000263e-01
4.803999999999999937e-01
4.808666666666666645e-01
4.818666666666666654e-01
4.822666666666666768e-01
4.828666666666666663e-01
4.840666666666666451e-01
4.845999999999999752e-01
4.849999999999999867e-01
4.855999999999999761e-01
4.859999999999999876e-01
4.860666666666666469e-01
4.869999999999999885e-01
4.876666666666666927e-01
4.882000000000000228e-01
4.892000000000000237e-01
4.900666666666666504e-01
4.910666666666666513e-01
4.914000000000000035e-01
4.923333333333333450e-01
4.929999999999999938e-01
4.935333333333333239e-01
4.938000000000000167e-01
4.948666666666666769e-01
4.954000000000000070e-01
4.959999999999999964e-01
4.967333333333333600e-01
4.978666666666666796e-01
4.978666666666666796e-01
4.988000000000000211e-01
4.992666666666666919e-01
5.005333333333333856e-01
5.006666666666667043e-01
5.010666666666666602e-01
5.017333333333333645e-01
5.023999999999999577e-01
5.028666666666666840e-01
5.031333333333333213e-01
5.038666666666666849e-01
5.047333333333333671e-01
5.048000000000000265e-01
5.053999999999999604e-01
5.057333333333333680e-01
5.063999999999999613e-01
5.070666666666666655e-01
5.075333333333332808e-01
5.078666666666666885e-01
5.084666666666666224e-01
5.096666666666667123e-01
5.100000000000000089e-01
5.111333333333333284e-01
5.117333333333333734e-01
5.123999999999999666e-01
5.131333333333333302e-01
5.133333333333333082e-01
5.138666666666666938e-01
5.136666666666667158e-01
5.141999999999999904e-01
5.143999999999999684e-01
5.151999999999999913e-01
5.158000000000000362e-01
5.156666666666667176e-01
5.163333333333333108e-01
5.170000000000000151e-01
5.174666666666666304e-01
5.178000000000000380e-01
5.178666666666666973e-01
5.182666666666666533e-01
5.183999999999999719e-01
5.183333333333333126e-01
5.189333333333333576e-01
5.192666666666666542e-01
5.193999999999999728e-01
5.194666666666666321e-01
5.198000000000000398e-01
5.206666666666667220e-01
5.205999999999999517e-01
5.208000000000000407e-01
5.210666666666666780e-01
5.215999999999999526e-01
5.224666666666666348e-01
5.228000000000000425e-01
5.235333333333332950e-01
5.235333333333332950e-01
5.234666666666666357e-01
5.242666666666666586e-01
5.244666666666666366e-01
5.250000000000000222e-01
5.253333333333333188e-01
5.252666666666666595e-01
5.258000000000000451e-01
5.262000000000000011e-01
5.265333333333332977e-01
5.270000000000000240e-01
5.273333333333333206e-01
5.280666666666666842e-01
5.286666666666666181e-01
5.289333333333333664e-01
5.292000000000000037e-01
5.290666666666666851e-01
5.293999999999999817e-01
5.298000000000000487e-01
5.302666666666666639e-01
5.305999999999999606e-01
5.310000000000000275e-01
5.310666666666666869e-01
5.310000000000000275e-01
5.317333333333332801e-01
5.317333333333332801e-01
5.318666666666667098e-01
5.323999999999999844e-01
5.324666666666666437e-01
5.328000000000000513e-01
5.335999999999999632e-01
5.337333333333332819e-01
5.338666666666667115e-01
5.336666666666666226e-01
5.340666666666666895e-01
5.342000000000000082e-01
5.344666666666666455e-01
5.351333333333333497e-01
5.351333333333333497e-01
5.352666666666666684e-01
5.352666666666666684e-01
5.356666666666666243e-01
5.363999999999999879e-01
5.365999999999999659e-01
5.367333333333332845e-01
5.368000000000000549e-01
5.366666666666666252e-01
5.372000000000000108e-01
5.372000000000000108e-01
5.380000000000000338e-01
5.385333333333333083e-01
5.387333333333332863e-01
5.391333333333333533e-01
5.393333333333333313e-01
5.397333333333332872e-01
5.402666666666666728e-01
5.406666666666666288e-01
5.410000000000000364e-01
5.412666666666666737e-01
5.409333333333333771e-01
5.412000000000000144e-01
5.416666666666666297e-01
5.418666666666667187e-01
5.424666666666666526e-01
5.433333333333333348e-01
5.433999999999999941e-01
5.440000000000000391e-01
5.437333333333332908e-01
5.445999999999999730e-01
5.453999999999999959e-01
5.455999999999999739e-01
5.462666666666666782e-01
5.465333333333333155e-01
5.470000000000000417e-01
5.470666666666667011e-01
5.470666666666667011e-01
5.473333333333333384e-01
5.473333333333333384e-01
5.472666666666666790e-01
5.473333333333333384e-01
5.477999999999999536e-01
5.484666666666666579e-01
5.485999999999999766e-01
5.480666666666667020e-01
5.487333333333332952e-01
5.490000000000000435e-01
5.492666666666666808e-01
5.492666666666666808e-01
5.495999999999999774e-01
5.501333333333333631e-01
5.500666666666667037e-01
5.504666666666666597e-01
5.508666666666666156e-01
5.512000000000000233e-01
5.514000000000000012e-01
5.513333333333333419e-01
5.514666666666666606e-01
5.517333333333332979e-01
5.515999999999999792e-01
5.517999999999999572e-01
5.523333333333333428e-01
5.520666666666667055e-01
5.527999999999999581e-01
5.530666666666667064e-01
5.534000000000000030e-01
5.534000000000000030e-01
5.536666666666666403e-01
5.538666666666666183e-01
5.540000000000000480e-01
5.540666666666667073e-01
5.541333333333333666e-01
5.543333333333333446e-01
5.542666666666666853e-01
5.544000000000000039e-01
5.545999999999999819e-01
5.542666666666666853e-01
5.545333333333333226e-01
5.546666666666666412e-01
5.554000000000000048e-01
5.553333333333333455e-01
5.552000000000000268e-01
5.554000000000000048e-01
5.552666666666666861e-01
5.554666666666666641e-01
5.563333333333333464e-01
5.562000000000000277e-01
5.562666666666666870e-01
5.562666666666666870e-01
5.565999999999999837e-01
5.572666666666666879e-01
5.574000000000000066e-01
5.576666666666666439e-01
5.579333333333332812e-01
5.582000000000000295e-01
5.585333333333333261e-01
5.582000000000000295e-01
5.582000000000000295e-01
5.583333333333333481e-01
5.586666666666666448e-01
5.590666666666667117e-01
5.594666666666666677e-01
5.594000000000000083e-01
5.599333333333332829e-01
5.604000000000000092e-01
5.601333333333333719e-01
5.601333333333333719e-01
5.602666666666666906e-01
5.605999999999999872e-01
5.611333333333333728e-01
5.610000000000000542e-01
5.614666666666666694e-01
5.622000000000000330e-01
5.624000000000000110e-01
5.628666666666666263e-01
5.625333333333333297e-01
5.626666666666666483e-01
5.627333333333333076e-01
5.626666666666666483e-01
5.629333333333332856e-01
5.630666666666667153e-01
5.633333333333333526e-01
5.637999999999999678e-01
5.643333333333333535e-01
5.644000000000000128e-01
5.642000000000000348e-01
5.645999999999999908e-01
5.647999999999999687e-01
5.649999999999999467e-01
5.652666666666666950e-01
5.654666666666666730e-01
5.658666666666666289e-01
5.659333333333332883e-01
5.657999999999999696e-01
5.658666666666666289e-01
5.657999999999999696e-01
5.663333333333333552e-01
5.667999999999999705e-01
5.667999999999999705e-01
5.672000000000000375e-01
5.668666666666666298e-01
5.673333333333333561e-01
5.674000000000000155e-01
5.680666666666667197e-01
5.682000000000000384e-01
5.682666666666666977e-01
5.684000000000000163e-01
5.684666666666666757e-01
5.687333333333333130e-01
5.692666666666666986e-01
5.690666666666667206e-01
5.690666666666667206e-01
5.687333333333333130e-01
5.686666666666666536e-01
5.689999999999999503e-01
5.694666666666666766e-01
5.691333333333333799e-01
5.692000000000000393e-01
5.692000000000000393e-01
5.694666666666666766e-01
5.695999999999999952e-01
5.695999999999999952e-01
5.701333333333333808e-01
5.702000000000000401e-01
5.702000000000000401e-01
5.700666666666667215e-01
5.702666666666666995e-01
5.702666666666666995e-01
5.704666666666666774e-01
5.704000000000000181e-01
