3.455333333333333590e-01
3.511333333333333528e-01
3.570666666666666433e-01
3.619333333333333291e-01
3.664000000000000035e-01
3.708000000000000185e-01
3.757333333333333081e-01
3.797333333333333116e-01
3.830000000000000071e-01
3.876666666666666594e-01
3.909333333333333549e-01
3.947333333333333250e-01
3.979333333333333056e-01
4.014666666666666939e-01
4.036000000000000143e-01
4.062000000000000055e-01
4.085333333333333594e-01
4.106000000000000205e-01
4.132000000000000117e-01
4.143999999999999906e-01
4.170666666666666411e-01
4.189333333333333242e-01
4.209333333333333260e-01
4.226666666666666905e-01
4.249333333333333296e-01
4.279333333333333322e-01
4.294000000000000039e-01
4.312000000000000277e-01
4.328666666666666774e-01
4.347333333333333605e-01
4.364666666666666694e-01
4.384000000000000119e-01
4.399333333333333429e-01
4.413333333333333552e-01
4.431999999999999829e-01
4.445999999999999952e-01
4.468666666666666898e-01
4.481999999999999873e-01
4.487333333333333174e-01
4.500000000000000111e-01
4.505333333333333412e-01
4.520000000000000129e-01
4.527999999999999803e-01
4.540000000000000147e-01
4.547999999999999821e-01
4.560000000000000164e-01
4.570000000000000173e-01
4.583333333333333148e-01
4.600000000000000200e-01
4.609333333333333060e-01
4.623333333333333184e-01
4.632666666666666599e-01
4.639333333333333087e-01
4.648666666666666503e-01
4.652000000000000024e-01
4.658666666666666512e-01
4.670000000000000262e-01
4.676000000000000156e-01
4.681333333333333457e-01
4.692666666666666653e-01
4.697999999999999954e-01
4.709999999999999742e-01
4.717333333333333378e-01
4.726666666666666794e-01
4.733999999999999875e-01
4.741333333333333511e-01
4.753999999999999893e-01
4.762666666666666715e-01
4.772666666666666724e-01
4.779999999999999805e-01
4.786666666666666847e-01
4.796000000000000263e-01
4.799333333333333229e-01
4.806000000000000272e-01
4.809333333333333238e-01
4.817333333333333467e-01
4.826666666666666883e-01
4.828666666666666663e-01
4.842000000000000193e-01
4.848666666666666680e-01
4.850666666666666460e-01
4.855333333333333168e-01
4.859333333333333282e-01
4.859999999999999876e-01
4.868666666666666698e-01
4.875333333333333186e-01
4.884000000000000008e-01
4.893333333333333424e-01
4.902666666666666839e-01
4.909333333333333327e-01
4.909999999999999920e-01
4.919999999999999929e-01
4.927333333333333565e-01
4.934000000000000052e-01
4.941333333333333133e-01
4.948000000000000176e-01
4.953333333333333477e-01
4.963333333333333486e-01
4.971999999999999753e-01
4.978666666666666796e-01
4.983333333333333504e-01
4.988000000000000211e-01
4.995999999999999885e-01
5.006000000000000449e-01
5.005333333333333856e-01
5.009333333333333416e-01
5.018000000000000238e-01
5.026000000000000467e-01
5.030000000000000027e-01
5.033333333333332993e-01
5.041333333333333222e-01
5.048666666666666858e-01
5.051333333333333231e-01
5.057333333333333680e-01
5.058000000000000274e-01
5.066000000000000503e-01
5.068000000000000282e-01
5.073999999999999622e-01
5.080000000000000071e-01
5.090000000000000080e-01
5.095333333333332826e-01
5.101999999999999869e-01
5.110000000000000098e-01
5.119333333333333513e-01
5.128000000000000336e-01
5.130666666666666709e-01
5.133333333333333082e-01
5.132666666666666488e-01
5.133333333333333082e-01
5.140000000000000124e-01
5.148000000000000353e-01
5.150666666666666726e-01
5.154666666666666286e-01
5.157333333333333769e-01
5.165999999999999481e-01
5.173999999999999710e-01
5.173333333333333117e-01
5.174666666666666304e-01
5.179333333333333567e-01
5.181333333333333346e-01
5.183333333333333126e-01
5.185999999999999499e-01
5.186666666666667203e-01
5.193333333333333135e-01
5.194666666666666321e-01
5.193999999999999728e-01
5.200666666666666771e-01
5.203999999999999737e-01
5.202666666666666551e-01
5.203999999999999737e-01
5.209333333333333593e-01
5.216666666666666119e-01
5.220666666666666789e-01
5.223999999999999755e-01
5.232666666666666577e-01
5.229333333333333611e-01
5.235333333333332950e-01
5.237333333333333840e-01
5.240000000000000213e-01
5.248000000000000442e-01
5.250000000000000222e-01
5.253333333333333188e-01
5.255999999999999561e-01
5.260000000000000231e-01
5.264666666666666384e-01
5.266666666666666163e-01
5.272000000000000020e-01
5.281333333333333435e-01
5.287333333333333885e-01
5.285999999999999588e-01
5.288666666666667071e-01
5.289333333333333664e-01
5.293999999999999817e-01
5.298666666666667080e-01
5.298666666666667080e-01
5.299333333333333673e-01
5.302666666666666639e-01
5.303999999999999826e-01
5.303999999999999826e-01
5.310666666666666869e-01
5.314666666666666428e-01
5.315999999999999615e-01
5.320666666666666877e-01
5.323999999999999844e-01
5.330000000000000293e-01
5.333333333333333259e-01
5.335333333333333039e-01
5.332000000000000073e-01
5.332000000000000073e-01
5.335999999999999632e-01
5.340666666666666895e-01
5.345999999999999641e-01
5.348000000000000531e-01
5.351333333333333497e-01
5.350000000000000311e-01
5.352666666666666684e-01
5.357333333333332837e-01
5.360666666666666913e-01
5.365333333333333066e-01
5.364666666666666472e-01
5.365999999999999659e-01
5.368000000000000549e-01
5.372666666666666702e-01
5.375999999999999668e-01
5.380000000000000338e-01
5.383999999999999897e-01
5.386666666666666270e-01
5.389333333333333753e-01
5.392000000000000126e-01
5.397999999999999465e-01
5.400666666666666949e-01
5.404666666666666508e-01
5.410000000000000364e-01
5.410666666666666957e-01
5.408666666666667178e-01
5.413999999999999924e-01
5.416666666666666297e-01
5.421333333333333560e-01
5.425999999999999712e-01
5.429333333333333789e-01
5.433333333333333348e-01
5.440000000000000391e-01
5.443333333333333357e-01
5.443999999999999950e-01
5.453333333333333366e-01
5.458666666666666112e-01
5.462666666666666782e-01
5.467999999999999527e-01
5.467999999999999527e-01
5.470000000000000417e-01
5.468666666666666121e-01
5.471333333333333604e-01
5.470000000000000417e-01
5.469333333333333824e-01
5.472666666666666790e-01
5.475999999999999757e-01
5.480000000000000426e-01
5.479333333333333833e-01
5.482666666666666799e-01
5.487333333333332952e-01
5.490666666666667028e-01
5.487999999999999545e-01
5.492666666666666808e-01
5.497333333333332961e-01
5.496666666666666368e-01
5.502000000000000224e-01
5.503333333333333410e-01
5.505999999999999783e-01
5.510000000000000453e-01
5.509333333333333860e-01
5.510666666666667046e-01
5.513333333333333419e-01
5.510666666666667046e-01
5.512666666666666826e-01
5.515333333333333199e-01
5.518666666666666165e-01
5.520666666666667055e-01
5.524666666666666615e-01
5.526666666666666394e-01
5.526666666666666394e-01
5.531333333333333657e-01
5.533333333333333437e-01
5.534000000000000030e-01
5.537999999999999590e-01
5.535333333333333217e-01
5.534000000000000030e-01
5.537333333333332996e-01
5.538666666666666183e-01
5.540000000000000480e-01
5.535333333333333217e-01
5.540000000000000480e-01
5.543333333333333446e-01
5.545333333333333226e-01
5.548666666666666192e-01
5.552000000000000268e-01
5.550666666666667082e-01
5.551333333333333675e-01
5.550000000000000488e-01
5.550666666666667082e-01
5.557333333333333014e-01
5.560000000000000497e-01
5.560000000000000497e-01
5.559333333333332794e-01
5.565333333333333243e-01
5.570666666666667100e-01
5.570000000000000506e-01
5.574000000000000066e-01
5.577999999999999625e-01
5.584666666666666668e-01
5.582000000000000295e-01
5.578666666666666218e-01
5.578666666666666218e-01
5.581333333333333702e-01
5.584666666666666668e-01
5.582666666666666888e-01
5.587333333333333041e-01
5.590000000000000524e-01
5.595333333333333270e-01
5.596666666666666456e-01
5.594666666666666677e-01
5.595333333333333270e-01
5.597333333333333050e-01
5.597333333333333050e-01
5.600000000000000533e-01
5.607999999999999652e-01
5.608666666666666245e-01
5.613333333333333508e-01
5.617333333333333067e-01
5.619333333333332847e-01
5.619333333333332847e-01
5.621333333333333737e-01
5.620666666666667144e-01
5.620000000000000551e-01
5.624000000000000110e-01
5.625333333333333297e-01
5.632666666666666933e-01
5.634000000000000119e-01
5.639333333333332865e-01
5.639333333333332865e-01
5.640666666666667162e-01
5.643333333333333535e-01
5.644666666666666721e-01
5.647999999999999687e-01
5.647999999999999687e-01
5.653333333333333544e-01
5.657333333333333103e-01
5.653333333333333544e-01
5.654000000000000137e-01
5.654666666666666730e-01
5.656666666666666510e-01
5.659333333333332883e-01
5.665999999999999925e-01
5.667999999999999705e-01
5.672000000000000375e-01
5.668666666666666298e-01
5.674000000000000155e-01
5.674666666666666748e-01
5.677999999999999714e-01
5.677333333333333121e-01
5.678666666666666307e-01
5.684000000000000163e-01
5.682000000000000384e-01
5.687333333333333130e-01
5.687999999999999723e-01
5.687999999999999723e-01
5.688666666666666316e-01
5.685333333333333350e-01
5.686666666666666536e-01
5.687333333333333130e-01
5.687999999999999723e-01
5.688666666666666316e-01
5.691333333333333799e-01
5.692000000000000393e-01
5.688666666666666316e-01
5.694666666666666766e-01
5.692000000000000393e-01
5.697999999999999732e-01
5.702000000000000401e-01
5.698666666666666325e-01
5.694666666666666766e-01
5.697999999999999732e-01
5.697333333333333139e-01
5.700666666666667215e-01
