3.627333333333333520e-01
3.667333333333333556e-01
3.704000000000000070e-01
3.750666666666666593e-01
3.789333333333333442e-01
3.824000000000000177e-01
3.861333333333333284e-01
3.896666666666666612e-01
3.936666666666666647e-01
3.966000000000000081e-01
3.997333333333333294e-01
4.027999999999999914e-01
4.050000000000000266e-01
4.076000000000000179e-01
4.097333333333333383e-01
4.116000000000000214e-01
4.139999999999999791e-01
4.154666666666666508e-01
4.179999999999999827e-01
4.199333333333333251e-01
4.221333333333333604e-01
4.241333333333333067e-01
4.262000000000000233e-01
4.288000000000000145e-01
4.304000000000000048e-01
4.324666666666666659e-01
4.335333333333333261e-01
4.352666666666666906e-01
4.373333333333333517e-01
4.390000000000000013e-01
4.403333333333333544e-01
4.419333333333333447e-01
4.438666666666666871e-01
4.455333333333333368e-01
4.470666666666666678e-01
4.487999999999999767e-01
4.491999999999999882e-01
4.503333333333333077e-01
4.514000000000000234e-01
4.524666666666666837e-01
4.534000000000000252e-01
4.544666666666666854e-01
4.554666666666666863e-01
4.566000000000000059e-01
4.579333333333333589e-01
4.593333333333333157e-01
4.605333333333333501e-01
4.611999999999999988e-01
4.624666666666666925e-01
4.636000000000000121e-01
4.644666666666666943e-01
4.652000000000000024e-01
4.662666666666666626e-01
4.671333333333333449e-01
4.679333333333333123e-01
4.687999999999999945e-01
4.697333333333333361e-01
4.702666666666666662e-01
4.710666666666666891e-01
4.718666666666666565e-01
4.724666666666666459e-01
4.732666666666666688e-01
4.742000000000000104e-01
4.750666666666666926e-01
4.764666666666666495e-01
4.775333333333333097e-01
4.779333333333333211e-01
4.786666666666666847e-01
4.795333333333333115e-01
4.803999999999999937e-01
4.808666666666666645e-01
4.813999999999999946e-01
4.820666666666666433e-01
4.826666666666666883e-01
4.835999999999999743e-01
4.842000000000000193e-01
4.852000000000000202e-01
4.856666666666666909e-01
4.859333333333333282e-01
4.864666666666666583e-01
4.865333333333333177e-01
4.869999999999999885e-01
4.879999999999999893e-01
4.885999999999999788e-01
4.901333333333333098e-01
4.906666666666666399e-01
4.912666666666666848e-01
4.917333333333333556e-01
4.925333333333333230e-01
4.930666666666666531e-01
4.936666666666666425e-01
4.944000000000000061e-01
4.951333333333333142e-01
4.957333333333333591e-01
4.965999999999999859e-01
4.973333333333333495e-01
4.981999999999999762e-01
4.985999999999999877e-01
4.993333333333333512e-01
4.999333333333333407e-01
5.004666666666666153e-01
5.009333333333333416e-01
5.014666666666666162e-01
5.023999999999999577e-01
5.027333333333333654e-01
5.032666666666666400e-01
5.033333333333332993e-01
5.040000000000000036e-01
5.044666666666666188e-01
5.049333333333333451e-01
5.053333333333333011e-01
5.059333333333333460e-01
5.070000000000000062e-01
5.078666666666666885e-01
5.083999999999999631e-01
5.086000000000000520e-01
5.094666666666666233e-01
5.100000000000000089e-01
5.108666666666666911e-01
5.116000000000000547e-01
5.124666666666666259e-01
5.129333333333333522e-01
5.137333333333333751e-01
5.139333333333333531e-01
5.138666666666666938e-01
5.143333333333333091e-01
5.143999999999999684e-01
5.147333333333333760e-01
5.153999999999999693e-01
5.161999999999999922e-01
5.163999999999999702e-01
5.171333333333333337e-01
5.172666666666666524e-01
5.181333333333333346e-01
5.180000000000000160e-01
5.183333333333333126e-01
5.184666666666666313e-01
5.191999999999999948e-01
5.190666666666666762e-01
5.196666666666667211e-01
5.199333333333333584e-01
5.199333333333333584e-01
5.201999999999999957e-01
5.207333333333333814e-01
5.212666666666666559e-01
5.211999999999999966e-01
5.218000000000000416e-01
5.220000000000000195e-01
5.224666666666666348e-01
5.231999999999999984e-01
5.236666666666666137e-01
5.240000000000000213e-01
5.241333333333333400e-01
5.250000000000000222e-01
5.252666666666666595e-01
5.254666666666666375e-01
5.259333333333333638e-01
5.263999999999999790e-01
5.267333333333333867e-01
5.268000000000000460e-01
5.272000000000000020e-01
5.272666666666666613e-01
5.279333333333333655e-01
5.282000000000000028e-01
5.289333333333333664e-01
5.292666666666666631e-01
5.295333333333333004e-01
5.300000000000000266e-01
5.302666666666666639e-01
5.304666666666666419e-01
5.310666666666666869e-01
5.315333333333333021e-01
5.314666666666666428e-01
5.314666666666666428e-01
5.318000000000000504e-01
5.319333333333333691e-01
5.325333333333333030e-01
5.328666666666667107e-01
5.328000000000000513e-01
5.331333333333333480e-01
5.334666666666666446e-01
5.339333333333333709e-01
5.342666666666666675e-01
5.344666666666666455e-01
5.346666666666666234e-01
5.347333333333332828e-01
5.351333333333333497e-01
5.352000000000000091e-01
5.356666666666666243e-01
5.360666666666666913e-01
5.360000000000000320e-01
5.362000000000000099e-01
5.370000000000000329e-01
5.371333333333333515e-01
5.373333333333333295e-01
5.377999999999999448e-01
5.378666666666667151e-01
5.379333333333333744e-01
5.380000000000000338e-01
5.380000000000000338e-01
5.388666666666667160e-01
5.387999999999999456e-01
5.393333333333333313e-01
5.393999999999999906e-01
5.396666666666666279e-01
5.400666666666666949e-01
5.403333333333333321e-01
5.408666666666667178e-01
5.412666666666666737e-01
5.416666666666666297e-01
5.420666666666666966e-01
5.419333333333333780e-01
5.417333333333332890e-01
5.423333333333333339e-01
5.430000000000000382e-01
5.435333333333333128e-01
5.441333333333333577e-01
5.449333333333333806e-01
5.447333333333332916e-01
5.451333333333333586e-01
5.460000000000000409e-01
5.462666666666666782e-01
5.470666666666667011e-01
5.473333333333333384e-01
5.477333333333332943e-01
5.478666666666666130e-01
5.478666666666666130e-01
5.481333333333333613e-01
5.482000000000000206e-01
5.483999999999999986e-01
5.482666666666666799e-01
5.489333333333333842e-01
5.492000000000000215e-01
5.493333333333333401e-01
5.492000000000000215e-01
5.493333333333333401e-01
5.500000000000000444e-01
5.502000000000000224e-01
5.505999999999999783e-01
5.505333333333333190e-01
5.506666666666666377e-01
5.513333333333333419e-01
5.512000000000000233e-01
5.518666666666666165e-01
5.521333333333333648e-01
5.523333333333333428e-01
5.529333333333333877e-01
5.530666666666667064e-01
5.528666666666666174e-01
5.530666666666667064e-01
5.534666666666666623e-01
5.535999999999999810e-01
5.535999999999999810e-01
5.539333333333333886e-01
5.540666666666667073e-01
5.542666666666666853e-01
5.542000000000000259e-01
5.545333333333333226e-01
5.548666666666666192e-01
5.549333333333332785e-01
5.547999999999999599e-01
5.551333333333333675e-01
5.556666666666666421e-01
5.554000000000000048e-01
5.555999999999999828e-01
5.556666666666666421e-01
5.553333333333333455e-01
5.556666666666666421e-01
5.555999999999999828e-01
5.558666666666666201e-01
5.560000000000000497e-01
5.562000000000000277e-01
5.560000000000000497e-01
5.560000000000000497e-01
5.563333333333333464e-01
5.566666666666666430e-01
5.572000000000000286e-01
5.574000000000000066e-01
5.572666666666666879e-01
5.576666666666666439e-01
5.579333333333332812e-01
5.587999999999999634e-01
5.591333333333333711e-01
5.596666666666666456e-01
5.594666666666666677e-01
5.594666666666666677e-01
5.597999999999999643e-01
5.594000000000000083e-01
5.597333333333333050e-01
5.602000000000000313e-01
5.602666666666666906e-01
5.605999999999999872e-01
5.605999999999999872e-01
5.609333333333332838e-01
5.612000000000000322e-01
5.618666666666666254e-01
5.616666666666666474e-01
5.618666666666666254e-01
5.620000000000000551e-01
5.624000000000000110e-01
5.627333333333333076e-01
5.628666666666666263e-01
5.630666666666667153e-01
5.637999999999999678e-01
5.638666666666666272e-01
5.641333333333333755e-01
5.637333333333333085e-01
5.636666666666666492e-01
5.637333333333333085e-01
5.644000000000000128e-01
5.643333333333333535e-01
5.645999999999999908e-01
5.646666666666666501e-01
5.654666666666666730e-01
5.657333333333333103e-01
5.657333333333333103e-01
5.657999999999999696e-01
5.655999999999999917e-01
5.656666666666666510e-01
5.655333333333333323e-01
5.664000000000000146e-01
5.668666666666666298e-01
5.671333333333333782e-01
5.670666666666667188e-01
5.675333333333333341e-01
5.679999999999999494e-01
5.680666666666667197e-01
5.681333333333333790e-01
5.682666666666666977e-01
5.681333333333333790e-01
5.683333333333333570e-01
5.685333333333333350e-01
5.688666666666666316e-01
5.694000000000000172e-01
5.691333333333333799e-01
5.692000000000000393e-01
5.694666666666666766e-01
5.694666666666666766e-01
5.697999999999999732e-01
5.699999999999999512e-01
5.696666666666666545e-01
5.697999999999999732e-01
5.699333333333332918e-01
5.701333333333333808e-01
5.699333333333332918e-01
5.702666666666666995e-01
5.705333333333333368e-01
5.705333333333333368e-01
5.706666666666666554e-01
5.703333333333333588e-01
5.705999999999999961e-01
5.709999999999999520e-01
5.708666666666666334e-01
5.705999999999999961e-01
5.712000000000000410e-01
5.712666666666667004e-01
5.714666666666666783e-01
5.716666666666666563e-01
5.714666666666666783e-01
5.719999999999999529e-01
5.718666666666666343e-01
5.722666666666667012e-01
5.722666666666667012e-01
