3.616666666666666918e-01
3.655333333333333212e-01
3.693333333333333468e-01
3.745333333333333292e-01
3.780000000000000027e-01
3.819333333333333469e-01
3.854000000000000203e-01
3.890666666666666718e-01
3.926666666666666639e-01
3.957999999999999852e-01
3.989333333333333065e-01
4.023333333333333206e-01
4.044666666666666410e-01
4.070666666666666877e-01
4.093333333333333268e-01
4.109999999999999765e-01
4.138666666666666605e-01
4.152000000000000135e-01
4.174666666666666526e-01
4.194666666666666544e-01
4.218666666666666676e-01
4.237333333333333507e-01
4.258666666666666711e-01
4.283333333333333437e-01
4.301333333333333120e-01
4.321999999999999731e-01
4.335333333333333261e-01
4.349999999999999978e-01
4.370666666666666589e-01
4.388666666666666827e-01
4.400666666666666615e-01
4.417333333333333112e-01
4.435333333333333350e-01
4.451999999999999846e-01
4.469333333333333491e-01
4.482666666666666466e-01
4.490666666666666695e-01
4.500666666666666704e-01
4.513333333333333086e-01
4.517999999999999794e-01
4.532666666666666511e-01
4.541333333333333333e-01
4.551999999999999935e-01
4.560000000000000164e-01
4.578666666666666440e-01
4.589333333333333598e-01
4.603333333333333166e-01
4.610666666666666802e-01
4.624666666666666925e-01
4.634666666666666934e-01
4.643333333333333202e-01
4.650666666666666837e-01
4.658666666666666512e-01
4.671333333333333449e-01
4.675333333333333563e-01
4.685333333333333572e-01
4.694666666666666432e-01
4.702000000000000068e-01
4.707333333333333369e-01
4.717999999999999972e-01
4.724666666666666459e-01
4.731333333333333502e-01
4.742000000000000104e-01
4.749333333333333185e-01
4.761333333333333528e-01
4.773333333333333317e-01
4.778666666666666618e-01
4.784666666666666512e-01
4.791333333333333555e-01
4.802000000000000157e-01
4.805333333333333123e-01
4.815333333333333132e-01
4.821333333333333582e-01
4.825999999999999734e-01
4.832000000000000184e-01
4.835333333333333150e-01
4.849333333333333274e-01
4.853333333333333388e-01
4.859333333333333282e-01
4.865999999999999770e-01
4.864666666666666583e-01
4.868000000000000105e-01
4.879333333333333300e-01
4.885333333333333194e-01
4.899333333333333318e-01
4.903333333333333433e-01
4.915333333333333221e-01
4.917333333333333556e-01
4.924666666666666637e-01
4.932000000000000273e-01
4.938000000000000167e-01
4.942666666666666875e-01
4.948000000000000176e-01
4.957333333333333591e-01
4.961999999999999744e-01
4.973333333333333495e-01
4.981999999999999762e-01
4.984000000000000097e-01
4.994666666666666699e-01
4.998666666666666814e-01
5.003333333333332966e-01
5.008666666666666822e-01
5.013999999999999568e-01
5.019333333333333425e-01
5.028000000000000247e-01
5.031333333333333213e-01
5.030666666666666620e-01
5.038666666666666849e-01
5.044666666666666188e-01
5.050666666666666638e-01
5.053999999999999604e-01
5.056666666666667087e-01
5.068000000000000282e-01
5.078000000000000291e-01
5.081333333333333258e-01
5.086000000000000520e-01
5.093333333333333046e-01
5.101999999999999869e-01
5.106666666666667131e-01
5.113333333333333064e-01
5.122666666666666480e-01
5.128000000000000336e-01
5.136666666666667158e-01
5.136666666666667158e-01
5.140000000000000124e-01
5.141999999999999904e-01
5.141999999999999904e-01
5.145333333333332870e-01
5.151999999999999913e-01
5.162666666666666515e-01
5.164666666666666295e-01
5.167333333333333778e-01
5.172666666666666524e-01
5.181999999999999940e-01
5.176666666666667194e-01
5.181333333333333346e-01
5.186666666666667203e-01
5.190666666666666762e-01
5.191333333333333355e-01
5.194666666666666321e-01
5.197333333333333805e-01
5.198666666666666991e-01
5.203333333333333144e-01
5.204666666666666330e-01
5.210666666666666780e-01
5.211333333333333373e-01
5.216666666666666119e-01
5.217333333333333822e-01
5.220666666666666789e-01
5.231333333333333391e-01
5.235999999999999543e-01
5.238666666666667027e-01
5.238666666666667027e-01
5.248666666666667036e-01
5.249333333333333629e-01
5.250666666666666815e-01
5.257333333333333858e-01
5.259333333333333638e-01
5.265999999999999570e-01
5.266666666666666163e-01
5.272000000000000020e-01
5.272666666666666613e-01
5.279333333333333655e-01
5.283333333333333215e-01
5.289333333333333664e-01
5.292000000000000037e-01
5.291333333333333444e-01
5.298000000000000487e-01
5.303999999999999826e-01
5.303999999999999826e-01
5.305999999999999606e-01
5.310666666666666869e-01
5.315333333333333021e-01
5.313333333333333242e-01
5.317333333333332801e-01
5.320000000000000284e-01
5.323999999999999844e-01
5.325999999999999623e-01
5.328000000000000513e-01
5.330666666666666886e-01
5.333333333333333259e-01
5.338000000000000522e-01
5.343333333333333268e-01
5.343999999999999861e-01
5.345999999999999641e-01
5.345999999999999641e-01
5.345999999999999641e-01
5.348000000000000531e-01
5.355999999999999650e-01
5.360000000000000320e-01
5.358666666666667133e-01
5.362000000000000099e-01
5.364666666666666472e-01
5.369333333333333735e-01
5.369333333333333735e-01
5.377999999999999448e-01
5.378666666666667151e-01
5.375999999999999668e-01
5.377333333333332854e-01
5.380000000000000338e-01
5.383999999999999897e-01
5.387999999999999456e-01
5.392000000000000126e-01
5.393999999999999906e-01
5.395999999999999686e-01
5.401333333333333542e-01
5.402000000000000135e-01
5.406666666666666288e-01
5.410666666666666957e-01
5.413999999999999924e-01
5.420000000000000373e-01
5.417999999999999483e-01
5.419333333333333780e-01
5.421333333333333560e-01
5.427333333333332899e-01
5.433999999999999941e-01
5.440666666666666984e-01
5.446666666666666323e-01
5.447999999999999510e-01
5.450666666666666993e-01
5.456666666666666332e-01
5.463999999999999968e-01
5.468666666666666121e-01
5.473999999999999977e-01
5.475999999999999757e-01
5.478666666666666130e-01
5.478666666666666130e-01
5.480000000000000426e-01
5.482666666666666799e-01
5.483333333333333393e-01
5.482000000000000206e-01
5.486666666666666359e-01
5.487999999999999545e-01
5.491333333333333622e-01
5.491333333333333622e-01
5.492666666666666808e-01
5.497333333333332961e-01
5.500666666666667037e-01
5.502666666666666817e-01
5.505999999999999783e-01
5.506666666666666377e-01
5.512666666666666826e-01
5.513333333333333419e-01
5.516666666666666385e-01
5.518666666666666165e-01
5.521333333333333648e-01
5.527999999999999581e-01
5.530000000000000471e-01
5.525333333333333208e-01
5.529333333333333877e-01
5.535333333333333217e-01
5.532666666666666844e-01
5.533333333333333437e-01
5.536666666666666403e-01
5.540666666666667073e-01
5.541333333333333666e-01
5.542666666666666853e-01
5.543333333333333446e-01
5.545999999999999819e-01
5.548666666666666192e-01
5.547999999999999599e-01
5.547999999999999599e-01
5.551333333333333675e-01
5.554666666666666641e-01
5.556666666666666421e-01
5.555999999999999828e-01
5.552666666666666861e-01
5.553333333333333455e-01
5.554000000000000048e-01
5.557333333333333014e-01
5.561333333333333684e-01
5.561333333333333684e-01
5.559333333333332794e-01
5.561333333333333684e-01
5.561333333333333684e-01
5.562000000000000277e-01
5.570000000000000506e-01
5.571333333333333693e-01
5.572000000000000286e-01
5.574666666666666659e-01
5.580666666666667108e-01
5.584666666666666668e-01
5.591333333333333711e-01
5.594666666666666677e-01
5.593333333333333490e-01
5.594666666666666677e-01
5.595999999999999863e-01
5.594000000000000083e-01
5.594666666666666677e-01
5.600666666666667126e-01
5.602666666666666906e-01
5.601333333333333719e-01
5.604000000000000092e-01
5.607333333333333059e-01
5.611333333333333728e-01
5.617999999999999661e-01
5.617333333333333067e-01
5.617333333333333067e-01
5.620666666666667144e-01
5.622666666666666924e-01
5.625333333333333297e-01
5.627999999999999670e-01
5.627333333333333076e-01
5.635999999999999899e-01
5.638666666666666272e-01
5.641333333333333755e-01
5.635999999999999899e-01
5.638666666666666272e-01
5.636666666666666492e-01
5.640666666666667162e-01
5.644666666666666721e-01
5.644000000000000128e-01
5.645999999999999908e-01
5.652000000000000357e-01
5.654000000000000137e-01
5.655333333333333323e-01
5.655999999999999917e-01
5.655999999999999917e-01
5.654666666666666730e-01
5.655999999999999917e-01
5.663333333333333552e-01
5.667999999999999705e-01
5.672000000000000375e-01
5.672666666666666968e-01
5.672666666666666968e-01
5.674000000000000155e-01
5.678666666666666307e-01
5.679333333333332900e-01
5.679999999999999494e-01
5.683333333333333570e-01
5.684666666666666757e-01
5.687333333333333130e-01
5.685999999999999943e-01
5.690666666666667206e-01
5.690666666666667206e-01
5.689333333333332909e-01
5.692666666666666986e-01
5.694000000000000172e-01
5.694000000000000172e-01
5.698666666666666325e-01
5.697333333333333139e-01
5.696666666666666545e-01
5.699999999999999512e-01
5.698666666666666325e-01
5.700666666666667215e-01
5.699333333333332918e-01
5.702000000000000401e-01
5.705333333333333368e-01
5.705333333333333368e-01
5.702666666666666995e-01
5.708666666666666334e-01
5.709333333333332927e-01
5.707999999999999741e-01
5.707999999999999741e-01
5.709999999999999520e-01
5.711333333333333817e-01
5.712666666666667004e-01
5.715333333333333377e-01
5.716666666666666563e-01
5.717999999999999750e-01
5.717999999999999750e-01
5.719333333333332936e-01
5.722000000000000419e-01
