3.588000000000000078e-01
3.629333333333333300e-01
3.671333333333333115e-01
3.712666666666666893e-01
3.757333333333333081e-01
3.795999999999999930e-01
3.832666666666666444e-01
3.873333333333333073e-01
3.906000000000000028e-01
3.944666666666666877e-01
3.976666666666666683e-01
4.012666666666666604e-01
4.035333333333333550e-01
4.059333333333333127e-01
4.083999999999999853e-01
4.103333333333333277e-01
4.124666666666666481e-01
4.142000000000000126e-01
4.161333333333333551e-01
4.183999999999999941e-01
4.209333333333333260e-01
4.227333333333333498e-01
4.247333333333333516e-01
4.266666666666666941e-01
4.289999999999999925e-01
4.311333333333333129e-01
4.329999999999999960e-01
4.338000000000000189e-01
4.360666666666666580e-01
4.375999999999999890e-01
4.391999999999999793e-01
4.409333333333333438e-01
4.428000000000000269e-01
4.444666666666666766e-01
4.461999999999999855e-01
4.479333333333333500e-01
4.487999999999999767e-01
4.495333333333333403e-01
4.504000000000000226e-01
4.519333333333333536e-01
4.526666666666666616e-01
4.537333333333333218e-01
4.544666666666666854e-01
4.552666666666666528e-01
4.572666666666666546e-01
4.583333333333333148e-01
4.597333333333333272e-01
4.606666666666666687e-01
4.619333333333333069e-01
4.630000000000000226e-01
4.642000000000000015e-01
4.647333333333333316e-01
4.653999999999999804e-01
4.662000000000000033e-01
4.669333333333333114e-01
4.680666666666666864e-01
4.689999999999999725e-01
4.697333333333333361e-01
4.703333333333333255e-01
4.711333333333333484e-01
4.722000000000000086e-01
4.724666666666666459e-01
4.733333333333333282e-01
4.746000000000000218e-01
4.756666666666666821e-01
4.766666666666666829e-01
4.773333333333333317e-01
4.781333333333333546e-01
4.786000000000000254e-01
4.796666666666666856e-01
4.801333333333333564e-01
4.809999999999999831e-01
4.813999999999999946e-01
4.824666666666666548e-01
4.829999999999999849e-01
4.833999999999999964e-01
4.843999999999999972e-01
4.853333333333333388e-01
4.855999999999999761e-01
4.859333333333333282e-01
4.862000000000000210e-01
4.866666666666666918e-01
4.870666666666666478e-01
4.879999999999999893e-01
4.890666666666666496e-01
4.899333333333333318e-01
4.904666666666666619e-01
4.916666666666666408e-01
4.921333333333333115e-01
4.923333333333333450e-01
4.934666666666666646e-01
4.935999999999999832e-01
4.943333333333333468e-01
4.950666666666666549e-01
4.958000000000000185e-01
4.969999999999999973e-01
4.975999999999999868e-01
4.977333333333333609e-01
4.988666666666666805e-01
4.995333333333333292e-01
5.000666666666666593e-01
5.008000000000000229e-01
5.011999999999999789e-01
5.016666666666667052e-01
5.022666666666666391e-01
5.029333333333333433e-01
5.032666666666666400e-01
5.033333333333332993e-01
5.040000000000000036e-01
5.045333333333332781e-01
5.050000000000000044e-01
5.053999999999999604e-01
5.063333333333333020e-01
5.072666666666666435e-01
5.079333333333333478e-01
5.082666666666666444e-01
5.090000000000000080e-01
5.096000000000000529e-01
5.102666666666666462e-01
5.110666666666666691e-01
5.119333333333333513e-01
5.123999999999999666e-01
5.125333333333332853e-01
5.135999999999999455e-01
5.135999999999999455e-01
5.141333333333333311e-01
5.142666666666666497e-01
5.141999999999999904e-01
5.146666666666667167e-01
5.157333333333333769e-01
5.161999999999999922e-01
5.163999999999999702e-01
5.168000000000000371e-01
5.175333333333332897e-01
5.180000000000000160e-01
5.179333333333333567e-01
5.183333333333333126e-01
5.185999999999999499e-01
5.190000000000000169e-01
5.193333333333333135e-01
5.195333333333332915e-01
5.198000000000000398e-01
5.200666666666666771e-01
5.201333333333333364e-01
5.208000000000000407e-01
5.211333333333333373e-01
5.211333333333333373e-01
5.213999999999999746e-01
5.215999999999999526e-01
5.223333333333333162e-01
5.229333333333333611e-01
5.232666666666666577e-01
5.238666666666667027e-01
5.240000000000000213e-01
5.248000000000000442e-01
5.245999999999999552e-01
5.251333333333333409e-01
5.253333333333333188e-01
5.258666666666667044e-01
5.263333333333333197e-01
5.265999999999999570e-01
5.270666666666666833e-01
5.271333333333333426e-01
5.278666666666667062e-01
5.284666666666666401e-01
5.289333333333333664e-01
5.290000000000000258e-01
5.292000000000000037e-01
5.296666666666666190e-01
5.301333333333333453e-01
5.303999999999999826e-01
5.305333333333333012e-01
5.312000000000000055e-01
5.313999999999999835e-01
5.313999999999999835e-01
5.317333333333332801e-01
5.320000000000000284e-01
5.323333333333333250e-01
5.326666666666666217e-01
5.327333333333332810e-01
5.326666666666666217e-01
5.332000000000000073e-01
5.338000000000000522e-01
5.343999999999999861e-01
5.341333333333333488e-01
5.342666666666666675e-01
5.343999999999999861e-01
5.345333333333333048e-01
5.347333333333332828e-01
5.354666666666666464e-01
5.358000000000000540e-01
5.358666666666667133e-01
5.358000000000000540e-01
5.363999999999999879e-01
5.364666666666666472e-01
5.372666666666666702e-01
5.372666666666666702e-01
5.376666666666666261e-01
5.377999999999999448e-01
5.375333333333333075e-01
5.378666666666667151e-01
5.380666666666666931e-01
5.387333333333332863e-01
5.392000000000000126e-01
5.393999999999999906e-01
5.396666666666666279e-01
5.397333333333332872e-01
5.402666666666666728e-01
5.407333333333332881e-01
5.412000000000000144e-01
5.414666666666666517e-01
5.417333333333332890e-01
5.416666666666666297e-01
5.415999999999999703e-01
5.421333333333333560e-01
5.430000000000000382e-01
5.433999999999999941e-01
5.438666666666667204e-01
5.444666666666666544e-01
5.446666666666666323e-01
5.448666666666667213e-01
5.456666666666666332e-01
5.463999999999999968e-01
5.466666666666666341e-01
5.470666666666667011e-01
5.476666666666666350e-01
5.477999999999999536e-01
5.478666666666666130e-01
5.479333333333333833e-01
5.480666666666667020e-01
5.478666666666666130e-01
5.482666666666666799e-01
5.485333333333333172e-01
5.487333333333332952e-01
5.491333333333333622e-01
5.487999999999999545e-01
5.493999999999999995e-01
5.498666666666666147e-01
5.500666666666667037e-01
5.502666666666666817e-01
5.501333333333333631e-01
5.504000000000000004e-01
5.506666666666666377e-01
5.511333333333333639e-01
5.513333333333333419e-01
5.516666666666666385e-01
5.520000000000000462e-01
5.523333333333333428e-01
5.525333333333333208e-01
5.527333333333332988e-01
5.525999999999999801e-01
5.527999999999999581e-01
5.527999999999999581e-01
5.530000000000000471e-01
5.535999999999999810e-01
5.538666666666666183e-01
5.539333333333333886e-01
5.541333333333333666e-01
5.541333333333333666e-01
5.545999999999999819e-01
5.546666666666666412e-01
5.548666666666666192e-01
5.550666666666667082e-01
5.550666666666667082e-01
5.549333333333332785e-01
5.552000000000000268e-01
5.554000000000000048e-01
5.552666666666666861e-01
5.550000000000000488e-01
5.552666666666666861e-01
5.555999999999999828e-01
5.560000000000000497e-01
5.560000000000000497e-01
5.560666666666667091e-01
5.560000000000000497e-01
5.560666666666667091e-01
5.563333333333333464e-01
5.567333333333333023e-01
5.569333333333332803e-01
5.568666666666666210e-01
5.568666666666666210e-01
5.576666666666666439e-01
5.579333333333332812e-01
5.582000000000000295e-01
5.585333333333333261e-01
5.587999999999999634e-01
5.587333333333333041e-01
5.590000000000000524e-01
5.588666666666666227e-01
5.589333333333332821e-01
5.590000000000000524e-01
5.597999999999999643e-01
5.601333333333333719e-01
5.600666666666667126e-01
5.608666666666666245e-01
5.612666666666666915e-01
5.615999999999999881e-01
5.616666666666666474e-01
5.615999999999999881e-01
5.617999999999999661e-01
5.623333333333333517e-01
5.624666666666666703e-01
5.626666666666666483e-01
5.627333333333333076e-01
5.635333333333333306e-01
5.637999999999999678e-01
5.640666666666667162e-01
5.636666666666666492e-01
5.635333333333333306e-01
5.634666666666666712e-01
5.638666666666666272e-01
5.641333333333333755e-01
5.643333333333333535e-01
5.647333333333333094e-01
5.653333333333333544e-01
5.652666666666666950e-01
5.651333333333333764e-01
5.653333333333333544e-01
5.653333333333333544e-01
5.654000000000000137e-01
5.655999999999999917e-01
5.663333333333333552e-01
5.666666666666666519e-01
5.671333333333333782e-01
5.668666666666666298e-01
5.669999999999999485e-01
5.672000000000000375e-01
5.676666666666666528e-01
5.677999999999999714e-01
5.675333333333333341e-01
5.677333333333333121e-01
5.678666666666666307e-01
5.681333333333333790e-01
5.682000000000000384e-01
5.689333333333332909e-01
5.686666666666666536e-01
5.685333333333333350e-01
5.690666666666667206e-01
5.692666666666666986e-01
5.692666666666666986e-01
5.697333333333333139e-01
5.693333333333333579e-01
5.695333333333333359e-01
5.698666666666666325e-01
5.695333333333333359e-01
5.697333333333333139e-01
5.698666666666666325e-01
5.700666666666667215e-01
5.701333333333333808e-01
5.700666666666667215e-01
5.699999999999999512e-01
5.704666666666666774e-01
5.704000000000000181e-01
5.705333333333333368e-01
5.705333333333333368e-01
5.707999999999999741e-01
5.703333333333333588e-01
5.712000000000000410e-01
5.714000000000000190e-01
5.714666666666666783e-01
5.715333333333333377e-01
5.715333333333333377e-01
5.716666666666666563e-01
