3.603333333333333388e-01
3.645999999999999797e-01
3.683333333333333459e-01
3.733333333333333504e-01
3.765999999999999903e-01
3.811999999999999833e-01
3.843333333333333601e-01
3.884000000000000230e-01
3.919333333333333558e-01
3.954666666666666885e-01
3.984666666666666912e-01
4.012666666666666604e-01
4.040666666666666851e-01
4.066666666666666763e-01
4.088666666666666560e-01
4.107333333333333392e-01
4.132666666666666710e-01
4.146666666666666834e-01
4.163333333333333330e-01
4.190666666666666429e-01
4.216666666666666896e-01
4.235333333333333172e-01
4.254000000000000004e-01
4.280666666666666509e-01
4.292666666666666853e-01
4.312666666666666870e-01
4.328666666666666774e-01
4.348000000000000198e-01
4.365999999999999881e-01
4.385333333333333306e-01
4.398000000000000242e-01
4.411999999999999811e-01
4.425999999999999934e-01
4.449333333333333473e-01
4.464666666666666783e-01
4.479333333333333500e-01
4.489333333333333509e-01
4.495999999999999996e-01
4.510000000000000120e-01
4.516666666666666607e-01
4.531333333333333324e-01
4.539333333333333553e-01
4.549333333333333562e-01
4.560666666666666758e-01
4.576000000000000068e-01
4.586000000000000076e-01
4.599333333333333607e-01
4.610666666666666802e-01
4.622666666666666591e-01
4.633999999999999786e-01
4.644666666666666943e-01
4.647999999999999909e-01
4.658666666666666512e-01
4.666666666666666741e-01
4.671333333333333449e-01
4.683333333333333237e-01
4.693333333333333246e-01
4.701333333333333475e-01
4.701333333333333475e-01
4.717999999999999972e-01
4.722666666666666679e-01
4.729999999999999760e-01
4.738666666666666583e-01
4.746666666666666812e-01
4.761333333333333528e-01
4.770666666666666944e-01
4.773999999999999910e-01
4.784666666666666512e-01
4.787333333333333441e-01
4.800666666666666416e-01
4.806666666666666865e-01
4.809999999999999831e-01
4.819333333333333247e-01
4.823999999999999955e-01
4.829999999999999849e-01
4.836666666666666892e-01
4.849333333333333274e-01
4.853999999999999981e-01
4.858000000000000096e-01
4.865999999999999770e-01
4.862000000000000210e-01
4.868666666666666698e-01
4.874666666666666592e-01
4.884000000000000008e-01
4.897333333333333538e-01
4.903333333333333433e-01
4.913333333333333441e-01
4.918000000000000149e-01
4.923333333333333450e-01
4.930666666666666531e-01
4.935999999999999832e-01
4.940666666666666540e-01
4.947333333333333583e-01
4.955999999999999850e-01
4.961999999999999744e-01
4.971333333333333160e-01
4.979333333333333389e-01
4.983333333333333504e-01
4.991999999999999771e-01
4.996666666666666479e-01
5.002666666666666373e-01
5.008666666666666822e-01
5.013333333333332975e-01
5.018666666666666831e-01
5.026000000000000467e-01
5.030000000000000027e-01
5.030666666666666620e-01
5.036666666666667069e-01
5.045333333333332781e-01
5.046666666666667078e-01
5.053333333333333011e-01
5.055333333333332790e-01
5.065333333333332799e-01
5.074666666666666215e-01
5.080666666666666664e-01
5.084666666666666224e-01
5.091999999999999860e-01
5.102666666666666462e-01
5.104666666666666242e-01
5.111999999999999877e-01
5.120666666666666700e-01
5.127333333333333742e-01
5.135333333333332861e-01
5.134666666666666268e-01
5.138000000000000345e-01
5.143333333333333091e-01
5.141999999999999904e-01
5.145333333333332870e-01
5.150666666666666726e-01
5.161333333333333329e-01
5.163333333333333108e-01
5.165333333333332888e-01
5.171333333333333337e-01
5.175999999999999490e-01
5.180000000000000160e-01
5.180000000000000160e-01
5.185999999999999499e-01
5.189333333333333576e-01
5.191333333333333355e-01
5.196666666666667211e-01
5.192666666666666542e-01
5.197333333333333805e-01
5.199333333333333584e-01
5.204666666666666330e-01
5.210666666666666780e-01
5.211333333333333373e-01
5.215999999999999526e-01
5.218000000000000416e-01
5.220666666666666789e-01
5.230000000000000204e-01
5.231333333333333391e-01
5.235999999999999543e-01
5.240666666666666806e-01
5.244666666666666366e-01
5.248666666666667036e-01
5.251333333333333409e-01
5.253999999999999782e-01
5.258666666666667044e-01
5.262666666666666604e-01
5.265333333333332977e-01
5.270000000000000240e-01
5.268666666666667053e-01
5.275333333333332986e-01
5.281333333333333435e-01
5.288000000000000478e-01
5.293333333333333224e-01
5.291333333333333444e-01
5.295333333333333004e-01
5.303333333333333233e-01
5.303999999999999826e-01
5.305333333333333012e-01
5.310666666666666869e-01
5.313333333333333242e-01
5.313333333333333242e-01
5.317333333333332801e-01
5.318000000000000504e-01
5.321333333333333471e-01
5.326666666666666217e-01
5.326666666666666217e-01
5.330000000000000293e-01
5.330000000000000293e-01
5.335333333333333039e-01
5.339333333333333709e-01
5.340666666666666895e-01
5.343999999999999861e-01
5.346666666666666234e-01
5.347333333333332828e-01
5.350000000000000311e-01
5.352000000000000091e-01
5.357333333333332837e-01
5.361333333333333506e-01
5.360000000000000320e-01
5.360666666666666913e-01
5.365999999999999659e-01
5.369333333333333735e-01
5.374666666666666481e-01
5.375333333333333075e-01
5.378666666666667151e-01
5.378666666666667151e-01
5.375333333333333075e-01
5.381333333333333524e-01
5.385333333333333083e-01
5.387999999999999456e-01
5.392666666666666719e-01
5.395333333333333092e-01
5.399333333333333762e-01
5.400666666666666949e-01
5.407999999999999474e-01
5.410666666666666957e-01
5.413999999999999924e-01
5.420000000000000373e-01
5.415999999999999703e-01
5.418666666666667187e-01
5.420666666666666966e-01
5.425333333333333119e-01
5.432000000000000162e-01
5.438666666666667204e-01
5.445333333333333137e-01
5.443999999999999950e-01
5.450000000000000400e-01
5.452000000000000179e-01
5.462666666666666782e-01
5.467333333333332934e-01
5.473333333333333384e-01
5.475333333333333163e-01
5.475333333333333163e-01
5.476666666666666350e-01
5.482000000000000206e-01
5.480000000000000426e-01
5.483333333333333393e-01
5.483333333333333393e-01
5.484666666666666579e-01
5.487999999999999545e-01
5.490666666666667028e-01
5.491333333333333622e-01
5.490000000000000435e-01
5.496666666666666368e-01
5.500000000000000444e-01
5.502000000000000224e-01
5.505333333333333190e-01
5.505999999999999783e-01
5.510000000000000453e-01
5.512000000000000233e-01
5.515999999999999792e-01
5.517333333333332979e-01
5.520666666666667055e-01
5.525333333333333208e-01
5.527999999999999581e-01
5.524666666666666615e-01
5.530666666666667064e-01
5.531333333333333657e-01
5.534000000000000030e-01
5.533333333333333437e-01
5.534000000000000030e-01
5.534666666666666623e-01
5.544000000000000039e-01
5.542000000000000259e-01
5.544666666666666632e-01
5.545999999999999819e-01
5.549333333333332785e-01
5.547999999999999599e-01
5.547333333333333005e-01
5.552666666666666861e-01
5.553333333333333455e-01
5.553333333333333455e-01
5.554666666666666641e-01
5.554666666666666641e-01
5.553333333333333455e-01
5.549333333333332785e-01
5.554000000000000048e-01
5.558666666666666201e-01
5.562000000000000277e-01
5.558666666666666201e-01
5.555999999999999828e-01
5.560666666666667091e-01
5.562000000000000277e-01
5.563333333333333464e-01
5.571333333333333693e-01
5.572666666666666879e-01
5.573333333333333472e-01
5.579333333333332812e-01
5.584666666666666668e-01
5.590000000000000524e-01
5.590000000000000524e-01
5.592000000000000304e-01
5.594000000000000083e-01
5.593333333333333490e-01
5.595333333333333270e-01
5.592000000000000304e-01
5.598666666666666236e-01
5.602000000000000313e-01
5.603333333333333499e-01
5.605333333333333279e-01
5.604666666666666686e-01
5.608666666666666245e-01
5.617999999999999661e-01
5.615333333333333288e-01
5.617333333333333067e-01
5.620666666666667144e-01
5.622666666666666924e-01
5.624666666666666703e-01
5.625999999999999890e-01
5.628666666666666263e-01
5.630666666666667153e-01
5.638666666666666272e-01
5.639999999999999458e-01
5.639999999999999458e-01
5.639333333333332865e-01
5.636666666666666492e-01
5.639999999999999458e-01
5.642666666666666941e-01
5.644000000000000128e-01
5.644000000000000128e-01
5.649333333333332874e-01
5.654000000000000137e-01
5.653333333333333544e-01
5.654000000000000137e-01
5.654000000000000137e-01
5.654666666666666730e-01
5.654666666666666730e-01
5.661333333333333773e-01
5.665333333333333332e-01
5.669999999999999485e-01
5.670666666666667188e-01
5.670666666666667188e-01
5.672666666666666968e-01
5.675999999999999934e-01
5.677999999999999714e-01
5.681333333333333790e-01
5.682000000000000384e-01
5.680666666666667197e-01
5.682666666666666977e-01
5.684666666666666757e-01
5.689999999999999503e-01
5.689333333333332909e-01
5.691333333333333799e-01
5.691333333333333799e-01
5.693333333333333579e-01
5.694666666666666766e-01
5.697999999999999732e-01
5.699333333333332918e-01
5.694000000000000172e-01
5.698666666666666325e-01
5.699999999999999512e-01
5.697333333333333139e-01
5.701333333333333808e-01
5.701333333333333808e-01
5.700666666666667215e-01
5.705999999999999961e-01
5.702000000000000401e-01
5.706666666666666554e-01
5.709999999999999520e-01
5.709333333333332927e-01
5.707333333333333147e-01
5.709333333333332927e-01
5.709999999999999520e-01
5.708666666666666334e-01
5.715333333333333377e-01
5.715999999999999970e-01
5.717333333333333156e-01
5.715999999999999970e-01
5.717999999999999750e-01
5.719333333333332936e-01
