3.593999999999999972e-01
3.641333333333333089e-01
3.677333333333333565e-01
3.719999999999999973e-01
3.764000000000000123e-01
3.803333333333333566e-01
3.835333333333333372e-01
3.879333333333333522e-01
3.915333333333333443e-01
3.950666666666666771e-01
3.982666666666666577e-01
4.017333333333333312e-01
4.037333333333333329e-01
4.063333333333333242e-01
4.086000000000000187e-01
4.103333333333333277e-01
4.126000000000000223e-01
4.148666666666666614e-01
4.163999999999999924e-01
4.186666666666666869e-01
4.215333333333333155e-01
4.230666666666666464e-01
4.249999999999999889e-01
4.273333333333333428e-01
4.293333333333333446e-01
4.314000000000000057e-01
4.328666666666666774e-01
4.342666666666666897e-01
4.362666666666666915e-01
4.382666666666666933e-01
4.395999999999999908e-01
4.410000000000000031e-01
4.429333333333333456e-01
4.446666666666666545e-01
4.462666666666666448e-01
4.480000000000000093e-01
4.490000000000000102e-01
4.495999999999999996e-01
4.507999999999999785e-01
4.521333333333333315e-01
4.530666666666666731e-01
4.538666666666666405e-01
4.550000000000000155e-01
4.557999999999999829e-01
4.574666666666666881e-01
4.585333333333333483e-01
4.599333333333333607e-01
4.611333333333333395e-01
4.620666666666666811e-01
4.632000000000000006e-01
4.646000000000000130e-01
4.647999999999999909e-01
4.655333333333333545e-01
4.666000000000000147e-01
4.670000000000000262e-01
4.683333333333333237e-01
4.692666666666666653e-01
4.699999999999999734e-01
4.702666666666666662e-01
4.715333333333333599e-01
4.722000000000000086e-01
4.729999999999999760e-01
4.735333333333333061e-01
4.746666666666666812e-01
4.758000000000000007e-01
4.769333333333333202e-01
4.772666666666666724e-01
4.784666666666666512e-01
4.784666666666666512e-01
4.799999999999999822e-01
4.804666666666666530e-01
4.812000000000000166e-01
4.819333333333333247e-01
4.823333333333333361e-01
4.828666666666666663e-01
4.832666666666666777e-01
4.846666666666666901e-01
4.852666666666666795e-01
4.856666666666666909e-01
4.861333333333333062e-01
4.862000000000000210e-01
4.866666666666666918e-01
4.870666666666666478e-01
4.883333333333333415e-01
4.893333333333333424e-01
4.899999999999999911e-01
4.908000000000000140e-01
4.917333333333333556e-01
4.922666666666666857e-01
4.927333333333333565e-01
4.935333333333333239e-01
4.939333333333333353e-01
4.944000000000000061e-01
4.954666666666666663e-01
4.959333333333333371e-01
4.970666666666666567e-01
4.978666666666666796e-01
4.979999999999999982e-01
4.991333333333333178e-01
4.996666666666666479e-01
5.003333333333332966e-01
5.006666666666667043e-01
5.011999999999999789e-01
5.017333333333333645e-01
5.024666666666666170e-01
5.028666666666666840e-01
5.031333333333333213e-01
5.036000000000000476e-01
5.041999999999999815e-01
5.048666666666666858e-01
5.050000000000000044e-01
5.056000000000000494e-01
5.061999999999999833e-01
5.073999999999999622e-01
5.078000000000000291e-01
5.082666666666666444e-01
5.092666666666666453e-01
5.100000000000000089e-01
5.102666666666666462e-01
5.109333333333333504e-01
5.120000000000000107e-01
5.124666666666666259e-01
5.133333333333333082e-01
5.135999999999999455e-01
5.137333333333333751e-01
5.142666666666666497e-01
5.141333333333333311e-01
5.145333333333332870e-01
5.149333333333333540e-01
5.158666666666666956e-01
5.163999999999999702e-01
5.163999999999999702e-01
5.170000000000000151e-01
5.178666666666666973e-01
5.175999999999999490e-01
5.179333333333333567e-01
5.183999999999999719e-01
5.190000000000000169e-01
5.191333333333333355e-01
5.192666666666666542e-01
5.195999999999999508e-01
5.198666666666666991e-01
5.200000000000000178e-01
5.203333333333333144e-01
5.210666666666666780e-01
5.210666666666666780e-01
5.211999999999999966e-01
5.214666666666666339e-01
5.217333333333333822e-01
5.228000000000000425e-01
5.230666666666666798e-01
5.235333333333332950e-01
5.239333333333333620e-01
5.239333333333333620e-01
5.245999999999999552e-01
5.250666666666666815e-01
5.253333333333333188e-01
5.255333333333332968e-01
5.260666666666666824e-01
5.262666666666666604e-01
5.267333333333333867e-01
5.268000000000000460e-01
5.273999999999999799e-01
5.278666666666667062e-01
5.286666666666666181e-01
5.291333333333333444e-01
5.292000000000000037e-01
5.294666666666666410e-01
5.299333333333333673e-01
5.303999999999999826e-01
5.305333333333333012e-01
5.309333333333333682e-01
5.311333333333333462e-01
5.311333333333333462e-01
5.315333333333333021e-01
5.317333333333332801e-01
5.320666666666666877e-01
5.325999999999999623e-01
5.325333333333333030e-01
5.328666666666667107e-01
5.327333333333332810e-01
5.332666666666666666e-01
5.337333333333332819e-01
5.342000000000000082e-01
5.342000000000000082e-01
5.342666666666666675e-01
5.346666666666666234e-01
5.345333333333333048e-01
5.349333333333333718e-01
5.354666666666666464e-01
5.360000000000000320e-01
5.357333333333332837e-01
5.361333333333333506e-01
5.364666666666666472e-01
5.367333333333332845e-01
5.375999999999999668e-01
5.375999999999999668e-01
5.377999999999999448e-01
5.377333333333332854e-01
5.376666666666666261e-01
5.379333333333333744e-01
5.382666666666666710e-01
5.387999999999999456e-01
5.393999999999999906e-01
5.393999999999999906e-01
5.395333333333333092e-01
5.398666666666667169e-01
5.405333333333333101e-01
5.408666666666667178e-01
5.412666666666666737e-01
5.417999999999999483e-01
5.417333333333332890e-01
5.418666666666667187e-01
5.417999999999999483e-01
5.423333333333333339e-01
5.431333333333333568e-01
5.434666666666666535e-01
5.442666666666666764e-01
5.443999999999999950e-01
5.447333333333332916e-01
5.452000000000000179e-01
5.457333333333332925e-01
5.465999999999999748e-01
5.470666666666667011e-01
5.473333333333333384e-01
5.476666666666666350e-01
5.476666666666666350e-01
5.482000000000000206e-01
5.481333333333333613e-01
5.481333333333333613e-01
5.481333333333333613e-01
5.483333333333333393e-01
5.484666666666666579e-01
5.490000000000000435e-01
5.490000000000000435e-01
5.490000000000000435e-01
5.495333333333333181e-01
5.498666666666666147e-01
5.500000000000000444e-01
5.503333333333333410e-01
5.504000000000000004e-01
5.504666666666666597e-01
5.510666666666667046e-01
5.514000000000000012e-01
5.514666666666666606e-01
5.516666666666666385e-01
5.522000000000000242e-01
5.529333333333333877e-01
5.526666666666666394e-01
5.529333333333333877e-01
5.530000000000000471e-01
5.532000000000000250e-01
5.530000000000000471e-01
5.530666666666667064e-01
5.535333333333333217e-01
5.540666666666667073e-01
5.537333333333332996e-01
5.544666666666666632e-01
5.543333333333333446e-01
5.548666666666666192e-01
5.547333333333333005e-01
5.546666666666666412e-01
5.550666666666667082e-01
5.552000000000000268e-01
5.552000000000000268e-01
5.554000000000000048e-01
5.555333333333333234e-01
5.554000000000000048e-01
5.550000000000000488e-01
5.554666666666666641e-01
5.557333333333333014e-01
5.559333333333332794e-01
5.559333333333332794e-01
5.556666666666666421e-01
5.560666666666667091e-01
5.560000000000000497e-01
5.564666666666666650e-01
5.570000000000000506e-01
5.568666666666666210e-01
5.570666666666667100e-01
5.576666666666666439e-01
5.579333333333332812e-01
5.584000000000000075e-01
5.585333333333333261e-01
5.589333333333332821e-01
5.590000000000000524e-01
5.591333333333333711e-01
5.594000000000000083e-01
5.590000000000000524e-01
5.594000000000000083e-01
5.596666666666666456e-01
5.600000000000000533e-01
5.599333333333332829e-01
5.603333333333333499e-01
5.607999999999999652e-01
5.614666666666666694e-01
5.615333333333333288e-01
5.616666666666666474e-01
5.616666666666666474e-01
5.622000000000000330e-01
5.625999999999999890e-01
5.625999999999999890e-01
5.628666666666666263e-01
5.630666666666667153e-01
5.634666666666666712e-01
5.639333333333332865e-01
5.641333333333333755e-01
5.637999999999999678e-01
5.635333333333333306e-01
5.635999999999999899e-01
5.640666666666667162e-01
5.642666666666666941e-01
5.642666666666666941e-01
5.647999999999999687e-01
5.654666666666666730e-01
5.652666666666666950e-01
5.652666666666666950e-01
5.654666666666666730e-01
5.653333333333333544e-01
5.653333333333333544e-01
5.659333333333332883e-01
5.663333333333333552e-01
5.669333333333332892e-01
5.670666666666667188e-01
5.670666666666667188e-01
5.669333333333332892e-01
5.674666666666666748e-01
5.675333333333333341e-01
5.679333333333332900e-01
5.678666666666666307e-01
5.677333333333333121e-01
5.680666666666667197e-01
5.685333333333333350e-01
5.684666666666666757e-01
5.689333333333332909e-01
5.689333333333332909e-01
5.689333333333332909e-01
5.691333333333333799e-01
5.692666666666666986e-01
5.694000000000000172e-01
5.699999999999999512e-01
5.694666666666666766e-01
5.696666666666666545e-01
5.697999999999999732e-01
5.697999999999999732e-01
5.699999999999999512e-01
5.701333333333333808e-01
5.698666666666666325e-01
5.703333333333333588e-01
5.701333333333333808e-01
5.702666666666666995e-01
5.706666666666666554e-01
5.706666666666666554e-01
5.704666666666666774e-01
5.705999999999999961e-01
5.710666666666666114e-01
5.708666666666666334e-01
5.712000000000000410e-01
5.715333333333333377e-01
5.714666666666666783e-01
5.715333333333333377e-01
5.716666666666666563e-01
5.718666666666666343e-01
