3.679999999999999938e-01
3.719999999999999973e-01
3.760666666666666602e-01
3.797333333333333116e-01
3.832666666666666444e-01
3.868666666666666920e-01
3.906000000000000028e-01
3.940000000000000169e-01
3.970000000000000195e-01
3.999333333333333074e-01
4.028666666666666507e-01
4.051333333333333453e-01
4.077333333333333365e-01
4.099333333333333163e-01
4.117333333333333401e-01
4.143999999999999906e-01
4.155333333333333101e-01
4.179999999999999827e-01
4.200666666666666438e-01
4.222000000000000197e-01
4.240666666666666473e-01
4.259333333333333305e-01
4.286666666666666403e-01
4.303333333333333455e-01
4.324000000000000066e-01
4.334666666666666668e-01
4.351999999999999758e-01
4.371333333333333182e-01
4.390000000000000013e-01
4.404666666666666730e-01
4.419333333333333447e-01
4.437999999999999723e-01
4.450666666666666660e-01
4.470000000000000084e-01
4.486666666666666581e-01
4.492666666666666475e-01
4.506666666666666599e-01
4.514000000000000234e-01
4.524000000000000243e-01
4.534666666666666845e-01
4.541333333333333333e-01
4.550666666666666749e-01
4.563999999999999724e-01
4.577333333333333254e-01
4.590666666666666784e-01
4.603999999999999759e-01
4.609333333333333060e-01
4.626666666666666705e-01
4.636666666666666714e-01
4.645333333333333536e-01
4.654666666666666397e-01
4.664666666666666406e-01
4.665333333333333554e-01
4.677333333333333343e-01
4.687333333333333352e-01
4.696000000000000174e-01
4.705333333333333590e-01
4.710666666666666891e-01
4.716666666666666785e-01
4.725333333333333607e-01
4.735333333333333061e-01
4.746000000000000218e-01
4.756666666666666821e-01
4.764666666666666495e-01
4.776000000000000245e-01
4.779999999999999805e-01
4.783999999999999919e-01
4.795333333333333115e-01
4.806000000000000272e-01
4.809999999999999831e-01
4.815333333333333132e-01
4.823333333333333361e-01
4.829999999999999849e-01
4.833999999999999964e-01
4.842666666666666786e-01
4.852000000000000202e-01
4.854666666666666575e-01
4.859999999999999876e-01
4.865333333333333177e-01
4.865999999999999770e-01
4.872000000000000219e-01
4.878000000000000114e-01
4.888666666666666716e-01
4.900666666666666504e-01
4.908666666666666734e-01
4.914000000000000035e-01
4.924000000000000044e-01
4.928000000000000158e-01
4.935999999999999832e-01
4.941999999999999726e-01
4.944000000000000061e-01
4.950666666666666549e-01
4.958000000000000185e-01
4.963333333333333486e-01
4.976666666666666461e-01
4.978666666666666796e-01
4.989333333333333398e-01
4.994000000000000106e-01
5.004666666666666153e-01
5.006000000000000449e-01
5.011333333333333195e-01
5.016000000000000458e-01
5.023333333333332984e-01
5.028000000000000247e-01
5.033333333333332993e-01
5.033999999999999586e-01
5.041999999999999815e-01
5.048000000000000265e-01
5.053333333333333011e-01
5.054666666666666197e-01
5.060666666666666647e-01
5.071999999999999842e-01
5.080000000000000071e-01
5.083333333333333037e-01
5.091333333333333266e-01
5.096666666666667123e-01
5.101999999999999869e-01
5.111333333333333284e-01
5.119333333333333513e-01
5.123999999999999666e-01
5.132666666666666488e-01
5.138666666666666938e-01
5.141333333333333311e-01
5.144666666666666277e-01
5.148000000000000353e-01
5.147333333333333760e-01
5.146666666666667167e-01
5.153999999999999693e-01
5.165999999999999481e-01
5.168666666666666965e-01
5.173333333333333117e-01
5.176666666666667194e-01
5.180000000000000160e-01
5.183999999999999719e-01
5.188000000000000389e-01
5.187333333333333796e-01
5.193333333333333135e-01
5.195333333333332915e-01
5.192666666666666542e-01
5.198666666666666991e-01
5.203999999999999737e-01
5.207333333333333814e-01
5.211333333333333373e-01
5.215333333333332932e-01
5.216666666666666119e-01
5.220666666666666789e-01
5.223999999999999755e-01
5.228666666666667018e-01
5.233999999999999764e-01
5.239333333333333620e-01
5.236666666666666137e-01
5.243999999999999773e-01
5.252666666666666595e-01
5.254666666666666375e-01
5.260000000000000231e-01
5.262000000000000011e-01
5.267333333333333867e-01
5.272000000000000020e-01
5.273333333333333206e-01
5.276666666666666172e-01
5.281333333333333435e-01
5.282000000000000028e-01
5.289333333333333664e-01
5.291333333333333444e-01
5.292000000000000037e-01
5.295999999999999597e-01
5.300666666666666860e-01
5.305999999999999606e-01
5.308000000000000496e-01
5.310000000000000275e-01
5.313999999999999835e-01
5.318000000000000504e-01
5.320666666666666877e-01
5.323333333333333250e-01
5.323999999999999844e-01
5.327333333333332810e-01
5.332666666666666666e-01
5.332000000000000073e-01
5.332000000000000073e-01
5.338666666666667115e-01
5.340666666666666895e-01
5.345333333333333048e-01
5.348666666666667124e-01
5.348000000000000531e-01
5.352666666666666684e-01
5.353333333333333277e-01
5.358000000000000540e-01
5.362000000000000099e-01
5.362000000000000099e-01
5.363333333333333286e-01
5.364666666666666472e-01
5.372000000000000108e-01
5.373999999999999888e-01
5.377333333333332854e-01
5.382666666666666710e-01
5.384666666666666490e-01
5.387999999999999456e-01
5.387333333333332863e-01
5.387333333333332863e-01
5.390666666666666940e-01
5.388666666666667160e-01
5.392666666666666719e-01
5.394666666666666499e-01
5.399333333333333762e-01
5.402000000000000135e-01
5.407333333333332881e-01
5.412666666666666737e-01
5.417333333333332890e-01
5.422666666666666746e-01
5.423999999999999932e-01
5.423999999999999932e-01
5.422000000000000153e-01
5.425333333333333119e-01
5.433333333333333348e-01
5.441333333333333577e-01
5.448666666666667213e-01
5.452666666666666773e-01
5.455333333333333146e-01
5.458666666666666112e-01
5.463999999999999968e-01
5.465999999999999748e-01
5.470000000000000417e-01
5.473333333333333384e-01
5.480000000000000426e-01
5.482000000000000206e-01
5.481333333333333613e-01
5.482666666666666799e-01
5.486666666666666359e-01
5.487999999999999545e-01
5.487999999999999545e-01
5.493999999999999995e-01
5.493999999999999995e-01
5.493999999999999995e-01
5.499333333333333851e-01
5.496666666666666368e-01
5.504000000000000004e-01
5.505999999999999783e-01
5.506666666666666377e-01
5.507999999999999563e-01
5.512666666666666826e-01
5.515333333333333199e-01
5.515999999999999792e-01
5.520666666666667055e-01
5.522666666666666835e-01
5.528666666666666174e-01
5.530666666666667064e-01
5.535999999999999810e-01
5.532666666666666844e-01
5.536666666666666403e-01
5.542000000000000259e-01
5.542000000000000259e-01
5.540000000000000480e-01
5.542666666666666853e-01
5.544666666666666632e-01
5.547999999999999599e-01
5.550000000000000488e-01
5.553333333333333455e-01
5.555999999999999828e-01
5.557333333333333014e-01
5.557999999999999607e-01
5.559333333333332794e-01
5.560666666666667091e-01
5.562000000000000277e-01
5.562666666666666870e-01
5.562666666666666870e-01
5.561333333333333684e-01
5.556666666666666421e-01
5.561333333333333684e-01
5.564000000000000057e-01
5.566666666666666430e-01
5.563333333333333464e-01
5.565999999999999837e-01
5.570000000000000506e-01
5.572666666666666879e-01
5.575333333333333252e-01
5.576666666666666439e-01
5.581333333333333702e-01
5.585333333333333261e-01
5.587999999999999634e-01
5.592000000000000304e-01
5.592000000000000304e-01
5.597999999999999643e-01
5.600000000000000533e-01
5.597999999999999643e-01
5.601333333333333719e-01
5.603333333333333499e-01
5.601333333333333719e-01
5.601333333333333719e-01
5.605333333333333279e-01
5.608666666666666245e-01
5.609333333333332838e-01
5.612666666666666915e-01
5.615999999999999881e-01
5.620666666666667144e-01
5.621333333333333737e-01
5.623333333333333517e-01
5.622000000000000330e-01
5.625333333333333297e-01
5.628666666666666263e-01
5.633333333333333526e-01
5.634666666666666712e-01
5.636666666666666492e-01
5.639999999999999458e-01
5.642000000000000348e-01
5.643333333333333535e-01
5.642666666666666941e-01
5.641333333333333755e-01
5.640666666666667162e-01
5.647333333333333094e-01
5.648666666666666281e-01
5.649333333333332874e-01
5.655333333333333323e-01
5.657999999999999696e-01
5.657333333333333103e-01
5.662666666666666959e-01
5.665333333333333332e-01
5.660666666666667179e-01
5.663333333333333552e-01
5.665333333333333332e-01
5.672666666666666968e-01
5.675333333333333341e-01
5.680666666666667197e-01
5.682000000000000384e-01
5.682000000000000384e-01
5.683333333333333570e-01
5.687333333333333130e-01
5.686666666666666536e-01
5.690666666666667206e-01
5.691333333333333799e-01
5.693333333333333579e-01
5.695333333333333359e-01
5.692000000000000393e-01
5.695333333333333359e-01
5.694666666666666766e-01
5.697999999999999732e-01
5.695333333333333359e-01
5.700666666666667215e-01
5.698666666666666325e-01
5.704666666666666774e-01
5.704666666666666774e-01
5.705333333333333368e-01
5.707999999999999741e-01
5.707333333333333147e-01
5.707999999999999741e-01
5.708666666666666334e-01
5.709333333333332927e-01
5.714000000000000190e-01
5.708666666666666334e-01
5.706666666666666554e-01
5.711333333333333817e-01
5.712000000000000410e-01
5.712666666666667004e-01
5.712666666666667004e-01
5.715333333333333377e-01
5.717999999999999750e-01
5.720666666666666123e-01
5.725333333333333385e-01
5.725999999999999979e-01
5.726666666666666572e-01
5.725333333333333385e-01
5.728666666666666352e-01
5.729999999999999538e-01
5.732666666666667021e-01
