3.731999999999999762e-01
3.764000000000000123e-01
3.801999999999999824e-01
3.833333333333333592e-01
3.870000000000000107e-01
3.907999999999999807e-01
3.940000000000000169e-01
3.964666666666666894e-01
3.997333333333333294e-01
4.027999999999999914e-01
4.050000000000000266e-01
4.074666666666666437e-01
4.096000000000000196e-01
4.113333333333333286e-01
4.142666666666666719e-01
4.156666666666666843e-01
4.175333333333333119e-01
4.195333333333333137e-01
4.219333333333333269e-01
4.242000000000000215e-01
4.254000000000000004e-01
4.278666666666666729e-01
4.298666666666666747e-01
4.320666666666666544e-01
4.334666666666666668e-01
4.348000000000000198e-01
4.369999999999999996e-01
4.384666666666666712e-01
4.401333333333333209e-01
4.418000000000000260e-01
4.435333333333333350e-01
4.450666666666666660e-01
4.462666666666666448e-01
4.485333333333333394e-01
4.491999999999999882e-01
4.503333333333333077e-01
4.510000000000000120e-01
4.521333333333333315e-01
4.530666666666666731e-01
4.537333333333333218e-01
4.550666666666666749e-01
4.563333333333333131e-01
4.576000000000000068e-01
4.582666666666666555e-01
4.597999999999999865e-01
4.603999999999999759e-01
4.622666666666666591e-01
4.633333333333333193e-01
4.646666666666666723e-01
4.653999999999999804e-01
4.663333333333333219e-01
4.666000000000000147e-01
4.677333333333333343e-01
4.686666666666666758e-01
4.696666666666666767e-01
4.703999999999999848e-01
4.707999999999999963e-01
4.716000000000000192e-01
4.727999999999999980e-01
4.733333333333333282e-01
4.746000000000000218e-01
4.753999999999999893e-01
4.764666666666666495e-01
4.773333333333333317e-01
4.778000000000000025e-01
4.787333333333333441e-01
4.792000000000000148e-01
4.802000000000000157e-01
4.811333333333333573e-01
4.813999999999999946e-01
4.821333333333333582e-01
4.829999999999999849e-01
4.837333333333333485e-01
4.843999999999999972e-01
4.851333333333333608e-01
4.855999999999999761e-01
4.858666666666666689e-01
4.866666666666666918e-01
4.866666666666666918e-01
4.872666666666666813e-01
4.878000000000000114e-01
4.885999999999999788e-01
4.902000000000000246e-01
4.911333333333333107e-01
4.915999999999999814e-01
4.924000000000000044e-01
4.929333333333333345e-01
4.931333333333333124e-01
4.938666666666666760e-01
4.945333333333333248e-01
4.951333333333333142e-01
4.957333333333333591e-01
4.964666666666666672e-01
4.974000000000000088e-01
4.979333333333333389e-01
4.988666666666666805e-01
4.996666666666666479e-01
5.003999999999999559e-01
5.005333333333333856e-01
5.013999999999999568e-01
5.020666666666666611e-01
5.024666666666666170e-01
5.030000000000000027e-01
5.033333333333332993e-01
5.033999999999999586e-01
5.041999999999999815e-01
5.047333333333333671e-01
5.053333333333333011e-01
5.056000000000000494e-01
5.059333333333333460e-01
5.071999999999999842e-01
5.078666666666666885e-01
5.089333333333333487e-01
5.091999999999999860e-01
5.097333333333333716e-01
5.104666666666666242e-01
5.112666666666666471e-01
5.114666666666666250e-01
5.124666666666666259e-01
5.133999999999999675e-01
5.136666666666667158e-01
5.144666666666666277e-01
5.147333333333333760e-01
5.148666666666666947e-01
5.146666666666667167e-01
5.150666666666666726e-01
5.155333333333332879e-01
5.161333333333333329e-01
5.170666666666666744e-01
5.174666666666666304e-01
5.180000000000000160e-01
5.180000000000000160e-01
5.184666666666666313e-01
5.188000000000000389e-01
5.185333333333332906e-01
5.193333333333333135e-01
5.196666666666667211e-01
5.193999999999999728e-01
5.199333333333333584e-01
5.206666666666667220e-01
5.208000000000000407e-01
5.212666666666666559e-01
5.215333333333332932e-01
5.219333333333333602e-01
5.224666666666666348e-01
5.227333333333333831e-01
5.226666666666666128e-01
5.233333333333333171e-01
5.236666666666666137e-01
5.239333333333333620e-01
5.243999999999999773e-01
5.255999999999999561e-01
5.257333333333333858e-01
5.260666666666666824e-01
5.262666666666666604e-01
5.269333333333333647e-01
5.274666666666666393e-01
5.274666666666666393e-01
5.278000000000000469e-01
5.282000000000000028e-01
5.283999999999999808e-01
5.288666666666667071e-01
5.291333333333333444e-01
5.294666666666666410e-01
5.295999999999999597e-01
5.301333333333333453e-01
5.305999999999999606e-01
5.309333333333333682e-01
5.313333333333333242e-01
5.315333333333333021e-01
5.320000000000000284e-01
5.320666666666666877e-01
5.322666666666666657e-01
5.325999999999999623e-01
5.327333333333332810e-01
5.333999999999999853e-01
5.335333333333333039e-01
5.336666666666666226e-01
5.339333333333333709e-01
5.344666666666666455e-01
5.345333333333333048e-01
5.352666666666666684e-01
5.350666666666666904e-01
5.351333333333333497e-01
5.358000000000000540e-01
5.359333333333333727e-01
5.360666666666666913e-01
5.360666666666666913e-01
5.365333333333333066e-01
5.364666666666666472e-01
5.367333333333332845e-01
5.374666666666666481e-01
5.378666666666667151e-01
5.382000000000000117e-01
5.383999999999999897e-01
5.387999999999999456e-01
5.389333333333333753e-01
5.390666666666666940e-01
5.391333333333333533e-01
5.394666666666666499e-01
5.395333333333333092e-01
5.397999999999999465e-01
5.400666666666666949e-01
5.405999999999999694e-01
5.409333333333333771e-01
5.413999999999999924e-01
5.413999999999999924e-01
5.422666666666666746e-01
5.423333333333333339e-01
5.427999999999999492e-01
5.428666666666667195e-01
5.432000000000000162e-01
5.436666666666666314e-01
5.446666666666666323e-01
5.452666666666666773e-01
5.455999999999999739e-01
5.460666666666667002e-01
5.459333333333333815e-01
5.463333333333333375e-01
5.469333333333333824e-01
5.472666666666666790e-01
5.477333333333332943e-01
5.483333333333333393e-01
5.483333333333333393e-01
5.485333333333333172e-01
5.490000000000000435e-01
5.490666666666667028e-01
5.490000000000000435e-01
5.492000000000000215e-01
5.495999999999999774e-01
5.493333333333333401e-01
5.498666666666666147e-01
5.497333333333332961e-01
5.500666666666667037e-01
5.505333333333333190e-01
5.508666666666666156e-01
5.508666666666666156e-01
5.514000000000000012e-01
5.515333333333333199e-01
5.518666666666666165e-01
5.517999999999999572e-01
5.522000000000000242e-01
5.526666666666666394e-01
5.532666666666666844e-01
5.537333333333332996e-01
5.535999999999999810e-01
5.537333333333332996e-01
5.538666666666666183e-01
5.544000000000000039e-01
5.544000000000000039e-01
5.546666666666666412e-01
5.553333333333333455e-01
5.554666666666666641e-01
5.554000000000000048e-01
5.555333333333333234e-01
5.556666666666666421e-01
5.558666666666666201e-01
5.564000000000000057e-01
5.562666666666666870e-01
5.565333333333333243e-01
5.567333333333333023e-01
5.566666666666666430e-01
5.567333333333333023e-01
5.569333333333332803e-01
5.567333333333333023e-01
5.565333333333333243e-01
5.568666666666666210e-01
5.570000000000000506e-01
5.572000000000000286e-01
5.572000000000000286e-01
5.570666666666667100e-01
5.573333333333333472e-01
5.575333333333333252e-01
5.576666666666666439e-01
5.584000000000000075e-01
5.584000000000000075e-01
5.588666666666666227e-01
5.590000000000000524e-01
5.595333333333333270e-01
5.595333333333333270e-01
5.604000000000000092e-01
5.602000000000000313e-01
5.604000000000000092e-01
5.605333333333333279e-01
5.602000000000000313e-01
5.603333333333333499e-01
5.605333333333333279e-01
5.607333333333333059e-01
5.610000000000000542e-01
5.612666666666666915e-01
5.614000000000000101e-01
5.617999999999999661e-01
5.625333333333333297e-01
5.625999999999999890e-01
5.629999999999999449e-01
5.630666666666667153e-01
5.632000000000000339e-01
5.633333333333333526e-01
5.637333333333333085e-01
5.635999999999999899e-01
5.639999999999999458e-01
5.643333333333333535e-01
5.647333333333333094e-01
5.642666666666666941e-01
5.644000000000000128e-01
5.647333333333333094e-01
5.644000000000000128e-01
5.647999999999999687e-01
5.650666666666667171e-01
5.654000000000000137e-01
5.656666666666666510e-01
5.659999999999999476e-01
5.661333333333333773e-01
5.667999999999999705e-01
5.669333333333332892e-01
5.669999999999999485e-01
5.667999999999999705e-01
5.669333333333332892e-01
5.674666666666666748e-01
5.679999999999999494e-01
5.681333333333333790e-01
5.685333333333333350e-01
5.687999999999999723e-01
5.688666666666666316e-01
5.692000000000000393e-01
5.691333333333333799e-01
5.693333333333333579e-01
5.694000000000000172e-01
5.694000000000000172e-01
5.696666666666666545e-01
5.697333333333333139e-01
5.698666666666666325e-01
5.697333333333333139e-01
5.701333333333333808e-01
5.699333333333332918e-01
5.706666666666666554e-01
5.705999999999999961e-01
5.709333333333332927e-01
5.709333333333332927e-01
5.710666666666666114e-01
5.712666666666667004e-01
5.707999999999999741e-01
5.707333333333333147e-01
5.712000000000000410e-01
5.713333333333333597e-01
5.714666666666666783e-01
5.710666666666666114e-01
5.712666666666667004e-01
5.714666666666666783e-01
5.715999999999999970e-01
5.716666666666666563e-01
5.714000000000000190e-01
5.716666666666666563e-01
5.719333333333332936e-01
5.723333333333333606e-01
5.728666666666666352e-01
5.727333333333333165e-01
5.727333333333333165e-01
5.728666666666666352e-01
5.732666666666667021e-01
5.736666666666666581e-01
5.737333333333333174e-01
5.739999999999999547e-01
