3.708666666666666778e-01
3.749333333333333407e-01
3.788000000000000256e-01
3.818666666666666876e-01
3.852666666666666462e-01
3.891999999999999904e-01
3.920666666666666744e-01
3.953999999999999737e-01
3.987999999999999878e-01
4.020666666666666833e-01
4.042000000000000037e-01
4.066666666666666763e-01
4.088666666666666560e-01
4.107333333333333392e-01
4.128666666666666596e-01
4.151333333333333542e-01
4.162000000000000144e-01
4.186000000000000276e-01
4.215999999999999748e-01
4.236666666666666914e-01
4.252000000000000224e-01
4.272000000000000242e-01
4.296666666666666412e-01
4.312666666666666870e-01
4.330666666666666553e-01
4.340666666666666562e-01
4.361999999999999766e-01
4.377333333333333076e-01
4.395999999999999908e-01
4.412666666666666404e-01
4.429333333333333456e-01
4.446666666666666545e-01
4.461333333333333262e-01
4.480666666666666687e-01
4.485999999999999988e-01
4.498666666666666925e-01
4.507999999999999785e-01
4.517999999999999794e-01
4.530000000000000138e-01
4.534000000000000252e-01
4.547999999999999821e-01
4.558666666666666423e-01
4.570000000000000173e-01
4.577333333333333254e-01
4.592666666666666564e-01
4.605333333333333501e-01
4.617999999999999883e-01
4.627999999999999892e-01
4.639333333333333087e-01
4.651333333333333431e-01
4.660000000000000253e-01
4.667999999999999927e-01
4.670666666666666855e-01
4.683333333333333237e-01
4.692000000000000060e-01
4.698666666666666547e-01
4.705333333333333590e-01
4.712000000000000077e-01
4.723333333333333273e-01
4.729333333333333167e-01
4.742000000000000104e-01
4.750666666666666926e-01
4.758666666666666600e-01
4.770666666666666944e-01
4.777333333333333432e-01
4.783333333333333326e-01
4.789333333333333220e-01
4.798000000000000043e-01
4.809333333333333238e-01
4.813333333333333353e-01
4.819999999999999840e-01
4.825333333333333141e-01
4.830666666666666442e-01
4.838000000000000078e-01
4.849333333333333274e-01
4.852666666666666795e-01
4.854666666666666575e-01
4.859999999999999876e-01
4.862666666666666804e-01
4.872000000000000219e-01
4.875333333333333186e-01
4.883333333333333415e-01
4.895333333333333203e-01
4.908000000000000140e-01
4.914666666666666628e-01
4.920666666666666522e-01
4.927333333333333565e-01
4.929999999999999938e-01
4.937333333333333574e-01
4.942666666666666875e-01
4.943333333333333468e-01
4.953333333333333477e-01
4.959999999999999964e-01
4.970666666666666567e-01
4.978666666666666796e-01
4.984000000000000097e-01
4.994000000000000106e-01
4.998000000000000220e-01
5.002666666666666373e-01
5.007333333333333636e-01
5.016666666666667052e-01
5.022666666666666391e-01
5.030000000000000027e-01
5.033333333333332993e-01
5.033333333333332993e-01
5.038666666666666849e-01
5.045333333333332781e-01
5.048666666666666858e-01
5.052666666666666417e-01
5.057333333333333680e-01
5.067333333333333689e-01
5.075333333333332808e-01
5.085333333333332817e-01
5.090666666666666673e-01
5.091999999999999860e-01
5.103999999999999648e-01
5.106666666666667131e-01
5.112666666666666471e-01
5.120666666666666700e-01
5.132666666666666488e-01
5.135999999999999455e-01
5.142666666666666497e-01
5.144666666666666277e-01
5.146666666666667167e-01
5.148000000000000353e-01
5.147333333333333760e-01
5.152666666666666506e-01
5.158666666666666956e-01
5.164666666666666295e-01
5.170666666666666744e-01
5.178000000000000380e-01
5.180666666666666753e-01
5.180666666666666753e-01
5.186666666666667203e-01
5.188000000000000389e-01
5.189333333333333576e-01
5.191999999999999948e-01
5.195333333333332915e-01
5.191999999999999948e-01
5.203333333333333144e-01
5.205999999999999517e-01
5.211333333333333373e-01
5.216666666666666119e-01
5.218666666666667009e-01
5.220666666666666789e-01
5.225333333333332941e-01
5.226666666666666128e-01
5.232666666666666577e-01
5.238666666666667027e-01
5.235999999999999543e-01
5.241333333333333400e-01
5.251333333333333409e-01
5.255333333333332968e-01
5.258666666666667044e-01
5.262000000000000011e-01
5.265999999999999570e-01
5.272000000000000020e-01
5.273333333333333206e-01
5.275999999999999579e-01
5.281333333333333435e-01
5.283333333333333215e-01
5.285999999999999588e-01
5.289333333333333664e-01
5.293999999999999817e-01
5.295333333333333004e-01
5.298000000000000487e-01
5.303333333333333233e-01
5.309333333333333682e-01
5.312666666666666648e-01
5.313333333333333242e-01
5.320666666666666877e-01
5.318666666666667098e-01
5.322000000000000064e-01
5.324666666666666437e-01
5.324666666666666437e-01
5.331333333333333480e-01
5.332666666666666666e-01
5.334666666666666446e-01
5.333999999999999853e-01
5.342000000000000082e-01
5.343333333333333268e-01
5.345333333333333048e-01
5.348000000000000531e-01
5.351333333333333497e-01
5.354666666666666464e-01
5.355999999999999650e-01
5.362000000000000099e-01
5.358666666666667133e-01
5.366666666666666252e-01
5.367333333333332845e-01
5.366666666666666252e-01
5.372666666666666702e-01
5.373999999999999888e-01
5.379333333333333744e-01
5.384666666666666490e-01
5.385333333333333083e-01
5.387333333333332863e-01
5.388666666666667160e-01
5.390000000000000346e-01
5.393333333333333313e-01
5.395333333333333092e-01
5.396666666666666279e-01
5.395999999999999686e-01
5.400666666666666949e-01
5.407333333333332881e-01
5.413333333333333330e-01
5.413999999999999924e-01
5.421333333333333560e-01
5.422000000000000153e-01
5.425333333333333119e-01
5.424666666666666526e-01
5.427999999999999492e-01
5.429333333333333789e-01
5.440666666666666984e-01
5.445999999999999730e-01
5.452666666666666773e-01
5.457333333333332925e-01
5.455999999999999739e-01
5.460666666666667002e-01
5.461333333333333595e-01
5.471333333333333604e-01
5.476666666666666350e-01
5.480000000000000426e-01
5.482000000000000206e-01
5.483333333333333393e-01
5.483333333333333393e-01
5.485999999999999766e-01
5.485999999999999766e-01
5.487999999999999545e-01
5.491333333333333622e-01
5.495999999999999774e-01
5.493333333333333401e-01
5.496666666666666368e-01
5.497999999999999554e-01
5.504000000000000004e-01
5.506666666666666377e-01
5.507333333333332970e-01
5.511333333333333639e-01
5.510666666666667046e-01
5.514000000000000012e-01
5.515999999999999792e-01
5.520666666666667055e-01
5.522666666666666835e-01
5.530666666666667064e-01
5.534666666666666623e-01
5.535333333333333217e-01
5.534666666666666623e-01
5.535333333333333217e-01
5.540666666666667073e-01
5.544000000000000039e-01
5.542000000000000259e-01
5.545999999999999819e-01
5.548666666666666192e-01
5.551333333333333675e-01
5.552666666666666861e-01
5.554000000000000048e-01
5.554666666666666641e-01
5.559333333333332794e-01
5.559333333333332794e-01
5.559333333333332794e-01
5.563333333333333464e-01
5.565333333333333243e-01
5.562666666666666870e-01
5.564666666666666650e-01
5.569333333333332803e-01
5.565333333333333243e-01
5.565999999999999837e-01
5.565333333333333243e-01
5.570000000000000506e-01
5.570666666666667100e-01
5.570000000000000506e-01
5.569333333333332803e-01
5.571333333333333693e-01
5.575999999999999845e-01
5.580000000000000515e-01
5.580666666666667108e-01
5.583333333333333481e-01
5.584000000000000075e-01
5.592666666666666897e-01
5.594000000000000083e-01
5.600666666666667126e-01
5.602666666666666906e-01
5.601333333333333719e-01
5.600666666666667126e-01
5.600000000000000533e-01
5.603333333333333499e-01
5.602000000000000313e-01
5.604000000000000092e-01
5.607999999999999652e-01
5.612000000000000322e-01
5.610000000000000542e-01
5.615333333333333288e-01
5.617999999999999661e-01
5.624666666666666703e-01
5.625333333333333297e-01
5.628666666666666263e-01
5.629333333333332856e-01
5.629999999999999449e-01
5.635333333333333306e-01
5.634000000000000119e-01
5.634000000000000119e-01
5.637999999999999678e-01
5.644000000000000128e-01
5.643333333333333535e-01
5.644666666666666721e-01
5.645333333333333314e-01
5.644666666666666721e-01
5.642000000000000348e-01
5.647999999999999687e-01
5.650666666666667171e-01
5.652000000000000357e-01
5.657333333333333103e-01
5.659999999999999476e-01
5.662666666666666959e-01
5.667999999999999705e-01
5.667999999999999705e-01
5.667333333333333112e-01
5.665333333333333332e-01
5.674000000000000155e-01
5.675999999999999934e-01
5.679333333333332900e-01
5.679999999999999494e-01
5.682000000000000384e-01
5.686666666666666536e-01
5.688666666666666316e-01
5.692000000000000393e-01
5.687333333333333130e-01
5.691333333333333799e-01
5.694000000000000172e-01
5.695333333333333359e-01
5.691333333333333799e-01
5.695999999999999952e-01
5.696666666666666545e-01
5.697999999999999732e-01
5.697333333333333139e-01
5.700666666666667215e-01
5.700666666666667215e-01
5.707333333333333147e-01
5.706666666666666554e-01
5.708666666666666334e-01
5.705333333333333368e-01
5.707333333333333147e-01
5.704666666666666774e-01
5.709999999999999520e-01
5.710666666666666114e-01
5.709333333333332927e-01
5.710666666666666114e-01
5.709999999999999520e-01
5.710666666666666114e-01
5.714000000000000190e-01
5.712000000000000410e-01
5.713333333333333597e-01
5.715999999999999970e-01
5.719999999999999529e-01
5.720666666666666123e-01
5.725333333333333385e-01
5.725333333333333385e-01
5.725999999999999979e-01
5.726666666666666572e-01
5.729333333333332945e-01
5.731333333333333835e-01
5.733333333333333615e-01
5.737333333333333174e-01
