3.674666666666666637e-01
3.711333333333333151e-01
3.751999999999999780e-01
3.792666666666666409e-01
3.824666666666666770e-01
3.860666666666666691e-01
3.896666666666666612e-01
3.932666666666666533e-01
3.960666666666666780e-01
3.992666666666666586e-01
4.022666666666666613e-01
4.044666666666666410e-01
4.072000000000000064e-01
4.095333333333333603e-01
4.111333333333333506e-01
4.140666666666666940e-01
4.152666666666666728e-01
4.175333333333333119e-01
4.193999999999999950e-01
4.219333333333333269e-01
4.239333333333333287e-01
4.255999999999999783e-01
4.280666666666666509e-01
4.301333333333333120e-01
4.320666666666666544e-01
4.332666666666666888e-01
4.348000000000000198e-01
4.369333333333333402e-01
4.387333333333333085e-01
4.400000000000000022e-01
4.416666666666666519e-01
4.432666666666666422e-01
4.450666666666666660e-01
4.466666666666666563e-01
4.484000000000000208e-01
4.489333333333333509e-01
4.501999999999999891e-01
4.511999999999999900e-01
4.521999999999999909e-01
4.529333333333333544e-01
4.541333333333333333e-01
4.553333333333333122e-01
4.561333333333333351e-01
4.575333333333333474e-01
4.590000000000000191e-01
4.603333333333333166e-01
4.609333333333333060e-01
4.622666666666666591e-01
4.633999999999999786e-01
4.645333333333333536e-01
4.650000000000000244e-01
4.660666666666666846e-01
4.667333333333333334e-01
4.673333333333333228e-01
4.687999999999999945e-01
4.695333333333333581e-01
4.703333333333333255e-01
4.707999999999999963e-01
4.716000000000000192e-01
4.724666666666666459e-01
4.733333333333333282e-01
4.742666666666666697e-01
4.753999999999999893e-01
4.762666666666666715e-01
4.773999999999999910e-01
4.777333333333333432e-01
4.785333333333333106e-01
4.793999999999999928e-01
4.806000000000000272e-01
4.807333333333333458e-01
4.813333333333333353e-01
4.821333333333333582e-01
4.825333333333333141e-01
4.834666666666666557e-01
4.842000000000000193e-01
4.850666666666666460e-01
4.854666666666666575e-01
4.858000000000000096e-01
4.865999999999999770e-01
4.863333333333333397e-01
4.869333333333333291e-01
4.875999999999999779e-01
4.884000000000000008e-01
4.898000000000000131e-01
4.907333333333333547e-01
4.914666666666666628e-01
4.921333333333333115e-01
4.928666666666666751e-01
4.934000000000000052e-01
4.939999999999999947e-01
4.944000000000000061e-01
4.949999999999999956e-01
4.957333333333333591e-01
4.964666666666666672e-01
4.975333333333333274e-01
4.978000000000000203e-01
4.985333333333333283e-01
4.994666666666666699e-01
5.003999999999999559e-01
5.003333333333332966e-01
5.011999999999999789e-01
5.016666666666667052e-01
5.023999999999999577e-01
5.027333333333333654e-01
5.031999999999999806e-01
5.031333333333333213e-01
5.040000000000000036e-01
5.046666666666667078e-01
5.053333333333333011e-01
5.053333333333333011e-01
5.060000000000000053e-01
5.070666666666666655e-01
5.079333333333333478e-01
5.081999999999999851e-01
5.090000000000000080e-01
5.096000000000000529e-01
5.102666666666666462e-01
5.110666666666666691e-01
5.118000000000000327e-01
5.122666666666666480e-01
5.132666666666666488e-01
5.138000000000000345e-01
5.140666666666666718e-01
5.143999999999999684e-01
5.147333333333333760e-01
5.145999999999999464e-01
5.148666666666666947e-01
5.155333333333332879e-01
5.163333333333333108e-01
5.167333333333333778e-01
5.171999999999999931e-01
5.176666666666667194e-01
5.179333333333333567e-01
5.180666666666666753e-01
5.187333333333333796e-01
5.188000000000000389e-01
5.193333333333333135e-01
5.193999999999999728e-01
5.192666666666666542e-01
5.197333333333333805e-01
5.203333333333333144e-01
5.203333333333333144e-01
5.208666666666667000e-01
5.214666666666666339e-01
5.213333333333333153e-01
5.220000000000000195e-01
5.223999999999999755e-01
5.228000000000000425e-01
5.233333333333333171e-01
5.239333333333333620e-01
5.240000000000000213e-01
5.242666666666666586e-01
5.248666666666667036e-01
5.255333333333332968e-01
5.257333333333333858e-01
5.260666666666666824e-01
5.265333333333332977e-01
5.271333333333333426e-01
5.271333333333333426e-01
5.273333333333333206e-01
5.279333333333333655e-01
5.280666666666666842e-01
5.287333333333333885e-01
5.290666666666666851e-01
5.293333333333333224e-01
5.293333333333333224e-01
5.302000000000000046e-01
5.305999999999999606e-01
5.309333333333333682e-01
5.312666666666666648e-01
5.313333333333333242e-01
5.318666666666667098e-01
5.320000000000000284e-01
5.321333333333333471e-01
5.321333333333333471e-01
5.328000000000000513e-01
5.329333333333333700e-01
5.332666666666666666e-01
5.334666666666666446e-01
5.337333333333332819e-01
5.339333333333333709e-01
5.343333333333333268e-01
5.348000000000000531e-01
5.347333333333332828e-01
5.349333333333333718e-01
5.353333333333333277e-01
5.355333333333333057e-01
5.360000000000000320e-01
5.360666666666666913e-01
5.362666666666666693e-01
5.365999999999999659e-01
5.372000000000000108e-01
5.373333333333333295e-01
5.375999999999999668e-01
5.380666666666666931e-01
5.382000000000000117e-01
5.386666666666666270e-01
5.386666666666666270e-01
5.386666666666666270e-01
5.388666666666667160e-01
5.392000000000000126e-01
5.393999999999999906e-01
5.395999999999999686e-01
5.399333333333333762e-01
5.402000000000000135e-01
5.405999999999999694e-01
5.410000000000000364e-01
5.415333333333333110e-01
5.421333333333333560e-01
5.424666666666666526e-01
5.423999999999999932e-01
5.422000000000000153e-01
5.426666666666666305e-01
5.432000000000000162e-01
5.439333333333333798e-01
5.445333333333333137e-01
5.452000000000000179e-01
5.452666666666666773e-01
5.456666666666666332e-01
5.461333333333333595e-01
5.463999999999999968e-01
5.469333333333333824e-01
5.472000000000000197e-01
5.475999999999999757e-01
5.483333333333333393e-01
5.480666666666667020e-01
5.482666666666666799e-01
5.485333333333333172e-01
5.485999999999999766e-01
5.488666666666666138e-01
5.493333333333333401e-01
5.493333333333333401e-01
5.494666666666666588e-01
5.497333333333332961e-01
5.496666666666666368e-01
5.502666666666666817e-01
5.505333333333333190e-01
5.506666666666666377e-01
5.507999999999999563e-01
5.510666666666667046e-01
5.514666666666666606e-01
5.515333333333333199e-01
5.517333333333332979e-01
5.523333333333333428e-01
5.524000000000000021e-01
5.529333333333333877e-01
5.534666666666666623e-01
5.532666666666666844e-01
5.535333333333333217e-01
5.538666666666666183e-01
5.540666666666667073e-01
5.536666666666666403e-01
5.544000000000000039e-01
5.544000000000000039e-01
5.544000000000000039e-01
5.548666666666666192e-01
5.551333333333333675e-01
5.554666666666666641e-01
5.557999999999999607e-01
5.558666666666666201e-01
5.557999999999999607e-01
5.559333333333332794e-01
5.560666666666667091e-01
5.558666666666666201e-01
5.559333333333332794e-01
5.558666666666666201e-01
5.559333333333332794e-01
5.560666666666667091e-01
5.563333333333333464e-01
5.564666666666666650e-01
5.564000000000000057e-01
5.562666666666666870e-01
5.567999999999999616e-01
5.567333333333333023e-01
5.572000000000000286e-01
5.574666666666666659e-01
5.577333333333333032e-01
5.581333333333333702e-01
5.585333333333333261e-01
5.588666666666666227e-01
5.591333333333333711e-01
5.599333333333332829e-01
5.598666666666666236e-01
5.598666666666666236e-01
5.600000000000000533e-01
5.602000000000000313e-01
5.602000000000000313e-01
5.603333333333333499e-01
5.606666666666666465e-01
5.606666666666666465e-01
5.609333333333332838e-01
5.610666666666667135e-01
5.614666666666666694e-01
5.617333333333333067e-01
5.620666666666667144e-01
5.620666666666667144e-01
5.620666666666667144e-01
5.625333333333333297e-01
5.627333333333333076e-01
5.632666666666666933e-01
5.633333333333333526e-01
5.636666666666666492e-01
5.637333333333333085e-01
5.640666666666667162e-01
5.642000000000000348e-01
5.640666666666667162e-01
5.640666666666667162e-01
5.639999999999999458e-01
5.644666666666666721e-01
5.647999999999999687e-01
5.647999999999999687e-01
5.653333333333333544e-01
5.656666666666666510e-01
5.657999999999999696e-01
5.661333333333333773e-01
5.664666666666666739e-01
5.663333333333333552e-01
5.661333333333333773e-01
5.661333333333333773e-01
5.669999999999999485e-01
5.673333333333333561e-01
5.677333333333333121e-01
5.677999999999999714e-01
5.677999999999999714e-01
5.682000000000000384e-01
5.684000000000000163e-01
5.687333333333333130e-01
5.687999999999999723e-01
5.692000000000000393e-01
5.688666666666666316e-01
5.694666666666666766e-01
5.692666666666666986e-01
5.695999999999999952e-01
5.694666666666666766e-01
5.696666666666666545e-01
5.697333333333333139e-01
5.697999999999999732e-01
5.699333333333332918e-01
5.702666666666666995e-01
5.702666666666666995e-01
5.703333333333333588e-01
5.707999999999999741e-01
5.709333333333332927e-01
5.704000000000000181e-01
5.705999999999999961e-01
5.709333333333332927e-01
5.710666666666666114e-01
5.706666666666666554e-01
5.704000000000000181e-01
5.707999999999999741e-01
5.712000000000000410e-01
5.711333333333333817e-01
5.712000000000000410e-01
5.715999999999999970e-01
5.714000000000000190e-01
5.719999999999999529e-01
5.724666666666666792e-01
5.724666666666666792e-01
5.726666666666666572e-01
5.725999999999999979e-01
5.727999999999999758e-01
5.727999999999999758e-01
5.732000000000000428e-01
