3.786666666666666514e-01
3.817999999999999727e-01
3.844000000000000195e-01
3.879333333333333522e-01
3.914000000000000257e-01
3.945333333333333470e-01
3.978666666666666463e-01
4.001333333333333409e-01
4.030000000000000249e-01
4.055333333333333568e-01
4.078666666666666551e-01
4.099333333333333163e-01
4.118666666666666587e-01
4.146000000000000241e-01
4.158000000000000029e-01
4.178000000000000047e-01
4.201333333333333586e-01
4.225333333333333163e-01
4.239999999999999880e-01
4.253333333333333410e-01
4.280666666666666509e-01
4.301333333333333120e-01
4.323333333333333472e-01
4.337333333333333596e-01
4.349333333333333385e-01
4.367333333333333067e-01
4.384666666666666712e-01
4.402666666666666395e-01
4.418000000000000260e-01
4.430666666666666642e-01
4.449333333333333473e-01
4.468666666666666898e-01
4.484666666666666801e-01
4.494666666666666810e-01
4.504000000000000226e-01
4.511333333333333306e-01
4.520666666666666722e-01
4.529333333333333544e-01
4.536000000000000032e-01
4.554000000000000270e-01
4.564666666666666872e-01
4.574666666666666881e-01
4.583999999999999742e-01
4.600000000000000200e-01
4.607333333333333281e-01
4.623333333333333184e-01
4.636000000000000121e-01
4.649333333333333096e-01
4.657333333333333325e-01
4.665333333333333554e-01
4.673333333333333228e-01
4.676000000000000156e-01
4.687333333333333352e-01
4.697999999999999954e-01
4.705333333333333590e-01
4.713333333333333264e-01
4.719999999999999751e-01
4.729999999999999760e-01
4.737999999999999989e-01
4.747999999999999998e-01
4.753999999999999893e-01
4.764666666666666495e-01
4.772666666666666724e-01
4.783333333333333326e-01
4.784666666666666512e-01
4.796666666666666856e-01
4.804666666666666530e-01
4.812000000000000166e-01
4.816666666666666874e-01
4.824666666666666548e-01
4.832000000000000184e-01
4.838000000000000078e-01
4.842000000000000193e-01
4.849999999999999867e-01
4.860666666666666469e-01
4.863999999999999990e-01
4.868000000000000105e-01
4.873333333333333406e-01
4.875999999999999779e-01
4.882000000000000228e-01
4.894000000000000017e-01
4.902000000000000246e-01
4.914000000000000035e-01
4.919999999999999929e-01
4.924000000000000044e-01
4.930666666666666531e-01
4.934000000000000052e-01
4.939333333333333353e-01
4.942666666666666875e-01
4.952666666666666884e-01
4.960666666666666558e-01
4.968000000000000194e-01
4.978000000000000203e-01
4.985333333333333283e-01
4.990666666666666584e-01
4.997333333333333072e-01
5.004666666666666153e-01
5.010666666666666602e-01
5.015333333333333865e-01
5.028000000000000247e-01
5.028666666666666840e-01
5.030666666666666620e-01
5.033999999999999586e-01
5.034666666666666179e-01
5.040666666666666629e-01
5.046000000000000485e-01
5.055333333333332790e-01
5.056666666666667087e-01
5.060000000000000053e-01
5.072666666666666435e-01
5.085333333333332817e-01
5.091999999999999860e-01
5.094666666666666233e-01
5.099333333333333496e-01
5.106666666666667131e-01
5.113333333333333064e-01
5.116000000000000547e-01
5.123999999999999666e-01
5.134666666666666268e-01
5.140666666666666718e-01
5.147333333333333760e-01
5.149333333333333540e-01
5.149333333333333540e-01
5.150000000000000133e-01
5.153999999999999693e-01
5.158000000000000362e-01
5.163333333333333108e-01
5.170666666666666744e-01
5.173999999999999710e-01
5.180666666666666753e-01
5.183999999999999719e-01
5.188000000000000389e-01
5.191333333333333355e-01
5.194666666666666321e-01
5.199333333333333584e-01
5.201999999999999957e-01
5.197333333333333805e-01
5.200666666666666771e-01
5.203333333333333144e-01
5.208666666666667000e-01
5.218000000000000416e-01
5.220000000000000195e-01
5.223333333333333162e-01
5.223333333333333162e-01
5.229333333333333611e-01
5.232666666666666577e-01
5.235999999999999543e-01
5.238000000000000433e-01
5.242666666666666586e-01
5.248666666666667036e-01
5.255999999999999561e-01
5.262000000000000011e-01
5.263999999999999790e-01
5.265999999999999570e-01
5.271333333333333426e-01
5.276666666666666172e-01
5.278666666666667062e-01
5.282000000000000028e-01
5.284666666666666401e-01
5.287333333333333885e-01
5.293333333333333224e-01
5.295333333333333004e-01
5.295999999999999597e-01
5.302000000000000046e-01
5.309333333333333682e-01
5.312666666666666648e-01
5.315999999999999615e-01
5.320000000000000284e-01
5.320666666666666877e-01
5.318000000000000504e-01
5.325333333333333030e-01
5.327333333333332810e-01
5.329333333333333700e-01
5.332666666666666666e-01
5.335333333333333039e-01
5.338000000000000522e-01
5.341333333333333488e-01
5.343333333333333268e-01
5.345999999999999641e-01
5.352666666666666684e-01
5.350000000000000311e-01
5.358000000000000540e-01
5.358666666666667133e-01
5.358000000000000540e-01
5.363999999999999879e-01
5.363999999999999879e-01
5.365999999999999659e-01
5.365333333333333066e-01
5.370666666666666922e-01
5.374666666666666481e-01
5.380000000000000338e-01
5.379333333333333744e-01
5.385333333333333083e-01
5.390000000000000346e-01
5.390666666666666940e-01
5.395999999999999686e-01
5.393999999999999906e-01
5.393333333333333313e-01
5.394666666666666499e-01
5.395999999999999686e-01
5.399333333333333762e-01
5.403999999999999915e-01
5.410000000000000364e-01
5.413333333333333330e-01
5.417999999999999483e-01
5.421333333333333560e-01
5.425333333333333119e-01
5.430000000000000382e-01
5.433333333333333348e-01
5.433333333333333348e-01
5.434666666666666535e-01
5.440666666666666984e-01
5.447999999999999510e-01
5.455999999999999739e-01
5.460000000000000409e-01
5.463999999999999968e-01
5.462666666666666782e-01
5.465999999999999748e-01
5.473999999999999977e-01
5.477333333333332943e-01
5.482000000000000206e-01
5.483333333333333393e-01
5.487333333333332952e-01
5.487999999999999545e-01
5.491333333333333622e-01
5.492666666666666808e-01
5.488666666666666138e-01
5.493333333333333401e-01
5.495333333333333181e-01
5.497999999999999554e-01
5.500000000000000444e-01
5.502000000000000224e-01
5.505999999999999783e-01
5.511333333333333639e-01
5.514000000000000012e-01
5.516666666666666385e-01
5.520000000000000462e-01
5.521333333333333648e-01
5.521333333333333648e-01
5.526666666666666394e-01
5.529333333333333877e-01
5.530666666666667064e-01
5.535999999999999810e-01
5.541333333333333666e-01
5.542000000000000259e-01
5.543333333333333446e-01
5.546666666666666412e-01
5.550666666666667082e-01
5.550000000000000488e-01
5.552666666666666861e-01
5.557333333333333014e-01
5.560000000000000497e-01
5.560000000000000497e-01
5.559333333333332794e-01
5.562666666666666870e-01
5.562666666666666870e-01
5.564000000000000057e-01
5.569333333333332803e-01
5.570666666666667100e-01
5.567999999999999616e-01
5.569333333333332803e-01
5.572666666666666879e-01
5.575333333333333252e-01
5.571333333333333693e-01
5.572000000000000286e-01
5.576666666666666439e-01
5.574000000000000066e-01
5.575999999999999845e-01
5.579333333333332812e-01
5.577999999999999625e-01
5.575999999999999845e-01
5.581333333333333702e-01
5.589333333333332821e-01
5.590000000000000524e-01
5.591333333333333711e-01
5.593333333333333490e-01
5.596666666666666456e-01
5.602000000000000313e-01
5.602666666666666906e-01
5.604666666666666686e-01
5.607333333333333059e-01
5.607999999999999652e-01
5.606666666666666465e-01
5.607333333333333059e-01
5.607999999999999652e-01
5.615333333333333288e-01
5.614000000000000101e-01
5.614000000000000101e-01
5.617999999999999661e-01
5.617999999999999661e-01
5.622666666666666924e-01
5.625333333333333297e-01
5.632000000000000339e-01
5.632666666666666933e-01
5.633333333333333526e-01
5.635333333333333306e-01
5.636666666666666492e-01
5.637333333333333085e-01
5.640666666666667162e-01
5.640666666666667162e-01
5.644666666666666721e-01
5.647999999999999687e-01
5.645999999999999908e-01
5.649333333333332874e-01
5.650666666666667171e-01
5.651333333333333764e-01
5.653333333333333544e-01
5.658666666666666289e-01
5.658666666666666289e-01
5.662666666666666959e-01
5.659333333333332883e-01
5.664666666666666739e-01
5.668666666666666298e-01
5.674000000000000155e-01
5.673333333333333561e-01
5.671333333333333782e-01
5.672666666666666968e-01
5.679333333333332900e-01
5.683333333333333570e-01
5.684666666666666757e-01
5.688666666666666316e-01
5.690666666666667206e-01
5.689999999999999503e-01
5.692666666666666986e-01
5.696666666666666545e-01
5.697999999999999732e-01
5.697999999999999732e-01
5.698666666666666325e-01
5.697999999999999732e-01
5.700666666666667215e-01
5.702666666666666995e-01
5.701333333333333808e-01
5.704666666666666774e-01
5.705999999999999961e-01
5.709999999999999520e-01
5.711333333333333817e-01
5.712000000000000410e-01
5.712666666666667004e-01
5.713333333333333597e-01
5.714000000000000190e-01
5.712000000000000410e-01
5.715999999999999970e-01
5.715999999999999970e-01
5.715333333333333377e-01
5.717999999999999750e-01
5.718666666666666343e-01
5.715999999999999970e-01
5.718666666666666343e-01
5.723333333333333606e-01
5.719333333333332936e-01
5.719333333333332936e-01
5.722666666666667012e-01
5.724000000000000199e-01
5.726666666666666572e-01
5.727999999999999758e-01
5.732666666666667021e-01
5.733333333333333615e-01
5.735333333333333394e-01
5.737999999999999767e-01
5.739999999999999547e-01
5.742000000000000437e-01
5.745333333333333403e-01
5.747333333333333183e-01
