3.756666666666666488e-01
3.795999999999999930e-01
3.823333333333333584e-01
3.855333333333333390e-01
3.891333333333333311e-01
3.927999999999999825e-01
3.954666666666666885e-01
3.985333333333333505e-01
4.015333333333333532e-01
4.041333333333333444e-01
4.066000000000000170e-01
4.089999999999999747e-01
4.108666666666666578e-01
4.126666666666666816e-01
4.146666666666666834e-01
4.164666666666666517e-01
4.188000000000000056e-01
4.210666666666666447e-01
4.232666666666666799e-01
4.245999999999999774e-01
4.268000000000000127e-01
4.294000000000000039e-01
4.309999999999999942e-01
4.329333333333333367e-01
4.339999999999999969e-01
4.359999999999999987e-01
4.374666666666666703e-01
4.390666666666666607e-01
4.411333333333333218e-01
4.423333333333333561e-01
4.440666666666666651e-01
4.457333333333333147e-01
4.476666666666666572e-01
4.487999999999999767e-01
4.496666666666666590e-01
4.507999999999999785e-01
4.514000000000000234e-01
4.525333333333333430e-01
4.533333333333333104e-01
4.544666666666666854e-01
4.557999999999999829e-01
4.568666666666666432e-01
4.580666666666666775e-01
4.593333333333333157e-01
4.600666666666666793e-01
4.616000000000000103e-01
4.627333333333333298e-01
4.639333333333333087e-01
4.649333333333333096e-01
4.660666666666666846e-01
4.667999999999999927e-01
4.672666666666666635e-01
4.682000000000000051e-01
4.690666666666666873e-01
4.699999999999999734e-01
4.702666666666666662e-01
4.713999999999999857e-01
4.722000000000000086e-01
4.729333333333333167e-01
4.738666666666666583e-01
4.752666666666666706e-01
4.760666666666666935e-01
4.768000000000000016e-01
4.776000000000000245e-01
4.783333333333333326e-01
4.789333333333333220e-01
4.798666666666666636e-01
4.806666666666666865e-01
4.812000000000000166e-01
4.818000000000000060e-01
4.826666666666666883e-01
4.831333333333333591e-01
4.836666666666666892e-01
4.845999999999999752e-01
4.849999999999999867e-01
4.858666666666666689e-01
4.866666666666666918e-01
4.866666666666666918e-01
4.872666666666666813e-01
4.876666666666666927e-01
4.884000000000000008e-01
4.894000000000000017e-01
4.906666666666666399e-01
4.914000000000000035e-01
4.918000000000000149e-01
4.924666666666666637e-01
4.931333333333333124e-01
4.937333333333333574e-01
4.939999999999999947e-01
4.945999999999999841e-01
4.951333333333333142e-01
4.959999999999999964e-01
4.970666666666666567e-01
4.981333333333333169e-01
4.985333333333333283e-01
4.994000000000000106e-01
5.000666666666666593e-01
5.007333333333333636e-01
5.010666666666666602e-01
5.016666666666667052e-01
5.024666666666666170e-01
5.028666666666666840e-01
5.031999999999999806e-01
5.033333333333332993e-01
5.036666666666667069e-01
5.042666666666666409e-01
5.050000000000000044e-01
5.056000000000000494e-01
5.056000000000000494e-01
5.065333333333332799e-01
5.073333333333333028e-01
5.087333333333333707e-01
5.091333333333333266e-01
5.096666666666667123e-01
5.102666666666666462e-01
5.108666666666666911e-01
5.112666666666666471e-01
5.120000000000000107e-01
5.127333333333333742e-01
5.132666666666666488e-01
5.144666666666666277e-01
5.148000000000000353e-01
5.150000000000000133e-01
5.147333333333333760e-01
5.150000000000000133e-01
5.153333333333333099e-01
5.160000000000000142e-01
5.167333333333333778e-01
5.173333333333333117e-01
5.174666666666666304e-01
5.178666666666666973e-01
5.183333333333333126e-01
5.188666666666666982e-01
5.190000000000000169e-01
5.193999999999999728e-01
5.200000000000000178e-01
5.198000000000000398e-01
5.197333333333333805e-01
5.201999999999999957e-01
5.207333333333333814e-01
5.213333333333333153e-01
5.215999999999999526e-01
5.218666666666667009e-01
5.220666666666666789e-01
5.224666666666666348e-01
5.225333333333332941e-01
5.230000000000000204e-01
5.233999999999999764e-01
5.237333333333333840e-01
5.241999999999999993e-01
5.250666666666666815e-01
5.255999999999999561e-01
5.260666666666666824e-01
5.262000000000000011e-01
5.266666666666666163e-01
5.272666666666666613e-01
5.273999999999999799e-01
5.274666666666666393e-01
5.282666666666666622e-01
5.282000000000000028e-01
5.288000000000000478e-01
5.290000000000000258e-01
5.290666666666666851e-01
5.293999999999999817e-01
5.300666666666666860e-01
5.305333333333333012e-01
5.309333333333333682e-01
5.313333333333333242e-01
5.315999999999999615e-01
5.317333333333332801e-01
5.320000000000000284e-01
5.325999999999999623e-01
5.322666666666666657e-01
5.327333333333332810e-01
5.330666666666666886e-01
5.333333333333333259e-01
5.337333333333332819e-01
5.339333333333333709e-01
5.343333333333333268e-01
5.345333333333333048e-01
5.351333333333333497e-01
5.349333333333333718e-01
5.354666666666666464e-01
5.354666666666666464e-01
5.358666666666667133e-01
5.360000000000000320e-01
5.360666666666666913e-01
5.362000000000000099e-01
5.367333333333332845e-01
5.371333333333333515e-01
5.375333333333333075e-01
5.375999999999999668e-01
5.380000000000000338e-01
5.385999999999999677e-01
5.384666666666666490e-01
5.388666666666667160e-01
5.390666666666666940e-01
5.392000000000000126e-01
5.392666666666666719e-01
5.395333333333333092e-01
5.395333333333333092e-01
5.397999999999999465e-01
5.404666666666666508e-01
5.408666666666667178e-01
5.412000000000000144e-01
5.414666666666666517e-01
5.420666666666666966e-01
5.420666666666666966e-01
5.429333333333333789e-01
5.427333333333332899e-01
5.430666666666666975e-01
5.433333333333333348e-01
5.443333333333333357e-01
5.447999999999999510e-01
5.457333333333332925e-01
5.462666666666666782e-01
5.465333333333333155e-01
5.463333333333333375e-01
5.467333333333332934e-01
5.472666666666666790e-01
5.478666666666666130e-01
5.480000000000000426e-01
5.481333333333333613e-01
5.483333333333333393e-01
5.486666666666666359e-01
5.490000000000000435e-01
5.488666666666666138e-01
5.491333333333333622e-01
5.494666666666666588e-01
5.496666666666666368e-01
5.496666666666666368e-01
5.499333333333333851e-01
5.502666666666666817e-01
5.504666666666666597e-01
5.505333333333333190e-01
5.508666666666666156e-01
5.512000000000000233e-01
5.517999999999999572e-01
5.520000000000000462e-01
5.521333333333333648e-01
5.522666666666666835e-01
5.527333333333332988e-01
5.534666666666666623e-01
5.536666666666666403e-01
5.539333333333333886e-01
5.537999999999999590e-01
5.539333333333333886e-01
5.545999999999999819e-01
5.547333333333333005e-01
5.547333333333333005e-01
5.552000000000000268e-01
5.556666666666666421e-01
5.554666666666666641e-01
5.557999999999999607e-01
5.559333333333332794e-01
5.557999999999999607e-01
5.560666666666667091e-01
5.564000000000000057e-01
5.564666666666666650e-01
5.567333333333333023e-01
5.566666666666666430e-01
5.567999999999999616e-01
5.572000000000000286e-01
5.570666666666667100e-01
5.564000000000000057e-01
5.569333333333332803e-01
5.573333333333333472e-01
5.573333333333333472e-01
5.575333333333333252e-01
5.574666666666666659e-01
5.572000000000000286e-01
5.576666666666666439e-01
5.580666666666667108e-01
5.585333333333333261e-01
5.584666666666666668e-01
5.588666666666666227e-01
5.591333333333333711e-01
5.594666666666666677e-01
5.595333333333333270e-01
5.599333333333332829e-01
5.600666666666667126e-01
5.606666666666666465e-01
5.605999999999999872e-01
5.605999999999999872e-01
5.607999999999999652e-01
5.608666666666666245e-01
5.611333333333333728e-01
5.612000000000000322e-01
5.612666666666666915e-01
5.615999999999999881e-01
5.616666666666666474e-01
5.623333333333333517e-01
5.624666666666666703e-01
5.627999999999999670e-01
5.630666666666667153e-01
5.629333333333332856e-01
5.632000000000000339e-01
5.635999999999999899e-01
5.637999999999999678e-01
5.635999999999999899e-01
5.639999999999999458e-01
5.642666666666666941e-01
5.646666666666666501e-01
5.646666666666666501e-01
5.647333333333333094e-01
5.644666666666666721e-01
5.648666666666666281e-01
5.650666666666667171e-01
5.652666666666666950e-01
5.656666666666666510e-01
5.659999999999999476e-01
5.661333333333333773e-01
5.663333333333333552e-01
5.669999999999999485e-01
5.670666666666667188e-01
5.669333333333332892e-01
5.668666666666666298e-01
5.673333333333333561e-01
5.679333333333332900e-01
5.683333333333333570e-01
5.684666666666666757e-01
5.684000000000000163e-01
5.686666666666666536e-01
5.691333333333333799e-01
5.693333333333333579e-01
5.692000000000000393e-01
5.693333333333333579e-01
5.695333333333333359e-01
5.699333333333332918e-01
5.696666666666666545e-01
5.702000000000000401e-01
5.699333333333332918e-01
5.695333333333333359e-01
5.702000000000000401e-01
5.704666666666666774e-01
5.705333333333333368e-01
5.711333333333333817e-01
5.707333333333333147e-01
5.709999999999999520e-01
5.710666666666666114e-01
5.710666666666666114e-01
5.709333333333332927e-01
5.711333333333333817e-01
5.712000000000000410e-01
5.717333333333333156e-01
5.715333333333333377e-01
5.715333333333333377e-01
5.714000000000000190e-01
5.717333333333333156e-01
5.718666666666666343e-01
5.716666666666666563e-01
5.717999999999999750e-01
5.719333333333332936e-01
5.721333333333333826e-01
5.724000000000000199e-01
5.727333333333333165e-01
5.726666666666666572e-01
5.731333333333333835e-01
5.732666666666667021e-01
5.738666666666666361e-01
5.736666666666666581e-01
5.739999999999999547e-01
5.744000000000000217e-01
