3.826666666666666550e-01
3.852666666666666462e-01
3.887333333333333196e-01
3.918666666666666409e-01
3.956666666666666665e-01
3.978666666666666463e-01
4.008666666666666489e-01
4.033999999999999808e-01
4.059333333333333127e-01
4.072666666666666657e-01
4.102666666666666684e-01
4.119999999999999774e-01
4.146666666666666834e-01
4.156666666666666843e-01
4.180666666666666420e-01
4.200666666666666438e-01
4.222666666666666790e-01
4.238000000000000100e-01
4.254000000000000004e-01
4.275333333333333208e-01
4.300666666666666527e-01
4.318000000000000171e-01
4.337333333333333596e-01
4.347333333333333605e-01
4.365333333333333288e-01
4.380000000000000004e-01
4.401333333333333209e-01
4.414666666666666739e-01
4.430000000000000049e-01
4.449333333333333473e-01
4.464666666666666783e-01
4.481333333333333280e-01
4.494666666666666810e-01
4.498666666666666925e-01
4.509333333333333527e-01
4.517333333333333201e-01
4.528666666666666396e-01
4.538666666666666405e-01
4.550666666666666749e-01
4.563333333333333131e-01
4.574666666666666881e-01
4.582666666666666555e-01
4.597999999999999865e-01
4.607333333333333281e-01
4.626000000000000112e-01
4.633333333333333193e-01
4.650666666666666837e-01
4.657333333333333325e-01
4.665333333333333554e-01
4.670666666666666855e-01
4.680000000000000271e-01
4.686666666666666758e-01
4.693999999999999839e-01
4.702666666666666662e-01
4.712000000000000077e-01
4.716666666666666785e-01
4.729999999999999760e-01
4.737333333333333396e-01
4.746666666666666812e-01
4.754666666666666486e-01
4.763999999999999901e-01
4.772000000000000131e-01
4.783999999999999919e-01
4.782666666666666733e-01
4.793333333333333335e-01
4.802000000000000157e-01
4.808666666666666645e-01
4.815333333333333132e-01
4.819333333333333247e-01
4.827333333333333476e-01
4.835999999999999743e-01
4.843999999999999972e-01
4.854666666666666575e-01
4.856666666666666909e-01
4.868000000000000105e-01
4.868666666666666698e-01
4.872000000000000219e-01
4.876666666666666927e-01
4.885999999999999788e-01
4.895999999999999797e-01
4.902666666666666839e-01
4.913333333333333441e-01
4.919999999999999929e-01
4.926666666666666416e-01
4.932666666666666866e-01
4.935333333333333239e-01
4.941333333333333133e-01
4.944666666666666655e-01
4.954000000000000070e-01
4.961333333333333151e-01
4.968000000000000194e-01
4.978000000000000203e-01
4.987333333333333063e-01
4.995333333333333292e-01
5.001333333333333186e-01
5.008000000000000229e-01
5.013333333333332975e-01
5.014666666666666162e-01
5.027333333333333654e-01
5.028666666666666840e-01
5.030666666666666620e-01
5.030666666666666620e-01
5.033333333333332993e-01
5.038000000000000256e-01
5.046666666666667078e-01
5.052666666666666417e-01
5.056000000000000494e-01
5.061333333333333240e-01
5.073999999999999622e-01
5.085333333333332817e-01
5.091333333333333266e-01
5.091999999999999860e-01
5.098666666666666902e-01
5.103333333333333055e-01
5.111333333333333284e-01
5.116666666666667140e-01
5.125333333333332853e-01
5.133999999999999675e-01
5.142666666666666497e-01
5.145999999999999464e-01
5.150000000000000133e-01
5.145999999999999464e-01
5.151333333333333320e-01
5.153999999999999693e-01
5.160666666666666735e-01
5.168666666666666965e-01
5.176666666666667194e-01
5.180666666666666753e-01
5.181999999999999940e-01
5.183333333333333126e-01
5.188000000000000389e-01
5.190000000000000169e-01
5.197333333333333805e-01
5.198666666666666991e-01
5.201999999999999957e-01
5.200000000000000178e-01
5.201999999999999957e-01
5.209333333333333593e-01
5.214666666666666339e-01
5.218000000000000416e-01
5.221999999999999975e-01
5.222666666666666568e-01
5.225333333333332941e-01
5.228000000000000425e-01
5.232666666666666577e-01
5.235333333333332950e-01
5.240666666666666806e-01
5.242666666666666586e-01
5.251333333333333409e-01
5.253999999999999782e-01
5.260666666666666824e-01
5.265333333333332977e-01
5.268000000000000460e-01
5.270000000000000240e-01
5.276666666666666172e-01
5.278666666666667062e-01
5.280666666666666842e-01
5.285999999999999588e-01
5.290666666666666851e-01
5.295333333333333004e-01
5.298666666666667080e-01
5.296666666666666190e-01
5.305999999999999606e-01
5.307333333333332792e-01
5.310000000000000275e-01
5.313999999999999835e-01
5.316666666666666208e-01
5.319333333333333691e-01
5.323999999999999844e-01
5.325333333333333030e-01
5.326666666666666217e-01
5.328666666666667107e-01
5.334666666666666446e-01
5.336666666666666226e-01
5.338666666666667115e-01
5.338000000000000522e-01
5.342666666666666675e-01
5.347333333333332828e-01
5.348666666666667124e-01
5.352666666666666684e-01
5.358666666666667133e-01
5.356666666666666243e-01
5.362000000000000099e-01
5.363999999999999879e-01
5.366666666666666252e-01
5.364666666666666472e-01
5.367333333333332845e-01
5.373333333333333295e-01
5.379333333333333744e-01
5.380666666666666931e-01
5.382000000000000117e-01
5.387333333333332863e-01
5.393333333333333313e-01
5.392000000000000126e-01
5.395333333333333092e-01
5.396666666666666279e-01
5.397999999999999465e-01
5.396666666666666279e-01
5.398666666666667169e-01
5.403333333333333321e-01
5.407999999999999474e-01
5.412666666666666737e-01
5.414666666666666517e-01
5.419333333333333780e-01
5.421333333333333560e-01
5.423333333333333339e-01
5.430000000000000382e-01
5.433999999999999941e-01
5.438666666666667204e-01
5.437333333333332908e-01
5.445333333333333137e-01
5.449333333333333806e-01
5.459333333333333815e-01
5.460666666666667002e-01
5.464666666666666561e-01
5.467999999999999527e-01
5.471333333333333604e-01
5.474666666666666570e-01
5.478666666666666130e-01
5.482666666666666799e-01
5.484666666666666579e-01
5.487333333333332952e-01
5.492000000000000215e-01
5.492000000000000215e-01
5.494666666666666588e-01
5.491333333333333622e-01
5.496666666666666368e-01
5.496666666666666368e-01
5.497999999999999554e-01
5.502666666666666817e-01
5.505999999999999783e-01
5.512000000000000233e-01
5.514666666666666606e-01
5.517999999999999572e-01
5.518666666666666165e-01
5.522000000000000242e-01
5.526666666666666394e-01
5.525333333333333208e-01
5.530666666666667064e-01
5.533333333333333437e-01
5.534000000000000030e-01
5.535333333333333217e-01
5.540000000000000480e-01
5.541333333333333666e-01
5.547999999999999599e-01
5.549333333333332785e-01
5.553333333333333455e-01
5.552000000000000268e-01
5.554666666666666641e-01
5.557333333333333014e-01
5.559333333333332794e-01
5.561333333333333684e-01
5.562666666666666870e-01
5.565999999999999837e-01
5.567999999999999616e-01
5.572666666666666879e-01
5.573333333333333472e-01
5.572000000000000286e-01
5.573333333333333472e-01
5.574666666666666659e-01
5.574666666666666659e-01
5.574666666666666659e-01
5.572666666666666879e-01
5.576666666666666439e-01
5.580666666666667108e-01
5.578666666666666218e-01
5.582000000000000295e-01
5.584000000000000075e-01
5.580000000000000515e-01
5.580666666666667108e-01
5.585999999999999854e-01
5.590666666666667117e-01
5.592000000000000304e-01
5.590666666666667117e-01
5.596666666666666456e-01
5.601333333333333719e-01
5.603333333333333499e-01
5.604000000000000092e-01
5.605333333333333279e-01
5.609333333333332838e-01
5.607333333333333059e-01
5.608666666666666245e-01
5.607999999999999652e-01
5.613333333333333508e-01
5.615999999999999881e-01
5.614000000000000101e-01
5.617333333333333067e-01
5.621333333333333737e-01
5.621333333333333737e-01
5.622666666666666924e-01
5.626666666666666483e-01
5.632000000000000339e-01
5.632666666666666933e-01
5.634666666666666712e-01
5.635999999999999899e-01
5.637999999999999678e-01
5.641333333333333755e-01
5.643333333333333535e-01
5.643333333333333535e-01
5.647999999999999687e-01
5.648666666666666281e-01
5.644000000000000128e-01
5.651333333333333764e-01
5.651333333333333764e-01
5.654666666666666730e-01
5.657999999999999696e-01
5.661333333333333773e-01
5.660666666666667179e-01
5.661333333333333773e-01
5.662000000000000366e-01
5.665333333333333332e-01
5.669999999999999485e-01
5.672666666666666968e-01
5.669333333333332892e-01
5.675333333333333341e-01
5.677333333333333121e-01
5.678666666666666307e-01
5.685999999999999943e-01
5.686666666666666536e-01
5.687999999999999723e-01
5.692000000000000393e-01
5.689999999999999503e-01
5.694666666666666766e-01
5.696666666666666545e-01
5.697333333333333139e-01
5.698666666666666325e-01
5.698666666666666325e-01
5.699333333333332918e-01
5.699333333333332918e-01
5.704666666666666774e-01
5.705333333333333368e-01
5.705999999999999961e-01
5.707333333333333147e-01
5.705999999999999961e-01
5.712666666666667004e-01
5.714000000000000190e-01
5.715999999999999970e-01
5.715999999999999970e-01
5.715999999999999970e-01
5.714000000000000190e-01
5.717333333333333156e-01
5.715999999999999970e-01
5.717333333333333156e-01
5.719999999999999529e-01
5.719333333333332936e-01
5.717999999999999750e-01
5.719333333333332936e-01
5.722000000000000419e-01
5.722666666666667012e-01
5.722000000000000419e-01
5.725333333333333385e-01
5.725999999999999979e-01
5.729333333333332945e-01
5.732666666666667021e-01
5.734666666666666801e-01
5.736666666666666581e-01
5.739999999999999547e-01
5.742000000000000437e-01
5.743333333333333623e-01
5.743333333333333623e-01
5.746666666666666590e-01
5.747333333333333183e-01
5.754000000000000226e-01
