3.772666666666666391e-01
3.808666666666666867e-01
3.835333333333333372e-01
3.871333333333333293e-01
3.908666666666666401e-01
3.936666666666666647e-01
3.966666666666666674e-01
3.992666666666666586e-01
4.023333333333333206e-01
4.049333333333333118e-01
4.073333333333333250e-01
4.093999999999999861e-01
4.115333333333333066e-01
4.137333333333333418e-01
4.156666666666666843e-01
4.172666666666666746e-01
4.193333333333333357e-01
4.220666666666666456e-01
4.234666666666666579e-01
4.249333333333333296e-01
4.273333333333333428e-01
4.299999999999999933e-01
4.318666666666666765e-01
4.332666666666666888e-01
4.345333333333333270e-01
4.366666666666666474e-01
4.380666666666666598e-01
4.399333333333333429e-01
4.411333333333333218e-01
4.427333333333333121e-01
4.446666666666666545e-01
4.462666666666666448e-01
4.483333333333333059e-01
4.490666666666666695e-01
4.500666666666666704e-01
4.508666666666666933e-01
4.518666666666666942e-01
4.529333333333333544e-01
4.536666666666666625e-01
4.549333333333333562e-01
4.560666666666666758e-01
4.573333333333333139e-01
4.581999999999999962e-01
4.596000000000000085e-01
4.605333333333333501e-01
4.622666666666666591e-01
4.635333333333333528e-01
4.646000000000000130e-01
4.653999999999999804e-01
4.660000000000000253e-01
4.669333333333333114e-01
4.673999999999999821e-01
4.683999999999999830e-01
4.694666666666666432e-01
4.700666666666666882e-01
4.709999999999999742e-01
4.715333333333333599e-01
4.727999999999999980e-01
4.735333333333333061e-01
4.744666666666666477e-01
4.750666666666666926e-01
4.762666666666666715e-01
4.770666666666666944e-01
4.780666666666666398e-01
4.783333333333333326e-01
4.792666666666666742e-01
4.802000000000000157e-01
4.811333333333333573e-01
4.813999999999999946e-01
4.820666666666666433e-01
4.829333333333333256e-01
4.832000000000000184e-01
4.839999999999999858e-01
4.848666666666666680e-01
4.855333333333333168e-01
4.862666666666666804e-01
4.868666666666666698e-01
4.869999999999999885e-01
4.873333333333333406e-01
4.880666666666666487e-01
4.888000000000000123e-01
4.898666666666666725e-01
4.909999999999999920e-01
4.916666666666666408e-01
4.923333333333333450e-01
4.928666666666666751e-01
4.933333333333333459e-01
4.938000000000000167e-01
4.940666666666666540e-01
4.948666666666666769e-01
4.958000000000000185e-01
4.962666666666666893e-01
4.975999999999999868e-01
4.984000000000000097e-01
4.991333333333333178e-01
4.996666666666666479e-01
5.006000000000000449e-01
5.010000000000000009e-01
5.011999999999999789e-01
5.023999999999999577e-01
5.028000000000000247e-01
5.027333333333333654e-01
5.031333333333333213e-01
5.034666666666666179e-01
5.038000000000000256e-01
5.043333333333333002e-01
5.053333333333333011e-01
5.053999999999999604e-01
5.058666666666666867e-01
5.066000000000000503e-01
5.083333333333333037e-01
5.091999999999999860e-01
5.092666666666666453e-01
5.096666666666667123e-01
5.105333333333332835e-01
5.108000000000000318e-01
5.115333333333332844e-01
5.125333333333332853e-01
5.134666666666666268e-01
5.134666666666666268e-01
5.144666666666666277e-01
5.149333333333333540e-01
5.149333333333333540e-01
5.147333333333333760e-01
5.152666666666666506e-01
5.155999999999999472e-01
5.161999999999999922e-01
5.171999999999999931e-01
5.172666666666666524e-01
5.178666666666666973e-01
5.183333333333333126e-01
5.187333333333333796e-01
5.187333333333333796e-01
5.193333333333333135e-01
5.198666666666666991e-01
5.200000000000000178e-01
5.196666666666667211e-01
5.198000000000000398e-01
5.205333333333332924e-01
5.205999999999999517e-01
5.214666666666666339e-01
5.220000000000000195e-01
5.222666666666666568e-01
5.221999999999999975e-01
5.226666666666666128e-01
5.228000000000000425e-01
5.234666666666666357e-01
5.237333333333333840e-01
5.240666666666666806e-01
5.247333333333333849e-01
5.253333333333333188e-01
5.259333333333333638e-01
5.263333333333333197e-01
5.265333333333332977e-01
5.268666666666667053e-01
5.273999999999999799e-01
5.276666666666666172e-01
5.279333333333333655e-01
5.282000000000000028e-01
5.283333333333333215e-01
5.292000000000000037e-01
5.292666666666666631e-01
5.292666666666666631e-01
5.298666666666667080e-01
5.305999999999999606e-01
5.309333333333333682e-01
5.314666666666666428e-01
5.317333333333332801e-01
5.319333333333333691e-01
5.320000000000000284e-01
5.323999999999999844e-01
5.325999999999999623e-01
5.328000000000000513e-01
5.332000000000000073e-01
5.333999999999999853e-01
5.335333333333333039e-01
5.340000000000000302e-01
5.342666666666666675e-01
5.345333333333333048e-01
5.345999999999999641e-01
5.353333333333333277e-01
5.353999999999999870e-01
5.354666666666666464e-01
5.356666666666666243e-01
5.360666666666666913e-01
5.361333333333333506e-01
5.359333333333333727e-01
5.365999999999999659e-01
5.369333333333333735e-01
5.373333333333333295e-01
5.377999999999999448e-01
5.377333333333332854e-01
5.384666666666666490e-01
5.389333333333333753e-01
5.391333333333333533e-01
5.394666666666666499e-01
5.393333333333333313e-01
5.392666666666666719e-01
5.393999999999999906e-01
5.393333333333333313e-01
5.398666666666667169e-01
5.403333333333333321e-01
5.407333333333332881e-01
5.412666666666666737e-01
5.415333333333333110e-01
5.415999999999999703e-01
5.425333333333333119e-01
5.427333333333332899e-01
5.432000000000000162e-01
5.433333333333333348e-01
5.431333333333333568e-01
5.434666666666666535e-01
5.447333333333332916e-01
5.452666666666666773e-01
5.460000000000000409e-01
5.462666666666666782e-01
5.463333333333333375e-01
5.464666666666666561e-01
5.471333333333333604e-01
5.474666666666666570e-01
5.479333333333333833e-01
5.481333333333333613e-01
5.485333333333333172e-01
5.485333333333333172e-01
5.488666666666666138e-01
5.491333333333333622e-01
5.490000000000000435e-01
5.493999999999999995e-01
5.493999999999999995e-01
5.496666666666666368e-01
5.500666666666667037e-01
5.502666666666666817e-01
5.503333333333333410e-01
5.505999999999999783e-01
5.510666666666667046e-01
5.515333333333333199e-01
5.517999999999999572e-01
5.520000000000000462e-01
5.520666666666667055e-01
5.524000000000000021e-01
5.522000000000000242e-01
5.530666666666667064e-01
5.533333333333333437e-01
5.540000000000000480e-01
5.541333333333333666e-01
5.541333333333333666e-01
5.541333333333333666e-01
5.550666666666667082e-01
5.547333333333333005e-01
5.549333333333332785e-01
5.555333333333333234e-01
5.557999999999999607e-01
5.557333333333333014e-01
5.557999999999999607e-01
5.562000000000000277e-01
5.563333333333333464e-01
5.563333333333333464e-01
5.567333333333333023e-01
5.569333333333332803e-01
5.567333333333333023e-01
5.567333333333333023e-01
5.568666666666666210e-01
5.572666666666666879e-01
5.569333333333332803e-01
5.566666666666666430e-01
5.574666666666666659e-01
5.575333333333333252e-01
5.575333333333333252e-01
5.578666666666666218e-01
5.577999999999999625e-01
5.574666666666666659e-01
5.580000000000000515e-01
5.585999999999999854e-01
5.587999999999999634e-01
5.589333333333332821e-01
5.593333333333333490e-01
5.595333333333333270e-01
5.599333333333332829e-01
5.602666666666666906e-01
5.604000000000000092e-01
5.605333333333333279e-01
5.606666666666666465e-01
5.604666666666666686e-01
5.604666666666666686e-01
5.605999999999999872e-01
5.611333333333333728e-01
5.612666666666666915e-01
5.613333333333333508e-01
5.613333333333333508e-01
5.616666666666666474e-01
5.617333333333333067e-01
5.625333333333333297e-01
5.627333333333333076e-01
5.631333333333333746e-01
5.631333333333333746e-01
5.634000000000000119e-01
5.636666666666666492e-01
5.638666666666666272e-01
5.639333333333332865e-01
5.639333333333332865e-01
5.642000000000000348e-01
5.645999999999999908e-01
5.644666666666666721e-01
5.645999999999999908e-01
5.647333333333333094e-01
5.647333333333333094e-01
5.652666666666666950e-01
5.655333333333333323e-01
5.656666666666666510e-01
5.660666666666667179e-01
5.660666666666667179e-01
5.662000000000000366e-01
5.667999999999999705e-01
5.672000000000000375e-01
5.669999999999999485e-01
5.673333333333333561e-01
5.673333333333333561e-01
5.675999999999999934e-01
5.682666666666666977e-01
5.683333333333333570e-01
5.688666666666666316e-01
5.687999999999999723e-01
5.690666666666667206e-01
5.691333333333333799e-01
5.694000000000000172e-01
5.695999999999999952e-01
5.695333333333333359e-01
5.697333333333333139e-01
5.697333333333333139e-01
5.698666666666666325e-01
5.702000000000000401e-01
5.698666666666666325e-01
5.699999999999999512e-01
5.703333333333333588e-01
5.707333333333333147e-01
5.708666666666666334e-01
5.711333333333333817e-01
5.711333333333333817e-01
5.710666666666666114e-01
5.714000000000000190e-01
5.709999999999999520e-01
5.714000000000000190e-01
5.713333333333333597e-01
5.712666666666667004e-01
5.717999999999999750e-01
5.716666666666666563e-01
5.718666666666666343e-01
5.717999999999999750e-01
5.717333333333333156e-01
5.719999999999999529e-01
5.717999999999999750e-01
5.721333333333333826e-01
5.722000000000000419e-01
5.725333333333333385e-01
5.728666666666666352e-01
5.731333333333333835e-01
5.732000000000000428e-01
5.732666666666667021e-01
5.736666666666666581e-01
5.741333333333333844e-01
5.741333333333333844e-01
5.742000000000000437e-01
5.745999999999999996e-01
