3.852666666666666462e-01
3.879333333333333522e-01
3.910666666666666735e-01
3.941999999999999948e-01
3.975333333333333496e-01
3.997999999999999887e-01
4.026000000000000134e-01
4.047333333333333338e-01
4.074666666666666437e-01
4.096666666666666790e-01
4.112000000000000099e-01
4.132000000000000117e-01
4.150666666666666393e-01
4.169333333333333225e-01
4.195333333333333137e-01
4.219333333333333269e-01
4.235333333333333172e-01
4.247333333333333516e-01
4.265999999999999792e-01
4.295999999999999819e-01
4.312000000000000277e-01
4.332666666666666888e-01
4.343333333333333490e-01
4.358666666666666800e-01
4.374666666666666703e-01
4.394666666666666721e-01
4.409333333333333438e-01
4.424000000000000155e-01
4.441333333333333244e-01
4.457333333333333147e-01
4.473333333333333606e-01
4.486666666666666581e-01
4.496666666666666590e-01
4.506000000000000005e-01
4.514000000000000234e-01
4.524000000000000243e-01
4.534666666666666845e-01
4.547999999999999821e-01
4.557999999999999829e-01
4.568666666666666432e-01
4.580000000000000182e-01
4.590000000000000191e-01
4.599333333333333607e-01
4.617999999999999883e-01
4.630000000000000226e-01
4.643999999999999795e-01
4.656000000000000139e-01
4.663999999999999813e-01
4.670666666666666855e-01
4.676666666666666750e-01
4.682000000000000051e-01
4.688666666666666538e-01
4.698666666666666547e-01
4.707999999999999963e-01
4.716666666666666785e-01
4.723999999999999866e-01
4.739999999999999769e-01
4.743333333333333290e-01
4.753999999999999893e-01
4.762000000000000122e-01
4.766000000000000236e-01
4.779333333333333211e-01
4.781333333333333546e-01
4.787333333333333441e-01
4.799333333333333229e-01
4.806666666666666865e-01
4.813999999999999946e-01
4.814666666666666539e-01
4.827333333333333476e-01
4.834666666666666557e-01
4.840666666666666451e-01
4.847333333333333494e-01
4.854666666666666575e-01
4.862000000000000210e-01
4.868000000000000105e-01
4.872000000000000219e-01
4.875999999999999779e-01
4.883333333333333415e-01
4.894000000000000017e-01
4.899999999999999911e-01
4.905999999999999805e-01
4.914666666666666628e-01
4.923333333333333450e-01
4.928666666666666751e-01
4.936666666666666425e-01
4.940666666666666540e-01
4.943333333333333468e-01
4.945999999999999841e-01
4.959333333333333371e-01
4.964666666666666672e-01
4.974666666666666681e-01
4.981999999999999762e-01
4.990666666666666584e-01
4.998666666666666814e-01
5.003999999999999559e-01
5.011333333333333195e-01
5.014666666666666162e-01
5.021999999999999797e-01
5.030000000000000027e-01
5.030000000000000027e-01
5.032666666666666400e-01
5.030666666666666620e-01
5.036000000000000476e-01
5.042666666666666409e-01
5.051333333333333231e-01
5.055333333333332790e-01
5.061333333333333240e-01
5.066000000000000503e-01
5.081333333333333258e-01
5.091333333333333266e-01
5.091333333333333266e-01
5.093333333333333046e-01
5.097333333333333716e-01
5.107333333333333725e-01
5.114666666666666250e-01
5.120000000000000107e-01
5.131333333333333302e-01
5.140000000000000124e-01
5.145333333333332870e-01
5.149333333333333540e-01
5.150000000000000133e-01
5.150000000000000133e-01
5.155333333333332879e-01
5.155999999999999472e-01
5.163999999999999702e-01
5.171999999999999931e-01
5.180000000000000160e-01
5.183333333333333126e-01
5.188000000000000389e-01
5.185999999999999499e-01
5.191333333333333355e-01
5.191999999999999948e-01
5.196666666666667211e-01
5.197333333333333805e-01
5.200666666666666771e-01
5.200000000000000178e-01
5.207333333333333814e-01
5.212666666666666559e-01
5.215999999999999526e-01
5.220666666666666789e-01
5.222666666666666568e-01
5.227333333333333831e-01
5.228666666666667018e-01
5.232666666666666577e-01
5.234666666666666357e-01
5.238666666666667027e-01
5.241999999999999993e-01
5.246666666666666146e-01
5.253999999999999782e-01
5.257333333333333858e-01
5.262000000000000011e-01
5.267333333333333867e-01
5.271333333333333426e-01
5.275999999999999579e-01
5.279333333333333655e-01
5.281333333333333435e-01
5.285999999999999588e-01
5.291333333333333444e-01
5.295333333333333004e-01
5.295333333333333004e-01
5.297333333333332783e-01
5.302666666666666639e-01
5.305999999999999606e-01
5.311333333333333462e-01
5.317333333333332801e-01
5.316666666666666208e-01
5.322666666666666657e-01
5.323999999999999844e-01
5.325333333333333030e-01
5.329333333333333700e-01
5.330666666666666886e-01
5.333333333333333259e-01
5.335999999999999632e-01
5.338666666666667115e-01
5.338666666666667115e-01
5.344666666666666455e-01
5.347333333333332828e-01
5.351333333333333497e-01
5.352000000000000091e-01
5.360000000000000320e-01
5.362000000000000099e-01
5.360000000000000320e-01
5.365333333333333066e-01
5.368000000000000549e-01
5.366666666666666252e-01
5.370666666666666922e-01
5.370000000000000329e-01
5.377333333333332854e-01
5.381333333333333524e-01
5.383999999999999897e-01
5.386666666666666270e-01
5.390666666666666940e-01
5.395999999999999686e-01
5.397333333333332872e-01
5.396666666666666279e-01
5.399333333333333762e-01
5.397999999999999465e-01
5.398666666666667169e-01
5.400666666666666949e-01
5.411333333333333551e-01
5.413333333333333330e-01
5.415999999999999703e-01
5.422000000000000153e-01
5.423333333333333339e-01
5.424666666666666526e-01
5.427333333333332899e-01
5.434666666666666535e-01
5.438666666666667204e-01
5.441333333333333577e-01
5.442666666666666764e-01
5.451333333333333586e-01
5.456666666666666332e-01
5.462000000000000188e-01
5.461333333333333595e-01
5.467999999999999527e-01
5.470000000000000417e-01
5.475333333333333163e-01
5.477999999999999536e-01
5.477999999999999536e-01
5.484666666666666579e-01
5.488666666666666138e-01
5.490666666666667028e-01
5.495999999999999774e-01
5.495999999999999774e-01
5.493999999999999995e-01
5.498666666666666147e-01
5.499333333333333851e-01
5.499333333333333851e-01
5.502666666666666817e-01
5.505999999999999783e-01
5.509333333333333860e-01
5.514000000000000012e-01
5.517999999999999572e-01
5.520000000000000462e-01
5.519333333333333869e-01
5.526666666666666394e-01
5.528666666666666174e-01
5.530000000000000471e-01
5.532666666666666844e-01
5.534666666666666623e-01
5.535999999999999810e-01
5.538666666666666183e-01
5.542000000000000259e-01
5.547999999999999599e-01
5.550000000000000488e-01
5.554000000000000048e-01
5.555333333333333234e-01
5.556666666666666421e-01
5.559333333333332794e-01
5.559333333333332794e-01
5.559333333333332794e-01
5.565999999999999837e-01
5.566666666666666430e-01
5.568666666666666210e-01
5.571333333333333693e-01
5.573333333333333472e-01
5.574000000000000066e-01
5.577999999999999625e-01
5.574666666666666659e-01
5.575999999999999845e-01
5.576666666666666439e-01
5.575333333333333252e-01
5.574666666666666659e-01
5.578666666666666218e-01
5.581333333333333702e-01
5.583333333333333481e-01
5.584666666666666668e-01
5.585999999999999854e-01
5.582000000000000295e-01
5.584000000000000075e-01
5.590000000000000524e-01
5.594000000000000083e-01
5.593333333333333490e-01
5.597333333333333050e-01
5.602666666666666906e-01
5.604666666666666686e-01
5.602666666666666906e-01
5.605333333333333279e-01
5.609333333333332838e-01
5.610666666666667135e-01
5.610000000000000542e-01
5.610666666666667135e-01
5.612000000000000322e-01
5.615999999999999881e-01
5.616666666666666474e-01
5.616666666666666474e-01
5.621333333333333737e-01
5.619333333333332847e-01
5.624666666666666703e-01
5.625333333333333297e-01
5.632000000000000339e-01
5.634000000000000119e-01
5.634666666666666712e-01
5.637999999999999678e-01
5.641333333333333755e-01
5.644000000000000128e-01
5.644000000000000128e-01
5.644000000000000128e-01
5.645999999999999908e-01
5.650666666666667171e-01
5.648666666666666281e-01
5.651333333333333764e-01
5.650666666666667171e-01
5.654000000000000137e-01
5.657999999999999696e-01
5.659999999999999476e-01
5.661333333333333773e-01
5.662666666666666959e-01
5.662666666666666959e-01
5.664000000000000146e-01
5.664000000000000146e-01
5.670666666666667188e-01
5.671333333333333782e-01
5.674000000000000155e-01
5.672666666666666968e-01
5.676666666666666528e-01
5.682000000000000384e-01
5.684666666666666757e-01
5.689333333333332909e-01
5.692000000000000393e-01
5.692000000000000393e-01
5.692666666666666986e-01
5.699999999999999512e-01
5.699999999999999512e-01
5.699333333333332918e-01
5.699999999999999512e-01
5.702000000000000401e-01
5.703333333333333588e-01
5.704666666666666774e-01
5.704666666666666774e-01
5.706666666666666554e-01
5.707333333333333147e-01
5.707333333333333147e-01
5.711333333333333817e-01
5.715333333333333377e-01
5.718666666666666343e-01
5.719333333333332936e-01
5.717333333333333156e-01
5.715333333333333377e-01
5.715999999999999970e-01
5.715999999999999970e-01
5.717999999999999750e-01
5.717333333333333156e-01
5.718666666666666343e-01
5.717999999999999750e-01
5.718666666666666343e-01
5.719999999999999529e-01
5.721333333333333826e-01
5.720666666666666123e-01
5.724666666666666792e-01
5.723333333333333606e-01
5.729333333333332945e-01
5.732666666666667021e-01
5.735333333333333394e-01
5.739999999999999547e-01
5.740666666666666140e-01
5.742666666666667030e-01
5.745333333333333403e-01
5.744666666666666810e-01
5.744666666666666810e-01
5.749333333333332963e-01
5.756000000000000005e-01
5.757333333333333192e-01
