3.844000000000000195e-01
3.871333333333333293e-01
3.900666666666666726e-01
3.934000000000000274e-01
3.966666666666666674e-01
3.990666666666666806e-01
4.024666666666666393e-01
4.044666666666666410e-01
4.067333333333333356e-01
4.094666666666666455e-01
4.109333333333333171e-01
4.129333333333333189e-01
4.149999999999999800e-01
4.168666666666666631e-01
4.191333333333333577e-01
4.211333333333333595e-01
4.231333333333333058e-01
4.243999999999999995e-01
4.262666666666666826e-01
4.288666666666666738e-01
4.305999999999999828e-01
4.329999999999999960e-01
4.340666666666666562e-01
4.354666666666666686e-01
4.373333333333333517e-01
4.391333333333333200e-01
4.406666666666666510e-01
4.421333333333333226e-01
4.437999999999999723e-01
4.450666666666666660e-01
4.470000000000000084e-01
4.485333333333333394e-01
4.495999999999999996e-01
4.504666666666666819e-01
4.511999999999999900e-01
4.524666666666666837e-01
4.531333333333333324e-01
4.544666666666666854e-01
4.555333333333333456e-01
4.567999999999999838e-01
4.575333333333333474e-01
4.586666666666666670e-01
4.598666666666666458e-01
4.616000000000000103e-01
4.626666666666666705e-01
4.641333333333333422e-01
4.653333333333333210e-01
4.660666666666666846e-01
4.668666666666666520e-01
4.675333333333333563e-01
4.681333333333333457e-01
4.688666666666666538e-01
4.697333333333333361e-01
4.706666666666666776e-01
4.716666666666666785e-01
4.725333333333333607e-01
4.736000000000000210e-01
4.741333333333333511e-01
4.754666666666666486e-01
4.760666666666666935e-01
4.770666666666666944e-01
4.776666666666666838e-01
4.783333333333333326e-01
4.788000000000000034e-01
4.797333333333333449e-01
4.803999999999999937e-01
4.811333333333333573e-01
4.815999999999999726e-01
4.824666666666666548e-01
4.832666666666666777e-01
4.837333333333333485e-01
4.848000000000000087e-01
4.854666666666666575e-01
4.860666666666666469e-01
4.864666666666666583e-01
4.868000000000000105e-01
4.873999999999999999e-01
4.879999999999999893e-01
4.890666666666666496e-01
4.898000000000000131e-01
4.904000000000000026e-01
4.914000000000000035e-01
4.921333333333333115e-01
4.928000000000000158e-01
4.935999999999999832e-01
4.939333333333333353e-01
4.942666666666666875e-01
4.946666666666666434e-01
4.958000000000000185e-01
4.962666666666666893e-01
4.972666666666666901e-01
4.981333333333333169e-01
4.990666666666666584e-01
4.996666666666666479e-01
5.001999999999999780e-01
5.009333333333333416e-01
5.015333333333333865e-01
5.019333333333333425e-01
5.030000000000000027e-01
5.028666666666666840e-01
5.032666666666666400e-01
5.031333333333333213e-01
5.034666666666666179e-01
5.042666666666666409e-01
5.050000000000000044e-01
5.057333333333333680e-01
5.058666666666666867e-01
5.064666666666666206e-01
5.078666666666666885e-01
5.088000000000000300e-01
5.091999999999999860e-01
5.093333333333333046e-01
5.097333333333333716e-01
5.107333333333333725e-01
5.112666666666666471e-01
5.117333333333333734e-01
5.129333333333333522e-01
5.137333333333333751e-01
5.143999999999999684e-01
5.147333333333333760e-01
5.146666666666667167e-01
5.150000000000000133e-01
5.150666666666666726e-01
5.157333333333333769e-01
5.160000000000000142e-01
5.171333333333333337e-01
5.176666666666667194e-01
5.181999999999999940e-01
5.184666666666666313e-01
5.186666666666667203e-01
5.191333333333333355e-01
5.191333333333333355e-01
5.199333333333333584e-01
5.201333333333333364e-01
5.200000000000000178e-01
5.199333333333333584e-01
5.204666666666666330e-01
5.210666666666666780e-01
5.213999999999999746e-01
5.219333333333333602e-01
5.223999999999999755e-01
5.225999999999999535e-01
5.227333333333333831e-01
5.231333333333333391e-01
5.233999999999999764e-01
5.238666666666667027e-01
5.241333333333333400e-01
5.245333333333332959e-01
5.253999999999999782e-01
5.255999999999999561e-01
5.261333333333333417e-01
5.265333333333332977e-01
5.270666666666666833e-01
5.270666666666666833e-01
5.280000000000000249e-01
5.280000000000000249e-01
5.282000000000000028e-01
5.286666666666666181e-01
5.293333333333333224e-01
5.298000000000000487e-01
5.298000000000000487e-01
5.299333333333333673e-01
5.307333333333332792e-01
5.310000000000000275e-01
5.313999999999999835e-01
5.314666666666666428e-01
5.320666666666666877e-01
5.323999999999999844e-01
5.322000000000000064e-01
5.328000000000000513e-01
5.328666666666667107e-01
5.332000000000000073e-01
5.335333333333333039e-01
5.338666666666667115e-01
5.337333333333332819e-01
5.338666666666667115e-01
5.343999999999999861e-01
5.350000000000000311e-01
5.351333333333333497e-01
5.357333333333332837e-01
5.360000000000000320e-01
5.359333333333333727e-01
5.365333333333333066e-01
5.366666666666666252e-01
5.367333333333332845e-01
5.369333333333333735e-01
5.370666666666666922e-01
5.375999999999999668e-01
5.380000000000000338e-01
5.384666666666666490e-01
5.385333333333333083e-01
5.390000000000000346e-01
5.395333333333333092e-01
5.395333333333333092e-01
5.397999999999999465e-01
5.397999999999999465e-01
5.397333333333332872e-01
5.397333333333332872e-01
5.397333333333332872e-01
5.409333333333333771e-01
5.410666666666666957e-01
5.415333333333333110e-01
5.417333333333332890e-01
5.418666666666667187e-01
5.425999999999999712e-01
5.427333333333332899e-01
5.434666666666666535e-01
5.435333333333333128e-01
5.438666666666667204e-01
5.444666666666666544e-01
5.448666666666667213e-01
5.453999999999999959e-01
5.461333333333333595e-01
5.462000000000000188e-01
5.467999999999999527e-01
5.468666666666666121e-01
5.474666666666666570e-01
5.474666666666666570e-01
5.480000000000000426e-01
5.484666666666666579e-01
5.488666666666666138e-01
5.488666666666666138e-01
5.493999999999999995e-01
5.495999999999999774e-01
5.496666666666666368e-01
5.496666666666666368e-01
5.497333333333332961e-01
5.499333333333333851e-01
5.501333333333333631e-01
5.505333333333333190e-01
5.509333333333333860e-01
5.511333333333333639e-01
5.517333333333332979e-01
5.520000000000000462e-01
5.520666666666667055e-01
5.525333333333333208e-01
5.527333333333332988e-01
5.526666666666666394e-01
5.532000000000000250e-01
5.533333333333333437e-01
5.536666666666666403e-01
5.537333333333332996e-01
5.542000000000000259e-01
5.545999999999999819e-01
5.547333333333333005e-01
5.551333333333333675e-01
5.554000000000000048e-01
5.554000000000000048e-01
5.557999999999999607e-01
5.560666666666667091e-01
5.560666666666667091e-01
5.563333333333333464e-01
5.567333333333333023e-01
5.569333333333332803e-01
5.568666666666666210e-01
5.572666666666666879e-01
5.573333333333333472e-01
5.574000000000000066e-01
5.574666666666666659e-01
5.575333333333333252e-01
5.575999999999999845e-01
5.575999999999999845e-01
5.572666666666666879e-01
5.576666666666666439e-01
5.578666666666666218e-01
5.582000000000000295e-01
5.582000000000000295e-01
5.586666666666666448e-01
5.580666666666667108e-01
5.581333333333333702e-01
5.587999999999999634e-01
5.595333333333333270e-01
5.592000000000000304e-01
5.595999999999999863e-01
5.598666666666666236e-01
5.604000000000000092e-01
5.603333333333333499e-01
5.604000000000000092e-01
5.607333333333333059e-01
5.610666666666667135e-01
5.606666666666666465e-01
5.610666666666667135e-01
5.611333333333333728e-01
5.615999999999999881e-01
5.615333333333333288e-01
5.614000000000000101e-01
5.616666666666666474e-01
5.621333333333333737e-01
5.622666666666666924e-01
5.626666666666666483e-01
5.628666666666666263e-01
5.634000000000000119e-01
5.633333333333333526e-01
5.636666666666666492e-01
5.638666666666666272e-01
5.642666666666666941e-01
5.644666666666666721e-01
5.643333333333333535e-01
5.644000000000000128e-01
5.649999999999999467e-01
5.649333333333332874e-01
5.649333333333332874e-01
5.649999999999999467e-01
5.654666666666666730e-01
5.655333333333333323e-01
5.659999999999999476e-01
5.660666666666667179e-01
5.660666666666667179e-01
5.660666666666667179e-01
5.664000000000000146e-01
5.666666666666666519e-01
5.669999999999999485e-01
5.671333333333333782e-01
5.674000000000000155e-01
5.674666666666666748e-01
5.677333333333333121e-01
5.680666666666667197e-01
5.683333333333333570e-01
5.687999999999999723e-01
5.687999999999999723e-01
5.692666666666666986e-01
5.692000000000000393e-01
5.696666666666666545e-01
5.699999999999999512e-01
5.699333333333332918e-01
5.699999999999999512e-01
5.701333333333333808e-01
5.703333333333333588e-01
5.702666666666666995e-01
5.705999999999999961e-01
5.704000000000000181e-01
5.706666666666666554e-01
5.705333333333333368e-01
5.709333333333332927e-01
5.714000000000000190e-01
5.717333333333333156e-01
5.719333333333332936e-01
5.719333333333332936e-01
5.715999999999999970e-01
5.716666666666666563e-01
5.715999999999999970e-01
5.715999999999999970e-01
5.716666666666666563e-01
5.718666666666666343e-01
5.719333333333332936e-01
5.719333333333332936e-01
5.719333333333332936e-01
5.723333333333333606e-01
5.721333333333333826e-01
5.723333333333333606e-01
5.722000000000000419e-01
5.725333333333333385e-01
5.729333333333332945e-01
5.734666666666666801e-01
5.737333333333333174e-01
5.739999999999999547e-01
5.740666666666666140e-01
5.744666666666666810e-01
5.744000000000000217e-01
5.743333333333333623e-01
5.748666666666666369e-01
5.754000000000000226e-01
5.755333333333333412e-01
