3.874666666666666814e-01
3.897999999999999798e-01
3.931333333333333346e-01
3.961999999999999966e-01
3.988666666666666472e-01
4.019333333333333091e-01
4.041333333333333444e-01
4.063999999999999835e-01
4.088666666666666560e-01
4.106666666666666798e-01
4.123333333333333295e-01
4.147333333333333427e-01
4.162000000000000144e-01
4.186000000000000276e-01
4.205999999999999739e-01
4.229333333333333278e-01
4.245999999999999774e-01
4.255333333333333190e-01
4.281333333333333102e-01
4.304666666666666641e-01
4.324000000000000066e-01
4.338000000000000189e-01
4.349999999999999978e-01
4.364666666666666694e-01
4.381333333333333191e-01
4.402666666666666395e-01
4.416666666666666519e-01
4.430666666666666642e-01
4.450000000000000067e-01
4.463333333333333597e-01
4.480666666666666687e-01
4.495999999999999996e-01
4.501999999999999891e-01
4.510000000000000120e-01
4.520000000000000129e-01
4.528666666666666396e-01
4.536666666666666625e-01
4.550000000000000155e-01
4.564666666666666872e-01
4.576666666666666661e-01
4.583333333333333148e-01
4.596666666666666679e-01
4.610666666666666802e-01
4.625333333333333519e-01
4.636666666666666714e-01
4.650000000000000244e-01
4.660666666666666846e-01
4.669333333333333114e-01
4.672666666666666635e-01
4.678666666666666529e-01
4.686000000000000165e-01
4.692000000000000060e-01
4.702000000000000068e-01
4.713333333333333264e-01
4.717999999999999972e-01
4.730666666666666909e-01
4.737999999999999989e-01
4.749999999999999778e-01
4.758666666666666600e-01
4.765333333333333088e-01
4.775333333333333097e-01
4.786000000000000254e-01
4.783333333333333326e-01
4.793333333333333335e-01
4.801333333333333564e-01
4.809333333333333238e-01
4.815333333333333132e-01
4.820666666666666433e-01
4.829999999999999849e-01
4.835333333333333150e-01
4.843999999999999972e-01
4.854666666666666575e-01
4.858000000000000096e-01
4.864666666666666583e-01
4.870666666666666478e-01
4.875333333333333186e-01
4.878000000000000114e-01
4.891333333333333089e-01
4.898000000000000131e-01
4.904000000000000026e-01
4.915999999999999814e-01
4.923333333333333450e-01
4.924000000000000044e-01
4.930666666666666531e-01
4.938000000000000167e-01
4.943333333333333468e-01
4.945999999999999841e-01
4.951333333333333142e-01
4.962666666666666893e-01
4.968666666666666787e-01
4.979333333333333389e-01
4.988000000000000211e-01
4.996666666666666479e-01
5.001999999999999780e-01
5.008666666666666822e-01
5.014666666666666162e-01
5.019333333333333425e-01
5.026000000000000467e-01
5.030666666666666620e-01
5.026000000000000467e-01
5.030666666666666620e-01
5.032666666666666400e-01
5.036666666666667069e-01
5.046666666666667078e-01
5.054666666666666197e-01
5.056000000000000494e-01
5.064666666666666206e-01
5.073999999999999622e-01
5.084666666666666224e-01
5.090666666666666673e-01
5.092666666666666453e-01
5.098000000000000309e-01
5.103333333333333055e-01
5.111333333333333284e-01
5.117333333333333734e-01
5.126666666666667149e-01
5.133999999999999675e-01
5.141999999999999904e-01
5.145333333333332870e-01
5.149333333333333540e-01
5.148000000000000353e-01
5.151999999999999913e-01
5.158000000000000362e-01
5.161333333333333329e-01
5.166666666666667185e-01
5.176666666666667194e-01
5.180666666666666753e-01
5.184666666666666313e-01
5.186666666666667203e-01
5.188000000000000389e-01
5.189333333333333576e-01
5.198000000000000398e-01
5.201999999999999957e-01
5.200666666666666771e-01
5.201333333333333364e-01
5.202666666666666551e-01
5.212666666666666559e-01
5.215333333333332932e-01
5.220666666666666789e-01
5.224666666666666348e-01
5.225999999999999535e-01
5.225333333333332941e-01
5.227333333333333831e-01
5.233999999999999764e-01
5.235999999999999543e-01
5.239333333333333620e-01
5.247333333333333849e-01
5.250000000000000222e-01
5.256666666666666154e-01
5.260666666666666824e-01
5.265333333333332977e-01
5.268666666666667053e-01
5.275333333333332986e-01
5.280000000000000249e-01
5.280000000000000249e-01
5.283999999999999808e-01
5.293333333333333224e-01
5.293999999999999817e-01
5.295333333333333004e-01
5.298666666666667080e-01
5.300000000000000266e-01
5.307333333333332792e-01
5.311333333333333462e-01
5.313333333333333242e-01
5.320000000000000284e-01
5.321333333333333471e-01
5.325333333333333030e-01
5.323333333333333250e-01
5.329333333333333700e-01
5.328666666666667107e-01
5.330666666666666886e-01
5.336666666666666226e-01
5.338000000000000522e-01
5.341333333333333488e-01
5.342000000000000082e-01
5.343999999999999861e-01
5.352000000000000091e-01
5.352000000000000091e-01
5.355999999999999650e-01
5.360000000000000320e-01
5.359333333333333727e-01
5.363999999999999879e-01
5.368000000000000549e-01
5.368666666666667142e-01
5.369333333333333735e-01
5.370000000000000329e-01
5.379333333333333744e-01
5.382000000000000117e-01
5.387999999999999456e-01
5.387999999999999456e-01
5.392000000000000126e-01
5.395999999999999686e-01
5.397999999999999465e-01
5.399333333333333762e-01
5.398666666666667169e-01
5.400666666666666949e-01
5.400000000000000355e-01
5.402666666666666728e-01
5.410666666666666957e-01
5.412666666666666737e-01
5.416666666666666297e-01
5.415333333333333110e-01
5.422666666666666746e-01
5.427333333333332899e-01
5.426666666666666305e-01
5.432666666666666755e-01
5.439333333333333798e-01
5.440000000000000391e-01
5.445333333333333137e-01
5.448666666666667213e-01
5.454666666666666552e-01
5.462000000000000188e-01
5.463333333333333375e-01
5.462666666666666782e-01
5.469333333333333824e-01
5.475999999999999757e-01
5.476666666666666350e-01
5.481333333333333613e-01
5.484666666666666579e-01
5.486666666666666359e-01
5.489333333333333842e-01
5.493999999999999995e-01
5.495999999999999774e-01
5.495333333333333181e-01
5.494666666666666588e-01
5.497333333333332961e-01
5.497999999999999554e-01
5.500666666666667037e-01
5.501333333333333631e-01
5.506666666666666377e-01
5.511333333333333639e-01
5.516666666666666385e-01
5.518666666666666165e-01
5.520000000000000462e-01
5.522000000000000242e-01
5.526666666666666394e-01
5.527999999999999581e-01
5.530000000000000471e-01
5.534000000000000030e-01
5.534666666666666623e-01
5.536666666666666403e-01
5.540666666666667073e-01
5.545333333333333226e-01
5.546666666666666412e-01
5.552666666666666861e-01
5.554666666666666641e-01
5.554666666666666641e-01
5.557999999999999607e-01
5.563333333333333464e-01
5.562666666666666870e-01
5.563333333333333464e-01
5.565999999999999837e-01
5.566666666666666430e-01
5.567999999999999616e-01
5.573333333333333472e-01
5.572666666666666879e-01
5.575333333333333252e-01
5.574666666666666659e-01
5.575999999999999845e-01
5.578666666666666218e-01
5.577333333333333032e-01
5.575999999999999845e-01
5.577333333333333032e-01
5.582666666666666888e-01
5.584000000000000075e-01
5.581333333333333702e-01
5.587333333333333041e-01
5.584000000000000075e-01
5.582666666666666888e-01
5.587999999999999634e-01
5.590000000000000524e-01
5.593333333333333490e-01
5.595999999999999863e-01
5.603333333333333499e-01
5.605333333333333279e-01
5.602000000000000313e-01
5.605999999999999872e-01
5.608666666666666245e-01
5.610000000000000542e-01
5.610000000000000542e-01
5.609333333333332838e-01
5.612000000000000322e-01
5.617333333333333067e-01
5.617333333333333067e-01
5.618666666666666254e-01
5.617999999999999661e-01
5.622000000000000330e-01
5.624000000000000110e-01
5.629999999999999449e-01
5.631333333333333746e-01
5.632000000000000339e-01
5.637333333333333085e-01
5.637999999999999678e-01
5.639999999999999458e-01
5.643333333333333535e-01
5.644666666666666721e-01
5.644666666666666721e-01
5.645333333333333314e-01
5.646666666666666501e-01
5.651333333333333764e-01
5.645999999999999908e-01
5.654666666666666730e-01
5.655333333333333323e-01
5.656666666666666510e-01
5.661333333333333773e-01
5.661333333333333773e-01
5.663333333333333552e-01
5.663333333333333552e-01
5.664666666666666739e-01
5.667999999999999705e-01
5.669333333333332892e-01
5.674666666666666748e-01
5.675999999999999934e-01
5.675999999999999934e-01
5.675999999999999934e-01
5.679333333333332900e-01
5.684666666666666757e-01
5.689999999999999503e-01
5.689999999999999503e-01
5.692666666666666986e-01
5.694666666666666766e-01
5.697333333333333139e-01
5.699333333333332918e-01
5.702666666666666995e-01
5.702666666666666995e-01
5.703333333333333588e-01
5.700666666666667215e-01
5.705999999999999961e-01
5.706666666666666554e-01
5.706666666666666554e-01
5.705333333333333368e-01
5.709333333333332927e-01
5.707999999999999741e-01
5.715333333333333377e-01
5.719999999999999529e-01
5.721333333333333826e-01
5.720666666666666123e-01
5.715999999999999970e-01
5.717333333333333156e-01
5.715333333333333377e-01
5.715999999999999970e-01
5.715999999999999970e-01
5.718666666666666343e-01
5.718666666666666343e-01
5.719333333333332936e-01
5.717333333333333156e-01
5.721333333333333826e-01
5.722000000000000419e-01
5.724666666666666792e-01
5.725333333333333385e-01
5.726666666666666572e-01
5.732666666666667021e-01
5.736666666666666581e-01
5.740666666666666140e-01
5.740666666666666140e-01
5.744000000000000217e-01
5.749333333333332963e-01
5.749333333333332963e-01
5.749333333333332963e-01
5.748666666666666369e-01
5.754666666666666819e-01
5.756000000000000005e-01
5.759333333333332972e-01
