3.881999999999999895e-01
3.913333333333333108e-01
3.946000000000000063e-01
3.978666666666666463e-01
4.000666666666666815e-01
4.030000000000000249e-01
4.048666666666666525e-01
4.073999999999999844e-01
4.095333333333333603e-01
4.112666666666666693e-01
4.130666666666666931e-01
4.149333333333333207e-01
4.169333333333333225e-01
4.193999999999999950e-01
4.213999999999999968e-01
4.233999999999999986e-01
4.247333333333333516e-01
4.266666666666666941e-01
4.294000000000000039e-01
4.310666666666666536e-01
4.331999999999999740e-01
4.341999999999999749e-01
4.356666666666666465e-01
4.369999999999999996e-01
4.388000000000000234e-01
4.404000000000000137e-01
4.421999999999999820e-01
4.435999999999999943e-01
4.450000000000000067e-01
4.470666666666666678e-01
4.487333333333333174e-01
4.492666666666666475e-01
4.501333333333333298e-01
4.511999999999999900e-01
4.525333333333333430e-01
4.531999999999999917e-01
4.542666666666666520e-01
4.555333333333333456e-01
4.566666666666666652e-01
4.575333333333333474e-01
4.586000000000000076e-01
4.598666666666666458e-01
4.613999999999999768e-01
4.627999999999999892e-01
4.643333333333333202e-01
4.655333333333333545e-01
4.660666666666666846e-01
4.672000000000000042e-01
4.677333333333333343e-01
4.679333333333333123e-01
4.687333333333333352e-01
4.694666666666666432e-01
4.705333333333333590e-01
4.713999999999999857e-01
4.722000000000000086e-01
4.735333333333333061e-01
4.744666666666666477e-01
4.750666666666666926e-01
4.762000000000000122e-01
4.766666666666666829e-01
4.776000000000000245e-01
4.783333333333333326e-01
4.785333333333333106e-01
4.796000000000000263e-01
4.805333333333333123e-01
4.810666666666666424e-01
4.815999999999999726e-01
4.824666666666666548e-01
4.832666666666666777e-01
4.840666666666666451e-01
4.847333333333333494e-01
4.855999999999999761e-01
4.864666666666666583e-01
4.867333333333333512e-01
4.869999999999999885e-01
4.874666666666666592e-01
4.882666666666666822e-01
4.892000000000000237e-01
4.899999999999999911e-01
4.904000000000000026e-01
4.915333333333333221e-01
4.923333333333333450e-01
4.925999999999999823e-01
4.933333333333333459e-01
4.939333333333333353e-01
4.941999999999999726e-01
4.948666666666666769e-01
4.954000000000000070e-01
4.964666666666666672e-01
4.974000000000000088e-01
4.981333333333333169e-01
4.989333333333333398e-01
4.994666666666666699e-01
5.002666666666666373e-01
5.011333333333333195e-01
5.017333333333333645e-01
5.020666666666666611e-01
5.030666666666666620e-01
5.027333333333333654e-01
5.028000000000000247e-01
5.030000000000000027e-01
5.035333333333333883e-01
5.039333333333333442e-01
5.050666666666666638e-01
5.053333333333333011e-01
5.060000000000000053e-01
5.066000000000000503e-01
5.078666666666666885e-01
5.088666666666666893e-01
5.091333333333333266e-01
5.093333333333333046e-01
5.097333333333333716e-01
5.106666666666667131e-01
5.112666666666666471e-01
5.118666666666666920e-01
5.129333333333333522e-01
5.137333333333333751e-01
5.141999999999999904e-01
5.148000000000000353e-01
5.148666666666666947e-01
5.150666666666666726e-01
5.155333333333332879e-01
5.161333333333333329e-01
5.164666666666666295e-01
5.170000000000000151e-01
5.181333333333333346e-01
5.182666666666666533e-01
5.186666666666667203e-01
5.185999999999999499e-01
5.188000000000000389e-01
5.192666666666666542e-01
5.198000000000000398e-01
5.199333333333333584e-01
5.200666666666666771e-01
5.201999999999999957e-01
5.207333333333333814e-01
5.213333333333333153e-01
5.216666666666666119e-01
5.222666666666666568e-01
5.225999999999999535e-01
5.229333333333333611e-01
5.229333333333333611e-01
5.233333333333333171e-01
5.236666666666666137e-01
5.239333333333333620e-01
5.241999999999999993e-01
5.248666666666667036e-01
5.255999999999999561e-01
5.261333333333333417e-01
5.263333333333333197e-01
5.268666666666667053e-01
5.271333333333333426e-01
5.278000000000000469e-01
5.278666666666667062e-01
5.282666666666666622e-01
5.287333333333333885e-01
5.292000000000000037e-01
5.299333333333333673e-01
5.295999999999999597e-01
5.297333333333332783e-01
5.302666666666666639e-01
5.307333333333332792e-01
5.310000000000000275e-01
5.315999999999999615e-01
5.320000000000000284e-01
5.323333333333333250e-01
5.325333333333333030e-01
5.325999999999999623e-01
5.328666666666667107e-01
5.332000000000000073e-01
5.332666666666666666e-01
5.336666666666666226e-01
5.338000000000000522e-01
5.340000000000000302e-01
5.343333333333333268e-01
5.347333333333332828e-01
5.352000000000000091e-01
5.353999999999999870e-01
5.358666666666667133e-01
5.362000000000000099e-01
5.360666666666666913e-01
5.363999999999999879e-01
5.366666666666666252e-01
5.367333333333332845e-01
5.371333333333333515e-01
5.372000000000000108e-01
5.379333333333333744e-01
5.383999999999999897e-01
5.385333333333333083e-01
5.388666666666667160e-01
5.390666666666666940e-01
5.397333333333332872e-01
5.396666666666666279e-01
5.397333333333332872e-01
5.399333333333333762e-01
5.399333333333333762e-01
5.402000000000000135e-01
5.403333333333333321e-01
5.410666666666666957e-01
5.414666666666666517e-01
5.416666666666666297e-01
5.419333333333333780e-01
5.418666666666667187e-01
5.428666666666667195e-01
5.428666666666667195e-01
5.435333333333333128e-01
5.441333333333333577e-01
5.443333333333333357e-01
5.444666666666666544e-01
5.447999999999999510e-01
5.455999999999999739e-01
5.459333333333333815e-01
5.462000000000000188e-01
5.467333333333332934e-01
5.473333333333333384e-01
5.477333333333332943e-01
5.480000000000000426e-01
5.479333333333333833e-01
5.483999999999999986e-01
5.487999999999999545e-01
5.492000000000000215e-01
5.493333333333333401e-01
5.493333333333333401e-01
5.494666666666666588e-01
5.495333333333333181e-01
5.497999999999999554e-01
5.498666666666666147e-01
5.500000000000000444e-01
5.504000000000000004e-01
5.510666666666667046e-01
5.512666666666666826e-01
5.515333333333333199e-01
5.518666666666666165e-01
5.521333333333333648e-01
5.523333333333333428e-01
5.530666666666667064e-01
5.527999999999999581e-01
5.531333333333333657e-01
5.532000000000000250e-01
5.534666666666666623e-01
5.538666666666666183e-01
5.540666666666667073e-01
5.548666666666666192e-01
5.552000000000000268e-01
5.553333333333333455e-01
5.556666666666666421e-01
5.558666666666666201e-01
5.561333333333333684e-01
5.559333333333332794e-01
5.564000000000000057e-01
5.564666666666666650e-01
5.564666666666666650e-01
5.565333333333333243e-01
5.569333333333332803e-01
5.572666666666666879e-01
5.572666666666666879e-01
5.572000000000000286e-01
5.575333333333333252e-01
5.575999999999999845e-01
5.578666666666666218e-01
5.577999999999999625e-01
5.577333333333333032e-01
5.577999999999999625e-01
5.584000000000000075e-01
5.582666666666666888e-01
5.582000000000000295e-01
5.586666666666666448e-01
5.582666666666666888e-01
5.581333333333333702e-01
5.587999999999999634e-01
5.593333333333333490e-01
5.595333333333333270e-01
5.600666666666667126e-01
5.607333333333333059e-01
5.607999999999999652e-01
5.604000000000000092e-01
5.607333333333333059e-01
5.609333333333332838e-01
5.607999999999999652e-01
5.612666666666666915e-01
5.612666666666666915e-01
5.612666666666666915e-01
5.614666666666666694e-01
5.618666666666666254e-01
5.621333333333333737e-01
5.620666666666667144e-01
5.622666666666666924e-01
5.627333333333333076e-01
5.632666666666666933e-01
5.633333333333333526e-01
5.635999999999999899e-01
5.639333333333332865e-01
5.638666666666666272e-01
5.642000000000000348e-01
5.645333333333333314e-01
5.644000000000000128e-01
5.645999999999999908e-01
5.645333333333333314e-01
5.649333333333332874e-01
5.649333333333332874e-01
5.649333333333332874e-01
5.655333333333333323e-01
5.655333333333333323e-01
5.659999999999999476e-01
5.661333333333333773e-01
5.662000000000000366e-01
5.662666666666666959e-01
5.663333333333333552e-01
5.664666666666666739e-01
5.669333333333332892e-01
5.672666666666666968e-01
5.674666666666666748e-01
5.678666666666666307e-01
5.677333333333333121e-01
5.675333333333333341e-01
5.680666666666667197e-01
5.685333333333333350e-01
5.691333333333333799e-01
5.692000000000000393e-01
5.694666666666666766e-01
5.696666666666666545e-01
5.696666666666666545e-01
5.699999999999999512e-01
5.699333333333332918e-01
5.702666666666666995e-01
5.702000000000000401e-01
5.701333333333333808e-01
5.703333333333333588e-01
5.707999999999999741e-01
5.708666666666666334e-01
5.707333333333333147e-01
5.708666666666666334e-01
5.712000000000000410e-01
5.715333333333333377e-01
5.719999999999999529e-01
5.721333333333333826e-01
5.719999999999999529e-01
5.715999999999999970e-01
5.714666666666666783e-01
5.715999999999999970e-01
5.717999999999999750e-01
5.716666666666666563e-01
5.720666666666666123e-01
5.718666666666666343e-01
5.717333333333333156e-01
5.717333333333333156e-01
5.722000000000000419e-01
5.722000000000000419e-01
5.723333333333333606e-01
5.725333333333333385e-01
5.731333333333333835e-01
5.735999999999999988e-01
5.739999999999999547e-01
5.741333333333333844e-01
5.742666666666667030e-01
5.744666666666666810e-01
5.746666666666666590e-01
5.746666666666666590e-01
5.747999999999999776e-01
5.749999999999999556e-01
5.754666666666666819e-01
5.760666666666666158e-01
5.759333333333332972e-01
