3.206666666666666554e-01
3.312666666666666537e-01
3.392666666666666608e-01
3.473333333333333273e-01
3.535333333333333106e-01
3.588000000000000078e-01
3.644666666666666610e-01
3.688000000000000167e-01
3.740666666666666584e-01
3.783333333333333548e-01
3.820000000000000062e-01
3.854666666666666797e-01
3.891333333333333311e-01
3.926666666666666639e-01
3.961999999999999966e-01
3.999333333333333074e-01
4.031333333333333435e-01
4.051333333333333453e-01
4.073333333333333250e-01
4.091333333333333488e-01
4.115333333333333066e-01
4.135333333333333083e-01
4.158666666666666623e-01
4.168000000000000038e-01
4.196666666666666878e-01
4.212666666666666782e-01
4.232000000000000206e-01
4.264666666666666606e-01
4.282000000000000250e-01
4.294666666666666632e-01
4.308000000000000163e-01
4.330666666666666553e-01
4.351333333333333164e-01
4.370666666666666589e-01
4.384666666666666712e-01
4.400000000000000022e-01
4.409333333333333438e-01
4.437333333333333130e-01
4.453333333333333588e-01
4.468666666666666898e-01
4.477333333333333165e-01
4.482666666666666466e-01
4.495333333333333403e-01
4.504000000000000226e-01
4.516000000000000014e-01
4.526000000000000023e-01
4.534666666666666845e-01
4.544000000000000261e-01
4.556666666666666643e-01
4.576000000000000068e-01
4.583999999999999742e-01
4.597333333333333272e-01
4.603999999999999759e-01
4.619333333333333069e-01
4.623999999999999777e-01
4.632666666666666599e-01
4.640000000000000235e-01
4.647999999999999909e-01
4.659333333333333105e-01
4.664666666666666406e-01
4.672000000000000042e-01
4.674666666666666415e-01
4.682666666666666644e-01
4.692666666666666653e-01
4.693333333333333246e-01
4.698666666666666547e-01
4.707333333333333369e-01
4.719333333333333158e-01
4.724666666666666459e-01
4.733333333333333282e-01
4.747333333333333405e-01
4.757333333333333414e-01
4.765333333333333088e-01
4.776666666666666838e-01
4.782666666666666733e-01
4.784666666666666512e-01
4.791333333333333555e-01
4.799999999999999822e-01
4.808000000000000052e-01
4.806666666666666865e-01
4.813333333333333353e-01
4.825999999999999734e-01
4.828000000000000069e-01
4.833999999999999964e-01
4.838666666666666671e-01
4.845999999999999752e-01
4.850666666666666460e-01
4.852666666666666795e-01
4.858000000000000096e-01
4.867333333333333512e-01
4.882000000000000228e-01
4.885333333333333194e-01
4.888000000000000123e-01
4.897333333333333538e-01
4.899999999999999911e-01
4.909999999999999920e-01
4.918000000000000149e-01
4.921333333333333115e-01
4.934000000000000052e-01
4.942666666666666875e-01
4.951333333333333142e-01
4.953333333333333477e-01
4.964000000000000079e-01
4.965999999999999859e-01
4.975999999999999868e-01
4.982666666666666910e-01
4.985999999999999877e-01
4.986666666666666470e-01
4.990666666666666584e-01
4.994000000000000106e-01
5.000666666666666593e-01
5.017333333333333645e-01
5.021999999999999797e-01
5.024666666666666170e-01
5.031333333333333213e-01
5.041999999999999815e-01
5.046000000000000485e-01
5.043333333333333002e-01
5.043999999999999595e-01
5.050000000000000044e-01
5.056666666666667087e-01
5.056666666666667087e-01
5.073999999999999622e-01
5.081999999999999851e-01
5.086000000000000520e-01
5.089333333333333487e-01
5.097333333333333716e-01
5.100000000000000089e-01
5.108666666666666911e-01
5.113333333333333064e-01
5.109333333333333504e-01
5.118666666666666920e-01
5.121999999999999886e-01
5.129333333333333522e-01
5.132666666666666488e-01
5.133333333333333082e-01
5.136666666666667158e-01
5.139333333333333531e-01
5.144666666666666277e-01
5.143999999999999684e-01
5.145333333333332870e-01
5.152666666666666506e-01
5.150666666666666726e-01
5.158666666666666956e-01
5.157333333333333769e-01
5.159333333333333549e-01
5.163333333333333108e-01
5.165333333333332888e-01
5.167333333333333778e-01
5.178666666666666973e-01
5.182666666666666533e-01
5.180666666666666753e-01
5.188666666666666982e-01
5.186666666666667203e-01
5.191333333333333355e-01
5.195333333333332915e-01
5.201333333333333364e-01
5.203999999999999737e-01
5.205333333333332924e-01
5.210666666666666780e-01
5.210666666666666780e-01
5.208000000000000407e-01
5.211999999999999966e-01
5.218666666666667009e-01
5.221333333333333382e-01
5.228666666666667018e-01
5.233999999999999764e-01
5.234666666666666357e-01
5.234666666666666357e-01
5.239333333333333620e-01
5.245333333333332959e-01
5.252000000000000002e-01
5.258666666666667044e-01
5.256666666666666154e-01
5.260666666666666824e-01
5.264666666666666384e-01
5.262666666666666604e-01
5.268666666666667053e-01
5.267333333333333867e-01
5.268666666666667053e-01
5.269333333333333647e-01
5.275333333333332986e-01
5.278000000000000469e-01
5.278000000000000469e-01
5.280000000000000249e-01
5.285333333333332995e-01
5.292666666666666631e-01
5.293333333333333224e-01
5.300666666666666860e-01
5.302666666666666639e-01
5.308000000000000496e-01
5.305999999999999606e-01
5.303999999999999826e-01
5.308000000000000496e-01
5.315333333333333021e-01
5.315999999999999615e-01
5.321333333333333471e-01
5.325999999999999623e-01
5.326666666666666217e-01
5.332666666666666666e-01
5.336666666666666226e-01
5.337333333333332819e-01
5.334666666666666446e-01
5.337333333333332819e-01
5.346666666666666234e-01
5.349333333333333718e-01
5.347333333333332828e-01
5.348666666666667124e-01
5.352666666666666684e-01
5.355999999999999650e-01
5.362000000000000099e-01
5.366666666666666252e-01
5.372000000000000108e-01
5.375333333333333075e-01
5.373999999999999888e-01
5.375999999999999668e-01
5.382666666666666710e-01
5.381333333333333524e-01
5.381333333333333524e-01
5.385333333333333083e-01
5.392000000000000126e-01
5.395999999999999686e-01
5.405333333333333101e-01
5.414666666666666517e-01
5.418666666666667187e-01
5.416666666666666297e-01
5.418666666666667187e-01
5.418666666666667187e-01
5.423999999999999932e-01
5.431333333333333568e-01
5.437999999999999501e-01
5.440000000000000391e-01
5.445333333333333137e-01
5.445999999999999730e-01
5.445999999999999730e-01
5.445333333333333137e-01
5.444666666666666544e-01
5.445333333333333137e-01
5.452000000000000179e-01
5.454666666666666552e-01
5.455333333333333146e-01
5.456666666666666332e-01
5.460666666666667002e-01
5.465999999999999748e-01
5.467333333333332934e-01
5.465333333333333155e-01
5.468666666666666121e-01
5.473333333333333384e-01
5.472000000000000197e-01
5.481333333333333613e-01
5.482000000000000206e-01
5.479333333333333833e-01
5.481333333333333613e-01
5.487999999999999545e-01
5.488666666666666138e-01
5.488666666666666138e-01
5.493333333333333401e-01
5.489333333333333842e-01
5.490000000000000435e-01
5.492000000000000215e-01
5.492000000000000215e-01
5.494666666666666588e-01
5.502000000000000224e-01
5.511333333333333639e-01
5.507333333333332970e-01
5.513333333333333419e-01
5.510666666666667046e-01
5.512666666666666826e-01
5.512666666666666826e-01
5.512666666666666826e-01
5.507999999999999563e-01
5.517333333333332979e-01
5.515999999999999792e-01
5.514000000000000012e-01
5.516666666666666385e-01
5.512000000000000233e-01
5.515333333333333199e-01
5.516666666666666385e-01
5.514666666666666606e-01
5.511333333333333639e-01
5.512666666666666826e-01
5.514000000000000012e-01
5.515333333333333199e-01
5.515333333333333199e-01
5.526666666666666394e-01
5.527999999999999581e-01
5.537333333333332996e-01
5.535333333333333217e-01
5.541333333333333666e-01
5.541333333333333666e-01
5.541333333333333666e-01
5.541333333333333666e-01
5.543333333333333446e-01
5.544666666666666632e-01
5.551333333333333675e-01
5.545999999999999819e-01
5.549333333333332785e-01
5.552666666666666861e-01
5.556666666666666421e-01
5.556666666666666421e-01
5.566666666666666430e-01
5.570666666666667100e-01
5.570666666666667100e-01
5.571333333333333693e-01
5.570666666666667100e-01
5.572000000000000286e-01
5.567999999999999616e-01
5.572666666666666879e-01
5.578666666666666218e-01
5.582000000000000295e-01
5.585999999999999854e-01
5.585999999999999854e-01
5.584000000000000075e-01
5.588666666666666227e-01
5.590000000000000524e-01
5.592000000000000304e-01
5.588666666666666227e-01
5.595333333333333270e-01
5.595333333333333270e-01
5.598666666666666236e-01
5.602666666666666906e-01
5.605999999999999872e-01
5.607333333333333059e-01
5.611333333333333728e-01
5.603333333333333499e-01
5.607999999999999652e-01
5.610000000000000542e-01
5.617333333333333067e-01
5.612666666666666915e-01
5.614000000000000101e-01
5.616666666666666474e-01
5.615999999999999881e-01
5.617999999999999661e-01
5.627333333333333076e-01
5.631333333333333746e-01
5.631333333333333746e-01
5.637999999999999678e-01
5.635333333333333306e-01
5.634000000000000119e-01
5.642000000000000348e-01
5.644000000000000128e-01
5.643333333333333535e-01
5.651333333333333764e-01
5.651333333333333764e-01
5.653333333333333544e-01
5.648666666666666281e-01
5.654000000000000137e-01
5.656666666666666510e-01
5.655999999999999917e-01
5.660666666666667179e-01
5.659999999999999476e-01
5.662000000000000366e-01
5.657333333333333103e-01
5.659999999999999476e-01
5.662000000000000366e-01
5.661333333333333773e-01
5.656666666666666510e-01
5.665999999999999925e-01
5.664000000000000146e-01
5.662666666666666959e-01
5.664000000000000146e-01
5.672000000000000375e-01
5.669999999999999485e-01
