3.890666666666666718e-01
3.919333333333333558e-01
3.951999999999999957e-01
3.982666666666666577e-01
4.007999999999999896e-01
4.033999999999999808e-01
4.055333333333333568e-01
4.077999999999999958e-01
4.099333333333333163e-01
4.115333333333333066e-01
4.134666666666666490e-01
4.152666666666666728e-01
4.171333333333333560e-01
4.196666666666666878e-01
4.219999999999999862e-01
4.238000000000000100e-01
4.252000000000000224e-01
4.269333333333333313e-01
4.298666666666666747e-01
4.314000000000000057e-01
4.332666666666666888e-01
4.343333333333333490e-01
4.359333333333333393e-01
4.376666666666666483e-01
4.391333333333333200e-01
4.404666666666666730e-01
4.423333333333333561e-01
4.441333333333333244e-01
4.454666666666666774e-01
4.471999999999999864e-01
4.488666666666666916e-01
4.494666666666666810e-01
4.505333333333333412e-01
4.514666666666666828e-01
4.527333333333333210e-01
4.532666666666666511e-01
4.546666666666666634e-01
4.557999999999999829e-01
4.570666666666666766e-01
4.577333333333333254e-01
4.587999999999999856e-01
4.601999999999999980e-01
4.617999999999999883e-01
4.629333333333333078e-01
4.643333333333333202e-01
4.656000000000000139e-01
4.665333333333333554e-01
4.673333333333333228e-01
4.676666666666666750e-01
4.682000000000000051e-01
4.686000000000000165e-01
4.696666666666666767e-01
4.706666666666666776e-01
4.714666666666666450e-01
4.726666666666666794e-01
4.738666666666666583e-01
4.746666666666666812e-01
4.753999999999999893e-01
4.762666666666666715e-01
4.768000000000000016e-01
4.777333333333333432e-01
4.783999999999999919e-01
4.788000000000000034e-01
4.799999999999999822e-01
4.806000000000000272e-01
4.813333333333333353e-01
4.812000000000000166e-01
4.828000000000000069e-01
4.833333333333333370e-01
4.840666666666666451e-01
4.849333333333333274e-01
4.856666666666666909e-01
4.865999999999999770e-01
4.868000000000000105e-01
4.874666666666666592e-01
4.877333333333333520e-01
4.883333333333333415e-01
4.895333333333333203e-01
4.898000000000000131e-01
4.906666666666666399e-01
4.916666666666666408e-01
4.921333333333333115e-01
4.926666666666666416e-01
4.935333333333333239e-01
4.939999999999999947e-01
4.944000000000000061e-01
4.948666666666666769e-01
4.960666666666666558e-01
4.965333333333333266e-01
4.974000000000000088e-01
4.979999999999999982e-01
4.990666666666666584e-01
4.998666666666666814e-01
5.004666666666666153e-01
5.011999999999999789e-01
5.016000000000000458e-01
5.021999999999999797e-01
5.029333333333333433e-01
5.028666666666666840e-01
5.029333333333333433e-01
5.032666666666666400e-01
5.038666666666666849e-01
5.042666666666666409e-01
5.048666666666666858e-01
5.055333333333332790e-01
5.062666666666666426e-01
5.068000000000000282e-01
5.081333333333333258e-01
5.090000000000000080e-01
5.090666666666666673e-01
5.092666666666666453e-01
5.097333333333333716e-01
5.107333333333333725e-01
5.116000000000000547e-01
5.120666666666666700e-01
5.131333333333333302e-01
5.137333333333333751e-01
5.140666666666666718e-01
5.148666666666666947e-01
5.147333333333333760e-01
5.152666666666666506e-01
5.155999999999999472e-01
5.161333333333333329e-01
5.163999999999999702e-01
5.172666666666666524e-01
5.181999999999999940e-01
5.185333333333332906e-01
5.185333333333332906e-01
5.187333333333333796e-01
5.188666666666666982e-01
5.194666666666666321e-01
5.197333333333333805e-01
5.200000000000000178e-01
5.205333333333332924e-01
5.203333333333333144e-01
5.204666666666666330e-01
5.215333333333332932e-01
5.219333333333333602e-01
5.221999999999999975e-01
5.227333333333333831e-01
5.230666666666666798e-01
5.228666666666667018e-01
5.235999999999999543e-01
5.238000000000000433e-01
5.240666666666666806e-01
5.245333333333332959e-01
5.252666666666666595e-01
5.257333333333333858e-01
5.259333333333333638e-01
5.264666666666666384e-01
5.268000000000000460e-01
5.273333333333333206e-01
5.275333333333332986e-01
5.280666666666666842e-01
5.284666666666666401e-01
5.288666666666667071e-01
5.291333333333333444e-01
5.298000000000000487e-01
5.298000000000000487e-01
5.298000000000000487e-01
5.305333333333333012e-01
5.310666666666666869e-01
5.309333333333333682e-01
5.317333333333332801e-01
5.320000000000000284e-01
5.322000000000000064e-01
5.323333333333333250e-01
5.325999999999999623e-01
5.328666666666667107e-01
5.330000000000000293e-01
5.335999999999999632e-01
5.336666666666666226e-01
5.340666666666666895e-01
5.342666666666666675e-01
5.344666666666666455e-01
5.348000000000000531e-01
5.352666666666666684e-01
5.356666666666666243e-01
5.358666666666667133e-01
5.361333333333333506e-01
5.359333333333333727e-01
5.366666666666666252e-01
5.368000000000000549e-01
5.368666666666667142e-01
5.370000000000000329e-01
5.373999999999999888e-01
5.382000000000000117e-01
5.387333333333332863e-01
5.390666666666666940e-01
5.389333333333333753e-01
5.390666666666666940e-01
5.397333333333332872e-01
5.396666666666666279e-01
5.395333333333333092e-01
5.397999999999999465e-01
5.401333333333333542e-01
5.402666666666666728e-01
5.403999999999999915e-01
5.410000000000000364e-01
5.415333333333333110e-01
5.418666666666667187e-01
5.421333333333333560e-01
5.423999999999999932e-01
5.427999999999999492e-01
5.427999999999999492e-01
5.435999999999999721e-01
5.440000000000000391e-01
5.445333333333333137e-01
5.447999999999999510e-01
5.447333333333332916e-01
5.457333333333332925e-01
5.459333333333333815e-01
5.462000000000000188e-01
5.469333333333333824e-01
5.472666666666666790e-01
5.480000000000000426e-01
5.480666666666667020e-01
5.483999999999999986e-01
5.483999999999999986e-01
5.491333333333333622e-01
5.492666666666666808e-01
5.492000000000000215e-01
5.493999999999999995e-01
5.495333333333333181e-01
5.495999999999999774e-01
5.497333333333332961e-01
5.500000000000000444e-01
5.498666666666666147e-01
5.504000000000000004e-01
5.511333333333333639e-01
5.510666666666667046e-01
5.515999999999999792e-01
5.519333333333333869e-01
5.520000000000000462e-01
5.524000000000000021e-01
5.528666666666666174e-01
5.527333333333332988e-01
5.530666666666667064e-01
5.532666666666666844e-01
5.537999999999999590e-01
5.540000000000000480e-01
5.544000000000000039e-01
5.548666666666666192e-01
5.553333333333333455e-01
5.553333333333333455e-01
5.557333333333333014e-01
5.558666666666666201e-01
5.561333333333333684e-01
5.560666666666667091e-01
5.564666666666666650e-01
5.564666666666666650e-01
5.564666666666666650e-01
5.569333333333332803e-01
5.570666666666667100e-01
5.572000000000000286e-01
5.572000000000000286e-01
5.574000000000000066e-01
5.575999999999999845e-01
5.576666666666666439e-01
5.577333333333333032e-01
5.576666666666666439e-01
5.578666666666666218e-01
5.579333333333332812e-01
5.585999999999999854e-01
5.580000000000000515e-01
5.584000000000000075e-01
5.585333333333333261e-01
5.583333333333333481e-01
5.585333333333333261e-01
5.592666666666666897e-01
5.592666666666666897e-01
5.597999999999999643e-01
5.603333333333333499e-01
5.605999999999999872e-01
5.606666666666666465e-01
5.607333333333333059e-01
5.610000000000000542e-01
5.613333333333333508e-01
5.612666666666666915e-01
5.612000000000000322e-01
5.613333333333333508e-01
5.614000000000000101e-01
5.614666666666666694e-01
5.621333333333333737e-01
5.622666666666666924e-01
5.619333333333332847e-01
5.625999999999999890e-01
5.632000000000000339e-01
5.629999999999999449e-01
5.634000000000000119e-01
5.636666666666666492e-01
5.635999999999999899e-01
5.639999999999999458e-01
5.643333333333333535e-01
5.645999999999999908e-01
5.647333333333333094e-01
5.642000000000000348e-01
5.645999999999999908e-01
5.649999999999999467e-01
5.646666666666666501e-01
5.651333333333333764e-01
5.655333333333333323e-01
5.655999999999999917e-01
5.659999999999999476e-01
5.661333333333333773e-01
5.662666666666666959e-01
5.662666666666666959e-01
5.663333333333333552e-01
5.665333333333333332e-01
5.667999999999999705e-01
5.674666666666666748e-01
5.677999999999999714e-01
5.677333333333333121e-01
5.674666666666666748e-01
5.677999999999999714e-01
5.681333333333333790e-01
5.689999999999999503e-01
5.689999999999999503e-01
5.690666666666667206e-01
5.694000000000000172e-01
5.697333333333333139e-01
5.699999999999999512e-01
5.702666666666666995e-01
5.699999999999999512e-01
5.703333333333333588e-01
5.702000000000000401e-01
5.702666666666666995e-01
5.706666666666666554e-01
5.708666666666666334e-01
5.706666666666666554e-01
5.705999999999999961e-01
5.707999999999999741e-01
5.714000000000000190e-01
5.717999999999999750e-01
5.720666666666666123e-01
5.719999999999999529e-01
5.719333333333332936e-01
5.717999999999999750e-01
5.715999999999999970e-01
5.717333333333333156e-01
5.717333333333333156e-01
5.715333333333333377e-01
5.717333333333333156e-01
5.718666666666666343e-01
5.717999999999999750e-01
5.719333333333332936e-01
5.722666666666667012e-01
5.722666666666667012e-01
5.724666666666666792e-01
5.727333333333333165e-01
5.729333333333332945e-01
5.737333333333333174e-01
5.741333333333333844e-01
5.740666666666666140e-01
5.742666666666667030e-01
5.747333333333333183e-01
5.745333333333333403e-01
5.748666666666666369e-01
5.749333333333332963e-01
5.751333333333333853e-01
5.759333333333332972e-01
5.759999999999999565e-01
5.759999999999999565e-01
