3.864666666666666806e-01
3.891333333333333311e-01
3.922666666666666524e-01
3.955333333333333479e-01
3.983333333333333171e-01
4.012666666666666604e-01
4.035333333333333550e-01
4.057999999999999940e-01
4.081333333333333480e-01
4.100666666666666904e-01
4.113999999999999879e-01
4.143333333333333313e-01
4.158000000000000029e-01
4.176666666666666861e-01
4.199333333333333251e-01
4.224666666666666570e-01
4.241333333333333067e-01
4.252000000000000224e-01
4.272666666666666835e-01
4.300666666666666527e-01
4.320666666666666544e-01
4.335999999999999854e-01
4.347333333333333605e-01
4.359333333333333393e-01
4.378000000000000225e-01
4.395999999999999908e-01
4.413333333333333552e-01
4.425999999999999934e-01
4.445333333333333359e-01
4.460000000000000075e-01
4.478666666666666907e-01
4.491999999999999882e-01
4.499333333333333518e-01
4.508666666666666933e-01
4.518666666666666942e-01
4.527999999999999803e-01
4.535333333333333439e-01
4.547999999999999821e-01
4.564666666666666872e-01
4.573999999999999733e-01
4.581999999999999962e-01
4.596666666666666679e-01
4.603333333333333166e-01
4.621333333333333404e-01
4.632000000000000006e-01
4.648666666666666503e-01
4.660000000000000253e-01
4.667999999999999927e-01
4.672666666666666635e-01
4.675333333333333563e-01
4.685333333333333572e-01
4.691333333333333466e-01
4.701333333333333475e-01
4.709999999999999742e-01
4.714666666666666450e-01
4.726000000000000201e-01
4.737999999999999989e-01
4.747333333333333405e-01
4.755333333333333079e-01
4.765333333333333088e-01
4.773333333333333317e-01
4.783333333333333326e-01
4.781333333333333546e-01
4.792000000000000148e-01
4.800666666666666416e-01
4.806000000000000272e-01
4.813999999999999946e-01
4.817333333333333467e-01
4.828666666666666663e-01
4.836666666666666892e-01
4.842000000000000193e-01
4.850666666666666460e-01
4.854666666666666575e-01
4.868000000000000105e-01
4.868000000000000105e-01
4.872000000000000219e-01
4.878666666666666707e-01
4.888666666666666716e-01
4.898000000000000131e-01
4.901333333333333098e-01
4.914000000000000035e-01
4.919333333333333336e-01
4.925333333333333230e-01
4.931333333333333124e-01
4.936666666666666425e-01
4.941333333333333133e-01
4.944666666666666655e-01
4.951999999999999735e-01
4.959333333333333371e-01
4.968666666666666787e-01
4.978666666666666796e-01
4.986666666666666470e-01
4.992666666666666919e-01
5.000666666666666593e-01
5.006000000000000449e-01
5.014666666666666162e-01
5.018000000000000238e-01
5.022666666666666391e-01
5.029333333333333433e-01
5.028666666666666840e-01
5.030000000000000027e-01
5.029333333333333433e-01
5.034666666666666179e-01
5.044666666666666188e-01
5.052666666666666417e-01
5.057333333333333680e-01
5.061333333333333240e-01
5.070666666666666655e-01
5.083333333333333037e-01
5.090000000000000080e-01
5.093333333333333046e-01
5.095333333333332826e-01
5.102666666666666462e-01
5.109333333333333504e-01
5.116666666666667140e-01
5.121333333333333293e-01
5.131999999999999895e-01
5.140000000000000124e-01
5.143333333333333091e-01
5.150000000000000133e-01
5.150666666666666726e-01
5.151999999999999913e-01
5.158666666666666956e-01
5.160000000000000142e-01
5.164666666666666295e-01
5.174666666666666304e-01
5.181333333333333346e-01
5.183999999999999719e-01
5.186666666666667203e-01
5.186666666666667203e-01
5.190000000000000169e-01
5.197333333333333805e-01
5.198000000000000398e-01
5.200000000000000178e-01
5.201333333333333364e-01
5.201999999999999957e-01
5.210666666666666780e-01
5.213999999999999746e-01
5.220666666666666789e-01
5.221999999999999975e-01
5.225333333333332941e-01
5.227333333333333831e-01
5.228000000000000425e-01
5.232666666666666577e-01
5.235999999999999543e-01
5.240000000000000213e-01
5.243999999999999773e-01
5.248000000000000442e-01
5.253999999999999782e-01
5.258666666666667044e-01
5.264666666666666384e-01
5.268000000000000460e-01
5.272666666666666613e-01
5.280000000000000249e-01
5.281333333333333435e-01
5.285999999999999588e-01
5.291333333333333444e-01
5.293333333333333224e-01
5.297333333333332783e-01
5.299333333333333673e-01
5.300666666666666860e-01
5.305999999999999606e-01
5.308666666666667089e-01
5.311333333333333462e-01
5.319333333333333691e-01
5.321333333333333471e-01
5.324666666666666437e-01
5.325333333333333030e-01
5.330000000000000293e-01
5.328666666666667107e-01
5.332666666666666666e-01
5.335333333333333039e-01
5.338666666666667115e-01
5.340000000000000302e-01
5.340000000000000302e-01
5.343333333333333268e-01
5.350666666666666904e-01
5.349333333333333718e-01
5.355333333333333057e-01
5.360666666666666913e-01
5.362000000000000099e-01
5.364666666666666472e-01
5.367333333333332845e-01
5.369333333333333735e-01
5.368666666666667142e-01
5.370000000000000329e-01
5.375333333333333075e-01
5.380000000000000338e-01
5.387999999999999456e-01
5.386666666666666270e-01
5.389333333333333753e-01
5.395333333333333092e-01
5.397999999999999465e-01
5.398666666666667169e-01
5.398666666666667169e-01
5.400666666666666949e-01
5.400000000000000355e-01
5.403333333333333321e-01
5.406666666666666288e-01
5.412666666666666737e-01
5.415333333333333110e-01
5.417999999999999483e-01
5.420000000000000373e-01
5.425333333333333119e-01
5.425999999999999712e-01
5.430000000000000382e-01
5.438666666666667204e-01
5.438666666666667204e-01
5.444666666666666544e-01
5.447999999999999510e-01
5.452000000000000179e-01
5.460000000000000409e-01
5.462666666666666782e-01
5.462000000000000188e-01
5.471333333333333604e-01
5.472000000000000197e-01
5.477333333333332943e-01
5.478666666666666130e-01
5.483333333333333393e-01
5.487999999999999545e-01
5.487333333333332952e-01
5.493999999999999995e-01
5.493999999999999995e-01
5.495333333333333181e-01
5.494666666666666588e-01
5.495999999999999774e-01
5.497999999999999554e-01
5.497999999999999554e-01
5.501333333333333631e-01
5.506666666666666377e-01
5.512000000000000233e-01
5.514666666666666606e-01
5.518666666666666165e-01
5.518666666666666165e-01
5.522000000000000242e-01
5.526666666666666394e-01
5.528666666666666174e-01
5.529333333333333877e-01
5.531333333333333657e-01
5.534666666666666623e-01
5.536666666666666403e-01
5.541333333333333666e-01
5.542666666666666853e-01
5.547333333333333005e-01
5.554000000000000048e-01
5.553333333333333455e-01
5.555999999999999828e-01
5.555999999999999828e-01
5.560666666666667091e-01
5.562666666666666870e-01
5.565999999999999837e-01
5.564666666666666650e-01
5.567333333333333023e-01
5.567333333333333023e-01
5.570000000000000506e-01
5.573333333333333472e-01
5.574666666666666659e-01
5.575333333333333252e-01
5.575333333333333252e-01
5.575999999999999845e-01
5.577999999999999625e-01
5.575333333333333252e-01
5.577333333333333032e-01
5.582666666666666888e-01
5.583333333333333481e-01
5.582666666666666888e-01
5.587333333333333041e-01
5.582666666666666888e-01
5.582666666666666888e-01
5.585999999999999854e-01
5.592000000000000304e-01
5.593333333333333490e-01
5.594666666666666677e-01
5.601333333333333719e-01
5.603333333333333499e-01
5.604666666666666686e-01
5.604666666666666686e-01
5.604666666666666686e-01
5.611333333333333728e-01
5.612666666666666915e-01
5.610666666666667135e-01
5.611333333333333728e-01
5.614666666666666694e-01
5.615333333333333288e-01
5.617333333333333067e-01
5.617333333333333067e-01
5.620000000000000551e-01
5.623333333333333517e-01
5.627999999999999670e-01
5.627999999999999670e-01
5.630666666666667153e-01
5.637333333333333085e-01
5.637999999999999678e-01
5.639999999999999458e-01
5.642666666666666941e-01
5.643333333333333535e-01
5.644000000000000128e-01
5.642666666666666941e-01
5.647333333333333094e-01
5.649333333333332874e-01
5.647333333333333094e-01
5.654000000000000137e-01
5.654666666666666730e-01
5.655333333333333323e-01
5.660666666666667179e-01
5.662000000000000366e-01
5.664000000000000146e-01
5.662000000000000366e-01
5.665333333333333332e-01
5.665999999999999925e-01
5.669999999999999485e-01
5.674000000000000155e-01
5.674000000000000155e-01
5.676666666666666528e-01
5.676666666666666528e-01
5.678666666666666307e-01
5.682666666666666977e-01
5.688666666666666316e-01
5.689999999999999503e-01
5.694000000000000172e-01
5.693333333333333579e-01
5.698666666666666325e-01
5.698666666666666325e-01
5.702000000000000401e-01
5.702666666666666995e-01
5.699999999999999512e-01
5.699333333333332918e-01
5.704666666666666774e-01
5.705999999999999961e-01
5.704666666666666774e-01
5.707999999999999741e-01
5.707999999999999741e-01
5.707999999999999741e-01
5.714000000000000190e-01
5.717999999999999750e-01
5.719333333333332936e-01
5.720666666666666123e-01
5.715999999999999970e-01
5.714666666666666783e-01
5.715999999999999970e-01
5.715999999999999970e-01
5.715999999999999970e-01
5.717999999999999750e-01
5.719333333333332936e-01
5.717999999999999750e-01
5.720666666666666123e-01
5.720666666666666123e-01
5.719999999999999529e-01
5.722666666666667012e-01
5.726666666666666572e-01
5.725999999999999979e-01
5.731333333333333835e-01
5.734666666666666801e-01
5.739333333333332954e-01
5.739999999999999547e-01
5.743333333333333623e-01
5.746666666666666590e-01
5.745999999999999996e-01
5.748666666666666369e-01
5.749999999999999556e-01
5.752000000000000446e-01
5.755333333333333412e-01
5.759999999999999565e-01
