3.860666666666666691e-01
3.886000000000000010e-01
3.919333333333333558e-01
3.951333333333333364e-01
3.980000000000000204e-01
4.004666666666666930e-01
4.031333333333333435e-01
4.052666666666666639e-01
4.077333333333333365e-01
4.097999999999999976e-01
4.113999999999999879e-01
4.139999999999999791e-01
4.158000000000000029e-01
4.169999999999999818e-01
4.196666666666666878e-01
4.222666666666666790e-01
4.239333333333333287e-01
4.249333333333333296e-01
4.268000000000000127e-01
4.297333333333333560e-01
4.315999999999999837e-01
4.334666666666666668e-01
4.346666666666666456e-01
4.361333333333333173e-01
4.378666666666666818e-01
4.394666666666666721e-01
4.412666666666666404e-01
4.425999999999999934e-01
4.444000000000000172e-01
4.455333333333333368e-01
4.475333333333333385e-01
4.490000000000000102e-01
4.497999999999999776e-01
4.506666666666666599e-01
4.517999999999999794e-01
4.524666666666666837e-01
4.536000000000000032e-01
4.546666666666666634e-01
4.560666666666666758e-01
4.570666666666666766e-01
4.581999999999999962e-01
4.596000000000000085e-01
4.601333333333333386e-01
4.620666666666666811e-01
4.632666666666666599e-01
4.646666666666666723e-01
4.660000000000000253e-01
4.662666666666666626e-01
4.670666666666666855e-01
4.677333333333333343e-01
4.683333333333333237e-01
4.689999999999999725e-01
4.701333333333333475e-01
4.707999999999999963e-01
4.716000000000000192e-01
4.726666666666666794e-01
4.737333333333333396e-01
4.748666666666666591e-01
4.755333333333333079e-01
4.763999999999999901e-01
4.769999999999999796e-01
4.776666666666666838e-01
4.782666666666666733e-01
4.790666666666666407e-01
4.802666666666666750e-01
4.808000000000000052e-01
4.812000000000000166e-01
4.817333333333333467e-01
4.829999999999999849e-01
4.833999999999999964e-01
4.841333333333333599e-01
4.849333333333333274e-01
4.854666666666666575e-01
4.866666666666666918e-01
4.868000000000000105e-01
4.872666666666666813e-01
4.875999999999999779e-01
4.884666666666666601e-01
4.893333333333333424e-01
4.902000000000000246e-01
4.910666666666666513e-01
4.918000000000000149e-01
4.924000000000000044e-01
4.931333333333333124e-01
4.936666666666666425e-01
4.942666666666666875e-01
4.944666666666666655e-01
4.950666666666666549e-01
4.960666666666666558e-01
4.968666666666666787e-01
4.976666666666666461e-01
4.981333333333333169e-01
4.992666666666666919e-01
4.998000000000000220e-01
5.005333333333333856e-01
5.013333333333332975e-01
5.018000000000000238e-01
5.023333333333332984e-01
5.028000000000000247e-01
5.028000000000000247e-01
5.030666666666666620e-01
5.030000000000000027e-01
5.035333333333333883e-01
5.043999999999999595e-01
5.051999999999999824e-01
5.056000000000000494e-01
5.061333333333333240e-01
5.068666666666666876e-01
5.080666666666666664e-01
5.088666666666666893e-01
5.091333333333333266e-01
5.091999999999999860e-01
5.101333333333333275e-01
5.108000000000000318e-01
5.116000000000000547e-01
5.118666666666666920e-01
5.132666666666666488e-01
5.141999999999999904e-01
5.146666666666667167e-01
5.150000000000000133e-01
5.150000000000000133e-01
5.151333333333333320e-01
5.155333333333332879e-01
5.159333333333333549e-01
5.164666666666666295e-01
5.173999999999999710e-01
5.180000000000000160e-01
5.184666666666666313e-01
5.185333333333332906e-01
5.187333333333333796e-01
5.190666666666666762e-01
5.195333333333332915e-01
5.198000000000000398e-01
5.199333333333333584e-01
5.201999999999999957e-01
5.200666666666666771e-01
5.207333333333333814e-01
5.213999999999999746e-01
5.218000000000000416e-01
5.221999999999999975e-01
5.225333333333332941e-01
5.227333333333333831e-01
5.227333333333333831e-01
5.233999999999999764e-01
5.233333333333333171e-01
5.239333333333333620e-01
5.243333333333333179e-01
5.249333333333333629e-01
5.252666666666666595e-01
5.259333333333333638e-01
5.263999999999999790e-01
5.264666666666666384e-01
5.273333333333333206e-01
5.277333333333333876e-01
5.280666666666666842e-01
5.284666666666666401e-01
5.291333333333333444e-01
5.291333333333333444e-01
5.293999999999999817e-01
5.295333333333333004e-01
5.298666666666667080e-01
5.301333333333333453e-01
5.309333333333333682e-01
5.308000000000000496e-01
5.315999999999999615e-01
5.318000000000000504e-01
5.323333333333333250e-01
5.323333333333333250e-01
5.326666666666666217e-01
5.328000000000000513e-01
5.330000000000000293e-01
5.334666666666666446e-01
5.336666666666666226e-01
5.340000000000000302e-01
5.340000000000000302e-01
5.345333333333333048e-01
5.346666666666666234e-01
5.352000000000000091e-01
5.353999999999999870e-01
5.359333333333333727e-01
5.363333333333333286e-01
5.361333333333333506e-01
5.363333333333333286e-01
5.367333333333332845e-01
5.370000000000000329e-01
5.371333333333333515e-01
5.370666666666666922e-01
5.377999999999999448e-01
5.384666666666666490e-01
5.386666666666666270e-01
5.383999999999999897e-01
5.393333333333333313e-01
5.396666666666666279e-01
5.397999999999999465e-01
5.396666666666666279e-01
5.397999999999999465e-01
5.400000000000000355e-01
5.400666666666666949e-01
5.401333333333333542e-01
5.410000000000000364e-01
5.415333333333333110e-01
5.417333333333332890e-01
5.421333333333333560e-01
5.423333333333333339e-01
5.423999999999999932e-01
5.428666666666667195e-01
5.435333333333333128e-01
5.438666666666667204e-01
5.442666666666666764e-01
5.446666666666666323e-01
5.450666666666666993e-01
5.458666666666666112e-01
5.460666666666667002e-01
5.462666666666666782e-01
5.466666666666666341e-01
5.472666666666666790e-01
5.477333333333332943e-01
5.479333333333333833e-01
5.483333333333333393e-01
5.486666666666666359e-01
5.487999999999999545e-01
5.491333333333333622e-01
5.493999999999999995e-01
5.493999999999999995e-01
5.494666666666666588e-01
5.495999999999999774e-01
5.497999999999999554e-01
5.500000000000000444e-01
5.500666666666667037e-01
5.506666666666666377e-01
5.510666666666667046e-01
5.514666666666666606e-01
5.515999999999999792e-01
5.518666666666666165e-01
5.520666666666667055e-01
5.527333333333332988e-01
5.526666666666666394e-01
5.530000000000000471e-01
5.533333333333333437e-01
5.534000000000000030e-01
5.536666666666666403e-01
5.538666666666666183e-01
5.544000000000000039e-01
5.547333333333333005e-01
5.550666666666667082e-01
5.555999999999999828e-01
5.554000000000000048e-01
5.556666666666666421e-01
5.556666666666666421e-01
5.562000000000000277e-01
5.561333333333333684e-01
5.567333333333333023e-01
5.567333333333333023e-01
5.566666666666666430e-01
5.570666666666667100e-01
5.574666666666666659e-01
5.573333333333333472e-01
5.574666666666666659e-01
5.575333333333333252e-01
5.575999999999999845e-01
5.576666666666666439e-01
5.575333333333333252e-01
5.576666666666666439e-01
5.581333333333333702e-01
5.581333333333333702e-01
5.581333333333333702e-01
5.587333333333333041e-01
5.584000000000000075e-01
5.583333333333333481e-01
5.585999999999999854e-01
5.590000000000000524e-01
5.591333333333333711e-01
5.595333333333333270e-01
5.599333333333332829e-01
5.602666666666666906e-01
5.606666666666666465e-01
5.604666666666666686e-01
5.604000000000000092e-01
5.609333333333332838e-01
5.612000000000000322e-01
5.609333333333332838e-01
5.611333333333333728e-01
5.614000000000000101e-01
5.615999999999999881e-01
5.617333333333333067e-01
5.615999999999999881e-01
5.620000000000000551e-01
5.623333333333333517e-01
5.628666666666666263e-01
5.627333333333333076e-01
5.632000000000000339e-01
5.632666666666666933e-01
5.639333333333332865e-01
5.639333333333332865e-01
5.642666666666666941e-01
5.644666666666666721e-01
5.645999999999999908e-01
5.642666666666666941e-01
5.645999999999999908e-01
5.649333333333332874e-01
5.647999999999999687e-01
5.649999999999999467e-01
5.655333333333333323e-01
5.655999999999999917e-01
5.659999999999999476e-01
5.658666666666666289e-01
5.662666666666666959e-01
5.662000000000000366e-01
5.663333333333333552e-01
5.663333333333333552e-01
5.668666666666666298e-01
5.672000000000000375e-01
5.673333333333333561e-01
5.675999999999999934e-01
5.674000000000000155e-01
5.675333333333333341e-01
5.682000000000000384e-01
5.686666666666666536e-01
5.687333333333333130e-01
5.692000000000000393e-01
5.692000000000000393e-01
5.694666666666666766e-01
5.697999999999999732e-01
5.702666666666666995e-01
5.698666666666666325e-01
5.701333333333333808e-01
5.699333333333332918e-01
5.702666666666666995e-01
5.704666666666666774e-01
5.704666666666666774e-01
5.705333333333333368e-01
5.704666666666666774e-01
5.705999999999999961e-01
5.711333333333333817e-01
5.716666666666666563e-01
5.717333333333333156e-01
5.720666666666666123e-01
5.717333333333333156e-01
5.713333333333333597e-01
5.715999999999999970e-01
5.716666666666666563e-01
5.717999999999999750e-01
5.718666666666666343e-01
5.717999999999999750e-01
5.716666666666666563e-01
5.718666666666666343e-01
5.719333333333332936e-01
5.720666666666666123e-01
5.720666666666666123e-01
5.726666666666666572e-01
5.725333333333333385e-01
5.730666666666666131e-01
5.734000000000000208e-01
5.737999999999999767e-01
5.738666666666666361e-01
5.740666666666666140e-01
5.742666666666667030e-01
5.744000000000000217e-01
5.744666666666666810e-01
5.746666666666666590e-01
5.748666666666666369e-01
5.754666666666666819e-01
5.756666666666666599e-01
