3.917999999999999816e-01
3.948666666666666436e-01
3.977333333333333276e-01
4.006666666666666710e-01
4.033333333333333215e-01
4.051333333333333453e-01
4.073999999999999844e-01
4.093999999999999861e-01
4.110666666666666913e-01
4.132000000000000117e-01
4.152000000000000135e-01
4.169333333333333225e-01
4.189999999999999836e-01
4.213333333333333375e-01
4.233999999999999986e-01
4.246666666666666923e-01
4.265333333333333199e-01
4.289333333333333331e-01
4.308666666666666756e-01
4.330666666666666553e-01
4.339999999999999969e-01
4.354000000000000092e-01
4.368666666666666809e-01
4.387333333333333085e-01
4.405333333333333323e-01
4.420666666666666633e-01
4.434666666666666757e-01
4.451333333333333253e-01
4.467999999999999750e-01
4.485333333333333394e-01
4.494000000000000217e-01
4.500666666666666704e-01
4.511333333333333306e-01
4.523333333333333095e-01
4.529333333333333544e-01
4.542666666666666520e-01
4.555333333333333456e-01
4.569333333333333580e-01
4.579333333333333589e-01
4.586000000000000076e-01
4.596666666666666679e-01
4.613999999999999768e-01
4.627999999999999892e-01
4.642000000000000015e-01
4.654666666666666397e-01
4.663999999999999813e-01
4.667999999999999927e-01
4.677999999999999936e-01
4.677999999999999936e-01
4.687333333333333352e-01
4.695333333333333581e-01
4.703999999999999848e-01
4.713999999999999857e-01
4.724666666666666459e-01
4.735333333333333061e-01
4.740666666666666917e-01
4.751333333333333520e-01
4.759999999999999787e-01
4.765333333333333088e-01
4.773999999999999910e-01
4.783999999999999919e-01
4.786000000000000254e-01
4.796666666666666856e-01
4.803999999999999937e-01
4.810666666666666424e-01
4.817333333333333467e-01
4.824666666666666548e-01
4.837333333333333485e-01
4.841333333333333599e-01
4.846666666666666901e-01
4.854666666666666575e-01
4.861333333333333062e-01
4.865999999999999770e-01
4.872000000000000219e-01
4.876666666666666927e-01
4.880666666666666487e-01
4.894000000000000017e-01
4.901333333333333098e-01
4.905999999999999805e-01
4.915999999999999814e-01
4.919333333333333336e-01
4.923333333333333450e-01
4.932666666666666866e-01
4.938666666666666760e-01
4.944000000000000061e-01
4.946666666666666434e-01
4.955999999999999850e-01
4.966666666666666452e-01
4.972666666666666901e-01
4.979999999999999982e-01
4.989999999999999991e-01
4.998000000000000220e-01
5.003333333333332966e-01
5.011333333333333195e-01
5.018000000000000238e-01
5.023999999999999577e-01
5.027333333333333654e-01
5.030000000000000027e-01
5.030666666666666620e-01
5.032666666666666400e-01
5.038666666666666849e-01
5.043333333333333002e-01
5.049333333333333451e-01
5.056666666666667087e-01
5.061999999999999833e-01
5.068666666666666876e-01
5.076000000000000512e-01
5.086000000000000520e-01
5.091999999999999860e-01
5.093999999999999639e-01
5.094666666666666233e-01
5.105333333333332835e-01
5.113999999999999657e-01
5.116000000000000547e-01
5.127333333333333742e-01
5.134666666666666268e-01
5.141333333333333311e-01
5.149333333333333540e-01
5.150666666666666726e-01
5.151333333333333320e-01
5.158000000000000362e-01
5.162666666666666515e-01
5.162666666666666515e-01
5.170000000000000151e-01
5.178666666666666973e-01
5.185333333333332906e-01
5.185333333333332906e-01
5.188000000000000389e-01
5.190000000000000169e-01
5.193333333333333135e-01
5.200000000000000178e-01
5.200000000000000178e-01
5.202666666666666551e-01
5.205333333333332924e-01
5.208000000000000407e-01
5.217333333333333822e-01
5.218000000000000416e-01
5.223333333333333162e-01
5.228000000000000425e-01
5.231999999999999984e-01
5.231999999999999984e-01
5.235999999999999543e-01
5.236666666666666137e-01
5.241999999999999993e-01
5.244666666666666366e-01
5.250000000000000222e-01
5.255333333333332968e-01
5.260666666666666824e-01
5.262000000000000011e-01
5.268000000000000460e-01
5.272666666666666613e-01
5.280666666666666842e-01
5.282000000000000028e-01
5.285999999999999588e-01
5.286666666666666181e-01
5.292000000000000037e-01
5.298000000000000487e-01
5.296666666666666190e-01
5.298000000000000487e-01
5.302666666666666639e-01
5.305999999999999606e-01
5.310000000000000275e-01
5.315999999999999615e-01
5.318666666666667098e-01
5.323333333333333250e-01
5.319333333333333691e-01
5.326666666666666217e-01
5.328000000000000513e-01
5.332666666666666666e-01
5.332666666666666666e-01
5.335333333333333039e-01
5.336666666666666226e-01
5.341333333333333488e-01
5.342666666666666675e-01
5.348666666666667124e-01
5.353333333333333277e-01
5.356666666666666243e-01
5.360666666666666913e-01
5.362000000000000099e-01
5.363999999999999879e-01
5.365333333333333066e-01
5.368666666666667142e-01
5.371333333333333515e-01
5.370666666666666922e-01
5.371333333333333515e-01
5.380000000000000338e-01
5.387333333333332863e-01
5.390666666666666940e-01
5.392666666666666719e-01
5.395333333333333092e-01
5.395999999999999686e-01
5.401333333333333542e-01
5.401333333333333542e-01
5.404666666666666508e-01
5.401333333333333542e-01
5.404666666666666508e-01
5.407333333333332881e-01
5.412000000000000144e-01
5.415999999999999703e-01
5.417333333333332890e-01
5.420666666666666966e-01
5.423333333333333339e-01
5.428666666666667195e-01
5.432000000000000162e-01
5.438666666666667204e-01
5.441333333333333577e-01
5.447999999999999510e-01
5.447999999999999510e-01
5.448666666666667213e-01
5.455999999999999739e-01
5.457999999999999519e-01
5.463999999999999968e-01
5.467999999999999527e-01
5.473333333333333384e-01
5.478666666666666130e-01
5.481333333333333613e-01
5.482000000000000206e-01
5.489333333333333842e-01
5.490000000000000435e-01
5.493333333333333401e-01
5.494666666666666588e-01
5.495999999999999774e-01
5.497333333333332961e-01
5.497999999999999554e-01
5.500666666666667037e-01
5.504000000000000004e-01
5.504000000000000004e-01
5.505999999999999783e-01
5.511333333333333639e-01
5.512000000000000233e-01
5.518666666666666165e-01
5.518666666666666165e-01
5.522666666666666835e-01
5.525333333333333208e-01
5.531333333333333657e-01
5.533333333333333437e-01
5.530666666666667064e-01
5.534666666666666623e-01
5.537333333333332996e-01
5.541333333333333666e-01
5.545333333333333226e-01
5.548666666666666192e-01
5.553333333333333455e-01
5.557999999999999607e-01
5.556666666666666421e-01
5.560666666666667091e-01
5.560000000000000497e-01
5.557999999999999607e-01
5.564000000000000057e-01
5.564666666666666650e-01
5.567999999999999616e-01
5.566666666666666430e-01
5.569333333333332803e-01
5.572000000000000286e-01
5.575333333333333252e-01
5.573333333333333472e-01
5.575999999999999845e-01
5.576666666666666439e-01
5.578666666666666218e-01
5.579333333333332812e-01
5.577999999999999625e-01
5.583333333333333481e-01
5.587333333333333041e-01
5.583333333333333481e-01
5.582000000000000295e-01
5.587333333333333041e-01
5.587333333333333041e-01
5.586666666666666448e-01
5.592666666666666897e-01
5.597333333333333050e-01
5.599333333333332829e-01
5.604000000000000092e-01
5.609333333333332838e-01
5.609333333333332838e-01
5.611333333333333728e-01
5.608666666666666245e-01
5.612666666666666915e-01
5.612666666666666915e-01
5.612666666666666915e-01
5.614000000000000101e-01
5.615333333333333288e-01
5.620666666666667144e-01
5.624666666666666703e-01
5.624666666666666703e-01
5.624000000000000110e-01
5.629333333333332856e-01
5.634000000000000119e-01
5.629333333333332856e-01
5.635999999999999899e-01
5.634666666666666712e-01
5.639333333333332865e-01
5.639999999999999458e-01
5.644000000000000128e-01
5.644000000000000128e-01
5.647333333333333094e-01
5.645999999999999908e-01
5.645999999999999908e-01
5.648666666666666281e-01
5.652000000000000357e-01
5.652000000000000357e-01
5.656666666666666510e-01
5.658666666666666289e-01
5.664666666666666739e-01
5.662666666666666959e-01
5.662000000000000366e-01
5.663333333333333552e-01
5.664666666666666739e-01
5.665333333333333332e-01
5.671333333333333782e-01
5.675333333333333341e-01
5.675999999999999934e-01
5.677333333333333121e-01
5.677333333333333121e-01
5.679333333333332900e-01
5.682000000000000384e-01
5.688666666666666316e-01
5.689333333333332909e-01
5.694666666666666766e-01
5.697333333333333139e-01
5.697999999999999732e-01
5.702666666666666995e-01
5.704000000000000181e-01
5.702666666666666995e-01
5.705333333333333368e-01
5.707333333333333147e-01
5.706666666666666554e-01
5.711333333333333817e-01
5.714000000000000190e-01
5.709999999999999520e-01
5.709333333333332927e-01
5.707999999999999741e-01
5.709999999999999520e-01
5.715333333333333377e-01
5.719999999999999529e-01
5.722666666666667012e-01
5.722000000000000419e-01
5.718666666666666343e-01
5.718666666666666343e-01
5.715333333333333377e-01
5.719333333333332936e-01
5.719999999999999529e-01
5.717333333333333156e-01
5.722000000000000419e-01
5.718666666666666343e-01
5.718666666666666343e-01
5.721333333333333826e-01
5.725999999999999979e-01
5.729999999999999538e-01
5.730666666666666131e-01
5.735333333333333394e-01
5.740666666666666140e-01
5.739333333333332954e-01
5.742000000000000437e-01
5.745333333333333403e-01
5.745999999999999996e-01
5.751333333333333853e-01
5.749999999999999556e-01
5.755333333333333412e-01
5.756000000000000005e-01
5.760666666666666158e-01
5.763333333333333641e-01
5.764000000000000234e-01
5.764000000000000234e-01
