3.223333333333333606e-01
3.326000000000000068e-01
3.404666666666666397e-01
3.483999999999999875e-01
3.548000000000000043e-01
3.596666666666666901e-01
3.650666666666666504e-01
3.698666666666666769e-01
3.748000000000000220e-01
3.784000000000000141e-01
3.827999999999999736e-01
3.860666666666666691e-01
3.898666666666666392e-01
3.930000000000000160e-01
3.964666666666666894e-01
4.007333333333333303e-01
4.031333333333333435e-01
4.060000000000000275e-01
4.077333333333333365e-01
4.101333333333333497e-01
4.121333333333333515e-01
4.142666666666666719e-01
4.162666666666666737e-01
4.176000000000000267e-01
4.198666666666666658e-01
4.217333333333333489e-01
4.239333333333333287e-01
4.270666666666666500e-01
4.285333333333333217e-01
4.297333333333333560e-01
4.313333333333333464e-01
4.338000000000000189e-01
4.353333333333333499e-01
4.375333333333333297e-01
4.388000000000000234e-01
4.402666666666666395e-01
4.416666666666666519e-01
4.438666666666666871e-01
4.459333333333333482e-01
4.471999999999999864e-01
4.480000000000000093e-01
4.489333333333333509e-01
4.499333333333333518e-01
4.504000000000000226e-01
4.520666666666666722e-01
4.527999999999999803e-01
4.539333333333333553e-01
4.546666666666666634e-01
4.560666666666666758e-01
4.576666666666666661e-01
4.587999999999999856e-01
4.597999999999999865e-01
4.611333333333333395e-01
4.621333333333333404e-01
4.624666666666666925e-01
4.635333333333333528e-01
4.642666666666666608e-01
4.650000000000000244e-01
4.662000000000000033e-01
4.667333333333333334e-01
4.672666666666666635e-01
4.677333333333333343e-01
4.687333333333333352e-01
4.696000000000000174e-01
4.697333333333333361e-01
4.703333333333333255e-01
4.709333333333333149e-01
4.722000000000000086e-01
4.729999999999999760e-01
4.741333333333333511e-01
4.753333333333333299e-01
4.761333333333333528e-01
4.769999999999999796e-01
4.778666666666666618e-01
4.784666666666666512e-01
4.791333333333333555e-01
4.795333333333333115e-01
4.798666666666666636e-01
4.808666666666666645e-01
4.809999999999999831e-01
4.816666666666666874e-01
4.828666666666666663e-01
4.834666666666666557e-01
4.839333333333333265e-01
4.842666666666666786e-01
4.851333333333333608e-01
4.852000000000000202e-01
4.853999999999999981e-01
4.860666666666666469e-01
4.872666666666666813e-01
4.885999999999999788e-01
4.888000000000000123e-01
4.889333333333333309e-01
4.903333333333333433e-01
4.905999999999999805e-01
4.914666666666666628e-01
4.919333333333333336e-01
4.928666666666666751e-01
4.939333333333333353e-01
4.947333333333333583e-01
4.954666666666666663e-01
4.957333333333333591e-01
4.963333333333333486e-01
4.971333333333333160e-01
4.978666666666666796e-01
4.984000000000000097e-01
4.989333333333333398e-01
4.990666666666666584e-01
4.994000000000000106e-01
4.996666666666666479e-01
5.008000000000000229e-01
5.021999999999999797e-01
5.024666666666666170e-01
5.028000000000000247e-01
5.034666666666666179e-01
5.044666666666666188e-01
5.046000000000000485e-01
5.045333333333332781e-01
5.049333333333333451e-01
5.054666666666666197e-01
5.060666666666666647e-01
5.062666666666666426e-01
5.074666666666666215e-01
5.083333333333333037e-01
5.089333333333333487e-01
5.093999999999999639e-01
5.097333333333333716e-01
5.108000000000000318e-01
5.112666666666666471e-01
5.114666666666666250e-01
5.111333333333333284e-01
5.121333333333333293e-01
5.123999999999999666e-01
5.134666666666666268e-01
5.133999999999999675e-01
5.131999999999999895e-01
5.140666666666666718e-01
5.143333333333333091e-01
5.145333333333332870e-01
5.146666666666667167e-01
5.150666666666666726e-01
5.153999999999999693e-01
5.151999999999999913e-01
5.156666666666667176e-01
5.159333333333333549e-01
5.164666666666666295e-01
5.162666666666666515e-01
5.168666666666666965e-01
5.171333333333333337e-01
5.181333333333333346e-01
5.185999999999999499e-01
5.181999999999999940e-01
5.188666666666666982e-01
5.190000000000000169e-01
5.194666666666666321e-01
5.199333333333333584e-01
5.203333333333333144e-01
5.204666666666666330e-01
5.206666666666667220e-01
5.210000000000000187e-01
5.211333333333333373e-01
5.213333333333333153e-01
5.214666666666666339e-01
5.223333333333333162e-01
5.226666666666666128e-01
5.231333333333333391e-01
5.235333333333332950e-01
5.238666666666667027e-01
5.240000000000000213e-01
5.244666666666666366e-01
5.251333333333333409e-01
5.256666666666666154e-01
5.262000000000000011e-01
5.261333333333333417e-01
5.263333333333333197e-01
5.268000000000000460e-01
5.268000000000000460e-01
5.271333333333333426e-01
5.270000000000000240e-01
5.270000000000000240e-01
5.275333333333332986e-01
5.278000000000000469e-01
5.279333333333333655e-01
5.282000000000000028e-01
5.285333333333332995e-01
5.289333333333333664e-01
5.293333333333333224e-01
5.298666666666667080e-01
5.306666666666666199e-01
5.308000000000000496e-01
5.307333333333332792e-01
5.308666666666667089e-01
5.309333333333333682e-01
5.312000000000000055e-01
5.316666666666666208e-01
5.319333333333333691e-01
5.324666666666666437e-01
5.325333333333333030e-01
5.325999999999999623e-01
5.337333333333332819e-01
5.340000000000000302e-01
5.340666666666666895e-01
5.337333333333332819e-01
5.342000000000000082e-01
5.348000000000000531e-01
5.352000000000000091e-01
5.346666666666666234e-01
5.352666666666666684e-01
5.355999999999999650e-01
5.359333333333333727e-01
5.362000000000000099e-01
5.372666666666666702e-01
5.376666666666666261e-01
5.382666666666666710e-01
5.378666666666667151e-01
5.380666666666666931e-01
5.383999999999999897e-01
5.384666666666666490e-01
5.387333333333332863e-01
5.387999999999999456e-01
5.393333333333333313e-01
5.402666666666666728e-01
5.411333333333333551e-01
5.415333333333333110e-01
5.421333333333333560e-01
5.420000000000000373e-01
5.423999999999999932e-01
5.422666666666666746e-01
5.426666666666666305e-01
5.435999999999999721e-01
5.442666666666666764e-01
5.444666666666666544e-01
5.445333333333333137e-01
5.446666666666666323e-01
5.449333333333333806e-01
5.444666666666666544e-01
5.446666666666666323e-01
5.445999999999999730e-01
5.457333333333332925e-01
5.459333333333333815e-01
5.457333333333332925e-01
5.460666666666667002e-01
5.467333333333332934e-01
5.468666666666666121e-01
5.467999999999999527e-01
5.470000000000000417e-01
5.471333333333333604e-01
5.477333333333332943e-01
5.477333333333332943e-01
5.484666666666666579e-01
5.483333333333333393e-01
5.482000000000000206e-01
5.485999999999999766e-01
5.490000000000000435e-01
5.489333333333333842e-01
5.492666666666666808e-01
5.496666666666666368e-01
5.492000000000000215e-01
5.493999999999999995e-01
5.496666666666666368e-01
5.495999999999999774e-01
5.497333333333332961e-01
5.506666666666666377e-01
5.511333333333333639e-01
5.510666666666667046e-01
5.514666666666666606e-01
5.515333333333333199e-01
5.517333333333332979e-01
5.515999999999999792e-01
5.515999999999999792e-01
5.512666666666666826e-01
5.515999999999999792e-01
5.515999999999999792e-01
5.517333333333332979e-01
5.518666666666666165e-01
5.515999999999999792e-01
5.520000000000000462e-01
5.521333333333333648e-01
5.514666666666666606e-01
5.515333333333333199e-01
5.513333333333333419e-01
5.515999999999999792e-01
5.521333333333333648e-01
5.527333333333332988e-01
5.530000000000000471e-01
5.532000000000000250e-01
5.541333333333333666e-01
5.540666666666667073e-01
5.546666666666666412e-01
5.546666666666666412e-01
5.547333333333333005e-01
5.549333333333332785e-01
5.546666666666666412e-01
5.548666666666666192e-01
5.549333333333332785e-01
5.550000000000000488e-01
5.553333333333333455e-01
5.558666666666666201e-01
5.557999999999999607e-01
5.564000000000000057e-01
5.572000000000000286e-01
5.572666666666666879e-01
5.573333333333333472e-01
5.576666666666666439e-01
5.572666666666666879e-01
5.576666666666666439e-01
5.574000000000000066e-01
5.580000000000000515e-01
5.583333333333333481e-01
5.587999999999999634e-01
5.588666666666666227e-01
5.588666666666666227e-01
5.591333333333333711e-01
5.590000000000000524e-01
5.592000000000000304e-01
5.594000000000000083e-01
5.596666666666666456e-01
5.595999999999999863e-01
5.595999999999999863e-01
5.604666666666666686e-01
5.606666666666666465e-01
5.610000000000000542e-01
5.614000000000000101e-01
5.611333333333333728e-01
5.607333333333333059e-01
5.612000000000000322e-01
5.614000000000000101e-01
5.620000000000000551e-01
5.617999999999999661e-01
5.617999999999999661e-01
5.619333333333332847e-01
5.619333333333332847e-01
5.623333333333333517e-01
5.628666666666666263e-01
5.633333333333333526e-01
5.632000000000000339e-01
5.639999999999999458e-01
5.635999999999999899e-01
5.638666666666666272e-01
5.644666666666666721e-01
5.649333333333332874e-01
5.648666666666666281e-01
5.652666666666666950e-01
5.658666666666666289e-01
5.654666666666666730e-01
5.654666666666666730e-01
5.659999999999999476e-01
5.661333333333333773e-01
5.664000000000000146e-01
5.665333333333333332e-01
5.663333333333333552e-01
5.664000000000000146e-01
5.661333333333333773e-01
5.661333333333333773e-01
5.664666666666666739e-01
5.662666666666666959e-01
5.663333333333333552e-01
5.665333333333333332e-01
5.668666666666666298e-01
5.667333333333333112e-01
5.671333333333333782e-01
5.675333333333333341e-01
5.673333333333333561e-01
