3.241999999999999882e-01
3.340000000000000191e-01
3.422666666666666635e-01
3.493999999999999884e-01
3.553333333333333344e-01
3.608000000000000096e-01
3.659999999999999920e-01
3.704666666666666663e-01
3.752666666666666928e-01
3.791333333333333222e-01
3.834000000000000186e-01
3.866666666666666585e-01
3.904000000000000248e-01
3.936666666666666647e-01
3.970000000000000195e-01
4.012666666666666604e-01
4.033999999999999808e-01
4.064666666666666428e-01
4.082666666666666666e-01
4.102000000000000091e-01
4.123999999999999888e-01
4.146666666666666834e-01
4.166000000000000258e-01
4.182000000000000162e-01
4.203333333333333366e-01
4.218666666666666676e-01
4.246666666666666923e-01
4.275333333333333208e-01
4.288666666666666738e-01
4.299333333333333340e-01
4.317333333333333578e-01
4.343333333333333490e-01
4.358666666666666800e-01
4.378000000000000225e-01
4.390000000000000013e-01
4.406666666666666510e-01
4.420000000000000040e-01
4.444666666666666766e-01
4.458666666666666889e-01
4.473333333333333606e-01
4.483333333333333059e-01
4.494666666666666810e-01
4.499333333333333518e-01
4.511999999999999900e-01
4.524666666666666837e-01
4.530666666666666731e-01
4.541333333333333333e-01
4.551999999999999935e-01
4.567999999999999838e-01
4.578666666666666440e-01
4.590000000000000191e-01
4.600000000000000200e-01
4.611999999999999988e-01
4.624666666666666925e-01
4.626666666666666705e-01
4.640000000000000235e-01
4.645333333333333536e-01
4.652666666666666617e-01
4.662666666666666626e-01
4.669333333333333114e-01
4.672666666666666635e-01
4.679333333333333123e-01
4.687999999999999945e-01
4.699333333333333140e-01
4.702000000000000068e-01
4.706000000000000183e-01
4.715333333333333599e-01
4.727999999999999980e-01
4.737999999999999989e-01
4.746000000000000218e-01
4.756666666666666821e-01
4.765333333333333088e-01
4.773333333333333317e-01
4.782666666666666733e-01
4.789333333333333220e-01
4.794666666666666521e-01
4.800666666666666416e-01
4.804666666666666530e-01
4.808666666666666645e-01
4.811333333333333573e-01
4.823333333333333361e-01
4.828666666666666663e-01
4.837333333333333485e-01
4.839999999999999858e-01
4.842666666666666786e-01
4.852000000000000202e-01
4.858000000000000096e-01
4.858000000000000096e-01
4.865999999999999770e-01
4.878666666666666707e-01
4.886666666666666936e-01
4.889333333333333309e-01
4.894000000000000017e-01
4.905999999999999805e-01
4.911333333333333107e-01
4.918000000000000149e-01
4.924666666666666637e-01
4.929333333333333345e-01
4.943333333333333468e-01
4.949999999999999956e-01
4.955999999999999850e-01
4.960666666666666558e-01
4.965333333333333266e-01
4.974000000000000088e-01
4.981333333333333169e-01
4.984000000000000097e-01
4.992666666666666919e-01
4.991999999999999771e-01
4.994666666666666699e-01
4.999333333333333407e-01
5.013999999999999568e-01
5.024666666666666170e-01
5.028000000000000247e-01
5.031999999999999806e-01
5.041333333333333222e-01
5.046666666666667078e-01
5.050000000000000044e-01
5.049333333333333451e-01
5.051999999999999824e-01
5.057333333333333680e-01
5.061333333333333240e-01
5.066666666666667096e-01
5.076000000000000512e-01
5.083999999999999631e-01
5.092666666666666453e-01
5.096666666666667123e-01
5.101333333333333275e-01
5.113999999999999657e-01
5.120000000000000107e-01
5.113999999999999657e-01
5.116000000000000547e-01
5.127333333333333742e-01
5.130666666666666709e-01
5.137333333333333751e-01
5.135999999999999455e-01
5.139333333333333531e-01
5.141999999999999904e-01
5.145333333333332870e-01
5.147333333333333760e-01
5.148666666666666947e-01
5.153999999999999693e-01
5.155333333333332879e-01
5.153999999999999693e-01
5.160000000000000142e-01
5.163333333333333108e-01
5.167333333333333778e-01
5.168666666666666965e-01
5.171333333333333337e-01
5.175999999999999490e-01
5.187333333333333796e-01
5.189333333333333576e-01
5.183999999999999719e-01
5.190000000000000169e-01
5.190666666666666762e-01
5.194666666666666321e-01
5.201999999999999957e-01
5.201999999999999957e-01
5.210000000000000187e-01
5.210666666666666780e-01
5.215333333333332932e-01
5.214666666666666339e-01
5.217333333333333822e-01
5.218666666666667009e-01
5.223999999999999755e-01
5.226666666666666128e-01
5.233999999999999764e-01
5.239333333333333620e-01
5.242666666666666586e-01
5.245999999999999552e-01
5.248666666666667036e-01
5.256666666666666154e-01
5.262000000000000011e-01
5.263999999999999790e-01
5.266666666666666163e-01
5.267333333333333867e-01
5.271333333333333426e-01
5.273999999999999799e-01
5.272666666666666613e-01
5.272666666666666613e-01
5.275333333333332986e-01
5.280000000000000249e-01
5.276666666666666172e-01
5.282000000000000028e-01
5.286666666666666181e-01
5.286666666666666181e-01
5.293333333333333224e-01
5.295333333333333004e-01
5.302666666666666639e-01
5.311333333333333462e-01
5.310666666666666869e-01
5.308666666666667089e-01
5.310666666666666869e-01
5.310666666666666869e-01
5.317333333333332801e-01
5.321333333333333471e-01
5.325999999999999623e-01
5.328000000000000513e-01
5.325999999999999623e-01
5.333333333333333259e-01
5.342000000000000082e-01
5.340000000000000302e-01
5.342666666666666675e-01
5.340000000000000302e-01
5.345999999999999641e-01
5.352666666666666684e-01
5.355999999999999650e-01
5.355999999999999650e-01
5.358000000000000540e-01
5.358666666666667133e-01
5.363999999999999879e-01
5.368000000000000549e-01
5.377333333333332854e-01
5.379333333333333744e-01
5.383999999999999897e-01
5.383999999999999897e-01
5.385333333333333083e-01
5.385333333333333083e-01
5.385333333333333083e-01
5.389333333333333753e-01
5.392000000000000126e-01
5.398666666666667169e-01
5.407999999999999474e-01
5.415333333333333110e-01
5.420666666666666966e-01
5.421333333333333560e-01
5.422000000000000153e-01
5.427999999999999492e-01
5.427999999999999492e-01
5.432666666666666755e-01
5.442000000000000171e-01
5.443999999999999950e-01
5.446666666666666323e-01
5.450666666666666993e-01
5.448666666666667213e-01
5.454666666666666552e-01
5.448666666666667213e-01
5.450000000000000400e-01
5.452666666666666773e-01
5.457999999999999519e-01
5.462666666666666782e-01
5.461333333333333595e-01
5.467999999999999527e-01
5.470666666666667011e-01
5.468666666666666121e-01
5.471333333333333604e-01
5.474666666666666570e-01
5.477333333333332943e-01
5.480000000000000426e-01
5.478666666666666130e-01
5.485333333333333172e-01
5.482666666666666799e-01
5.483999999999999986e-01
5.488666666666666138e-01
5.491333333333333622e-01
5.491333333333333622e-01
5.495999999999999774e-01
5.495999999999999774e-01
5.493999999999999995e-01
5.496666666666666368e-01
5.500666666666667037e-01
5.499333333333333851e-01
5.500000000000000444e-01
5.510000000000000453e-01
5.514000000000000012e-01
5.517333333333332979e-01
5.517999999999999572e-01
5.520000000000000462e-01
5.519333333333333869e-01
5.520666666666667055e-01
5.519333333333333869e-01
5.516666666666666385e-01
5.520666666666667055e-01
5.517333333333332979e-01
5.522000000000000242e-01
5.521333333333333648e-01
5.518666666666666165e-01
5.520666666666667055e-01
5.519333333333333869e-01
5.518666666666666165e-01
5.520000000000000462e-01
5.514666666666666606e-01
5.520666666666667055e-01
5.528666666666666174e-01
5.532000000000000250e-01
5.532666666666666844e-01
5.537999999999999590e-01
5.544666666666666632e-01
5.540666666666667073e-01
5.549333333333332785e-01
5.551333333333333675e-01
5.550000000000000488e-01
5.551333333333333675e-01
5.551333333333333675e-01
5.554666666666666641e-01
5.555333333333333234e-01
5.555999999999999828e-01
5.555999999999999828e-01
5.560000000000000497e-01
5.563333333333333464e-01
5.565333333333333243e-01
5.574666666666666659e-01
5.574666666666666659e-01
5.575333333333333252e-01
5.577999999999999625e-01
5.576666666666666439e-01
5.577333333333333032e-01
5.574000000000000066e-01
5.582666666666666888e-01
5.585999999999999854e-01
5.591333333333333711e-01
5.590000000000000524e-01
5.589333333333332821e-01
5.594000000000000083e-01
5.595333333333333270e-01
5.595333333333333270e-01
5.594666666666666677e-01
5.597999999999999643e-01
5.597999999999999643e-01
5.597999999999999643e-01
5.609333333333332838e-01
5.612000000000000322e-01
5.612000000000000322e-01
5.614666666666666694e-01
5.616666666666666474e-01
5.613333333333333508e-01
5.615333333333333288e-01
5.618666666666666254e-01
5.622666666666666924e-01
5.621333333333333737e-01
5.621333333333333737e-01
5.622000000000000330e-01
5.620666666666667144e-01
5.625999999999999890e-01
5.632000000000000339e-01
5.638666666666666272e-01
5.637333333333333085e-01
5.639333333333332865e-01
5.636666666666666492e-01
5.643333333333333535e-01
5.649999999999999467e-01
5.650666666666667171e-01
5.651333333333333764e-01
5.659999999999999476e-01
5.661333333333333773e-01
5.657999999999999696e-01
5.662000000000000366e-01
5.662666666666666959e-01
5.663333333333333552e-01
5.662666666666666959e-01
5.668666666666666298e-01
5.665333333333333332e-01
5.665333333333333332e-01
5.666666666666666519e-01
5.666666666666666519e-01
5.667333333333333112e-01
5.664666666666666739e-01
5.669333333333332892e-01
5.669999999999999485e-01
5.672666666666666968e-01
5.672000000000000375e-01
5.675333333333333341e-01
5.677333333333333121e-01
5.673333333333333561e-01
