3.263333333333333086e-01
3.351333333333333386e-01
3.430000000000000271e-01
3.503999999999999893e-01
3.561333333333333573e-01
3.614666666666666583e-01
3.663333333333333441e-01
3.708666666666666778e-01
3.754666666666666708e-01
3.802666666666666417e-01
3.837333333333333152e-01
3.872666666666666480e-01
3.907999999999999807e-01
3.941333333333333355e-01
3.979333333333333056e-01
4.014666666666666939e-01
4.038666666666666516e-01
4.066666666666666763e-01
4.084666666666666446e-01
4.104666666666666464e-01
4.126666666666666816e-01
4.148666666666666614e-01
4.163333333333333330e-01
4.188666666666666649e-01
4.205333333333333146e-01
4.219333333333333269e-01
4.250666666666666482e-01
4.278666666666666729e-01
4.294000000000000039e-01
4.304666666666666641e-01
4.321333333333333138e-01
4.342666666666666897e-01
4.359999999999999987e-01
4.379333333333333411e-01
4.393333333333333535e-01
4.408666666666666845e-01
4.423333333333333561e-01
4.445999999999999952e-01
4.465333333333333377e-01
4.475999999999999979e-01
4.487333333333333174e-01
4.495999999999999996e-01
4.500666666666666704e-01
4.512666666666666493e-01
4.525333333333333430e-01
4.531999999999999917e-01
4.542666666666666520e-01
4.552666666666666528e-01
4.570000000000000173e-01
4.580000000000000182e-01
4.591999999999999971e-01
4.600666666666666793e-01
4.616000000000000103e-01
4.626666666666666705e-01
4.628666666666666485e-01
4.640666666666666829e-01
4.644666666666666943e-01
4.657333333333333325e-01
4.663999999999999813e-01
4.670000000000000262e-01
4.673333333333333228e-01
4.680666666666666864e-01
4.690666666666666873e-01
4.698666666666666547e-01
4.703333333333333255e-01
4.710666666666666891e-01
4.722000000000000086e-01
4.732666666666666688e-01
4.741333333333333511e-01
4.748666666666666591e-01
4.759999999999999787e-01
4.769999999999999796e-01
4.779999999999999805e-01
4.786666666666666847e-01
4.792666666666666742e-01
4.793999999999999928e-01
4.802666666666666750e-01
4.807333333333333458e-01
4.812666666666666759e-01
4.814666666666666539e-01
4.828666666666666663e-01
4.833999999999999964e-01
4.843999999999999972e-01
4.843999999999999972e-01
4.850666666666666460e-01
4.852666666666666795e-01
4.858666666666666689e-01
4.861333333333333062e-01
4.867333333333333512e-01
4.881333333333333080e-01
4.890666666666666496e-01
4.894000000000000017e-01
4.897333333333333538e-01
4.907333333333333547e-01
4.915333333333333221e-01
4.921333333333333115e-01
4.925333333333333230e-01
4.935333333333333239e-01
4.943333333333333468e-01
4.949999999999999956e-01
4.955999999999999850e-01
4.965333333333333266e-01
4.969333333333333380e-01
4.977333333333333609e-01
4.982666666666666910e-01
4.989999999999999991e-01
4.991999999999999771e-01
4.995333333333333292e-01
4.999333333333333407e-01
5.003333333333332966e-01
5.019333333333333425e-01
5.025333333333333874e-01
5.031333333333333213e-01
5.035333333333333883e-01
5.044666666666666188e-01
5.050666666666666638e-01
5.053999999999999604e-01
5.050666666666666638e-01
5.056000000000000494e-01
5.059333333333333460e-01
5.063999999999999613e-01
5.070666666666666655e-01
5.080666666666666664e-01
5.088000000000000300e-01
5.093999999999999639e-01
5.100000000000000089e-01
5.107333333333333725e-01
5.115333333333332844e-01
5.118666666666666920e-01
5.116666666666667140e-01
5.121333333333333293e-01
5.128000000000000336e-01
5.131999999999999895e-01
5.138000000000000345e-01
5.140666666666666718e-01
5.141999999999999904e-01
5.143999999999999684e-01
5.145999999999999464e-01
5.150666666666666726e-01
5.154666666666666286e-01
5.158666666666666956e-01
5.157333333333333769e-01
5.158000000000000362e-01
5.163999999999999702e-01
5.165333333333332888e-01
5.168666666666666965e-01
5.170000000000000151e-01
5.174666666666666304e-01
5.177333333333333787e-01
5.188666666666666982e-01
5.188666666666666982e-01
5.188666666666666982e-01
5.193333333333333135e-01
5.192666666666666542e-01
5.200000000000000178e-01
5.204666666666666330e-01
5.208666666666667000e-01
5.213999999999999746e-01
5.213333333333333153e-01
5.218666666666667009e-01
5.219333333333333602e-01
5.218000000000000416e-01
5.222666666666666568e-01
5.227333333333333831e-01
5.233999999999999764e-01
5.238666666666667027e-01
5.243999999999999773e-01
5.246666666666666146e-01
5.250666666666666815e-01
5.256666666666666154e-01
5.263333333333333197e-01
5.265333333333332977e-01
5.267333333333333867e-01
5.270666666666666833e-01
5.270666666666666833e-01
5.273333333333333206e-01
5.278666666666667062e-01
5.278666666666667062e-01
5.273999999999999799e-01
5.275999999999999579e-01
5.283333333333333215e-01
5.280000000000000249e-01
5.283333333333333215e-01
5.285333333333332995e-01
5.288000000000000478e-01
5.294666666666666410e-01
5.301333333333333453e-01
5.306666666666666199e-01
5.312000000000000055e-01
5.313999999999999835e-01
5.312000000000000055e-01
5.309333333333333682e-01
5.318000000000000504e-01
5.320666666666666877e-01
5.322666666666666657e-01
5.325999999999999623e-01
5.328666666666667107e-01
5.328000000000000513e-01
5.338000000000000522e-01
5.345333333333333048e-01
5.346666666666666234e-01
5.346666666666666234e-01
5.342666666666666675e-01
5.345999999999999641e-01
5.353999999999999870e-01
5.360000000000000320e-01
5.358666666666667133e-01
5.361333333333333506e-01
5.362000000000000099e-01
5.369333333333333735e-01
5.373333333333333295e-01
5.380000000000000338e-01
5.385333333333333083e-01
5.385333333333333083e-01
5.388666666666667160e-01
5.390000000000000346e-01
5.387999999999999456e-01
5.389333333333333753e-01
5.392666666666666719e-01
5.397999999999999465e-01
5.403999999999999915e-01
5.411333333333333551e-01
5.418666666666667187e-01
5.422000000000000153e-01
5.425999999999999712e-01
5.427333333333332899e-01
5.431333333333333568e-01
5.434666666666666535e-01
5.437999999999999501e-01
5.440666666666666984e-01
5.447333333333332916e-01
5.446666666666666323e-01
5.454666666666666552e-01
5.450000000000000400e-01
5.455999999999999739e-01
5.449333333333333806e-01
5.450666666666666993e-01
5.457333333333332925e-01
5.458666666666666112e-01
5.465333333333333155e-01
5.468666666666666121e-01
5.471333333333333604e-01
5.474666666666666570e-01
5.474666666666666570e-01
5.476666666666666350e-01
5.476666666666666350e-01
5.476666666666666350e-01
5.478666666666666130e-01
5.480000000000000426e-01
5.490666666666667028e-01
5.485333333333333172e-01
5.489333333333333842e-01
5.492000000000000215e-01
5.495999999999999774e-01
5.495999999999999774e-01
5.500000000000000444e-01
5.498666666666666147e-01
5.498666666666666147e-01
5.500000000000000444e-01
5.502666666666666817e-01
5.505999999999999783e-01
5.507999999999999563e-01
5.513333333333333419e-01
5.517333333333332979e-01
5.519333333333333869e-01
5.518666666666666165e-01
5.523333333333333428e-01
5.524000000000000021e-01
5.523333333333333428e-01
5.518666666666666165e-01
5.520000000000000462e-01
5.524000000000000021e-01
5.519333333333333869e-01
5.523333333333333428e-01
5.524000000000000021e-01
5.524666666666666615e-01
5.524666666666666615e-01
5.522666666666666835e-01
5.521333333333333648e-01
5.522000000000000242e-01
5.523333333333333428e-01
5.527999999999999581e-01
5.532000000000000250e-01
5.534666666666666623e-01
5.532666666666666844e-01
5.542000000000000259e-01
5.544000000000000039e-01
5.547999999999999599e-01
5.550666666666667082e-01
5.555333333333333234e-01
5.555999999999999828e-01
5.555999999999999828e-01
5.555999999999999828e-01
5.559333333333332794e-01
5.558666666666666201e-01
5.559333333333332794e-01
5.560666666666667091e-01
5.562666666666666870e-01
5.565999999999999837e-01
5.570666666666667100e-01
5.572666666666666879e-01
5.576666666666666439e-01
5.577333333333333032e-01
5.578666666666666218e-01
5.580666666666667108e-01
5.582000000000000295e-01
5.581333333333333702e-01
5.584666666666666668e-01
5.590666666666667117e-01
5.592666666666666897e-01
5.590666666666667117e-01
5.592666666666666897e-01
5.594666666666666677e-01
5.595999999999999863e-01
5.599333333333332829e-01
5.597333333333333050e-01
5.600000000000000533e-01
5.600000000000000533e-01
5.605333333333333279e-01
5.612000000000000322e-01
5.616666666666666474e-01
5.617999999999999661e-01
5.619333333333332847e-01
5.620000000000000551e-01
5.615333333333333288e-01
5.620666666666667144e-01
5.623333333333333517e-01
5.624666666666666703e-01
5.621333333333333737e-01
5.623333333333333517e-01
5.621333333333333737e-01
5.623333333333333517e-01
5.631333333333333746e-01
5.634000000000000119e-01
5.641333333333333755e-01
5.642666666666666941e-01
5.642000000000000348e-01
5.643333333333333535e-01
5.649999999999999467e-01
5.657999999999999696e-01
5.655999999999999917e-01
5.657999999999999696e-01
5.662000000000000366e-01
5.665333333333333332e-01
5.661333333333333773e-01
5.665999999999999925e-01
5.665333333333333332e-01
5.667333333333333112e-01
5.664000000000000146e-01
5.668666666666666298e-01
5.667333333333333112e-01
5.666666666666666519e-01
5.669333333333332892e-01
5.669333333333332892e-01
5.667999999999999705e-01
5.671333333333333782e-01
5.674666666666666748e-01
5.673333333333333561e-01
5.675333333333333341e-01
5.676666666666666528e-01
5.680666666666667197e-01
5.680666666666667197e-01
5.680666666666667197e-01
