3.294666666666666854e-01
3.381333333333333413e-01
3.461333333333333484e-01
3.525333333333333097e-01
3.584666666666666557e-01
3.632666666666666822e-01
3.677333333333333565e-01
3.734000000000000097e-01
3.771333333333333204e-01
3.813333333333333575e-01
3.848666666666666902e-01
3.886666666666666603e-01
3.922666666666666524e-01
3.961999999999999966e-01
3.993999999999999773e-01
4.023999999999999799e-01
4.047999999999999932e-01
4.073333333333333250e-01
4.092666666666666675e-01
4.113333333333333286e-01
4.139333333333333198e-01
4.158000000000000029e-01
4.171333333333333560e-01
4.197333333333333472e-01
4.211333333333333595e-01
4.231333333333333058e-01
4.262666666666666826e-01
4.285999999999999810e-01
4.300666666666666527e-01
4.315333333333333243e-01
4.335333333333333261e-01
4.351999999999999758e-01
4.374000000000000110e-01
4.388000000000000234e-01
4.404000000000000137e-01
4.414666666666666739e-01
4.438666666666666871e-01
4.455999999999999961e-01
4.475333333333333385e-01
4.485999999999999988e-01
4.492666666666666475e-01
4.502666666666666484e-01
4.507333333333333192e-01
4.517999999999999794e-01
4.528666666666666396e-01
4.537999999999999812e-01
4.548666666666666414e-01
4.560000000000000164e-01
4.578666666666666440e-01
4.590000000000000191e-01
4.599333333333333607e-01
4.608666666666666467e-01
4.621999999999999997e-01
4.627333333333333298e-01
4.640000000000000235e-01
4.644666666666666943e-01
4.653999999999999804e-01
4.665333333333333554e-01
4.670000000000000262e-01
4.674666666666666415e-01
4.679333333333333123e-01
4.688666666666666538e-01
4.697333333333333361e-01
4.701333333333333475e-01
4.712000000000000077e-01
4.716666666666666785e-01
4.732666666666666688e-01
4.739333333333333176e-01
4.747333333333333405e-01
4.759999999999999787e-01
4.767333333333333423e-01
4.773999999999999910e-01
4.785333333333333106e-01
4.791333333333333555e-01
4.795333333333333115e-01
4.802000000000000157e-01
4.805333333333333123e-01
4.815333333333333132e-01
4.815999999999999726e-01
4.818666666666666654e-01
4.835999999999999743e-01
4.840666666666666451e-01
4.845333333333333159e-01
4.846666666666666901e-01
4.855333333333333168e-01
4.858666666666666689e-01
4.862666666666666804e-01
4.867333333333333512e-01
4.877333333333333520e-01
4.888000000000000123e-01
4.895333333333333203e-01
4.895999999999999797e-01
4.905333333333333212e-01
4.913333333333333441e-01
4.922666666666666857e-01
4.928666666666666751e-01
4.932666666666666866e-01
4.944666666666666655e-01
4.950666666666666549e-01
4.959999999999999964e-01
4.969999999999999973e-01
4.971333333333333160e-01
4.978000000000000203e-01
4.982666666666666910e-01
4.986666666666666470e-01
4.995333333333333292e-01
4.997333333333333072e-01
5.005333333333333856e-01
5.007333333333333636e-01
5.009333333333333416e-01
5.026000000000000467e-01
5.032666666666666400e-01
5.034666666666666179e-01
5.042666666666666409e-01
5.050666666666666638e-01
5.054666666666666197e-01
5.056666666666667087e-01
5.058666666666666867e-01
5.062666666666666426e-01
5.069333333333333469e-01
5.072666666666666435e-01
5.083999999999999631e-01
5.090666666666666673e-01
5.096000000000000529e-01
5.099333333333333496e-01
5.108666666666666911e-01
5.116000000000000547e-01
5.118666666666666920e-01
5.123999999999999666e-01
5.121999999999999886e-01
5.129333333333333522e-01
5.131999999999999895e-01
5.138666666666666938e-01
5.143999999999999684e-01
5.142666666666666497e-01
5.148666666666666947e-01
5.148000000000000353e-01
5.153999999999999693e-01
5.154666666666666286e-01
5.160000000000000142e-01
5.163999999999999702e-01
5.164666666666666295e-01
5.163333333333333108e-01
5.171999999999999931e-01
5.173999999999999710e-01
5.176666666666667194e-01
5.178666666666666973e-01
5.183999999999999719e-01
5.190000000000000169e-01
5.195999999999999508e-01
5.194666666666666321e-01
5.195999999999999508e-01
5.200000000000000178e-01
5.203333333333333144e-01
5.208666666666667000e-01
5.213999999999999746e-01
5.220000000000000195e-01
5.222666666666666568e-01
5.221333333333333382e-01
5.226666666666666128e-01
5.229333333333333611e-01
5.230000000000000204e-01
5.230666666666666798e-01
5.235333333333332950e-01
5.240666666666666806e-01
5.247333333333333849e-01
5.249333333333333629e-01
5.254666666666666375e-01
5.255999999999999561e-01
5.263333333333333197e-01
5.270000000000000240e-01
5.272000000000000020e-01
5.274666666666666393e-01
5.278000000000000469e-01
5.280000000000000249e-01
5.279333333333333655e-01
5.283999999999999808e-01
5.279333333333333655e-01
5.282000000000000028e-01
5.283999999999999808e-01
5.288666666666667071e-01
5.288666666666667071e-01
5.292666666666666631e-01
5.294666666666666410e-01
5.298666666666667080e-01
5.303333333333333233e-01
5.308666666666667089e-01
5.312000000000000055e-01
5.315333333333333021e-01
5.316666666666666208e-01
5.315333333333333021e-01
5.317333333333332801e-01
5.323999999999999844e-01
5.325999999999999623e-01
5.328000000000000513e-01
5.334666666666666446e-01
5.333333333333333259e-01
5.337333333333332819e-01
5.347333333333332828e-01
5.349333333333333718e-01
5.353333333333333277e-01
5.353999999999999870e-01
5.351333333333333497e-01
5.356666666666666243e-01
5.364666666666666472e-01
5.363999999999999879e-01
5.364666666666666472e-01
5.370666666666666922e-01
5.373999999999999888e-01
5.374666666666666481e-01
5.377999999999999448e-01
5.385999999999999677e-01
5.391333333333333533e-01
5.389333333333333753e-01
5.393999999999999906e-01
5.392666666666666719e-01
5.391333333333333533e-01
5.394666666666666499e-01
5.398666666666667169e-01
5.403333333333333321e-01
5.411333333333333551e-01
5.417999999999999483e-01
5.425999999999999712e-01
5.430000000000000382e-01
5.431333333333333568e-01
5.432666666666666755e-01
5.435333333333333128e-01
5.442000000000000171e-01
5.445333333333333137e-01
5.451333333333333586e-01
5.453333333333333366e-01
5.455999999999999739e-01
5.459333333333333815e-01
5.455999999999999739e-01
5.458666666666666112e-01
5.456666666666666332e-01
5.460000000000000409e-01
5.463333333333333375e-01
5.469333333333333824e-01
5.467333333333332934e-01
5.470666666666667011e-01
5.478666666666666130e-01
5.479333333333333833e-01
5.479333333333333833e-01
5.480666666666667020e-01
5.482666666666666799e-01
5.483333333333333393e-01
5.487999999999999545e-01
5.489333333333333842e-01
5.491333333333333622e-01
5.492000000000000215e-01
5.494666666666666588e-01
5.497999999999999554e-01
5.498666666666666147e-01
5.500666666666667037e-01
5.502000000000000224e-01
5.504000000000000004e-01
5.502666666666666817e-01
5.505999999999999783e-01
5.508666666666666156e-01
5.511333333333333639e-01
5.517333333333332979e-01
5.519333333333333869e-01
5.520666666666667055e-01
5.524666666666666615e-01
5.525333333333333208e-01
5.524000000000000021e-01
5.524666666666666615e-01
5.524666666666666615e-01
5.524000000000000021e-01
5.524666666666666615e-01
5.523333333333333428e-01
5.526666666666666394e-01
5.529333333333333877e-01
5.526666666666666394e-01
5.524666666666666615e-01
5.529333333333333877e-01
5.529333333333333877e-01
5.530666666666667064e-01
5.532666666666666844e-01
5.533333333333333437e-01
5.539333333333333886e-01
5.542666666666666853e-01
5.543333333333333446e-01
5.541333333333333666e-01
5.547333333333333005e-01
5.550666666666667082e-01
5.554666666666666641e-01
5.555999999999999828e-01
5.558666666666666201e-01
5.562666666666666870e-01
5.560000000000000497e-01
5.564000000000000057e-01
5.563333333333333464e-01
5.562666666666666870e-01
5.564666666666666650e-01
5.565333333333333243e-01
5.566666666666666430e-01
5.572666666666666879e-01
5.575999999999999845e-01
5.582666666666666888e-01
5.580666666666667108e-01
5.584666666666666668e-01
5.584666666666666668e-01
5.587333333333333041e-01
5.587333333333333041e-01
5.594666666666666677e-01
5.594000000000000083e-01
5.597333333333333050e-01
5.601333333333333719e-01
5.601333333333333719e-01
5.604000000000000092e-01
5.602000000000000313e-01
5.604000000000000092e-01
5.605999999999999872e-01
5.605333333333333279e-01
5.609333333333332838e-01
5.613333333333333508e-01
5.616666666666666474e-01
5.623333333333333517e-01
5.624666666666666703e-01
5.623333333333333517e-01
5.625999999999999890e-01
5.623333333333333517e-01
5.623333333333333517e-01
5.628666666666666263e-01
5.630666666666667153e-01
5.631333333333333746e-01
5.624666666666666703e-01
5.629999999999999449e-01
5.628666666666666263e-01
5.630666666666667153e-01
5.634666666666666712e-01
5.642666666666666941e-01
5.645999999999999908e-01
5.647333333333333094e-01
5.647333333333333094e-01
5.651333333333333764e-01
5.657999999999999696e-01
5.663333333333333552e-01
5.660666666666667179e-01
5.665999999999999925e-01
5.666666666666666519e-01
5.665333333333333332e-01
5.667999999999999705e-01
5.674000000000000155e-01
5.673333333333333561e-01
5.672000000000000375e-01
5.667333333333333112e-01
5.668666666666666298e-01
5.674000000000000155e-01
5.674666666666666748e-01
5.675999999999999934e-01
5.675999999999999934e-01
5.675333333333333341e-01
5.678666666666666307e-01
5.677999999999999714e-01
5.682666666666666977e-01
5.681333333333333790e-01
5.682666666666666977e-01
5.686666666666666536e-01
5.684666666666666757e-01
5.685333333333333350e-01
