3.423333333333333228e-01
3.482000000000000095e-01
3.547333333333333449e-01
3.598000000000000087e-01
3.649333333333333318e-01
3.685333333333333239e-01
3.744000000000000106e-01
3.786666666666666514e-01
3.824000000000000177e-01
3.855333333333333390e-01
3.896000000000000019e-01
3.930666666666666753e-01
3.970666666666666789e-01
4.002666666666666595e-01
4.030666666666666842e-01
4.053333333333333233e-01
4.078666666666666551e-01
4.096666666666666790e-01
4.118666666666666587e-01
4.138000000000000012e-01
4.157333333333333436e-01
4.176666666666666861e-01
4.202666666666666773e-01
4.221333333333333604e-01
4.238666666666666694e-01
4.268666666666666720e-01
4.294000000000000039e-01
4.306666666666666421e-01
4.321999999999999731e-01
4.338000000000000189e-01
4.359333333333333393e-01
4.377333333333333076e-01
4.390666666666666607e-01
4.406666666666666510e-01
4.424000000000000155e-01
4.439333333333333464e-01
4.460000000000000075e-01
4.479333333333333500e-01
4.486666666666666581e-01
4.494000000000000217e-01
4.502666666666666484e-01
4.511999999999999900e-01
4.526666666666666616e-01
4.531999999999999917e-01
4.542666666666666520e-01
4.550000000000000155e-01
4.567999999999999838e-01
4.576000000000000068e-01
4.593333333333333157e-01
4.603999999999999759e-01
4.618666666666666476e-01
4.626666666666666705e-01
4.636000000000000121e-01
4.644666666666666943e-01
4.643999999999999795e-01
4.654666666666666397e-01
4.667999999999999927e-01
4.672666666666666635e-01
4.677999999999999936e-01
4.682000000000000051e-01
4.694666666666666432e-01
4.702666666666666662e-01
4.712666666666666671e-01
4.721333333333333493e-01
4.729999999999999760e-01
4.739999999999999769e-01
4.749333333333333185e-01
4.758666666666666600e-01
4.768666666666666609e-01
4.776000000000000245e-01
4.782666666666666733e-01
4.788666666666666627e-01
4.796000000000000263e-01
4.803999999999999937e-01
4.807333333333333458e-01
4.812666666666666759e-01
4.820666666666666433e-01
4.822666666666666768e-01
4.835333333333333150e-01
4.842666666666666786e-01
4.849999999999999867e-01
4.851333333333333608e-01
4.859333333333333282e-01
4.860666666666666469e-01
4.866666666666666918e-01
4.869999999999999885e-01
4.883333333333333415e-01
4.889333333333333309e-01
4.899999999999999911e-01
4.904000000000000026e-01
4.909333333333333327e-01
4.915333333333333221e-01
4.926666666666666416e-01
4.928666666666666751e-01
4.938666666666666760e-01
4.944666666666666655e-01
4.951999999999999735e-01
4.957333333333333591e-01
4.970666666666666567e-01
4.976666666666666461e-01
4.981333333333333169e-01
4.988666666666666805e-01
4.989999999999999991e-01
5.001999999999999780e-01
5.003333333333332966e-01
5.006000000000000449e-01
5.010666666666666602e-01
5.019333333333333425e-01
5.022666666666666391e-01
5.028000000000000247e-01
5.038000000000000256e-01
5.042666666666666409e-01
5.047333333333333671e-01
5.054666666666666197e-01
5.058666666666666867e-01
5.060666666666666647e-01
5.066666666666667096e-01
5.070666666666666655e-01
5.078000000000000291e-01
5.084666666666666224e-01
5.093999999999999639e-01
5.098666666666666902e-01
5.109333333333333504e-01
5.111999999999999877e-01
5.123333333333333073e-01
5.126666666666667149e-01
5.133333333333333082e-01
5.131333333333333302e-01
5.131999999999999895e-01
5.135333333333332861e-01
5.141999999999999904e-01
5.147333333333333760e-01
5.148000000000000353e-01
5.150666666666666726e-01
5.160666666666666735e-01
5.166666666666667185e-01
5.170000000000000151e-01
5.171999999999999931e-01
5.180000000000000160e-01
5.179333333333333567e-01
5.180000000000000160e-01
5.181999999999999940e-01
5.181999999999999940e-01
5.184666666666666313e-01
5.190666666666666762e-01
5.190666666666666762e-01
5.193999999999999728e-01
5.201333333333333364e-01
5.201333333333333364e-01
5.201333333333333364e-01
5.205333333333332924e-01
5.211999999999999966e-01
5.213999999999999746e-01
5.216666666666666119e-01
5.228000000000000425e-01
5.231999999999999984e-01
5.230666666666666798e-01
5.233999999999999764e-01
5.238000000000000433e-01
5.242666666666666586e-01
5.245999999999999552e-01
5.250000000000000222e-01
5.251333333333333409e-01
5.256666666666666154e-01
5.261333333333333417e-01
5.263333333333333197e-01
5.270000000000000240e-01
5.275999999999999579e-01
5.283999999999999808e-01
5.284666666666666401e-01
5.285333333333332995e-01
5.286666666666666181e-01
5.290666666666666851e-01
5.292000000000000037e-01
5.295333333333333004e-01
5.297333333333332783e-01
5.298000000000000487e-01
5.300666666666666860e-01
5.303999999999999826e-01
5.308000000000000496e-01
5.308666666666667089e-01
5.311333333333333462e-01
5.315333333333333021e-01
5.318666666666667098e-01
5.323333333333333250e-01
5.330000000000000293e-01
5.331333333333333480e-01
5.330666666666666886e-01
5.327333333333332810e-01
5.328666666666667107e-01
5.333999999999999853e-01
5.341333333333333488e-01
5.344666666666666455e-01
5.345999999999999641e-01
5.345999999999999641e-01
5.348000000000000531e-01
5.351333333333333497e-01
5.355999999999999650e-01
5.359333333333333727e-01
5.363999999999999879e-01
5.362666666666666693e-01
5.362000000000000099e-01
5.365333333333333066e-01
5.373333333333333295e-01
5.377333333333332854e-01
5.381333333333333524e-01
5.382000000000000117e-01
5.385999999999999677e-01
5.387999999999999456e-01
5.390666666666666940e-01
5.399333333333333762e-01
5.401333333333333542e-01
5.407333333333332881e-01
5.407999999999999474e-01
5.406666666666666288e-01
5.407333333333332881e-01
5.414666666666666517e-01
5.413333333333333330e-01
5.421333333333333560e-01
5.427999999999999492e-01
5.431333333333333568e-01
5.433999999999999941e-01
5.437999999999999501e-01
5.443999999999999950e-01
5.452000000000000179e-01
5.453333333333333366e-01
5.459333333333333815e-01
5.464666666666666561e-01
5.467999999999999527e-01
5.467999999999999527e-01
5.466666666666666341e-01
5.466666666666666341e-01
5.469333333333333824e-01
5.467999999999999527e-01
5.468666666666666121e-01
5.473333333333333384e-01
5.477333333333332943e-01
5.476666666666666350e-01
5.475999999999999757e-01
5.483333333333333393e-01
5.485999999999999766e-01
5.485333333333333172e-01
5.486666666666666359e-01
5.494666666666666588e-01
5.498666666666666147e-01
5.495999999999999774e-01
5.498666666666666147e-01
5.501333333333333631e-01
5.506666666666666377e-01
5.504000000000000004e-01
5.507333333333332970e-01
5.512666666666666826e-01
5.510000000000000453e-01
5.511333333333333639e-01
5.510000000000000453e-01
5.519333333333333869e-01
5.516666666666666385e-01
5.523333333333333428e-01
5.524666666666666615e-01
5.524000000000000021e-01
5.525999999999999801e-01
5.528666666666666174e-01
5.529333333333333877e-01
5.536666666666666403e-01
5.534000000000000030e-01
5.534666666666666623e-01
5.531333333333333657e-01
5.533333333333333437e-01
5.534666666666666623e-01
5.537333333333332996e-01
5.535999999999999810e-01
5.541333333333333666e-01
5.540000000000000480e-01
5.544000000000000039e-01
5.545999999999999819e-01
5.546666666666666412e-01
5.548666666666666192e-01
5.545999999999999819e-01
5.546666666666666412e-01
5.555333333333333234e-01
5.555999999999999828e-01
5.555333333333333234e-01
5.556666666666666421e-01
5.561333333333333684e-01
5.565999999999999837e-01
5.566666666666666430e-01
5.572000000000000286e-01
5.577333333333333032e-01
5.576666666666666439e-01
5.580666666666667108e-01
5.579333333333332812e-01
5.574666666666666659e-01
5.571333333333333693e-01
5.576666666666666439e-01
5.580000000000000515e-01
5.584000000000000075e-01
5.583333333333333481e-01
5.588666666666666227e-01
5.592666666666666897e-01
5.587999999999999634e-01
5.592666666666666897e-01
5.590000000000000524e-01
5.594000000000000083e-01
5.598666666666666236e-01
5.600666666666667126e-01
5.604000000000000092e-01
5.605333333333333279e-01
5.610666666666667135e-01
5.610666666666667135e-01
5.612666666666666915e-01
5.615999999999999881e-01
5.618666666666666254e-01
5.616666666666666474e-01
5.622666666666666924e-01
5.624666666666666703e-01
5.626666666666666483e-01
5.629333333333332856e-01
5.634000000000000119e-01
5.636666666666666492e-01
5.633333333333333526e-01
5.637333333333333085e-01
5.639333333333332865e-01
5.643333333333333535e-01
5.642666666666666941e-01
5.644000000000000128e-01
5.649999999999999467e-01
5.648666666666666281e-01
5.647333333333333094e-01
5.650666666666667171e-01
5.651333333333333764e-01
5.656666666666666510e-01
5.661333333333333773e-01
5.664000000000000146e-01
5.665999999999999925e-01
5.667999999999999705e-01
5.667999999999999705e-01
5.672000000000000375e-01
5.673333333333333561e-01
5.677333333333333121e-01
5.677333333333333121e-01
5.678666666666666307e-01
5.681333333333333790e-01
5.684666666666666757e-01
5.687999999999999723e-01
5.685999999999999943e-01
5.684666666666666757e-01
5.682666666666666977e-01
5.683333333333333570e-01
5.687333333333333130e-01
5.685999999999999943e-01
5.687333333333333130e-01
5.687333333333333130e-01
5.691333333333333799e-01
5.692000000000000393e-01
5.689333333333332909e-01
5.690666666666667206e-01
5.694666666666666766e-01
5.699999999999999512e-01
5.701333333333333808e-01
5.695333333333333359e-01
5.696666666666666545e-01
5.697333333333333139e-01
5.697999999999999732e-01
