3.405333333333333545e-01
3.478666666666666574e-01
3.537333333333333441e-01
3.595333333333333159e-01
3.644000000000000017e-01
3.682666666666666866e-01
3.739333333333333398e-01
3.779333333333333433e-01
3.816666666666666541e-01
3.854000000000000203e-01
3.893333333333333091e-01
3.928666666666666418e-01
3.966666666666666674e-01
3.996000000000000107e-01
4.025333333333333541e-01
4.051333333333333453e-01
4.072666666666666657e-01
4.096000000000000196e-01
4.115333333333333066e-01
4.138666666666666605e-01
4.152000000000000135e-01
4.176000000000000267e-01
4.203999999999999959e-01
4.218000000000000083e-01
4.238666666666666694e-01
4.264666666666666606e-01
4.292666666666666853e-01
4.304000000000000048e-01
4.318666666666666765e-01
4.338000000000000189e-01
4.355999999999999872e-01
4.376666666666666483e-01
4.391999999999999793e-01
4.407333333333333103e-01
4.422666666666666413e-01
4.440666666666666651e-01
4.456666666666666554e-01
4.478666666666666907e-01
4.486666666666666581e-01
4.495999999999999996e-01
4.502666666666666484e-01
4.512666666666666493e-01
4.524666666666666837e-01
4.533333333333333104e-01
4.544666666666666854e-01
4.551333333333333342e-01
4.565333333333333465e-01
4.577333333333333254e-01
4.592666666666666564e-01
4.603333333333333166e-01
4.616000000000000103e-01
4.625333333333333519e-01
4.636000000000000121e-01
4.643999999999999795e-01
4.643333333333333202e-01
4.655333333333333545e-01
4.667333333333333334e-01
4.673333333333333228e-01
4.681333333333333457e-01
4.683999999999999830e-01
4.692000000000000060e-01
4.699333333333333140e-01
4.709333333333333149e-01
4.717999999999999972e-01
4.730666666666666909e-01
4.741333333333333511e-01
4.747333333333333405e-01
4.758000000000000007e-01
4.765333333333333088e-01
4.772666666666666724e-01
4.782666666666666733e-01
4.792000000000000148e-01
4.793999999999999928e-01
4.801333333333333564e-01
4.806000000000000272e-01
4.807333333333333458e-01
4.816666666666666874e-01
4.824666666666666548e-01
4.829999999999999849e-01
4.839333333333333265e-01
4.850666666666666460e-01
4.851333333333333608e-01
4.853999999999999981e-01
4.861333333333333062e-01
4.863999999999999990e-01
4.869999999999999885e-01
4.879999999999999893e-01
4.887333333333333529e-01
4.895999999999999797e-01
4.904666666666666619e-01
4.908000000000000140e-01
4.914666666666666628e-01
4.924000000000000044e-01
4.928666666666666751e-01
4.934666666666666646e-01
4.944000000000000061e-01
4.950666666666666549e-01
4.957333333333333591e-01
4.963333333333333486e-01
4.976666666666666461e-01
4.980666666666666575e-01
4.985999999999999877e-01
4.988000000000000211e-01
5.000000000000000000e-01
5.006000000000000449e-01
5.005333333333333856e-01
5.008666666666666822e-01
5.016666666666667052e-01
5.020000000000000018e-01
5.029333333333333433e-01
5.036000000000000476e-01
5.042666666666666409e-01
5.048666666666666858e-01
5.054666666666666197e-01
5.057333333333333680e-01
5.061999999999999833e-01
5.061999999999999833e-01
5.070666666666666655e-01
5.076000000000000512e-01
5.084666666666666224e-01
5.091999999999999860e-01
5.100000000000000089e-01
5.106000000000000538e-01
5.110666666666666691e-01
5.120000000000000107e-01
5.125999999999999446e-01
5.130000000000000115e-01
5.129333333333333522e-01
5.130000000000000115e-01
5.132666666666666488e-01
5.139333333333333531e-01
5.145333333333332870e-01
5.150666666666666726e-01
5.150000000000000133e-01
5.155333333333332879e-01
5.162666666666666515e-01
5.168666666666666965e-01
5.170666666666666744e-01
5.176666666666667194e-01
5.178000000000000380e-01
5.175999999999999490e-01
5.180666666666666753e-01
5.183999999999999719e-01
5.185333333333332906e-01
5.188000000000000389e-01
5.191333333333333355e-01
5.190666666666666762e-01
5.201333333333333364e-01
5.203333333333333144e-01
5.201999999999999957e-01
5.202666666666666551e-01
5.210666666666666780e-01
5.211999999999999966e-01
5.215999999999999526e-01
5.223999999999999755e-01
5.230000000000000204e-01
5.230666666666666798e-01
5.234666666666666357e-01
5.236666666666666137e-01
5.240000000000000213e-01
5.243999999999999773e-01
5.250000000000000222e-01
5.253333333333333188e-01
5.254666666666666375e-01
5.258000000000000451e-01
5.263333333333333197e-01
5.269333333333333647e-01
5.272000000000000020e-01
5.277333333333333876e-01
5.283999999999999808e-01
5.285333333333332995e-01
5.286666666666666181e-01
5.285333333333332995e-01
5.288666666666667071e-01
5.295999999999999597e-01
5.295333333333333004e-01
5.295999999999999597e-01
5.297333333333332783e-01
5.303999999999999826e-01
5.302000000000000046e-01
5.308000000000000496e-01
5.310000000000000275e-01
5.310666666666666869e-01
5.318000000000000504e-01
5.320666666666666877e-01
5.325999999999999623e-01
5.327333333333332810e-01
5.331333333333333480e-01
5.327333333333332810e-01
5.329333333333333700e-01
5.332666666666666666e-01
5.338000000000000522e-01
5.341333333333333488e-01
5.346666666666666234e-01
5.348000000000000531e-01
5.348666666666667124e-01
5.345999999999999641e-01
5.358666666666667133e-01
5.360666666666666913e-01
5.365333333333333066e-01
5.363333333333333286e-01
5.364666666666666472e-01
5.365333333333333066e-01
5.371333333333333515e-01
5.375999999999999668e-01
5.380000000000000338e-01
5.383333333333333304e-01
5.383333333333333304e-01
5.386666666666666270e-01
5.390666666666666940e-01
5.397333333333332872e-01
5.399333333333333762e-01
5.403333333333333321e-01
5.405999999999999694e-01
5.406666666666666288e-01
5.407333333333332881e-01
5.411333333333333551e-01
5.413999999999999924e-01
5.417333333333332890e-01
5.424666666666666526e-01
5.428666666666667195e-01
5.435999999999999721e-01
5.435333333333333128e-01
5.440666666666666984e-01
5.449333333333333806e-01
5.452000000000000179e-01
5.458666666666666112e-01
5.462666666666666782e-01
5.464666666666666561e-01
5.470000000000000417e-01
5.467333333333332934e-01
5.464666666666666561e-01
5.467999999999999527e-01
5.470000000000000417e-01
5.465999999999999748e-01
5.472666666666666790e-01
5.476666666666666350e-01
5.475333333333333163e-01
5.473333333333333384e-01
5.480666666666667020e-01
5.485333333333333172e-01
5.487999999999999545e-01
5.487333333333332952e-01
5.492000000000000215e-01
5.496666666666666368e-01
5.496666666666666368e-01
5.495333333333333181e-01
5.500666666666667037e-01
5.503333333333333410e-01
5.504000000000000004e-01
5.505999999999999783e-01
5.507999999999999563e-01
5.512666666666666826e-01
5.510000000000000453e-01
5.510666666666667046e-01
5.516666666666666385e-01
5.516666666666666385e-01
5.522666666666666835e-01
5.522000000000000242e-01
5.525333333333333208e-01
5.525333333333333208e-01
5.528666666666666174e-01
5.527999999999999581e-01
5.534666666666666623e-01
5.532666666666666844e-01
5.532666666666666844e-01
5.532666666666666844e-01
5.532000000000000250e-01
5.533333333333333437e-01
5.536666666666666403e-01
5.534000000000000030e-01
5.536666666666666403e-01
5.536666666666666403e-01
5.542666666666666853e-01
5.542000000000000259e-01
5.543333333333333446e-01
5.544000000000000039e-01
5.545333333333333226e-01
5.544666666666666632e-01
5.552666666666666861e-01
5.554666666666666641e-01
5.556666666666666421e-01
5.552000000000000268e-01
5.556666666666666421e-01
5.563333333333333464e-01
5.565999999999999837e-01
5.572000000000000286e-01
5.572666666666666879e-01
5.575999999999999845e-01
5.579333333333332812e-01
5.577333333333333032e-01
5.575333333333333252e-01
5.575333333333333252e-01
5.575999999999999845e-01
5.576666666666666439e-01
5.582000000000000295e-01
5.582666666666666888e-01
5.588666666666666227e-01
5.591333333333333711e-01
5.589333333333332821e-01
5.590000000000000524e-01
5.590666666666667117e-01
5.592666666666666897e-01
5.597333333333333050e-01
5.600000000000000533e-01
5.603333333333333499e-01
5.606666666666666465e-01
5.609333333333332838e-01
5.610000000000000542e-01
5.609333333333332838e-01
5.615999999999999881e-01
5.618666666666666254e-01
5.616666666666666474e-01
5.617999999999999661e-01
5.624000000000000110e-01
5.626666666666666483e-01
5.628666666666666263e-01
5.631333333333333746e-01
5.633333333333333526e-01
5.632000000000000339e-01
5.635999999999999899e-01
5.640666666666667162e-01
5.641333333333333755e-01
5.642000000000000348e-01
5.641333333333333755e-01
5.646666666666666501e-01
5.644000000000000128e-01
5.643333333333333535e-01
5.645333333333333314e-01
5.645333333333333314e-01
5.650666666666667171e-01
5.659333333333332883e-01
5.662000000000000366e-01
5.662666666666666959e-01
5.665333333333333332e-01
5.662666666666666959e-01
5.669333333333332892e-01
5.672000000000000375e-01
5.675333333333333341e-01
5.671333333333333782e-01
5.676666666666666528e-01
5.681333333333333790e-01
5.683333333333333570e-01
5.685999999999999943e-01
5.684000000000000163e-01
5.684666666666666757e-01
5.682000000000000384e-01
5.682666666666666977e-01
5.684000000000000163e-01
5.684666666666666757e-01
5.685333333333333350e-01
5.689333333333332909e-01
5.687999999999999723e-01
5.690666666666667206e-01
5.685333333333333350e-01
5.689333333333332909e-01
5.693333333333333579e-01
5.697333333333333139e-01
5.698666666666666325e-01
5.698666666666666325e-01
5.695333333333333359e-01
5.696666666666666545e-01
5.694666666666666766e-01
