3.320000000000000173e-01
3.391333333333333422e-01
3.474666666666666459e-01
3.535333333333333106e-01
3.593333333333333379e-01
3.641333333333333089e-01
3.683333333333333459e-01
3.739999999999999991e-01
3.779333333333333433e-01
3.819333333333333469e-01
3.855333333333333390e-01
3.890000000000000124e-01
3.929333333333333567e-01
3.963999999999999746e-01
3.999333333333333074e-01
4.026666666666666727e-01
4.053999999999999826e-01
4.075333333333333585e-01
4.096666666666666790e-01
4.117999999999999994e-01
4.138000000000000012e-01
4.158666666666666623e-01
4.174666666666666526e-01
4.198000000000000065e-01
4.212666666666666782e-01
4.239333333333333287e-01
4.268666666666666720e-01
4.285999999999999810e-01
4.302000000000000268e-01
4.316666666666666430e-01
4.336666666666666448e-01
4.355999999999999872e-01
4.375333333333333297e-01
4.390666666666666607e-01
4.402666666666666395e-01
4.420000000000000040e-01
4.440666666666666651e-01
4.459333333333333482e-01
4.474666666666666792e-01
4.486666666666666581e-01
4.492666666666666475e-01
4.501333333333333298e-01
4.511333333333333306e-01
4.520666666666666722e-01
4.527333333333333210e-01
4.539333333333333553e-01
4.547999999999999821e-01
4.561999999999999944e-01
4.578666666666666440e-01
4.589333333333333598e-01
4.601333333333333386e-01
4.610000000000000209e-01
4.624666666666666925e-01
4.627999999999999892e-01
4.643333333333333202e-01
4.647999999999999909e-01
4.654666666666666397e-01
4.665333333333333554e-01
4.672666666666666635e-01
4.676666666666666750e-01
4.681333333333333457e-01
4.687999999999999945e-01
4.697333333333333361e-01
4.702666666666666662e-01
4.711333333333333484e-01
4.719999999999999751e-01
4.732000000000000095e-01
4.742666666666666697e-01
4.748666666666666591e-01
4.760666666666666935e-01
4.770666666666666944e-01
4.773999999999999910e-01
4.784666666666666512e-01
4.792000000000000148e-01
4.798000000000000043e-01
4.802000000000000157e-01
4.805333333333333123e-01
4.814666666666666539e-01
4.815999999999999726e-01
4.823333333333333361e-01
4.835333333333333150e-01
4.844666666666666566e-01
4.844666666666666566e-01
4.846666666666666901e-01
4.856666666666666909e-01
4.859999999999999876e-01
4.866666666666666918e-01
4.868666666666666698e-01
4.879999999999999893e-01
4.889999999999999902e-01
4.895333333333333203e-01
4.899333333333333318e-01
4.909999999999999920e-01
4.915333333333333221e-01
4.922000000000000264e-01
4.925999999999999823e-01
4.933333333333333459e-01
4.945999999999999841e-01
4.952666666666666884e-01
4.960666666666666558e-01
4.969999999999999973e-01
4.972666666666666901e-01
4.977333333333333609e-01
4.982666666666666910e-01
4.990666666666666584e-01
4.994000000000000106e-01
5.000000000000000000e-01
5.006000000000000449e-01
5.009333333333333416e-01
5.011999999999999789e-01
5.028000000000000247e-01
5.033333333333332993e-01
5.036000000000000476e-01
5.041999999999999815e-01
5.053333333333333011e-01
5.056000000000000494e-01
5.055333333333332790e-01
5.060000000000000053e-01
5.064666666666666206e-01
5.071333333333333249e-01
5.076666666666667105e-01
5.086666666666667114e-01
5.091999999999999860e-01
5.097333333333333716e-01
5.102666666666666462e-01
5.107333333333333725e-01
5.116000000000000547e-01
5.119333333333333513e-01
5.120000000000000107e-01
5.120666666666666700e-01
5.127333333333333742e-01
5.131999999999999895e-01
5.140000000000000124e-01
5.143333333333333091e-01
5.141333333333333311e-01
5.147333333333333760e-01
5.150666666666666726e-01
5.155999999999999472e-01
5.158666666666666956e-01
5.163999999999999702e-01
5.168000000000000371e-01
5.166666666666667185e-01
5.168666666666666965e-01
5.173333333333333117e-01
5.173999999999999710e-01
5.179333333333333567e-01
5.181333333333333346e-01
5.183999999999999719e-01
5.191333333333333355e-01
5.195999999999999508e-01
5.196666666666667211e-01
5.197333333333333805e-01
5.200666666666666771e-01
5.201999999999999957e-01
5.208666666666667000e-01
5.214666666666666339e-01
5.220666666666666789e-01
5.220000000000000195e-01
5.221999999999999975e-01
5.228000000000000425e-01
5.230666666666666798e-01
5.231999999999999984e-01
5.233333333333333171e-01
5.235999999999999543e-01
5.243333333333333179e-01
5.247333333333333849e-01
5.251333333333333409e-01
5.255999999999999561e-01
5.262000000000000011e-01
5.267333333333333867e-01
5.269333333333333647e-01
5.274666666666666393e-01
5.280666666666666842e-01
5.280000000000000249e-01
5.278666666666667062e-01
5.280666666666666842e-01
5.282666666666666622e-01
5.281333333333333435e-01
5.283333333333333215e-01
5.285333333333332995e-01
5.292666666666666631e-01
5.289333333333333664e-01
5.295333333333333004e-01
5.297333333333332783e-01
5.302666666666666639e-01
5.303999999999999826e-01
5.309333333333333682e-01
5.313999999999999835e-01
5.318666666666667098e-01
5.315333333333333021e-01
5.317333333333332801e-01
5.318000000000000504e-01
5.325333333333333030e-01
5.329333333333333700e-01
5.331333333333333480e-01
5.333333333333333259e-01
5.333999999999999853e-01
5.340000000000000302e-01
5.350000000000000311e-01
5.350000000000000311e-01
5.353333333333333277e-01
5.352000000000000091e-01
5.357333333333332837e-01
5.356666666666666243e-01
5.368000000000000549e-01
5.365333333333333066e-01
5.366666666666666252e-01
5.370666666666666922e-01
5.375999999999999668e-01
5.378666666666667151e-01
5.381333333333333524e-01
5.387999999999999456e-01
5.390666666666666940e-01
5.393333333333333313e-01
5.393999999999999906e-01
5.393999999999999906e-01
5.395999999999999686e-01
5.395999999999999686e-01
5.399333333333333762e-01
5.406666666666666288e-01
5.414666666666666517e-01
5.417999999999999483e-01
5.425999999999999712e-01
5.430000000000000382e-01
5.433333333333333348e-01
5.433333333333333348e-01
5.437999999999999501e-01
5.442666666666666764e-01
5.448666666666667213e-01
5.453333333333333366e-01
5.453999999999999959e-01
5.456666666666666332e-01
5.461333333333333595e-01
5.460000000000000409e-01
5.458666666666666112e-01
5.458666666666666112e-01
5.463999999999999968e-01
5.467999999999999527e-01
5.471333333333333604e-01
5.469333333333333824e-01
5.473333333333333384e-01
5.480666666666667020e-01
5.479333333333333833e-01
5.481333333333333613e-01
5.481333333333333613e-01
5.482000000000000206e-01
5.487333333333332952e-01
5.486666666666666359e-01
5.492000000000000215e-01
5.494666666666666588e-01
5.492666666666666808e-01
5.497333333333332961e-01
5.501333333333333631e-01
5.501333333333333631e-01
5.502000000000000224e-01
5.504666666666666597e-01
5.507333333333332970e-01
5.505999999999999783e-01
5.509333333333333860e-01
5.512000000000000233e-01
5.512666666666666826e-01
5.517999999999999572e-01
5.521333333333333648e-01
5.522666666666666835e-01
5.524666666666666615e-01
5.524666666666666615e-01
5.527999999999999581e-01
5.524666666666666615e-01
5.526666666666666394e-01
5.524666666666666615e-01
5.524666666666666615e-01
5.525333333333333208e-01
5.525999999999999801e-01
5.528666666666666174e-01
5.530000000000000471e-01
5.528666666666666174e-01
5.534000000000000030e-01
5.531333333333333657e-01
5.534666666666666623e-01
5.532666666666666844e-01
5.537333333333332996e-01
5.544000000000000039e-01
5.544000000000000039e-01
5.542666666666666853e-01
5.543333333333333446e-01
5.552000000000000268e-01
5.555333333333333234e-01
5.557999999999999607e-01
5.563333333333333464e-01
5.559333333333332794e-01
5.563333333333333464e-01
5.562666666666666870e-01
5.565999999999999837e-01
5.563333333333333464e-01
5.564666666666666650e-01
5.568666666666666210e-01
5.567333333333333023e-01
5.569333333333332803e-01
5.576666666666666439e-01
5.580000000000000515e-01
5.583333333333333481e-01
5.583333333333333481e-01
5.585333333333333261e-01
5.585999999999999854e-01
5.586666666666666448e-01
5.589333333333332821e-01
5.595999999999999863e-01
5.598666666666666236e-01
5.597999999999999643e-01
5.599333333333332829e-01
5.599333333333332829e-01
5.604666666666666686e-01
5.602666666666666906e-01
5.604666666666666686e-01
5.609333333333332838e-01
5.607999999999999652e-01
5.612000000000000322e-01
5.614666666666666694e-01
5.622666666666666924e-01
5.625999999999999890e-01
5.625999999999999890e-01
5.624666666666666703e-01
5.627999999999999670e-01
5.629333333333332856e-01
5.626666666666666483e-01
5.631333333333333746e-01
5.632000000000000339e-01
5.630666666666667153e-01
5.627999999999999670e-01
5.631333333333333746e-01
5.630666666666667153e-01
5.634666666666666712e-01
5.638666666666666272e-01
5.645333333333333314e-01
5.648666666666666281e-01
5.649999999999999467e-01
5.652666666666666950e-01
5.655333333333333323e-01
5.660666666666667179e-01
5.662000000000000366e-01
5.664000000000000146e-01
5.666666666666666519e-01
5.670666666666667188e-01
5.667999999999999705e-01
5.672666666666666968e-01
5.674000000000000155e-01
5.674666666666666748e-01
5.672000000000000375e-01
5.670666666666667188e-01
5.669999999999999485e-01
5.676666666666666528e-01
5.677333333333333121e-01
5.677333333333333121e-01
5.677333333333333121e-01
5.677999999999999714e-01
5.679333333333332900e-01
5.679999999999999494e-01
5.684666666666666757e-01
5.680666666666667197e-01
5.685333333333333350e-01
5.685999999999999943e-01
5.685999999999999943e-01
5.686666666666666536e-01
