3.277333333333333210e-01
3.369333333333333069e-01
3.447333333333333361e-01
3.515333333333333088e-01
3.572000000000000175e-01
3.623333333333333406e-01
3.670666666666666522e-01
3.721999999999999753e-01
3.764666666666666717e-01
3.809333333333333460e-01
3.842666666666666453e-01
3.881333333333333302e-01
3.917333333333333223e-01
3.954666666666666885e-01
3.986000000000000099e-01
4.024666666666666393e-01
4.043999999999999817e-01
4.073333333333333250e-01
4.086666666666666781e-01
4.109999999999999765e-01
4.133333333333333304e-01
4.152666666666666728e-01
4.165333333333333110e-01
4.193333333333333357e-01
4.207333333333333480e-01
4.228000000000000091e-01
4.258666666666666711e-01
4.284666666666666623e-01
4.298666666666666747e-01
4.310666666666666536e-01
4.329999999999999960e-01
4.347333333333333605e-01
4.368666666666666809e-01
4.384000000000000119e-01
4.398000000000000242e-01
4.414666666666666739e-01
4.433333333333333570e-01
4.452666666666666440e-01
4.469333333333333491e-01
4.480666666666666687e-01
4.491999999999999882e-01
4.499333333333333518e-01
4.506666666666666599e-01
4.514000000000000234e-01
4.527333333333333210e-01
4.533333333333333104e-01
4.543333333333333113e-01
4.555333333333333456e-01
4.576000000000000068e-01
4.586666666666666670e-01
4.596000000000000085e-01
4.606666666666666687e-01
4.617333333333333290e-01
4.626666666666666705e-01
4.636000000000000121e-01
4.645333333333333536e-01
4.648666666666666503e-01
4.661333333333333440e-01
4.668666666666666520e-01
4.673333333333333228e-01
4.678666666666666529e-01
4.683999999999999830e-01
4.694666666666666432e-01
4.702666666666666662e-01
4.709999999999999742e-01
4.713333333333333264e-01
4.725333333333333607e-01
4.738666666666666583e-01
4.746000000000000218e-01
4.756666666666666821e-01
4.760666666666666935e-01
4.772666666666666724e-01
4.784666666666666512e-01
4.788666666666666627e-01
4.793999999999999928e-01
4.798666666666666636e-01
4.803999999999999937e-01
4.810666666666666424e-01
4.812666666666666759e-01
4.819333333333333247e-01
4.832000000000000184e-01
4.836666666666666892e-01
4.842666666666666786e-01
4.844666666666666566e-01
4.853333333333333388e-01
4.858000000000000096e-01
4.860666666666666469e-01
4.865333333333333177e-01
4.873999999999999999e-01
4.885333333333333194e-01
4.893333333333333424e-01
4.895333333333333203e-01
4.902000000000000246e-01
4.908000000000000140e-01
4.916666666666666408e-01
4.924000000000000044e-01
4.929333333333333345e-01
4.940666666666666540e-01
4.948000000000000176e-01
4.954666666666666663e-01
4.964666666666666672e-01
4.970666666666666567e-01
4.974000000000000088e-01
4.980666666666666575e-01
4.985999999999999877e-01
4.994666666666666699e-01
4.995333333333333292e-01
5.001333333333333186e-01
5.003999999999999559e-01
5.007333333333333636e-01
5.022666666666666391e-01
5.028666666666666840e-01
5.031333333333333213e-01
5.038666666666666849e-01
5.047333333333333671e-01
5.053333333333333011e-01
5.055333333333332790e-01
5.051999999999999824e-01
5.058666666666666867e-01
5.066000000000000503e-01
5.069333333333333469e-01
5.076666666666667105e-01
5.086666666666667114e-01
5.093333333333333046e-01
5.097333333333333716e-01
5.104666666666666242e-01
5.112666666666666471e-01
5.117333333333333734e-01
5.119333333333333513e-01
5.118666666666666920e-01
5.125333333333332853e-01
5.131999999999999895e-01
5.133999999999999675e-01
5.138000000000000345e-01
5.141999999999999904e-01
5.143999999999999684e-01
5.142666666666666497e-01
5.149333333333333540e-01
5.151999999999999913e-01
5.156666666666667176e-01
5.159333333333333549e-01
5.159333333333333549e-01
5.158666666666666956e-01
5.164666666666666295e-01
5.169333333333333558e-01
5.170000000000000151e-01
5.173999999999999710e-01
5.178000000000000380e-01
5.186666666666667203e-01
5.195333333333332915e-01
5.192666666666666542e-01
5.191999999999999948e-01
5.198666666666666991e-01
5.200666666666666771e-01
5.205333333333332924e-01
5.208000000000000407e-01
5.214666666666666339e-01
5.218666666666667009e-01
5.213999999999999746e-01
5.221333333333333382e-01
5.223333333333333162e-01
5.223333333333333162e-01
5.226666666666666128e-01
5.231999999999999984e-01
5.234666666666666357e-01
5.241333333333333400e-01
5.243999999999999773e-01
5.250666666666666815e-01
5.253333333333333188e-01
5.260000000000000231e-01
5.264666666666666384e-01
5.267333333333333867e-01
5.270666666666666833e-01
5.273333333333333206e-01
5.275333333333332986e-01
5.278000000000000469e-01
5.283333333333333215e-01
5.279333333333333655e-01
5.277333333333333876e-01
5.281333333333333435e-01
5.288000000000000478e-01
5.285333333333332995e-01
5.289333333333333664e-01
5.288666666666667071e-01
5.293999999999999817e-01
5.301333333333333453e-01
5.303333333333333233e-01
5.308000000000000496e-01
5.312666666666666648e-01
5.315333333333333021e-01
5.314666666666666428e-01
5.313333333333333242e-01
5.321333333333333471e-01
5.323333333333333250e-01
5.325333333333333030e-01
5.332666666666666666e-01
5.331333333333333480e-01
5.330666666666666886e-01
5.342000000000000082e-01
5.345999999999999641e-01
5.351333333333333497e-01
5.350000000000000311e-01
5.348000000000000531e-01
5.353999999999999870e-01
5.360666666666666913e-01
5.362666666666666693e-01
5.362666666666666693e-01
5.365999999999999659e-01
5.371333333333333515e-01
5.373333333333333295e-01
5.375333333333333075e-01
5.381333333333333524e-01
5.389333333333333753e-01
5.388666666666667160e-01
5.394666666666666499e-01
5.392666666666666719e-01
5.390666666666666940e-01
5.393999999999999906e-01
5.393333333333333313e-01
5.399333333333333762e-01
5.405999999999999694e-01
5.413999999999999924e-01
5.421333333333333560e-01
5.425999999999999712e-01
5.424666666666666526e-01
5.430666666666666975e-01
5.432000000000000162e-01
5.440000000000000391e-01
5.440666666666666984e-01
5.445999999999999730e-01
5.450666666666666993e-01
5.452000000000000179e-01
5.455999999999999739e-01
5.457333333333332925e-01
5.459333333333333815e-01
5.453333333333333366e-01
5.456666666666666332e-01
5.461333333333333595e-01
5.461333333333333595e-01
5.465333333333333155e-01
5.470666666666667011e-01
5.474666666666666570e-01
5.477999999999999536e-01
5.475999999999999757e-01
5.478666666666666130e-01
5.478666666666666130e-01
5.479333333333333833e-01
5.483333333333333393e-01
5.485333333333333172e-01
5.493999999999999995e-01
5.487999999999999545e-01
5.491333333333333622e-01
5.495999999999999774e-01
5.496666666666666368e-01
5.499333333333333851e-01
5.500666666666667037e-01
5.499333333333333851e-01
5.500000000000000444e-01
5.500666666666667037e-01
5.504666666666666597e-01
5.509333333333333860e-01
5.512666666666666826e-01
5.515999999999999792e-01
5.518666666666666165e-01
5.522666666666666835e-01
5.523333333333333428e-01
5.523333333333333428e-01
5.524000000000000021e-01
5.522666666666666835e-01
5.517999999999999572e-01
5.522000000000000242e-01
5.524666666666666615e-01
5.522000000000000242e-01
5.526666666666666394e-01
5.525333333333333208e-01
5.526666666666666394e-01
5.527333333333332988e-01
5.524666666666666615e-01
5.525999999999999801e-01
5.527333333333332988e-01
5.526666666666666394e-01
5.532666666666666844e-01
5.537333333333332996e-01
5.537333333333332996e-01
5.537333333333332996e-01
5.545999999999999819e-01
5.550000000000000488e-01
5.552000000000000268e-01
5.554666666666666641e-01
5.557999999999999607e-01
5.557333333333333014e-01
5.558666666666666201e-01
5.561333333333333684e-01
5.562666666666666870e-01
5.561333333333333684e-01
5.562000000000000277e-01
5.564666666666666650e-01
5.565999999999999837e-01
5.567333333333333023e-01
5.573333333333333472e-01
5.577999999999999625e-01
5.579333333333332812e-01
5.584000000000000075e-01
5.582000000000000295e-01
5.584666666666666668e-01
5.583333333333333481e-01
5.589333333333332821e-01
5.590666666666667117e-01
5.594000000000000083e-01
5.597333333333333050e-01
5.597333333333333050e-01
5.598666666666666236e-01
5.600666666666667126e-01
5.600666666666667126e-01
5.602000000000000313e-01
5.601333333333333719e-01
5.605333333333333279e-01
5.606666666666666465e-01
5.612000000000000322e-01
5.616666666666666474e-01
5.620000000000000551e-01
5.618666666666666254e-01
5.622666666666666924e-01
5.620000000000000551e-01
5.620000000000000551e-01
5.624000000000000110e-01
5.624666666666666703e-01
5.625999999999999890e-01
5.624000000000000110e-01
5.626666666666666483e-01
5.622000000000000330e-01
5.625333333333333297e-01
5.634000000000000119e-01
5.637333333333333085e-01
5.643333333333333535e-01
5.644000000000000128e-01
5.644666666666666721e-01
5.644666666666666721e-01
5.654666666666666730e-01
5.660666666666667179e-01
5.656666666666666510e-01
5.659333333333332883e-01
5.666666666666666519e-01
5.666666666666666519e-01
5.665333333333333332e-01
5.669333333333332892e-01
5.668666666666666298e-01
5.668666666666666298e-01
5.666666666666666519e-01
5.667333333333333112e-01
5.672666666666666968e-01
5.671333333333333782e-01
5.673333333333333561e-01
5.672000000000000375e-01
5.673333333333333561e-01
5.674000000000000155e-01
5.675333333333333341e-01
5.677999999999999714e-01
5.677999999999999714e-01
5.680666666666667197e-01
5.681333333333333790e-01
5.682666666666666977e-01
5.685333333333333350e-01
