3.539999999999999813e-01
3.592666666666666786e-01
3.634666666666666601e-01
3.674666666666666637e-01
3.725333333333333274e-01
3.768666666666666831e-01
3.804000000000000159e-01
3.838666666666666893e-01
3.881333333333333302e-01
3.914000000000000257e-01
3.951999999999999957e-01
3.983333333333333171e-01
4.019333333333333091e-01
4.037333333333333329e-01
4.066000000000000170e-01
4.087333333333333374e-01
4.107333333333333392e-01
4.131333333333333524e-01
4.148666666666666614e-01
4.173333333333333339e-01
4.190666666666666429e-01
4.214666666666666561e-01
4.232666666666666799e-01
4.255333333333333190e-01
4.282000000000000250e-01
4.295999999999999819e-01
4.315333333333333243e-01
4.328666666666666774e-01
4.346666666666666456e-01
4.364666666666666694e-01
4.388000000000000234e-01
4.398666666666666836e-01
4.413333333333333552e-01
4.434666666666666757e-01
4.451999999999999846e-01
4.467333333333333156e-01
4.484666666666666801e-01
4.491333333333333289e-01
4.497333333333333183e-01
4.507333333333333192e-01
4.520000000000000129e-01
4.531999999999999917e-01
4.541999999999999926e-01
4.546000000000000041e-01
4.563333333333333131e-01
4.576000000000000068e-01
4.587333333333333263e-01
4.601333333333333386e-01
4.610666666666666802e-01
4.623333333333333184e-01
4.636666666666666714e-01
4.645333333333333536e-01
4.648666666666666503e-01
4.656666666666666732e-01
4.665333333333333554e-01
4.670000000000000262e-01
4.680000000000000271e-01
4.688666666666666538e-01
4.699333333333333140e-01
4.701333333333333475e-01
4.715333333333333599e-01
4.719999999999999751e-01
4.728666666666666574e-01
4.737333333333333396e-01
4.745333333333333070e-01
4.758000000000000007e-01
4.771333333333333537e-01
4.776000000000000245e-01
4.784666666666666512e-01
4.789333333333333220e-01
4.798000000000000043e-01
4.803333333333333344e-01
4.812666666666666759e-01
4.819999999999999840e-01
4.825333333333333141e-01
4.830666666666666442e-01
4.835999999999999743e-01
4.845333333333333159e-01
4.849999999999999867e-01
4.856666666666666909e-01
4.860666666666666469e-01
4.862000000000000210e-01
4.865999999999999770e-01
4.870666666666666478e-01
4.877333333333333520e-01
4.888666666666666716e-01
4.898666666666666725e-01
4.905333333333333212e-01
4.912666666666666848e-01
4.922000000000000264e-01
4.927333333333333565e-01
4.938000000000000167e-01
4.936666666666666425e-01
4.944666666666666655e-01
4.951333333333333142e-01
4.960666666666666558e-01
4.968000000000000194e-01
4.979333333333333389e-01
4.984000000000000097e-01
4.987333333333333063e-01
4.995999999999999885e-01
5.004666666666666153e-01
5.008000000000000229e-01
5.011333333333333195e-01
5.017333333333333645e-01
5.023333333333332984e-01
5.026666666666667060e-01
5.029333333333333433e-01
5.033333333333332993e-01
5.042666666666666409e-01
5.043999999999999595e-01
5.051999999999999824e-01
5.058666666666666867e-01
5.060666666666666647e-01
5.070666666666666655e-01
5.076666666666667105e-01
5.076666666666667105e-01
5.087333333333333707e-01
5.096666666666667123e-01
5.100666666666666682e-01
5.111999999999999877e-01
5.120666666666666700e-01
5.125999999999999446e-01
5.133333333333333082e-01
5.135999999999999455e-01
5.136666666666667158e-01
5.140000000000000124e-01
5.141333333333333311e-01
5.143999999999999684e-01
5.147333333333333760e-01
5.154666666666666286e-01
5.161999999999999922e-01
5.163999999999999702e-01
5.171333333333333337e-01
5.176666666666667194e-01
5.178000000000000380e-01
5.174666666666666304e-01
5.181333333333333346e-01
5.184666666666666313e-01
5.187333333333333796e-01
5.190000000000000169e-01
5.193333333333333135e-01
5.193999999999999728e-01
5.195999999999999508e-01
5.198000000000000398e-01
5.206666666666667220e-01
5.208000000000000407e-01
5.210000000000000187e-01
5.210000000000000187e-01
5.214666666666666339e-01
5.223999999999999755e-01
5.228666666666667018e-01
5.233333333333333171e-01
5.237333333333333840e-01
5.240000000000000213e-01
5.247333333333333849e-01
5.248000000000000442e-01
5.251333333333333409e-01
5.253999999999999782e-01
5.258000000000000451e-01
5.262000000000000011e-01
5.264666666666666384e-01
5.270000000000000240e-01
5.269333333333333647e-01
5.275999999999999579e-01
5.282000000000000028e-01
5.287333333333333885e-01
5.288000000000000478e-01
5.289333333333333664e-01
5.295999999999999597e-01
5.299333333333333673e-01
5.301333333333333453e-01
5.303999999999999826e-01
5.310000000000000275e-01
5.310000000000000275e-01
5.312666666666666648e-01
5.316666666666666208e-01
5.318666666666667098e-01
5.321333333333333471e-01
5.323999999999999844e-01
5.323999999999999844e-01
5.329333333333333700e-01
5.332666666666666666e-01
5.336666666666666226e-01
5.340666666666666895e-01
5.340000000000000302e-01
5.340666666666666895e-01
5.342000000000000082e-01
5.342666666666666675e-01
5.345999999999999641e-01
5.352000000000000091e-01
5.355999999999999650e-01
5.353999999999999870e-01
5.359333333333333727e-01
5.359333333333333727e-01
5.363333333333333286e-01
5.368000000000000549e-01
5.370000000000000329e-01
5.373333333333333295e-01
5.374666666666666481e-01
5.372666666666666702e-01
5.377333333333332854e-01
5.382000000000000117e-01
5.386666666666666270e-01
5.390666666666666940e-01
5.393999999999999906e-01
5.396666666666666279e-01
5.398666666666667169e-01
5.406666666666666288e-01
5.408666666666667178e-01
5.411333333333333551e-01
5.414666666666666517e-01
5.413333333333333330e-01
5.413333333333333330e-01
5.415999999999999703e-01
5.419333333333333780e-01
5.424666666666666526e-01
5.430666666666666975e-01
5.435333333333333128e-01
5.437333333333332908e-01
5.440000000000000391e-01
5.445999999999999730e-01
5.454666666666666552e-01
5.457999999999999519e-01
5.462000000000000188e-01
5.468666666666666121e-01
5.471333333333333604e-01
5.472666666666666790e-01
5.477999999999999536e-01
5.477999999999999536e-01
5.477999999999999536e-01
5.477999999999999536e-01
5.478666666666666130e-01
5.482000000000000206e-01
5.485333333333333172e-01
5.488666666666666138e-01
5.485333333333333172e-01
5.490666666666667028e-01
5.494666666666666588e-01
5.498666666666666147e-01
5.498666666666666147e-01
5.498666666666666147e-01
5.504000000000000004e-01
5.505999999999999783e-01
5.509333333333333860e-01
5.510666666666667046e-01
5.515333333333333199e-01
5.516666666666666385e-01
5.520000000000000462e-01
5.519333333333333869e-01
5.520666666666667055e-01
5.519333333333333869e-01
5.520666666666667055e-01
5.524000000000000021e-01
5.521333333333333648e-01
5.529333333333333877e-01
5.537999999999999590e-01
5.536666666666666403e-01
5.537333333333332996e-01
5.540000000000000480e-01
5.540666666666667073e-01
5.542666666666666853e-01
5.545333333333333226e-01
5.544666666666666632e-01
5.544666666666666632e-01
5.545333333333333226e-01
5.548666666666666192e-01
5.547333333333333005e-01
5.547999999999999599e-01
5.545333333333333226e-01
5.552000000000000268e-01
5.555333333333333234e-01
5.554000000000000048e-01
5.557999999999999607e-01
5.557333333333333014e-01
5.555999999999999828e-01
5.560000000000000497e-01
5.563333333333333464e-01
5.565999999999999837e-01
5.568666666666666210e-01
5.565333333333333243e-01
5.570000000000000506e-01
5.575333333333333252e-01
5.577999999999999625e-01
5.575999999999999845e-01
5.584000000000000075e-01
5.585333333333333261e-01
5.585333333333333261e-01
5.585333333333333261e-01
5.583333333333333481e-01
5.586666666666666448e-01
5.586666666666666448e-01
5.593333333333333490e-01
5.596666666666666456e-01
5.600000000000000533e-01
5.602666666666666906e-01
5.605999999999999872e-01
5.608666666666666245e-01
5.606666666666666465e-01
5.610000000000000542e-01
5.611333333333333728e-01
5.620666666666667144e-01
5.617999999999999661e-01
5.623333333333333517e-01
5.623333333333333517e-01
5.627999999999999670e-01
5.632000000000000339e-01
5.631333333333333746e-01
5.629333333333332856e-01
5.634000000000000119e-01
5.632666666666666933e-01
5.633333333333333526e-01
5.639333333333332865e-01
5.637999999999999678e-01
5.645999999999999908e-01
5.649999999999999467e-01
5.651333333333333764e-01
5.646666666666666501e-01
5.652000000000000357e-01
5.650666666666667171e-01
5.652000000000000357e-01
5.654666666666666730e-01
5.657999999999999696e-01
5.665999999999999925e-01
5.667999999999999705e-01
5.665999999999999925e-01
5.664000000000000146e-01
5.665999999999999925e-01
5.671333333333333782e-01
5.673333333333333561e-01
5.673333333333333561e-01
5.673333333333333561e-01
5.670666666666667188e-01
5.674000000000000155e-01
5.678666666666666307e-01
5.680666666666667197e-01
5.684666666666666757e-01
5.683333333333333570e-01
5.685333333333333350e-01
5.687333333333333130e-01
5.691333333333333799e-01
5.695333333333333359e-01
5.693333333333333579e-01
5.694666666666666766e-01
5.694666666666666766e-01
5.691333333333333799e-01
5.695999999999999952e-01
5.696666666666666545e-01
5.695333333333333359e-01
5.697333333333333139e-01
5.694666666666666766e-01
5.695333333333333359e-01
5.699333333333332918e-01
5.702666666666666995e-01
5.699999999999999512e-01
5.702666666666666995e-01
5.704666666666666774e-01
5.702000000000000401e-01
5.706666666666666554e-01
5.706666666666666554e-01
5.706666666666666554e-01
5.707333333333333147e-01
5.707333333333333147e-01
