3.472666666666666679e-01
3.524666666666666504e-01
3.580666666666666442e-01
3.628000000000000114e-01
3.672666666666666857e-01
3.717333333333333600e-01
3.765999999999999903e-01
3.804000000000000159e-01
3.838666666666666893e-01
3.882666666666666488e-01
3.915333333333333443e-01
3.950000000000000178e-01
3.981333333333333391e-01
4.015333333333333532e-01
4.040000000000000258e-01
4.065333333333333576e-01
4.087999999999999967e-01
4.108666666666666578e-01
4.132666666666666710e-01
4.145333333333333092e-01
4.171333333333333560e-01
4.193999999999999950e-01
4.213999999999999968e-01
4.231333333333333058e-01
4.252666666666666817e-01
4.283333333333333437e-01
4.295333333333333226e-01
4.314000000000000057e-01
4.331999999999999740e-01
4.350666666666666571e-01
4.371333333333333182e-01
4.384000000000000119e-01
4.400666666666666615e-01
4.417333333333333112e-01
4.433333333333333570e-01
4.451333333333333253e-01
4.470666666666666678e-01
4.481999999999999873e-01
4.493333333333333068e-01
4.500666666666666704e-01
4.508666666666666933e-01
4.521999999999999909e-01
4.526666666666666616e-01
4.540666666666666740e-01
4.550000000000000155e-01
4.561999999999999944e-01
4.572666666666666546e-01
4.587333333333333263e-01
4.601333333333333386e-01
4.613333333333333175e-01
4.625333333333333519e-01
4.633333333333333193e-01
4.641333333333333422e-01
4.647999999999999909e-01
4.653333333333333210e-01
4.663333333333333219e-01
4.670000000000000262e-01
4.680666666666666864e-01
4.685333333333333572e-01
4.696000000000000174e-01
4.701333333333333475e-01
4.710666666666666891e-01
4.719333333333333158e-01
4.729333333333333167e-01
4.735333333333333061e-01
4.745333333333333070e-01
4.754666666666666486e-01
4.766666666666666829e-01
4.775333333333333097e-01
4.781333333333333546e-01
4.788000000000000034e-01
4.795333333333333115e-01
4.803999999999999937e-01
4.807333333333333458e-01
4.809333333333333238e-01
4.819999999999999840e-01
4.827333333333333476e-01
4.832666666666666777e-01
4.843333333333333379e-01
4.848666666666666680e-01
4.853999999999999981e-01
4.858000000000000096e-01
4.861333333333333062e-01
4.863333333333333397e-01
4.870666666666666478e-01
4.879999999999999893e-01
4.888666666666666716e-01
4.896666666666666390e-01
4.904000000000000026e-01
4.909999999999999920e-01
4.915333333333333221e-01
4.923333333333333450e-01
4.931333333333333124e-01
4.937333333333333574e-01
4.943333333333333468e-01
4.948000000000000176e-01
4.958666666666666778e-01
4.964666666666666672e-01
4.972666666666666901e-01
4.977333333333333609e-01
4.984666666666666690e-01
4.989333333333333398e-01
4.998666666666666814e-01
5.006666666666667043e-01
5.008666666666666822e-01
5.009333333333333416e-01
5.019333333333333425e-01
5.027333333333333654e-01
5.028666666666666840e-01
5.033333333333332993e-01
5.044666666666666188e-01
5.047333333333333671e-01
5.050000000000000044e-01
5.055333333333332790e-01
5.058000000000000274e-01
5.066666666666667096e-01
5.071333333333333249e-01
5.074666666666666215e-01
5.082666666666666444e-01
5.091333333333333266e-01
5.098000000000000309e-01
5.106666666666667131e-01
5.113333333333333064e-01
5.119333333333333513e-01
5.128666666666666929e-01
5.131999999999999895e-01
5.133999999999999675e-01
5.135333333333332861e-01
5.134666666666666268e-01
5.143333333333333091e-01
5.150666666666666726e-01
5.155333333333332879e-01
5.154666666666666286e-01
5.159333333333333549e-01
5.168000000000000371e-01
5.172666666666666524e-01
5.175999999999999490e-01
5.176666666666667194e-01
5.180666666666666753e-01
5.182666666666666533e-01
5.183333333333333126e-01
5.185999999999999499e-01
5.187333333333333796e-01
5.192666666666666542e-01
5.196666666666667211e-01
5.196666666666667211e-01
5.203999999999999737e-01
5.205999999999999517e-01
5.204666666666666330e-01
5.205999999999999517e-01
5.211999999999999966e-01
5.218000000000000416e-01
5.223333333333333162e-01
5.228666666666667018e-01
5.234666666666666357e-01
5.230000000000000204e-01
5.239333333333333620e-01
5.241999999999999993e-01
5.243333333333333179e-01
5.249333333333333629e-01
5.252000000000000002e-01
5.258000000000000451e-01
5.258000000000000451e-01
5.264666666666666384e-01
5.265333333333332977e-01
5.269333333333333647e-01
5.278666666666667062e-01
5.282666666666666622e-01
5.288666666666667071e-01
5.286666666666666181e-01
5.289333333333333664e-01
5.291333333333333444e-01
5.295999999999999597e-01
5.298000000000000487e-01
5.300000000000000266e-01
5.303999999999999826e-01
5.303999999999999826e-01
5.305333333333333012e-01
5.310666666666666869e-01
5.311333333333333462e-01
5.317333333333332801e-01
5.316666666666666208e-01
5.320666666666666877e-01
5.325333333333333030e-01
5.330000000000000293e-01
5.332666666666666666e-01
5.335999999999999632e-01
5.332666666666666666e-01
5.333333333333333259e-01
5.339333333333333709e-01
5.342666666666666675e-01
5.349333333333333718e-01
5.348666666666667124e-01
5.348000000000000531e-01
5.352666666666666684e-01
5.354666666666666464e-01
5.363333333333333286e-01
5.363333333333333286e-01
5.368000000000000549e-01
5.363999999999999879e-01
5.363999999999999879e-01
5.370000000000000329e-01
5.372666666666666702e-01
5.377333333333332854e-01
5.382000000000000117e-01
5.383333333333333304e-01
5.386666666666666270e-01
5.390666666666666940e-01
5.393333333333333313e-01
5.397999999999999465e-01
5.403333333333333321e-01
5.407999999999999474e-01
5.410666666666666957e-01
5.410666666666666957e-01
5.410000000000000364e-01
5.415333333333333110e-01
5.417333333333332890e-01
5.420666666666666966e-01
5.429333333333333789e-01
5.430666666666666975e-01
5.435999999999999721e-01
5.441333333333333577e-01
5.445333333333333137e-01
5.449333333333333806e-01
5.455999999999999739e-01
5.457999999999999519e-01
5.464666666666666561e-01
5.468666666666666121e-01
5.470666666666667011e-01
5.469333333333333824e-01
5.470666666666667011e-01
5.471333333333333604e-01
5.472666666666666790e-01
5.467999999999999527e-01
5.473999999999999977e-01
5.477333333333332943e-01
5.483333333333333393e-01
5.480000000000000426e-01
5.482666666666666799e-01
5.488666666666666138e-01
5.490000000000000435e-01
5.490666666666667028e-01
5.492666666666666808e-01
5.499333333333333851e-01
5.500666666666667037e-01
5.502000000000000224e-01
5.506666666666666377e-01
5.507333333333332970e-01
5.511333333333333639e-01
5.510000000000000453e-01
5.512000000000000233e-01
5.512000000000000233e-01
5.510666666666667046e-01
5.512000000000000233e-01
5.519333333333333869e-01
5.516666666666666385e-01
5.525999999999999801e-01
5.527333333333332988e-01
5.530666666666667064e-01
5.528666666666666174e-01
5.531333333333333657e-01
5.533333333333333437e-01
5.536666666666666403e-01
5.540000000000000480e-01
5.537333333333332996e-01
5.537999999999999590e-01
5.539333333333333886e-01
5.540666666666667073e-01
5.544000000000000039e-01
5.538666666666666183e-01
5.539333333333333886e-01
5.544666666666666632e-01
5.548666666666666192e-01
5.550666666666667082e-01
5.552000000000000268e-01
5.550666666666667082e-01
5.553333333333333455e-01
5.552000000000000268e-01
5.556666666666666421e-01
5.561333333333333684e-01
5.559333333333332794e-01
5.560666666666667091e-01
5.559333333333332794e-01
5.567999999999999616e-01
5.574000000000000066e-01
5.572000000000000286e-01
5.575333333333333252e-01
5.580666666666667108e-01
5.583333333333333481e-01
5.583333333333333481e-01
5.577333333333333032e-01
5.580666666666667108e-01
5.582000000000000295e-01
5.585999999999999854e-01
5.585999999999999854e-01
5.587999999999999634e-01
5.590666666666667117e-01
5.599333333333332829e-01
5.599333333333332829e-01
5.595999999999999863e-01
5.597999999999999643e-01
5.602000000000000313e-01
5.602666666666666906e-01
5.605333333333333279e-01
5.608666666666666245e-01
5.615999999999999881e-01
5.615999999999999881e-01
5.622000000000000330e-01
5.624000000000000110e-01
5.622666666666666924e-01
5.625333333333333297e-01
5.621333333333333737e-01
5.623333333333333517e-01
5.625333333333333297e-01
5.627333333333333076e-01
5.634666666666666712e-01
5.638666666666666272e-01
5.642000000000000348e-01
5.641333333333333755e-01
5.640666666666667162e-01
5.644000000000000128e-01
5.646666666666666501e-01
5.648666666666666281e-01
5.652000000000000357e-01
5.655333333333333323e-01
5.659333333333332883e-01
5.654000000000000137e-01
5.654666666666666730e-01
5.655333333333333323e-01
5.659999999999999476e-01
5.660666666666667179e-01
5.664666666666666739e-01
5.669333333333332892e-01
5.671333333333333782e-01
5.672666666666666968e-01
5.674666666666666748e-01
5.674666666666666748e-01
5.680666666666667197e-01
5.679333333333332900e-01
5.679333333333332900e-01
5.684000000000000163e-01
5.683333333333333570e-01
5.687999999999999723e-01
5.689333333333332909e-01
5.689333333333332909e-01
5.691333333333333799e-01
5.685999999999999943e-01
5.687999999999999723e-01
5.688666666666666316e-01
5.689999999999999503e-01
5.690666666666667206e-01
5.690666666666667206e-01
5.692000000000000393e-01
5.692666666666666986e-01
5.695999999999999952e-01
5.694000000000000172e-01
5.699999999999999512e-01
5.702000000000000401e-01
5.698666666666666325e-01
5.697333333333333139e-01
5.698666666666666325e-01
5.697333333333333139e-01
5.699999999999999512e-01
