3.531333333333333546e-01
3.578666666666666663e-01
3.624666666666666592e-01
3.668666666666666742e-01
3.711333333333333151e-01
3.759333333333333416e-01
3.796666666666666523e-01
3.834666666666666779e-01
3.877333333333333187e-01
3.907999999999999807e-01
3.944666666666666877e-01
3.980666666666666798e-01
4.015333333333333532e-01
4.036000000000000143e-01
4.059333333333333127e-01
4.086666666666666781e-01
4.103999999999999870e-01
4.126000000000000223e-01
4.143999999999999906e-01
4.169333333333333225e-01
4.184666666666666535e-01
4.212666666666666782e-01
4.229333333333333278e-01
4.252666666666666817e-01
4.280666666666666509e-01
4.292666666666666853e-01
4.313333333333333464e-01
4.328000000000000180e-01
4.343333333333333490e-01
4.365333333333333288e-01
4.386666666666666492e-01
4.397333333333333094e-01
4.411333333333333218e-01
4.432666666666666422e-01
4.449333333333333473e-01
4.463333333333333597e-01
4.480666666666666687e-01
4.489333333333333509e-01
4.495999999999999996e-01
4.503333333333333077e-01
4.517999999999999794e-01
4.531333333333333324e-01
4.539333333333333553e-01
4.542666666666666520e-01
4.558666666666666423e-01
4.577333333333333254e-01
4.581999999999999962e-01
4.598666666666666458e-01
4.610000000000000209e-01
4.621333333333333404e-01
4.633999999999999786e-01
4.642666666666666608e-01
4.650000000000000244e-01
4.653333333333333210e-01
4.663999999999999813e-01
4.670666666666666855e-01
4.680000000000000271e-01
4.688666666666666538e-01
4.694666666666666432e-01
4.699999999999999734e-01
4.709333333333333149e-01
4.719999999999999751e-01
4.728666666666666574e-01
4.733999999999999875e-01
4.743999999999999884e-01
4.756000000000000227e-01
4.768666666666666609e-01
4.772000000000000131e-01
4.779999999999999805e-01
4.789999999999999813e-01
4.798000000000000043e-01
4.803333333333333344e-01
4.811333333333333573e-01
4.817333333333333467e-01
4.824666666666666548e-01
4.828666666666666663e-01
4.835333333333333150e-01
4.843999999999999972e-01
4.850666666666666460e-01
4.856666666666666909e-01
4.858666666666666689e-01
4.860666666666666469e-01
4.865999999999999770e-01
4.869333333333333291e-01
4.878666666666666707e-01
4.889333333333333309e-01
4.899333333333333318e-01
4.903333333333333433e-01
4.911333333333333107e-01
4.918000000000000149e-01
4.925999999999999823e-01
4.935999999999999832e-01
4.938666666666666760e-01
4.944666666666666655e-01
4.950666666666666549e-01
4.959333333333333371e-01
4.968666666666666787e-01
4.975333333333333274e-01
4.981333333333333169e-01
4.987333333333333063e-01
4.992666666666666919e-01
5.000000000000000000e-01
5.010000000000000009e-01
5.010000000000000009e-01
5.015333333333333865e-01
5.023333333333332984e-01
5.027333333333333654e-01
5.031333333333333213e-01
5.031333333333333213e-01
5.041999999999999815e-01
5.046000000000000485e-01
5.050000000000000044e-01
5.057333333333333680e-01
5.061333333333333240e-01
5.071333333333333249e-01
5.073999999999999622e-01
5.080000000000000071e-01
5.086000000000000520e-01
5.094666666666666233e-01
5.098000000000000309e-01
5.110000000000000098e-01
5.119333333333333513e-01
5.121333333333333293e-01
5.133333333333333082e-01
5.134666666666666268e-01
5.134666666666666268e-01
5.140000000000000124e-01
5.139333333333333531e-01
5.145333333333332870e-01
5.147333333333333760e-01
5.155333333333332879e-01
5.158666666666666956e-01
5.161999999999999922e-01
5.168666666666666965e-01
5.175333333333332897e-01
5.177333333333333787e-01
5.181999999999999940e-01
5.180000000000000160e-01
5.183999999999999719e-01
5.189333333333333576e-01
5.187333333333333796e-01
5.190666666666666762e-01
5.192666666666666542e-01
5.198000000000000398e-01
5.195333333333332915e-01
5.203333333333333144e-01
5.208666666666667000e-01
5.209333333333333593e-01
5.209333333333333593e-01
5.213333333333333153e-01
5.223999999999999755e-01
5.224666666666666348e-01
5.230666666666666798e-01
5.238000000000000433e-01
5.237333333333333840e-01
5.245333333333332959e-01
5.246666666666666146e-01
5.251333333333333409e-01
5.253333333333333188e-01
5.255999999999999561e-01
5.259333333333333638e-01
5.265333333333332977e-01
5.269333333333333647e-01
5.269333333333333647e-01
5.273333333333333206e-01
5.282000000000000028e-01
5.287333333333333885e-01
5.290666666666666851e-01
5.289333333333333664e-01
5.292666666666666631e-01
5.297333333333332783e-01
5.300000000000000266e-01
5.302666666666666639e-01
5.306666666666666199e-01
5.307333333333332792e-01
5.312666666666666648e-01
5.313999999999999835e-01
5.320000000000000284e-01
5.320000000000000284e-01
5.322666666666666657e-01
5.325999999999999623e-01
5.327333333333332810e-01
5.332000000000000073e-01
5.334666666666666446e-01
5.339333333333333709e-01
5.339333333333333709e-01
5.340666666666666895e-01
5.342000000000000082e-01
5.342000000000000082e-01
5.344666666666666455e-01
5.349333333333333718e-01
5.354666666666666464e-01
5.353999999999999870e-01
5.355333333333333057e-01
5.359333333333333727e-01
5.363333333333333286e-01
5.363999999999999879e-01
5.369333333333333735e-01
5.368000000000000549e-01
5.372000000000000108e-01
5.370666666666666922e-01
5.372666666666666702e-01
5.377333333333332854e-01
5.384666666666666490e-01
5.389333333333333753e-01
5.393333333333333313e-01
5.395333333333333092e-01
5.397999999999999465e-01
5.403333333333333321e-01
5.409333333333333771e-01
5.409333333333333771e-01
5.413999999999999924e-01
5.410666666666666957e-01
5.413333333333333330e-01
5.414666666666666517e-01
5.416666666666666297e-01
5.420666666666666966e-01
5.430666666666666975e-01
5.430666666666666975e-01
5.437999999999999501e-01
5.439333333333333798e-01
5.442000000000000171e-01
5.450000000000000400e-01
5.458666666666666112e-01
5.461333333333333595e-01
5.466666666666666341e-01
5.470666666666667011e-01
5.472666666666666790e-01
5.472666666666666790e-01
5.477999999999999536e-01
5.477999999999999536e-01
5.477999999999999536e-01
5.474666666666666570e-01
5.477333333333332943e-01
5.485999999999999766e-01
5.487999999999999545e-01
5.483333333333333393e-01
5.486666666666666359e-01
5.490666666666667028e-01
5.497333333333332961e-01
5.497999999999999554e-01
5.495999999999999774e-01
5.503333333333333410e-01
5.504000000000000004e-01
5.506666666666666377e-01
5.510666666666667046e-01
5.512666666666666826e-01
5.513333333333333419e-01
5.515999999999999792e-01
5.517999999999999572e-01
5.520000000000000462e-01
5.518666666666666165e-01
5.520666666666667055e-01
5.522000000000000242e-01
5.520000000000000462e-01
5.531333333333333657e-01
5.534000000000000030e-01
5.534666666666666623e-01
5.537333333333332996e-01
5.536666666666666403e-01
5.538666666666666183e-01
5.540000000000000480e-01
5.544000000000000039e-01
5.542000000000000259e-01
5.541333333333333666e-01
5.545333333333333226e-01
5.547333333333333005e-01
5.547999999999999599e-01
5.545333333333333226e-01
5.544666666666666632e-01
5.547999999999999599e-01
5.554666666666666641e-01
5.555999999999999828e-01
5.555333333333333234e-01
5.557333333333333014e-01
5.555999999999999828e-01
5.558666666666666201e-01
5.562666666666666870e-01
5.565999999999999837e-01
5.563333333333333464e-01
5.564000000000000057e-01
5.565333333333333243e-01
5.573333333333333472e-01
5.578666666666666218e-01
5.577333333333333032e-01
5.582666666666666888e-01
5.583333333333333481e-01
5.585333333333333261e-01
5.586666666666666448e-01
5.581333333333333702e-01
5.585333333333333261e-01
5.587999999999999634e-01
5.594000000000000083e-01
5.593333333333333490e-01
5.597333333333333050e-01
5.601333333333333719e-01
5.604000000000000092e-01
5.605333333333333279e-01
5.606666666666666465e-01
5.605999999999999872e-01
5.611333333333333728e-01
5.617333333333333067e-01
5.617333333333333067e-01
5.619333333333332847e-01
5.624666666666666703e-01
5.627999999999999670e-01
5.632000000000000339e-01
5.634666666666666712e-01
5.630666666666667153e-01
5.631333333333333746e-01
5.631333333333333746e-01
5.633333333333333526e-01
5.637999999999999678e-01
5.636666666666666492e-01
5.640666666666667162e-01
5.648666666666666281e-01
5.646666666666666501e-01
5.647333333333333094e-01
5.649999999999999467e-01
5.649333333333332874e-01
5.650666666666667171e-01
5.654000000000000137e-01
5.657333333333333103e-01
5.664666666666666739e-01
5.665999999999999925e-01
5.663333333333333552e-01
5.661333333333333773e-01
5.663333333333333552e-01
5.668666666666666298e-01
5.670666666666667188e-01
5.672666666666666968e-01
5.673333333333333561e-01
5.672000000000000375e-01
5.673333333333333561e-01
5.677333333333333121e-01
5.682000000000000384e-01
5.680666666666667197e-01
5.682666666666666977e-01
5.682000000000000384e-01
5.687333333333333130e-01
5.690666666666667206e-01
5.694000000000000172e-01
5.693333333333333579e-01
5.692000000000000393e-01
5.693333333333333579e-01
5.690666666666667206e-01
5.694666666666666766e-01
5.695333333333333359e-01
5.694000000000000172e-01
5.695333333333333359e-01
5.695333333333333359e-01
5.692000000000000393e-01
5.698666666666666325e-01
5.703333333333333588e-01
5.700666666666667215e-01
5.700666666666667215e-01
5.703333333333333588e-01
5.701333333333333808e-01
5.704666666666666774e-01
5.707333333333333147e-01
5.704666666666666774e-01
5.706666666666666554e-01
5.705333333333333368e-01
