3.552000000000000157e-01
3.598000000000000087e-01
3.644666666666666610e-01
3.678666666666666751e-01
3.733333333333333504e-01
3.775999999999999912e-01
3.811999999999999833e-01
3.844666666666666788e-01
3.886000000000000010e-01
3.917999999999999816e-01
3.954666666666666885e-01
3.984666666666666912e-01
4.022000000000000020e-01
4.043333333333333224e-01
4.068666666666666543e-01
4.089999999999999747e-01
4.111333333333333506e-01
4.132666666666666710e-01
4.152000000000000135e-01
4.173999999999999932e-01
4.194666666666666544e-01
4.218000000000000083e-01
4.233999999999999986e-01
4.258000000000000118e-01
4.283333333333333437e-01
4.295333333333333226e-01
4.318000000000000171e-01
4.331333333333333147e-01
4.349333333333333385e-01
4.369333333333333402e-01
4.388666666666666827e-01
4.398666666666666836e-01
4.416666666666666519e-01
4.435999999999999943e-01
4.454666666666666774e-01
4.470000000000000084e-01
4.484666666666666801e-01
4.490666666666666695e-01
4.496666666666666590e-01
4.511999999999999900e-01
4.521999999999999909e-01
4.531333333333333324e-01
4.541333333333333333e-01
4.545333333333333448e-01
4.566666666666666652e-01
4.576666666666666661e-01
4.587999999999999856e-01
4.603333333333333166e-01
4.610666666666666802e-01
4.622666666666666591e-01
4.637333333333333307e-01
4.643333333333333202e-01
4.647333333333333316e-01
4.658666666666666512e-01
4.665333333333333554e-01
4.673999999999999821e-01
4.686666666666666758e-01
4.687999999999999945e-01
4.701333333333333475e-01
4.702000000000000068e-01
4.714666666666666450e-01
4.722666666666666679e-01
4.732666666666666688e-01
4.736666666666666803e-01
4.747333333333333405e-01
4.759333333333333194e-01
4.772000000000000131e-01
4.774666666666666504e-01
4.783999999999999919e-01
4.786666666666666847e-01
4.800666666666666416e-01
4.803999999999999937e-01
4.811333333333333573e-01
4.822000000000000175e-01
4.825333333333333141e-01
4.831333333333333591e-01
4.836666666666666892e-01
4.848000000000000087e-01
4.853999999999999981e-01
4.855333333333333168e-01
4.863333333333333397e-01
4.861333333333333062e-01
4.865333333333333177e-01
4.874666666666666592e-01
4.881333333333333080e-01
4.894666666666666610e-01
4.902000000000000246e-01
4.910666666666666513e-01
4.915333333333333221e-01
4.922000000000000264e-01
4.932000000000000273e-01
4.937333333333333574e-01
4.939333333333333353e-01
4.944666666666666655e-01
4.953333333333333477e-01
4.960666666666666558e-01
4.969999999999999973e-01
4.979999999999999982e-01
4.985333333333333283e-01
4.989333333333333398e-01
4.996666666666666479e-01
5.002666666666666373e-01
5.008666666666666822e-01
5.012666666666666382e-01
5.017333333333333645e-01
5.020666666666666611e-01
5.030000000000000027e-01
5.031999999999999806e-01
5.037333333333333663e-01
5.042666666666666409e-01
5.046000000000000485e-01
5.053333333333333011e-01
5.057333333333333680e-01
5.063999999999999613e-01
5.071999999999999842e-01
5.076666666666667105e-01
5.081333333333333258e-01
5.090666666666666673e-01
5.099333333333333496e-01
5.106000000000000538e-01
5.115333333333332844e-01
5.120000000000000107e-01
5.123999999999999666e-01
5.135333333333332861e-01
5.133999999999999675e-01
5.138000000000000345e-01
5.140666666666666718e-01
5.141999999999999904e-01
5.145333333333332870e-01
5.147333333333333760e-01
5.155999999999999472e-01
5.162666666666666515e-01
5.165999999999999481e-01
5.170666666666666744e-01
5.177333333333333787e-01
5.176666666666667194e-01
5.175999999999999490e-01
5.182666666666666533e-01
5.186666666666667203e-01
5.189333333333333576e-01
5.191999999999999948e-01
5.192666666666666542e-01
5.193999999999999728e-01
5.198000000000000398e-01
5.200666666666666771e-01
5.205333333333332924e-01
5.210000000000000187e-01
5.210666666666666780e-01
5.210666666666666780e-01
5.216666666666666119e-01
5.227333333333333831e-01
5.231333333333333391e-01
5.234666666666666357e-01
5.237333333333333840e-01
5.241999999999999993e-01
5.246666666666666146e-01
5.250000000000000222e-01
5.252000000000000002e-01
5.257333333333333858e-01
5.256666666666666154e-01
5.264666666666666384e-01
5.266666666666666163e-01
5.269333333333333647e-01
5.272000000000000020e-01
5.277333333333333876e-01
5.283333333333333215e-01
5.289333333333333664e-01
5.288000000000000478e-01
5.293333333333333224e-01
5.297333333333332783e-01
5.299333333333333673e-01
5.302000000000000046e-01
5.304666666666666419e-01
5.311333333333333462e-01
5.312000000000000055e-01
5.314666666666666428e-01
5.315333333333333021e-01
5.320666666666666877e-01
5.323999999999999844e-01
5.323999999999999844e-01
5.328000000000000513e-01
5.328666666666667107e-01
5.332000000000000073e-01
5.338000000000000522e-01
5.342666666666666675e-01
5.342000000000000082e-01
5.341333333333333488e-01
5.342000000000000082e-01
5.343333333333333268e-01
5.346666666666666234e-01
5.355333333333333057e-01
5.353999999999999870e-01
5.353999999999999870e-01
5.357333333333332837e-01
5.359333333333333727e-01
5.365333333333333066e-01
5.370000000000000329e-01
5.371333333333333515e-01
5.373999999999999888e-01
5.373333333333333295e-01
5.372666666666666702e-01
5.377999999999999448e-01
5.383999999999999897e-01
5.387999999999999456e-01
5.390666666666666940e-01
5.392000000000000126e-01
5.397333333333332872e-01
5.399333333333333762e-01
5.408666666666667178e-01
5.410000000000000364e-01
5.413333333333333330e-01
5.415999999999999703e-01
5.413333333333333330e-01
5.412000000000000144e-01
5.416666666666666297e-01
5.420000000000000373e-01
5.425999999999999712e-01
5.432000000000000162e-01
5.438666666666667204e-01
5.437999999999999501e-01
5.442000000000000171e-01
5.448666666666667213e-01
5.455999999999999739e-01
5.460000000000000409e-01
5.466666666666666341e-01
5.471333333333333604e-01
5.473333333333333384e-01
5.476666666666666350e-01
5.479333333333333833e-01
5.478666666666666130e-01
5.479333333333333833e-01
5.481333333333333613e-01
5.478666666666666130e-01
5.483999999999999986e-01
5.487333333333332952e-01
5.487333333333332952e-01
5.483333333333333393e-01
5.494666666666666588e-01
5.497333333333332961e-01
5.500000000000000444e-01
5.497999999999999554e-01
5.499333333333333851e-01
5.503333333333333410e-01
5.506666666666666377e-01
5.510666666666667046e-01
5.510666666666667046e-01
5.516666666666666385e-01
5.519333333333333869e-01
5.523333333333333428e-01
5.520000000000000462e-01
5.522000000000000242e-01
5.521333333333333648e-01
5.521333333333333648e-01
5.524666666666666615e-01
5.526666666666666394e-01
5.534666666666666623e-01
5.538666666666666183e-01
5.535999999999999810e-01
5.540000000000000480e-01
5.540666666666667073e-01
5.543333333333333446e-01
5.543333333333333446e-01
5.544666666666666632e-01
5.547999999999999599e-01
5.548666666666666192e-01
5.547999999999999599e-01
5.550000000000000488e-01
5.550666666666667082e-01
5.550000000000000488e-01
5.547333333333333005e-01
5.552666666666666861e-01
5.555999999999999828e-01
5.558666666666666201e-01
5.560666666666667091e-01
5.558666666666666201e-01
5.558666666666666201e-01
5.562000000000000277e-01
5.565333333333333243e-01
5.565999999999999837e-01
5.566666666666666430e-01
5.567333333333333023e-01
5.570666666666667100e-01
5.577333333333333032e-01
5.579333333333332812e-01
5.579333333333332812e-01
5.582666666666666888e-01
5.586666666666666448e-01
5.587333333333333041e-01
5.586666666666666448e-01
5.585999999999999854e-01
5.585333333333333261e-01
5.590666666666667117e-01
5.594666666666666677e-01
5.598666666666666236e-01
5.600000000000000533e-01
5.604000000000000092e-01
5.609333333333332838e-01
5.609333333333332838e-01
5.606666666666666465e-01
5.610000000000000542e-01
5.615999999999999881e-01
5.620000000000000551e-01
5.618666666666666254e-01
5.623333333333333517e-01
5.625333333333333297e-01
5.629999999999999449e-01
5.632666666666666933e-01
5.632666666666666933e-01
5.632666666666666933e-01
5.633333333333333526e-01
5.634000000000000119e-01
5.637999999999999678e-01
5.639999999999999458e-01
5.640666666666667162e-01
5.648666666666666281e-01
5.651333333333333764e-01
5.649333333333332874e-01
5.650666666666667171e-01
5.652666666666666950e-01
5.649999999999999467e-01
5.653333333333333544e-01
5.656666666666666510e-01
5.660666666666667179e-01
5.666666666666666519e-01
5.666666666666666519e-01
5.666666666666666519e-01
5.667999999999999705e-01
5.667333333333333112e-01
5.671333333333333782e-01
5.672666666666666968e-01
5.674666666666666748e-01
5.675999999999999934e-01
5.672000000000000375e-01
5.674666666666666748e-01
5.680666666666667197e-01
5.684666666666666757e-01
5.682666666666666977e-01
5.686666666666666536e-01
5.685333333333333350e-01
5.689999999999999503e-01
5.692666666666666986e-01
5.695999999999999952e-01
5.692666666666666986e-01
5.696666666666666545e-01
5.694666666666666766e-01
5.693333333333333579e-01
5.697999999999999732e-01
5.698666666666666325e-01
5.695999999999999952e-01
5.697333333333333139e-01
5.696666666666666545e-01
5.697999999999999732e-01
5.703333333333333588e-01
5.701333333333333808e-01
5.701333333333333808e-01
5.700666666666667215e-01
5.705333333333333368e-01
5.705333333333333368e-01
5.708666666666666334e-01
5.706666666666666554e-01
5.709333333333332927e-01
5.707999999999999741e-01
5.711333333333333817e-01
