3.482666666666666688e-01
3.536000000000000254e-01
3.592000000000000193e-01
3.637333333333333529e-01
3.678000000000000158e-01
3.726666666666666461e-01
3.772666666666666391e-01
3.812666666666666426e-01
3.845999999999999974e-01
3.885333333333333417e-01
3.919333333333333558e-01
3.956000000000000072e-01
3.987999999999999878e-01
4.022666666666666613e-01
4.042666666666666631e-01
4.071333333333333471e-01
4.091333333333333488e-01
4.112666666666666693e-01
4.134666666666666490e-01
4.148666666666666614e-01
4.176666666666666861e-01
4.194666666666666544e-01
4.216666666666666896e-01
4.232666666666666799e-01
4.260666666666666491e-01
4.288666666666666738e-01
4.298000000000000154e-01
4.318000000000000171e-01
4.329999999999999960e-01
4.351999999999999758e-01
4.369333333333333402e-01
4.388000000000000234e-01
4.401333333333333209e-01
4.420000000000000040e-01
4.436666666666666536e-01
4.454666666666666774e-01
4.472666666666666457e-01
4.482666666666666466e-01
4.493333333333333068e-01
4.500666666666666704e-01
4.511333333333333306e-01
4.521333333333333315e-01
4.533333333333333104e-01
4.539333333333333553e-01
4.551999999999999935e-01
4.561999999999999944e-01
4.576000000000000068e-01
4.589333333333333598e-01
4.604666666666666908e-01
4.616666666666666696e-01
4.626666666666666705e-01
4.632666666666666599e-01
4.642666666666666608e-01
4.647333333333333316e-01
4.653999999999999804e-01
4.663333333333333219e-01
4.671333333333333449e-01
4.680000000000000271e-01
4.686000000000000165e-01
4.696000000000000174e-01
4.703333333333333255e-01
4.713999999999999857e-01
4.721333333333333493e-01
4.729999999999999760e-01
4.737999999999999989e-01
4.746000000000000218e-01
4.756666666666666821e-01
4.768000000000000016e-01
4.776000000000000245e-01
4.783333333333333326e-01
4.792666666666666742e-01
4.795333333333333115e-01
4.800666666666666416e-01
4.805333333333333123e-01
4.810666666666666424e-01
4.822666666666666768e-01
4.825999999999999734e-01
4.834666666666666557e-01
4.842000000000000193e-01
4.848666666666666680e-01
4.854666666666666575e-01
4.857333333333333503e-01
4.860666666666666469e-01
4.867333333333333512e-01
4.873333333333333406e-01
4.879999999999999893e-01
4.887333333333333529e-01
4.899333333333333318e-01
4.909333333333333327e-01
4.912000000000000255e-01
4.917333333333333556e-01
4.928000000000000158e-01
4.933333333333333459e-01
4.936666666666666425e-01
4.944000000000000061e-01
4.949333333333333362e-01
4.959333333333333371e-01
4.967333333333333600e-01
4.974666666666666681e-01
4.978666666666666796e-01
4.984000000000000097e-01
4.988666666666666805e-01
5.001333333333333186e-01
5.006000000000000449e-01
5.007333333333333636e-01
5.013333333333332975e-01
5.021333333333333204e-01
5.026000000000000467e-01
5.031333333333333213e-01
5.038666666666666849e-01
5.045333333333332781e-01
5.049333333333333451e-01
5.051333333333333231e-01
5.056000000000000494e-01
5.061333333333333240e-01
5.069333333333333469e-01
5.073333333333333028e-01
5.078000000000000291e-01
5.083999999999999631e-01
5.093333333333333046e-01
5.098000000000000309e-01
5.108666666666666911e-01
5.113999999999999657e-01
5.120666666666666700e-01
5.129333333333333522e-01
5.133333333333333082e-01
5.134666666666666268e-01
5.136666666666667158e-01
5.140666666666666718e-01
5.145333333333332870e-01
5.150666666666666726e-01
5.151999999999999913e-01
5.155999999999999472e-01
5.161333333333333329e-01
5.169333333333333558e-01
5.174666666666666304e-01
5.177333333333333787e-01
5.178666666666666973e-01
5.181333333333333346e-01
5.181333333333333346e-01
5.183999999999999719e-01
5.185999999999999499e-01
5.188000000000000389e-01
5.192666666666666542e-01
5.195999999999999508e-01
5.197333333333333805e-01
5.206666666666667220e-01
5.205999999999999517e-01
5.207333333333333814e-01
5.208666666666667000e-01
5.212666666666666559e-01
5.221333333333333382e-01
5.222666666666666568e-01
5.232666666666666577e-01
5.233999999999999764e-01
5.232666666666666577e-01
5.240000000000000213e-01
5.241999999999999993e-01
5.245999999999999552e-01
5.250000000000000222e-01
5.251333333333333409e-01
5.255999999999999561e-01
5.262000000000000011e-01
5.263999999999999790e-01
5.267333333333333867e-01
5.272666666666666613e-01
5.279333333333333655e-01
5.282666666666666622e-01
5.288000000000000478e-01
5.288666666666667071e-01
5.290666666666666851e-01
5.293999999999999817e-01
5.298000000000000487e-01
5.297333333333332783e-01
5.302666666666666639e-01
5.303999999999999826e-01
5.307333333333332792e-01
5.310666666666666869e-01
5.312000000000000055e-01
5.312666666666666648e-01
5.314666666666666428e-01
5.319333333333333691e-01
5.322000000000000064e-01
5.325333333333333030e-01
5.332000000000000073e-01
5.334666666666666446e-01
5.332666666666666666e-01
5.335999999999999632e-01
5.336666666666666226e-01
5.340666666666666895e-01
5.342000000000000082e-01
5.349333333333333718e-01
5.353333333333333277e-01
5.352000000000000091e-01
5.351333333333333497e-01
5.355999999999999650e-01
5.365333333333333066e-01
5.366666666666666252e-01
5.365333333333333066e-01
5.367333333333332845e-01
5.367333333333332845e-01
5.372666666666666702e-01
5.369333333333333735e-01
5.377999999999999448e-01
5.382666666666666710e-01
5.383999999999999897e-01
5.387999999999999456e-01
5.392666666666666719e-01
5.395999999999999686e-01
5.402000000000000135e-01
5.403999999999999915e-01
5.405999999999999694e-01
5.411333333333333551e-01
5.409333333333333771e-01
5.410666666666666957e-01
5.415999999999999703e-01
5.417999999999999483e-01
5.421333333333333560e-01
5.428666666666667195e-01
5.433999999999999941e-01
5.437333333333332908e-01
5.439333333333333798e-01
5.444666666666666544e-01
5.453333333333333366e-01
5.456666666666666332e-01
5.462000000000000188e-01
5.466666666666666341e-01
5.467999999999999527e-01
5.470666666666667011e-01
5.471333333333333604e-01
5.472666666666666790e-01
5.469333333333333824e-01
5.470666666666667011e-01
5.468666666666666121e-01
5.475333333333333163e-01
5.480000000000000426e-01
5.483999999999999986e-01
5.480000000000000426e-01
5.487333333333332952e-01
5.489333333333333842e-01
5.489333333333333842e-01
5.490666666666667028e-01
5.493999999999999995e-01
5.500666666666667037e-01
5.498666666666666147e-01
5.504000000000000004e-01
5.505333333333333190e-01
5.509333333333333860e-01
5.511333333333333639e-01
5.513333333333333419e-01
5.514666666666666606e-01
5.514000000000000012e-01
5.512000000000000233e-01
5.513333333333333419e-01
5.519333333333333869e-01
5.519333333333333869e-01
5.525999999999999801e-01
5.527999999999999581e-01
5.530000000000000471e-01
5.532000000000000250e-01
5.536666666666666403e-01
5.534666666666666623e-01
5.538666666666666183e-01
5.539333333333333886e-01
5.535333333333333217e-01
5.537999999999999590e-01
5.541333333333333666e-01
5.543333333333333446e-01
5.545333333333333226e-01
5.540000000000000480e-01
5.543333333333333446e-01
5.547999999999999599e-01
5.549333333333332785e-01
5.552000000000000268e-01
5.551333333333333675e-01
5.550666666666667082e-01
5.553333333333333455e-01
5.554666666666666641e-01
5.558666666666666201e-01
5.560666666666667091e-01
5.562666666666666870e-01
5.560666666666667091e-01
5.563333333333333464e-01
5.570000000000000506e-01
5.574000000000000066e-01
5.573333333333333472e-01
5.577999999999999625e-01
5.581333333333333702e-01
5.581333333333333702e-01
5.582000000000000295e-01
5.577333333333333032e-01
5.580666666666667108e-01
5.584666666666666668e-01
5.587999999999999634e-01
5.587333333333333041e-01
5.589333333333332821e-01
5.592666666666666897e-01
5.601333333333333719e-01
5.601333333333333719e-01
5.595999999999999863e-01
5.600000000000000533e-01
5.603333333333333499e-01
5.606666666666666465e-01
5.605999999999999872e-01
5.612666666666666915e-01
5.615333333333333288e-01
5.620000000000000551e-01
5.624000000000000110e-01
5.622000000000000330e-01
5.623333333333333517e-01
5.624000000000000110e-01
5.624000000000000110e-01
5.623333333333333517e-01
5.629333333333332856e-01
5.629333333333332856e-01
5.636666666666666492e-01
5.641333333333333755e-01
5.642666666666666941e-01
5.637999999999999678e-01
5.645333333333333314e-01
5.647333333333333094e-01
5.647999999999999687e-01
5.654000000000000137e-01
5.654000000000000137e-01
5.657333333333333103e-01
5.659333333333332883e-01
5.655999999999999917e-01
5.654666666666666730e-01
5.656666666666666510e-01
5.659333333333332883e-01
5.667999999999999705e-01
5.664666666666666739e-01
5.667333333333333112e-01
5.669333333333332892e-01
5.672666666666666968e-01
5.673333333333333561e-01
5.680666666666667197e-01
5.681333333333333790e-01
5.679333333333332900e-01
5.682666666666666977e-01
5.684000000000000163e-01
5.684666666666666757e-01
5.689333333333332909e-01
5.690666666666667206e-01
5.689333333333332909e-01
5.689333333333332909e-01
5.686666666666666536e-01
5.689333333333332909e-01
5.691333333333333799e-01
5.689999999999999503e-01
5.692000000000000393e-01
5.693333333333333579e-01
5.693333333333333579e-01
5.694000000000000172e-01
5.694000000000000172e-01
5.698666666666666325e-01
5.700666666666667215e-01
5.702666666666666995e-01
5.697333333333333139e-01
5.697333333333333139e-01
5.702666666666666995e-01
5.699999999999999512e-01
5.700666666666667215e-01
