3.574666666666666548e-01
3.619333333333333291e-01
3.661333333333333107e-01
3.698666666666666769e-01
3.751999999999999780e-01
3.790000000000000036e-01
3.825999999999999956e-01
3.862666666666666471e-01
3.901999999999999913e-01
3.938666666666666427e-01
3.972666666666666568e-01
4.004666666666666930e-01
4.031333333333333435e-01
4.053999999999999826e-01
4.078666666666666551e-01
4.099999999999999756e-01
4.117999999999999994e-01
4.138000000000000012e-01
4.155333333333333101e-01
4.183999999999999941e-01
4.204666666666666552e-01
4.228000000000000091e-01
4.245999999999999774e-01
4.265999999999999792e-01
4.291333333333333111e-01
4.305333333333333234e-01
4.325999999999999845e-01
4.336666666666666448e-01
4.356666666666666465e-01
4.371999999999999775e-01
4.390666666666666607e-01
4.407333333333333103e-01
4.424000000000000155e-01
4.443333333333333579e-01
4.461999999999999855e-01
4.475333333333333385e-01
4.487999999999999767e-01
4.493333333333333068e-01
4.501999999999999891e-01
4.516666666666666607e-01
4.525333333333333430e-01
4.535333333333333439e-01
4.544000000000000261e-01
4.554666666666666863e-01
4.571333333333333360e-01
4.581333333333333369e-01
4.594666666666666899e-01
4.608666666666666467e-01
4.613999999999999768e-01
4.629333333333333078e-01
4.640666666666666829e-01
4.646666666666666723e-01
4.651333333333333431e-01
4.658666666666666512e-01
4.671333333333333449e-01
4.679333333333333123e-01
4.686666666666666758e-01
4.696666666666666767e-01
4.700666666666666882e-01
4.708666666666666556e-01
4.720666666666666900e-01
4.722000000000000086e-01
4.732666666666666688e-01
4.742000000000000104e-01
4.753333333333333299e-01
4.767333333333333423e-01
4.772666666666666724e-01
4.780666666666666398e-01
4.786000000000000254e-01
4.796000000000000263e-01
4.801333333333333564e-01
4.810666666666666424e-01
4.813999999999999946e-01
4.824666666666666548e-01
4.826666666666666883e-01
4.835333333333333150e-01
4.839333333333333265e-01
4.852000000000000202e-01
4.855333333333333168e-01
4.859333333333333282e-01
4.862666666666666804e-01
4.865999999999999770e-01
4.869333333333333291e-01
4.878666666666666707e-01
4.886666666666666936e-01
4.898000000000000131e-01
4.904000000000000026e-01
4.914666666666666628e-01
4.919333333333333336e-01
4.924000000000000044e-01
4.935333333333333239e-01
4.935999999999999832e-01
4.942666666666666875e-01
4.948000000000000176e-01
4.954000000000000070e-01
4.968666666666666787e-01
4.972666666666666901e-01
4.981333333333333169e-01
4.988000000000000211e-01
4.995333333333333292e-01
4.998666666666666814e-01
5.008666666666666822e-01
5.010666666666666602e-01
5.016000000000000458e-01
5.021999999999999797e-01
5.028666666666666840e-01
5.031999999999999806e-01
5.030666666666666620e-01
5.038666666666666849e-01
5.042666666666666409e-01
5.049333333333333451e-01
5.051333333333333231e-01
5.057333333333333680e-01
5.070666666666666655e-01
5.076666666666667105e-01
5.078000000000000291e-01
5.086666666666667114e-01
5.096666666666667123e-01
5.101333333333333275e-01
5.107333333333333725e-01
5.116666666666667140e-01
5.124666666666666259e-01
5.127333333333333742e-01
5.134666666666666268e-01
5.135333333333332861e-01
5.139333333333333531e-01
5.142666666666666497e-01
5.141999999999999904e-01
5.146666666666667167e-01
5.155333333333332879e-01
5.160000000000000142e-01
5.163999999999999702e-01
5.170000000000000151e-01
5.175333333333332897e-01
5.178000000000000380e-01
5.180666666666666753e-01
5.180000000000000160e-01
5.186666666666667203e-01
5.190666666666666762e-01
5.190666666666666762e-01
5.194666666666666321e-01
5.196666666666667211e-01
5.198666666666666991e-01
5.198000000000000398e-01
5.205333333333332924e-01
5.211999999999999966e-01
5.211333333333333373e-01
5.210666666666666780e-01
5.215333333333332932e-01
5.220666666666666789e-01
5.229333333333333611e-01
5.231999999999999984e-01
5.237333333333333840e-01
5.240666666666666806e-01
5.248000000000000442e-01
5.245999999999999552e-01
5.249333333333333629e-01
5.252000000000000002e-01
5.257333333333333858e-01
5.260666666666666824e-01
5.263999999999999790e-01
5.269333333333333647e-01
5.270000000000000240e-01
5.275333333333332986e-01
5.283333333333333215e-01
5.288000000000000478e-01
5.290000000000000258e-01
5.290666666666666851e-01
5.295999999999999597e-01
5.299333333333333673e-01
5.302666666666666639e-01
5.304666666666666419e-01
5.312000000000000055e-01
5.310666666666666869e-01
5.313999999999999835e-01
5.316666666666666208e-01
5.319333333333333691e-01
5.322000000000000064e-01
5.326666666666666217e-01
5.324666666666666437e-01
5.328000000000000513e-01
5.329333333333333700e-01
5.337333333333332819e-01
5.342666666666666675e-01
5.342000000000000082e-01
5.340666666666666895e-01
5.342666666666666675e-01
5.343999999999999861e-01
5.345999999999999641e-01
5.352666666666666684e-01
5.353999999999999870e-01
5.360666666666666913e-01
5.355999999999999650e-01
5.364666666666666472e-01
5.363999999999999879e-01
5.370666666666666922e-01
5.372666666666666702e-01
5.373333333333333295e-01
5.373999999999999888e-01
5.375999999999999668e-01
5.378666666666667151e-01
5.379333333333333744e-01
5.381333333333333524e-01
5.391333333333333533e-01
5.390000000000000346e-01
5.396666666666666279e-01
5.396666666666666279e-01
5.401333333333333542e-01
5.405999999999999694e-01
5.412666666666666737e-01
5.413333333333333330e-01
5.415333333333333110e-01
5.413999999999999924e-01
5.415999999999999703e-01
5.418666666666667187e-01
5.424666666666666526e-01
5.431333333333333568e-01
5.435999999999999721e-01
5.442666666666666764e-01
5.443333333333333357e-01
5.447999999999999510e-01
5.452666666666666773e-01
5.460666666666667002e-01
5.464666666666666561e-01
5.471333333333333604e-01
5.473999999999999977e-01
5.476666666666666350e-01
5.475999999999999757e-01
5.480000000000000426e-01
5.482000000000000206e-01
5.480000000000000426e-01
5.481333333333333613e-01
5.482000000000000206e-01
5.483333333333333393e-01
5.489333333333333842e-01
5.487333333333332952e-01
5.490666666666667028e-01
5.497999999999999554e-01
5.500666666666667037e-01
5.500666666666667037e-01
5.498666666666666147e-01
5.500666666666667037e-01
5.505999999999999783e-01
5.508666666666666156e-01
5.512666666666666826e-01
5.515999999999999792e-01
5.518666666666666165e-01
5.524000000000000021e-01
5.524000000000000021e-01
5.525333333333333208e-01
5.525333333333333208e-01
5.524666666666666615e-01
5.525333333333333208e-01
5.530000000000000471e-01
5.533333333333333437e-01
5.537999999999999590e-01
5.539333333333333886e-01
5.538666666666666183e-01
5.541333333333333666e-01
5.544000000000000039e-01
5.544000000000000039e-01
5.545999999999999819e-01
5.548666666666666192e-01
5.550000000000000488e-01
5.547333333333333005e-01
5.550000000000000488e-01
5.554666666666666641e-01
5.550666666666667082e-01
5.549333333333332785e-01
5.550000000000000488e-01
5.554666666666666641e-01
5.557333333333333014e-01
5.560000000000000497e-01
5.559333333333332794e-01
5.556666666666666421e-01
5.561333333333333684e-01
5.563333333333333464e-01
5.566666666666666430e-01
5.570000000000000506e-01
5.570000000000000506e-01
5.565999999999999837e-01
5.574000000000000066e-01
5.580666666666667108e-01
5.582666666666666888e-01
5.584666666666666668e-01
5.585333333333333261e-01
5.587999999999999634e-01
5.590000000000000524e-01
5.589333333333332821e-01
5.587333333333333041e-01
5.590666666666667117e-01
5.596666666666666456e-01
5.597999999999999643e-01
5.601333333333333719e-01
5.603333333333333499e-01
5.609333333333332838e-01
5.615999999999999881e-01
5.612000000000000322e-01
5.613333333333333508e-01
5.617333333333333067e-01
5.618666666666666254e-01
5.625333333333333297e-01
5.624666666666666703e-01
5.624666666666666703e-01
5.632666666666666933e-01
5.634666666666666712e-01
5.638666666666666272e-01
5.636666666666666492e-01
5.635333333333333306e-01
5.636666666666666492e-01
5.637999999999999678e-01
5.642666666666666941e-01
5.644000000000000128e-01
5.642666666666666941e-01
5.650666666666667171e-01
5.656666666666666510e-01
5.652000000000000357e-01
5.652000000000000357e-01
5.653333333333333544e-01
5.654666666666666730e-01
5.654666666666666730e-01
5.660666666666667179e-01
5.665333333333333332e-01
5.669999999999999485e-01
5.667999999999999705e-01
5.668666666666666298e-01
5.670666666666667188e-01
5.672000000000000375e-01
5.674666666666666748e-01
5.677333333333333121e-01
5.676666666666666528e-01
5.675999999999999934e-01
5.678666666666666307e-01
5.678666666666666307e-01
5.684000000000000163e-01
5.686666666666666536e-01
5.686666666666666536e-01
5.689999999999999503e-01
5.691333333333333799e-01
5.692666666666666986e-01
5.694666666666666766e-01
5.694666666666666766e-01
5.695333333333333359e-01
5.698666666666666325e-01
5.695333333333333359e-01
5.695999999999999952e-01
5.695333333333333359e-01
5.698666666666666325e-01
5.696666666666666545e-01
5.698666666666666325e-01
5.698666666666666325e-01
5.699999999999999512e-01
5.703333333333333588e-01
5.702666666666666995e-01
5.702000000000000401e-01
5.705333333333333368e-01
5.705333333333333368e-01
5.709999999999999520e-01
5.711333333333333817e-01
5.712000000000000410e-01
5.713333333333333597e-01
5.714000000000000190e-01
5.712666666666667004e-01
