3.688666666666666760e-01
3.730666666666666575e-01
3.769333333333333425e-01
3.804000000000000159e-01
3.837333333333333152e-01
3.876666666666666594e-01
3.907999999999999807e-01
3.944666666666666877e-01
3.979333333333333056e-01
4.008666666666666489e-01
4.033999999999999808e-01
4.057333333333333347e-01
4.081333333333333480e-01
4.100666666666666904e-01
4.119999999999999774e-01
4.143333333333333313e-01
4.159333333333333216e-01
4.183333333333333348e-01
4.208000000000000074e-01
4.225999999999999757e-01
4.243999999999999995e-01
4.264000000000000012e-01
4.289999999999999925e-01
4.303333333333333455e-01
4.325999999999999845e-01
4.335999999999999854e-01
4.354666666666666686e-01
4.374000000000000110e-01
4.393333333333333535e-01
4.409333333333333438e-01
4.422666666666666413e-01
4.441333333333333244e-01
4.455333333333333368e-01
4.475999999999999979e-01
4.487333333333333174e-01
4.493333333333333068e-01
4.507333333333333192e-01
4.517333333333333201e-01
4.525333333333333430e-01
4.534666666666666845e-01
4.544000000000000261e-01
4.552666666666666528e-01
4.569333333333333580e-01
4.579333333333333589e-01
4.590000000000000191e-01
4.605333333333333501e-01
4.611333333333333395e-01
4.628666666666666485e-01
4.637333333333333307e-01
4.645333333333333536e-01
4.655333333333333545e-01
4.667333333333333334e-01
4.668666666666666520e-01
4.679333333333333123e-01
4.687999999999999945e-01
4.696666666666666767e-01
4.704666666666666441e-01
4.710666666666666891e-01
4.717999999999999972e-01
4.729999999999999760e-01
4.737333333333333396e-01
4.748666666666666591e-01
4.756666666666666821e-01
4.766666666666666829e-01
4.773999999999999910e-01
4.778666666666666618e-01
4.789333333333333220e-01
4.797333333333333449e-01
4.808000000000000052e-01
4.811333333333333573e-01
4.817333333333333467e-01
4.824666666666666548e-01
4.829333333333333256e-01
4.835999999999999743e-01
4.845999999999999752e-01
4.852000000000000202e-01
4.855333333333333168e-01
4.859999999999999876e-01
4.863333333333333397e-01
4.867333333333333512e-01
4.873333333333333406e-01
4.879999999999999893e-01
4.890666666666666496e-01
4.904000000000000026e-01
4.909999999999999920e-01
4.916666666666666408e-01
4.924000000000000044e-01
4.928000000000000158e-01
4.936666666666666425e-01
4.942666666666666875e-01
4.944666666666666655e-01
4.952666666666666884e-01
4.959333333333333371e-01
4.965999999999999859e-01
4.975999999999999868e-01
4.979999999999999982e-01
4.993333333333333512e-01
4.995333333333333292e-01
5.004666666666666153e-01
5.003999999999999559e-01
5.013333333333332975e-01
5.020666666666666611e-01
5.026000000000000467e-01
5.030000000000000027e-01
5.033333333333332993e-01
5.035333333333333883e-01
5.043333333333333002e-01
5.049333333333333451e-01
5.054666666666666197e-01
5.058000000000000274e-01
5.063333333333333020e-01
5.071999999999999842e-01
5.082666666666666444e-01
5.086666666666667114e-01
5.093333333333333046e-01
5.099333333333333496e-01
5.106666666666667131e-01
5.110000000000000098e-01
5.118666666666666920e-01
5.128000000000000336e-01
5.132666666666666488e-01
5.140666666666666718e-01
5.139333333333333531e-01
5.145999999999999464e-01
5.146666666666667167e-01
5.148000000000000353e-01
5.149333333333333540e-01
5.157333333333333769e-01
5.166666666666667185e-01
5.171333333333333337e-01
5.175999999999999490e-01
5.177333333333333787e-01
5.181333333333333346e-01
5.181999999999999940e-01
5.188000000000000389e-01
5.189333333333333576e-01
5.193333333333333135e-01
5.193999999999999728e-01
5.192666666666666542e-01
5.199333333333333584e-01
5.203333333333333144e-01
5.209333333333333593e-01
5.213999999999999746e-01
5.213999999999999746e-01
5.217333333333333822e-01
5.223333333333333162e-01
5.225333333333332941e-01
5.230666666666666798e-01
5.234666666666666357e-01
5.239333333333333620e-01
5.240000000000000213e-01
5.248666666666667036e-01
5.256666666666666154e-01
5.257333333333333858e-01
5.261333333333333417e-01
5.262666666666666604e-01
5.270000000000000240e-01
5.271333333333333426e-01
5.274666666666666393e-01
5.279333333333333655e-01
5.282000000000000028e-01
5.282000000000000028e-01
5.288666666666667071e-01
5.293333333333333224e-01
5.292000000000000037e-01
5.297333333333332783e-01
5.302666666666666639e-01
5.307333333333332792e-01
5.310000000000000275e-01
5.313333333333333242e-01
5.315999999999999615e-01
5.322000000000000064e-01
5.320666666666666877e-01
5.322000000000000064e-01
5.326666666666666217e-01
5.326666666666666217e-01
5.330666666666666886e-01
5.333999999999999853e-01
5.336666666666666226e-01
5.338666666666667115e-01
5.342000000000000082e-01
5.345333333333333048e-01
5.348666666666667124e-01
5.347333333333332828e-01
5.355333333333333057e-01
5.355333333333333057e-01
5.358000000000000540e-01
5.363333333333333286e-01
5.365333333333333066e-01
5.363999999999999879e-01
5.363333333333333286e-01
5.371333333333333515e-01
5.373333333333333295e-01
5.375333333333333075e-01
5.381333333333333524e-01
5.382000000000000117e-01
5.387333333333332863e-01
5.389333333333333753e-01
5.386666666666666270e-01
5.392000000000000126e-01
5.393999999999999906e-01
5.392000000000000126e-01
5.393333333333333313e-01
5.397999999999999465e-01
5.403999999999999915e-01
5.408666666666667178e-01
5.412666666666666737e-01
5.419333333333333780e-01
5.421333333333333560e-01
5.425999999999999712e-01
5.423999999999999932e-01
5.423999999999999932e-01
5.430000000000000382e-01
5.435333333333333128e-01
5.443333333333333357e-01
5.447999999999999510e-01
5.453999999999999959e-01
5.456666666666666332e-01
5.460666666666667002e-01
5.463999999999999968e-01
5.466666666666666341e-01
5.474666666666666570e-01
5.477999999999999536e-01
5.480666666666667020e-01
5.482000000000000206e-01
5.480000000000000426e-01
5.485333333333333172e-01
5.487333333333332952e-01
5.486666666666666359e-01
5.488666666666666138e-01
5.493333333333333401e-01
5.495333333333333181e-01
5.494666666666666588e-01
5.500000000000000444e-01
5.500000000000000444e-01
5.503333333333333410e-01
5.505333333333333190e-01
5.508666666666666156e-01
5.507999999999999563e-01
5.513333333333333419e-01
5.515999999999999792e-01
5.518666666666666165e-01
5.520666666666667055e-01
5.524000000000000021e-01
5.530000000000000471e-01
5.534666666666666623e-01
5.534666666666666623e-01
5.534000000000000030e-01
5.537999999999999590e-01
5.540666666666667073e-01
5.541333333333333666e-01
5.543333333333333446e-01
5.541333333333333666e-01
5.547999999999999599e-01
5.548666666666666192e-01
5.550000000000000488e-01
5.555333333333333234e-01
5.554666666666666641e-01
5.557333333333333014e-01
5.559333333333332794e-01
5.560000000000000497e-01
5.562666666666666870e-01
5.562666666666666870e-01
5.564666666666666650e-01
5.565333333333333243e-01
5.562000000000000277e-01
5.562000000000000277e-01
5.563333333333333464e-01
5.567333333333333023e-01
5.567333333333333023e-01
5.567999999999999616e-01
5.567999999999999616e-01
5.573333333333333472e-01
5.574666666666666659e-01
5.575999999999999845e-01
5.578666666666666218e-01
5.582666666666666888e-01
5.586666666666666448e-01
5.587333333333333041e-01
5.591333333333333711e-01
5.593333333333333490e-01
5.600000000000000533e-01
5.600666666666667126e-01
5.600666666666667126e-01
5.600000000000000533e-01
5.603333333333333499e-01
5.602666666666666906e-01
5.602666666666666906e-01
5.605999999999999872e-01
5.607999999999999652e-01
5.611333333333333728e-01
5.611333333333333728e-01
5.617999999999999661e-01
5.620666666666667144e-01
5.620666666666667144e-01
5.623333333333333517e-01
5.625333333333333297e-01
5.630666666666667153e-01
5.632666666666666933e-01
5.635999999999999899e-01
5.635999999999999899e-01
5.636666666666666492e-01
5.642666666666666941e-01
5.644000000000000128e-01
5.641333333333333755e-01
5.642666666666666941e-01
5.643333333333333535e-01
5.642666666666666941e-01
5.644666666666666721e-01
5.647999999999999687e-01
5.649999999999999467e-01
5.656666666666666510e-01
5.658666666666666289e-01
5.657333333333333103e-01
5.663333333333333552e-01
5.665999999999999925e-01
5.665333333333333332e-01
5.664000000000000146e-01
5.668666666666666298e-01
5.674000000000000155e-01
5.677333333333333121e-01
5.681333333333333790e-01
5.682666666666666977e-01
5.685333333333333350e-01
5.685999999999999943e-01
5.687333333333333130e-01
5.685333333333333350e-01
5.693333333333333579e-01
5.692666666666666986e-01
5.694666666666666766e-01
5.695333333333333359e-01
5.693333333333333579e-01
5.697999999999999732e-01
5.696666666666666545e-01
5.698666666666666325e-01
5.697999999999999732e-01
5.701333333333333808e-01
5.704000000000000181e-01
5.704666666666666774e-01
5.705333333333333368e-01
5.705999999999999961e-01
5.706666666666666554e-01
5.707333333333333147e-01
5.706666666666666554e-01
5.710666666666666114e-01
5.709333333333332927e-01
5.712666666666667004e-01
5.710666666666666114e-01
5.707999999999999741e-01
5.711333333333333817e-01
5.712000000000000410e-01
5.712666666666667004e-01
5.714000000000000190e-01
5.717999999999999750e-01
5.720666666666666123e-01
5.722666666666667012e-01
5.725333333333333385e-01
5.725999999999999979e-01
5.725333333333333385e-01
5.723333333333333606e-01
5.728666666666666352e-01
5.731333333333333835e-01
5.733333333333333615e-01
