3.163333333333333552e-01
3.276000000000000023e-01
3.365333333333333510e-01
3.452000000000000068e-01
3.521333333333333537e-01
3.573999999999999955e-01
3.626666666666666927e-01
3.674666666666666637e-01
3.728000000000000203e-01
3.768000000000000238e-01
3.810000000000000053e-01
3.846666666666666567e-01
3.875333333333333408e-01
3.915333333333333443e-01
3.945333333333333470e-01
3.986000000000000099e-01
4.014666666666666939e-01
4.043999999999999817e-01
4.071333333333333471e-01
4.085333333333333594e-01
4.107333333333333392e-01
4.128000000000000003e-01
4.149333333333333207e-01
4.159999999999999809e-01
4.186000000000000276e-01
4.202666666666666773e-01
4.221333333333333604e-01
4.243333333333333401e-01
4.267333333333333534e-01
4.289999999999999925e-01
4.296666666666666412e-01
4.319999999999999951e-01
4.338000000000000189e-01
4.359999999999999987e-01
4.373333333333333517e-01
4.390666666666666607e-01
4.401999999999999802e-01
4.423333333333333561e-01
4.444000000000000172e-01
4.460000000000000075e-01
4.471333333333333271e-01
4.474666666666666792e-01
4.491333333333333289e-01
4.497333333333333183e-01
4.509333333333333527e-01
4.521333333333333315e-01
4.527999999999999803e-01
4.541999999999999926e-01
4.547999999999999821e-01
4.561333333333333351e-01
4.580000000000000182e-01
4.590666666666666784e-01
4.597999999999999865e-01
4.608666666666666467e-01
4.620666666666666811e-01
4.624666666666666925e-01
4.634666666666666934e-01
4.643999999999999795e-01
4.652666666666666617e-01
4.658666666666666512e-01
4.665333333333333554e-01
4.666000000000000147e-01
4.670666666666666855e-01
4.684666666666666424e-01
4.685333333333333572e-01
4.693333333333333246e-01
4.699333333333333140e-01
4.704666666666666441e-01
4.717999999999999972e-01
4.726666666666666794e-01
4.733333333333333282e-01
4.743333333333333290e-01
4.755333333333333079e-01
4.767333333333333423e-01
4.772666666666666724e-01
4.778666666666666618e-01
4.784666666666666512e-01
4.789333333333333220e-01
4.800666666666666416e-01
4.800666666666666416e-01
4.808666666666666645e-01
4.813999999999999946e-01
4.823333333333333361e-01
4.830666666666666442e-01
4.838000000000000078e-01
4.839333333333333265e-01
4.847333333333333494e-01
4.845999999999999752e-01
4.853333333333333388e-01
4.855333333333333168e-01
4.869999999999999885e-01
4.875999999999999779e-01
4.882666666666666822e-01
4.884000000000000008e-01
4.895333333333333203e-01
4.898000000000000131e-01
4.905333333333333212e-01
4.914666666666666628e-01
4.924666666666666637e-01
4.938666666666666760e-01
4.937333333333333574e-01
4.944000000000000061e-01
4.949333333333333362e-01
4.957333333333333591e-01
4.968666666666666787e-01
4.970666666666666567e-01
4.976666666666666461e-01
4.978000000000000203e-01
4.980666666666666575e-01
4.984000000000000097e-01
4.992666666666666919e-01
5.002666666666666373e-01
5.009333333333333416e-01
5.019333333333333425e-01
5.024666666666666170e-01
5.031333333333333213e-01
5.035333333333333883e-01
5.036666666666667069e-01
5.037333333333333663e-01
5.043333333333333002e-01
5.045333333333332781e-01
5.051333333333333231e-01
5.061333333333333240e-01
5.072666666666666435e-01
5.077333333333333698e-01
5.083333333333333037e-01
5.086666666666667114e-01
5.089333333333333487e-01
5.098666666666666902e-01
5.101999999999999869e-01
5.106000000000000538e-01
5.108666666666666911e-01
5.114666666666666250e-01
5.122666666666666480e-01
5.128666666666666929e-01
5.131333333333333302e-01
5.129333333333333522e-01
5.131999999999999895e-01
5.134666666666666268e-01
5.140000000000000124e-01
5.142666666666666497e-01
5.148000000000000353e-01
5.148000000000000353e-01
5.148666666666666947e-01
5.153999999999999693e-01
5.150666666666666726e-01
5.154666666666666286e-01
5.158666666666666956e-01
5.163333333333333108e-01
5.166666666666667185e-01
5.175333333333332897e-01
5.174666666666666304e-01
5.172666666666666524e-01
5.182666666666666533e-01
5.178666666666666973e-01
5.185999999999999499e-01
5.192666666666666542e-01
5.200000000000000178e-01
5.199333333333333584e-01
5.202666666666666551e-01
5.203999999999999737e-01
5.205999999999999517e-01
5.206666666666667220e-01
5.212666666666666559e-01
5.215999999999999526e-01
5.222666666666666568e-01
5.228000000000000425e-01
5.231333333333333391e-01
5.235333333333332950e-01
5.235999999999999543e-01
5.235999999999999543e-01
5.243333333333333179e-01
5.249333333333333629e-01
5.250000000000000222e-01
5.253333333333333188e-01
5.257333333333333858e-01
5.265333333333332977e-01
5.256666666666666154e-01
5.255999999999999561e-01
5.259333333333333638e-01
5.262666666666666604e-01
5.258000000000000451e-01
5.266666666666666163e-01
5.270000000000000240e-01
5.273999999999999799e-01
5.277333333333333876e-01
5.283333333333333215e-01
5.288000000000000478e-01
5.291333333333333444e-01
5.295999999999999597e-01
5.299333333333333673e-01
5.301333333333333453e-01
5.298666666666667080e-01
5.302666666666666639e-01
5.307333333333332792e-01
5.305999999999999606e-01
5.312000000000000055e-01
5.320000000000000284e-01
5.323333333333333250e-01
5.323999999999999844e-01
5.328000000000000513e-01
5.328666666666667107e-01
5.329333333333333700e-01
5.330666666666666886e-01
5.330000000000000293e-01
5.335333333333333039e-01
5.340000000000000302e-01
5.338666666666667115e-01
5.345333333333333048e-01
5.346666666666666234e-01
5.357333333333332837e-01
5.358666666666667133e-01
5.364666666666666472e-01
5.365999999999999659e-01
5.363333333333333286e-01
5.373333333333333295e-01
5.375999999999999668e-01
5.369333333333333735e-01
5.370000000000000329e-01
5.375999999999999668e-01
5.376666666666666261e-01
5.387333333333332863e-01
5.397999999999999465e-01
5.402666666666666728e-01
5.416666666666666297e-01
5.409333333333333771e-01
5.410000000000000364e-01
5.413333333333333330e-01
5.416666666666666297e-01
5.422666666666666746e-01
5.430666666666666975e-01
5.433333333333333348e-01
5.431333333333333568e-01
5.433333333333333348e-01
5.432666666666666755e-01
5.433999999999999941e-01
5.432666666666666755e-01
5.435333333333333128e-01
5.439333333333333798e-01
5.442000000000000171e-01
5.448666666666667213e-01
5.446666666666666323e-01
5.454666666666666552e-01
5.461333333333333595e-01
5.462000000000000188e-01
5.460000000000000409e-01
5.460666666666667002e-01
5.463999999999999968e-01
5.464666666666666561e-01
5.470666666666667011e-01
5.474666666666666570e-01
5.472000000000000197e-01
5.471333333333333604e-01
5.477999999999999536e-01
5.483333333333333393e-01
5.483333333333333393e-01
5.484666666666666579e-01
5.482666666666666799e-01
5.479333333333333833e-01
5.482000000000000206e-01
5.483999999999999986e-01
5.486666666666666359e-01
5.490000000000000435e-01
5.501333333333333631e-01
5.504000000000000004e-01
5.505999999999999783e-01
5.505999999999999783e-01
5.505333333333333190e-01
5.508666666666666156e-01
5.509333333333333860e-01
5.506666666666666377e-01
5.510000000000000453e-01
5.510000000000000453e-01
5.510000000000000453e-01
5.506666666666666377e-01
5.510000000000000453e-01
5.504666666666666597e-01
5.505999999999999783e-01
5.507999999999999563e-01
5.507999999999999563e-01
5.505333333333333190e-01
5.505999999999999783e-01
5.505999999999999783e-01
5.510666666666667046e-01
5.515999999999999792e-01
5.522000000000000242e-01
5.530000000000000471e-01
5.527333333333332988e-01
5.529333333333333877e-01
5.533333333333333437e-01
5.534666666666666623e-01
5.535333333333333217e-01
5.535333333333333217e-01
5.537333333333332996e-01
5.535333333333333217e-01
5.537333333333332996e-01
5.543333333333333446e-01
5.547999999999999599e-01
5.550000000000000488e-01
5.550000000000000488e-01
5.554000000000000048e-01
5.560666666666667091e-01
5.557999999999999607e-01
5.562666666666666870e-01
5.564666666666666650e-01
5.566666666666666430e-01
5.564000000000000057e-01
5.565333333333333243e-01
5.572000000000000286e-01
5.575999999999999845e-01
5.576666666666666439e-01
5.574000000000000066e-01
5.573333333333333472e-01
5.577999999999999625e-01
5.577333333333333032e-01
5.582666666666666888e-01
5.582000000000000295e-01
5.586666666666666448e-01
5.595999999999999863e-01
5.595999999999999863e-01
5.595999999999999863e-01
5.601333333333333719e-01
5.601333333333333719e-01
5.600000000000000533e-01
5.605333333333333279e-01
5.604000000000000092e-01
5.605999999999999872e-01
5.604000000000000092e-01
5.609333333333332838e-01
5.610000000000000542e-01
5.607999999999999652e-01
5.612666666666666915e-01
5.610666666666667135e-01
5.620666666666667144e-01
5.625999999999999890e-01
5.625999999999999890e-01
5.632000000000000339e-01
5.629999999999999449e-01
5.628666666666666263e-01
5.632000000000000339e-01
5.639333333333332865e-01
5.644666666666666721e-01
5.647999999999999687e-01
5.647333333333333094e-01
5.644666666666666721e-01
5.642666666666666941e-01
5.645333333333333314e-01
5.647333333333333094e-01
5.649999999999999467e-01
5.657999999999999696e-01
5.657333333333333103e-01
5.657999999999999696e-01
5.652000000000000357e-01
5.650666666666667171e-01
5.652000000000000357e-01
5.657333333333333103e-01
5.653333333333333544e-01
5.656666666666666510e-01
5.654666666666666730e-01
5.655333333333333323e-01
5.652000000000000357e-01
5.662666666666666959e-01
5.663333333333333552e-01
