3.744666666666666699e-01
3.784666666666666734e-01
3.811999999999999833e-01
3.846666666666666567e-01
3.884000000000000230e-01
3.916666666666666630e-01
3.947999999999999843e-01
3.968666666666666454e-01
4.007999999999999896e-01
4.033999999999999808e-01
4.060000000000000275e-01
4.082666666666666666e-01
4.100666666666666904e-01
4.121333333333333515e-01
4.146000000000000241e-01
4.161333333333333551e-01
4.182666666666666755e-01
4.195999999999999730e-01
4.226666666666666905e-01
4.242000000000000215e-01
4.262000000000000233e-01
4.288666666666666738e-01
4.302000000000000268e-01
4.326666666666666439e-01
4.336666666666666448e-01
4.351999999999999758e-01
4.371333333333333182e-01
4.380666666666666598e-01
4.404666666666666730e-01
4.420000000000000040e-01
4.437333333333333130e-01
4.451999999999999846e-01
4.468666666666666898e-01
4.484000000000000208e-01
4.492666666666666475e-01
4.506000000000000005e-01
4.511999999999999900e-01
4.517333333333333201e-01
4.532666666666666511e-01
4.541333333333333333e-01
4.555333333333333456e-01
4.563999999999999724e-01
4.578666666666666440e-01
4.587333333333333263e-01
4.600000000000000200e-01
4.611333333333333395e-01
4.626000000000000112e-01
4.629333333333333078e-01
4.647333333333333316e-01
4.656000000000000139e-01
4.666000000000000147e-01
4.669333333333333114e-01
4.679333333333333123e-01
4.687333333333333352e-01
4.697999999999999954e-01
4.703333333333333255e-01
4.711333333333333484e-01
4.712666666666666671e-01
4.726666666666666794e-01
4.737333333333333396e-01
4.744666666666666477e-01
4.755333333333333079e-01
4.763999999999999901e-01
4.772666666666666724e-01
4.782000000000000139e-01
4.786666666666666847e-01
4.796000000000000263e-01
4.801333333333333564e-01
4.809999999999999831e-01
4.815333333333333132e-01
4.820666666666666433e-01
4.828666666666666663e-01
4.836666666666666892e-01
4.844666666666666566e-01
4.851333333333333608e-01
4.858666666666666689e-01
4.863333333333333397e-01
4.862666666666666804e-01
4.869333333333333291e-01
4.875999999999999779e-01
4.882666666666666822e-01
4.891333333333333089e-01
4.905333333333333212e-01
4.914000000000000035e-01
4.917333333333333556e-01
4.922666666666666857e-01
4.930666666666666531e-01
4.932000000000000273e-01
4.938666666666666760e-01
4.944000000000000061e-01
4.950666666666666549e-01
4.957333333333333591e-01
4.963333333333333486e-01
4.978666666666666796e-01
4.982666666666666910e-01
4.992666666666666919e-01
4.998666666666666814e-01
5.004666666666666153e-01
5.008000000000000229e-01
5.017333333333333645e-01
5.022666666666666391e-01
5.026666666666667060e-01
5.030000000000000027e-01
5.031333333333333213e-01
5.036000000000000476e-01
5.041333333333333222e-01
5.048000000000000265e-01
5.050666666666666638e-01
5.055333333333332790e-01
5.064666666666666206e-01
5.072666666666666435e-01
5.086000000000000520e-01
5.088666666666666893e-01
5.094666666666666233e-01
5.101999999999999869e-01
5.107333333333333725e-01
5.110666666666666691e-01
5.118666666666666920e-01
5.127333333333333742e-01
5.135333333333332861e-01
5.142666666666666497e-01
5.144666666666666277e-01
5.147333333333333760e-01
5.144666666666666277e-01
5.148000000000000353e-01
5.151999999999999913e-01
5.155999999999999472e-01
5.164666666666666295e-01
5.173999999999999710e-01
5.175999999999999490e-01
5.178000000000000380e-01
5.181333333333333346e-01
5.187333333333333796e-01
5.188000000000000389e-01
5.191999999999999948e-01
5.197333333333333805e-01
5.200000000000000178e-01
5.194666666666666321e-01
5.199333333333333584e-01
5.205333333333332924e-01
5.208666666666667000e-01
5.216666666666666119e-01
5.218000000000000416e-01
5.219333333333333602e-01
5.225333333333332941e-01
5.223333333333333162e-01
5.229333333333333611e-01
5.230666666666666798e-01
5.236666666666666137e-01
5.239333333333333620e-01
5.249333333333333629e-01
5.252666666666666595e-01
5.258666666666667044e-01
5.261333333333333417e-01
5.264666666666666384e-01
5.270000000000000240e-01
5.275333333333332986e-01
5.274666666666666393e-01
5.281333333333333435e-01
5.283999999999999808e-01
5.285333333333332995e-01
5.290000000000000258e-01
5.292000000000000037e-01
5.293333333333333224e-01
5.299333333333333673e-01
5.301333333333333453e-01
5.309333333333333682e-01
5.312000000000000055e-01
5.315333333333333021e-01
5.316666666666666208e-01
5.318000000000000504e-01
5.320000000000000284e-01
5.322666666666666657e-01
5.326666666666666217e-01
5.331333333333333480e-01
5.330000000000000293e-01
5.335999999999999632e-01
5.336666666666666226e-01
5.343333333333333268e-01
5.343999999999999861e-01
5.350666666666666904e-01
5.350666666666666904e-01
5.350000000000000311e-01
5.353333333333333277e-01
5.357333333333332837e-01
5.360000000000000320e-01
5.360000000000000320e-01
5.361333333333333506e-01
5.366666666666666252e-01
5.368000000000000549e-01
5.373333333333333295e-01
5.375999999999999668e-01
5.376666666666666261e-01
5.384666666666666490e-01
5.387333333333332863e-01
5.388666666666667160e-01
5.390000000000000346e-01
5.390000000000000346e-01
5.393999999999999906e-01
5.392666666666666719e-01
5.393333333333333313e-01
5.396666666666666279e-01
5.402000000000000135e-01
5.406666666666666288e-01
5.408666666666667178e-01
5.411333333333333551e-01
5.414666666666666517e-01
5.422000000000000153e-01
5.425999999999999712e-01
5.427333333333332899e-01
5.429333333333333789e-01
5.430666666666666975e-01
5.440666666666666984e-01
5.447333333333332916e-01
5.452666666666666773e-01
5.460000000000000409e-01
5.460666666666667002e-01
5.462666666666666782e-01
5.463999999999999968e-01
5.471333333333333604e-01
5.473999999999999977e-01
5.478666666666666130e-01
5.482000000000000206e-01
5.484666666666666579e-01
5.485333333333333172e-01
5.488666666666666138e-01
5.489333333333333842e-01
5.487333333333332952e-01
5.495333333333333181e-01
5.497999999999999554e-01
5.493999999999999995e-01
5.497333333333332961e-01
5.498666666666666147e-01
5.504000000000000004e-01
5.507333333333332970e-01
5.509333333333333860e-01
5.510000000000000453e-01
5.512666666666666826e-01
5.517333333333332979e-01
5.519333333333333869e-01
5.520666666666667055e-01
5.524000000000000021e-01
5.529333333333333877e-01
5.536666666666666403e-01
5.539333333333333886e-01
5.538666666666666183e-01
5.538666666666666183e-01
5.542000000000000259e-01
5.544666666666666632e-01
5.547333333333333005e-01
5.550666666666667082e-01
5.555999999999999828e-01
5.556666666666666421e-01
5.558666666666666201e-01
5.558666666666666201e-01
5.556666666666666421e-01
5.560000000000000497e-01
5.561333333333333684e-01
5.564000000000000057e-01
5.565333333333333243e-01
5.564666666666666650e-01
5.568666666666666210e-01
5.569333333333332803e-01
5.571333333333333693e-01
5.565999999999999837e-01
5.567333333333333023e-01
5.574000000000000066e-01
5.572000000000000286e-01
5.570666666666667100e-01
5.573333333333333472e-01
5.566666666666666430e-01
5.574666666666666659e-01
5.575333333333333252e-01
5.584666666666666668e-01
5.584000000000000075e-01
5.587333333333333041e-01
5.588666666666666227e-01
5.590000000000000524e-01
5.595333333333333270e-01
5.597999999999999643e-01
5.599333333333332829e-01
5.601333333333333719e-01
5.600666666666667126e-01
5.604000000000000092e-01
5.605333333333333279e-01
5.606666666666666465e-01
5.609333333333332838e-01
5.610000000000000542e-01
5.610000000000000542e-01
5.614666666666666694e-01
5.615333333333333288e-01
5.617999999999999661e-01
5.621333333333333737e-01
5.625999999999999890e-01
5.627999999999999670e-01
5.631333333333333746e-01
5.631333333333333746e-01
5.634666666666666712e-01
5.635999999999999899e-01
5.634000000000000119e-01
5.637999999999999678e-01
5.640666666666667162e-01
5.642666666666666941e-01
5.646666666666666501e-01
5.645333333333333314e-01
5.645999999999999908e-01
5.645333333333333314e-01
5.650666666666667171e-01
5.651333333333333764e-01
5.654000000000000137e-01
5.657999999999999696e-01
5.659999999999999476e-01
5.660666666666667179e-01
5.668666666666666298e-01
5.669333333333332892e-01
5.667333333333333112e-01
5.664666666666666739e-01
5.671333333333333782e-01
5.675333333333333341e-01
5.682000000000000384e-01
5.681333333333333790e-01
5.684000000000000163e-01
5.687999999999999723e-01
5.688666666666666316e-01
5.692000000000000393e-01
5.692666666666666986e-01
5.692000000000000393e-01
5.694666666666666766e-01
5.694000000000000172e-01
5.695333333333333359e-01
5.699333333333332918e-01
5.700666666666667215e-01
5.696666666666666545e-01
5.699333333333332918e-01
5.701333333333333808e-01
5.706666666666666554e-01
5.707333333333333147e-01
5.707999999999999741e-01
5.710666666666666114e-01
5.710666666666666114e-01
5.711333333333333817e-01
5.707333333333333147e-01
5.708666666666666334e-01
5.707999999999999741e-01
5.713333333333333597e-01
5.715999999999999970e-01
5.714000000000000190e-01
5.711333333333333817e-01
5.716666666666666563e-01
5.719999999999999529e-01
5.715333333333333377e-01
5.716666666666666563e-01
5.720666666666666123e-01
5.717333333333333156e-01
5.724666666666666792e-01
5.725999999999999979e-01
5.725999999999999979e-01
5.727999999999999758e-01
5.729999999999999538e-01
5.737333333333333174e-01
5.737999999999999767e-01
5.737999999999999767e-01
5.740666666666666140e-01
