3.764000000000000123e-01
3.800666666666666638e-01
3.831333333333333258e-01
3.861333333333333284e-01
3.901333333333333320e-01
3.931999999999999940e-01
3.959333333333333593e-01
3.991333333333333400e-01
4.017333333333333312e-01
4.044666666666666410e-01
4.069999999999999729e-01
4.093333333333333268e-01
4.109999999999999765e-01
4.133333333333333304e-01
4.152000000000000135e-01
4.168666666666666631e-01
4.192000000000000171e-01
4.214666666666666561e-01
4.229999999999999871e-01
4.248000000000000109e-01
4.271333333333333093e-01
4.297333333333333560e-01
4.313333333333333464e-01
4.329333333333333367e-01
4.343333333333333490e-01
4.363333333333333508e-01
4.380000000000000004e-01
4.397333333333333094e-01
4.411999999999999811e-01
4.425333333333333341e-01
4.446666666666666545e-01
4.460666666666666669e-01
4.479333333333333500e-01
4.490000000000000102e-01
4.497999999999999776e-01
4.507999999999999785e-01
4.517333333333333201e-01
4.527999999999999803e-01
4.535333333333333439e-01
4.546666666666666634e-01
4.560666666666666758e-01
4.571999999999999953e-01
4.583333333333333148e-01
4.594666666666666899e-01
4.603999999999999759e-01
4.620666666666666811e-01
4.630666666666666820e-01
4.644666666666666943e-01
4.652666666666666617e-01
4.660000000000000253e-01
4.671333333333333449e-01
4.673999999999999821e-01
4.682000000000000051e-01
4.692000000000000060e-01
4.701333333333333475e-01
4.707999999999999963e-01
4.716666666666666785e-01
4.726666666666666794e-01
4.732000000000000095e-01
4.746000000000000218e-01
4.751333333333333520e-01
4.761333333333333528e-01
4.770666666666666944e-01
4.779333333333333211e-01
4.783333333333333326e-01
4.791333333333333555e-01
4.801333333333333564e-01
4.809999999999999831e-01
4.811333333333333573e-01
4.819333333333333247e-01
4.825999999999999734e-01
4.833333333333333370e-01
4.838666666666666671e-01
4.847333333333333494e-01
4.855333333333333168e-01
4.859333333333333282e-01
4.869333333333333291e-01
4.867333333333333512e-01
4.873999999999999999e-01
4.878666666666666707e-01
4.888666666666666716e-01
4.897333333333333538e-01
4.910666666666666513e-01
4.917333333333333556e-01
4.921333333333333115e-01
4.927333333333333565e-01
4.932000000000000273e-01
4.938000000000000167e-01
4.941999999999999726e-01
4.948000000000000176e-01
4.955333333333333257e-01
4.964000000000000079e-01
4.974000000000000088e-01
4.981999999999999762e-01
4.989999999999999991e-01
4.994000000000000106e-01
5.003333333333332966e-01
5.010666666666666602e-01
5.013333333333332975e-01
5.020666666666666611e-01
5.027333333333333654e-01
5.028666666666666840e-01
5.033333333333332993e-01
5.033333333333332993e-01
5.040666666666666629e-01
5.046000000000000485e-01
5.051333333333333231e-01
5.056000000000000494e-01
5.058000000000000274e-01
5.065333333333332799e-01
5.080000000000000071e-01
5.089333333333333487e-01
5.091999999999999860e-01
5.098666666666666902e-01
5.106000000000000538e-01
5.110000000000000098e-01
5.116000000000000547e-01
5.123999999999999666e-01
5.132666666666666488e-01
5.136666666666667158e-01
5.143999999999999684e-01
5.149333333333333540e-01
5.150000000000000133e-01
5.144666666666666277e-01
5.150666666666666726e-01
5.153999999999999693e-01
5.163333333333333108e-01
5.168000000000000371e-01
5.174666666666666304e-01
5.178000000000000380e-01
5.182666666666666533e-01
5.185999999999999499e-01
5.190000000000000169e-01
5.190000000000000169e-01
5.197333333333333805e-01
5.200666666666666771e-01
5.198666666666666991e-01
5.195333333333332915e-01
5.205333333333332924e-01
5.206666666666667220e-01
5.216666666666666119e-01
5.219333333333333602e-01
5.219333333333333602e-01
5.221999999999999975e-01
5.226666666666666128e-01
5.230000000000000204e-01
5.236666666666666137e-01
5.237333333333333840e-01
5.237333333333333840e-01
5.243999999999999773e-01
5.255333333333332968e-01
5.259333333333333638e-01
5.262666666666666604e-01
5.262000000000000011e-01
5.268666666666667053e-01
5.275999999999999579e-01
5.278666666666667062e-01
5.278000000000000469e-01
5.282000000000000028e-01
5.284666666666666401e-01
5.290666666666666851e-01
5.292666666666666631e-01
5.290666666666666851e-01
5.299333333333333673e-01
5.304666666666666419e-01
5.306666666666666199e-01
5.312666666666666648e-01
5.318000000000000504e-01
5.318666666666667098e-01
5.317333333333332801e-01
5.321333333333333471e-01
5.327333333333332810e-01
5.325333333333333030e-01
5.329333333333333700e-01
5.331333333333333480e-01
5.336666666666666226e-01
5.340666666666666895e-01
5.340666666666666895e-01
5.345333333333333048e-01
5.345999999999999641e-01
5.351333333333333497e-01
5.355333333333333057e-01
5.354666666666666464e-01
5.358000000000000540e-01
5.359333333333333727e-01
5.361333333333333506e-01
5.361333333333333506e-01
5.365999999999999659e-01
5.370000000000000329e-01
5.373333333333333295e-01
5.377333333333332854e-01
5.375999999999999668e-01
5.383333333333333304e-01
5.387333333333332863e-01
5.387999999999999456e-01
5.392666666666666719e-01
5.391333333333333533e-01
5.393999999999999906e-01
5.391333333333333533e-01
5.396666666666666279e-01
5.397999999999999465e-01
5.403333333333333321e-01
5.405999999999999694e-01
5.410666666666666957e-01
5.415333333333333110e-01
5.416666666666666297e-01
5.423333333333333339e-01
5.425999999999999712e-01
5.429333333333333789e-01
5.431333333333333568e-01
5.433999999999999941e-01
5.435999999999999721e-01
5.446666666666666323e-01
5.452000000000000179e-01
5.460000000000000409e-01
5.461333333333333595e-01
5.464666666666666561e-01
5.467999999999999527e-01
5.467999999999999527e-01
5.475333333333333163e-01
5.480000000000000426e-01
5.480666666666667020e-01
5.483333333333333393e-01
5.485333333333333172e-01
5.487333333333332952e-01
5.491333333333333622e-01
5.490000000000000435e-01
5.492666666666666808e-01
5.497333333333332961e-01
5.495999999999999774e-01
5.499333333333333851e-01
5.501333333333333631e-01
5.502000000000000224e-01
5.507999999999999563e-01
5.510000000000000453e-01
5.514666666666666606e-01
5.515333333333333199e-01
5.520666666666667055e-01
5.520666666666667055e-01
5.524000000000000021e-01
5.523333333333333428e-01
5.530666666666667064e-01
5.535999999999999810e-01
5.540666666666667073e-01
5.541333333333333666e-01
5.541333333333333666e-01
5.543333333333333446e-01
5.550000000000000488e-01
5.545999999999999819e-01
5.547999999999999599e-01
5.553333333333333455e-01
5.557999999999999607e-01
5.557999999999999607e-01
5.556666666666666421e-01
5.561333333333333684e-01
5.563333333333333464e-01
5.562000000000000277e-01
5.565999999999999837e-01
5.568666666666666210e-01
5.567999999999999616e-01
5.566666666666666430e-01
5.570000000000000506e-01
5.572666666666666879e-01
5.570000000000000506e-01
5.565999999999999837e-01
5.573333333333333472e-01
5.576666666666666439e-01
5.574000000000000066e-01
5.577333333333333032e-01
5.575999999999999845e-01
5.574000000000000066e-01
5.578666666666666218e-01
5.584666666666666668e-01
5.587999999999999634e-01
5.586666666666666448e-01
5.590000000000000524e-01
5.593333333333333490e-01
5.597333333333333050e-01
5.597999999999999643e-01
5.604000000000000092e-01
5.604000000000000092e-01
5.606666666666666465e-01
5.607333333333333059e-01
5.608666666666666245e-01
5.607999999999999652e-01
5.607999999999999652e-01
5.612666666666666915e-01
5.612666666666666915e-01
5.614000000000000101e-01
5.618666666666666254e-01
5.619333333333332847e-01
5.624666666666666703e-01
5.629333333333332856e-01
5.631333333333333746e-01
5.633333333333333526e-01
5.634000000000000119e-01
5.637333333333333085e-01
5.635999999999999899e-01
5.639333333333332865e-01
5.639333333333332865e-01
5.642666666666666941e-01
5.645333333333333314e-01
5.645333333333333314e-01
5.646666666666666501e-01
5.646666666666666501e-01
5.648666666666666281e-01
5.649999999999999467e-01
5.653333333333333544e-01
5.654000000000000137e-01
5.659999999999999476e-01
5.662000000000000366e-01
5.664000000000000146e-01
5.664666666666666739e-01
5.672000000000000375e-01
5.671333333333333782e-01
5.671333333333333782e-01
5.670666666666667188e-01
5.674666666666666748e-01
5.682666666666666977e-01
5.684000000000000163e-01
5.686666666666666536e-01
5.689333333333332909e-01
5.689999999999999503e-01
5.690666666666667206e-01
5.692666666666666986e-01
5.693333333333333579e-01
5.697333333333333139e-01
5.698666666666666325e-01
5.697333333333333139e-01
5.699333333333332918e-01
5.702666666666666995e-01
5.699999999999999512e-01
5.699333333333332918e-01
5.704000000000000181e-01
5.707333333333333147e-01
5.708666666666666334e-01
5.712000000000000410e-01
5.710666666666666114e-01
5.711333333333333817e-01
5.712000000000000410e-01
5.710666666666666114e-01
5.712666666666667004e-01
5.713333333333333597e-01
5.713333333333333597e-01
5.716666666666666563e-01
5.715333333333333377e-01
5.716666666666666563e-01
5.715999999999999970e-01
5.717999999999999750e-01
5.717999999999999750e-01
5.717333333333333156e-01
5.720666666666666123e-01
5.723333333333333606e-01
5.722666666666667012e-01
5.728666666666666352e-01
5.729999999999999538e-01
5.732666666666667021e-01
5.732000000000000428e-01
5.734666666666666801e-01
5.740666666666666140e-01
5.741333333333333844e-01
5.737999999999999767e-01
5.743333333333333623e-01
