3.817333333333333134e-01
3.844000000000000195e-01
3.876000000000000001e-01
3.906666666666666621e-01
3.942666666666666542e-01
3.971999999999999975e-01
3.995333333333333514e-01
4.025333333333333541e-01
4.047999999999999932e-01
4.073333333333333250e-01
4.093999999999999861e-01
4.112000000000000099e-01
4.136666666666666825e-01
4.153333333333333321e-01
4.169999999999999818e-01
4.195333333333333137e-01
4.218000000000000083e-01
4.235333333333333172e-01
4.249999999999999889e-01
4.268000000000000127e-01
4.294666666666666632e-01
4.314000000000000057e-01
4.331999999999999740e-01
4.344000000000000083e-01
4.361333333333333173e-01
4.377333333333333076e-01
4.394000000000000128e-01
4.412666666666666404e-01
4.424000000000000155e-01
4.442666666666666431e-01
4.461333333333333262e-01
4.478666666666666907e-01
4.485999999999999988e-01
4.495999999999999996e-01
4.506000000000000005e-01
4.515333333333333421e-01
4.526000000000000023e-01
4.537333333333333218e-01
4.548666666666666414e-01
4.560666666666666758e-01
4.573999999999999733e-01
4.581333333333333369e-01
4.594666666666666899e-01
4.603333333333333166e-01
4.620666666666666811e-01
4.632000000000000006e-01
4.643999999999999795e-01
4.656000000000000139e-01
4.661333333333333440e-01
4.670000000000000262e-01
4.674666666666666415e-01
4.687333333333333352e-01
4.690666666666666873e-01
4.700666666666666882e-01
4.709999999999999742e-01
4.712666666666666671e-01
4.726666666666666794e-01
4.736000000000000210e-01
4.743999999999999884e-01
4.752000000000000113e-01
4.762000000000000122e-01
4.769999999999999796e-01
4.780666666666666398e-01
4.781333333333333546e-01
4.792000000000000148e-01
4.800666666666666416e-01
4.808666666666666645e-01
4.813333333333333353e-01
4.818666666666666654e-01
4.828000000000000069e-01
4.835333333333333150e-01
4.839999999999999858e-01
4.848666666666666680e-01
4.854666666666666575e-01
4.862000000000000210e-01
4.867333333333333512e-01
4.870666666666666478e-01
4.874666666666666592e-01
4.878000000000000114e-01
4.890666666666666496e-01
4.902000000000000246e-01
4.908666666666666734e-01
4.917333333333333556e-01
4.919999999999999929e-01
4.926666666666666416e-01
4.934666666666666646e-01
4.941333333333333133e-01
4.941999999999999726e-01
4.949999999999999956e-01
4.956666666666666443e-01
4.964000000000000079e-01
4.975999999999999868e-01
4.981333333333333169e-01
4.990666666666666584e-01
4.998000000000000220e-01
5.004666666666666153e-01
5.011333333333333195e-01
5.014666666666666162e-01
5.025333333333333874e-01
5.030666666666666620e-01
5.029333333333333433e-01
5.033333333333332993e-01
5.031999999999999806e-01
5.038000000000000256e-01
5.043333333333333002e-01
5.052666666666666417e-01
5.052666666666666417e-01
5.055333333333332790e-01
5.067333333333333689e-01
5.083333333333333037e-01
5.090000000000000080e-01
5.091333333333333266e-01
5.093333333333333046e-01
5.101999999999999869e-01
5.106666666666667131e-01
5.115333333333332844e-01
5.120000000000000107e-01
5.133999999999999675e-01
5.138666666666666938e-01
5.141999999999999904e-01
5.150000000000000133e-01
5.148000000000000353e-01
5.148666666666666947e-01
5.151999999999999913e-01
5.155999999999999472e-01
5.162666666666666515e-01
5.173999999999999710e-01
5.175999999999999490e-01
5.178666666666666973e-01
5.181999999999999940e-01
5.186666666666667203e-01
5.191333333333333355e-01
5.191999999999999948e-01
5.198000000000000398e-01
5.200666666666666771e-01
5.198666666666666991e-01
5.195999999999999508e-01
5.208000000000000407e-01
5.210000000000000187e-01
5.213999999999999746e-01
5.219333333333333602e-01
5.223333333333333162e-01
5.225333333333332941e-01
5.228000000000000425e-01
5.231333333333333391e-01
5.233999999999999764e-01
5.236666666666666137e-01
5.243333333333333179e-01
5.247333333333333849e-01
5.256666666666666154e-01
5.257333333333333858e-01
5.265333333333332977e-01
5.263333333333333197e-01
5.269333333333333647e-01
5.275333333333332986e-01
5.280000000000000249e-01
5.280666666666666842e-01
5.283333333333333215e-01
5.285999999999999588e-01
5.292000000000000037e-01
5.298000000000000487e-01
5.298000000000000487e-01
5.302666666666666639e-01
5.303999999999999826e-01
5.308000000000000496e-01
5.311333333333333462e-01
5.318000000000000504e-01
5.318666666666667098e-01
5.322000000000000064e-01
5.323999999999999844e-01
5.328000000000000513e-01
5.329333333333333700e-01
5.331333333333333480e-01
5.335333333333333039e-01
5.338000000000000522e-01
5.338000000000000522e-01
5.343999999999999861e-01
5.346666666666666234e-01
5.348666666666667124e-01
5.351333333333333497e-01
5.355999999999999650e-01
5.356666666666666243e-01
5.358000000000000540e-01
5.363999999999999879e-01
5.365333333333333066e-01
5.363999999999999879e-01
5.365333333333333066e-01
5.367333333333332845e-01
5.375333333333333075e-01
5.380666666666666931e-01
5.382666666666666710e-01
5.385333333333333083e-01
5.392000000000000126e-01
5.394666666666666499e-01
5.393333333333333313e-01
5.395999999999999686e-01
5.397999999999999465e-01
5.394666666666666499e-01
5.396666666666666279e-01
5.396666666666666279e-01
5.402666666666666728e-01
5.412000000000000144e-01
5.415333333333333110e-01
5.417999999999999483e-01
5.419333333333333780e-01
5.422666666666666746e-01
5.425333333333333119e-01
5.431333333333333568e-01
5.437333333333332908e-01
5.435999999999999721e-01
5.441333333333333577e-01
5.445999999999999730e-01
5.453333333333333366e-01
5.460000000000000409e-01
5.461333333333333595e-01
5.463999999999999968e-01
5.467999999999999527e-01
5.474666666666666570e-01
5.475999999999999757e-01
5.479333333333333833e-01
5.485333333333333172e-01
5.484666666666666579e-01
5.489333333333333842e-01
5.490000000000000435e-01
5.492000000000000215e-01
5.491333333333333622e-01
5.495333333333333181e-01
5.496666666666666368e-01
5.495999999999999774e-01
5.502000000000000224e-01
5.503333333333333410e-01
5.507333333333332970e-01
5.510666666666667046e-01
5.515999999999999792e-01
5.517333333333332979e-01
5.517333333333332979e-01
5.522000000000000242e-01
5.524000000000000021e-01
5.525333333333333208e-01
5.532000000000000250e-01
5.532666666666666844e-01
5.534000000000000030e-01
5.537999999999999590e-01
5.540000000000000480e-01
5.543333333333333446e-01
5.545999999999999819e-01
5.553333333333333455e-01
5.552000000000000268e-01
5.553333333333333455e-01
5.560000000000000497e-01
5.561333333333333684e-01
5.557999999999999607e-01
5.561333333333333684e-01
5.563333333333333464e-01
5.566666666666666430e-01
5.568666666666666210e-01
5.572000000000000286e-01
5.571333333333333693e-01
5.572666666666666879e-01
5.572666666666666879e-01
5.573333333333333472e-01
5.574666666666666659e-01
5.573333333333333472e-01
5.572666666666666879e-01
5.576666666666666439e-01
5.578666666666666218e-01
5.580666666666667108e-01
5.580666666666667108e-01
5.582000000000000295e-01
5.578666666666666218e-01
5.582000000000000295e-01
5.586666666666666448e-01
5.589333333333332821e-01
5.590000000000000524e-01
5.593333333333333490e-01
5.597333333333333050e-01
5.600000000000000533e-01
5.602666666666666906e-01
5.602666666666666906e-01
5.607333333333333059e-01
5.608666666666666245e-01
5.608666666666666245e-01
5.606666666666666465e-01
5.611333333333333728e-01
5.612000000000000322e-01
5.614000000000000101e-01
5.614666666666666694e-01
5.617999999999999661e-01
5.618666666666666254e-01
5.620000000000000551e-01
5.624666666666666703e-01
5.628666666666666263e-01
5.630666666666667153e-01
5.632666666666666933e-01
5.633333333333333526e-01
5.640666666666667162e-01
5.639999999999999458e-01
5.642000000000000348e-01
5.643333333333333535e-01
5.642000000000000348e-01
5.644000000000000128e-01
5.647999999999999687e-01
5.649999999999999467e-01
5.648666666666666281e-01
5.649999999999999467e-01
5.655999999999999917e-01
5.659333333333332883e-01
5.657999999999999696e-01
5.658666666666666289e-01
5.660666666666667179e-01
5.664666666666666739e-01
5.669333333333332892e-01
5.672666666666666968e-01
5.673333333333333561e-01
5.672666666666666968e-01
5.674666666666666748e-01
5.678666666666666307e-01
5.682000000000000384e-01
5.686666666666666536e-01
5.686666666666666536e-01
5.692000000000000393e-01
5.691333333333333799e-01
5.689333333333332909e-01
5.695999999999999952e-01
5.696666666666666545e-01
5.695999999999999952e-01
5.697999999999999732e-01
5.701333333333333808e-01
5.699999999999999512e-01
5.700666666666667215e-01
5.704666666666666774e-01
5.703333333333333588e-01
5.705333333333333368e-01
5.706666666666666554e-01
5.709333333333332927e-01
5.712000000000000410e-01
5.713333333333333597e-01
5.712666666666667004e-01
5.712666666666667004e-01
5.712666666666667004e-01
5.717333333333333156e-01
5.718666666666666343e-01
5.715999999999999970e-01
5.718666666666666343e-01
5.717333333333333156e-01
5.717333333333333156e-01
5.719333333333332936e-01
5.720666666666666123e-01
5.718666666666666343e-01
5.720666666666666123e-01
5.725333333333333385e-01
5.725333333333333385e-01
5.727333333333333165e-01
5.727333333333333165e-01
5.729999999999999538e-01
5.735999999999999988e-01
5.738666666666666361e-01
5.739999999999999547e-01
5.744666666666666810e-01
5.742000000000000437e-01
5.744666666666666810e-01
5.745333333333333403e-01
5.750666666666666149e-01
