3.793333333333333557e-01
3.821333333333333249e-01
3.848666666666666902e-01
3.884666666666666823e-01
3.918666666666666409e-01
3.951999999999999957e-01
3.980666666666666798e-01
4.007999999999999896e-01
4.025333333333333541e-01
4.058666666666666534e-01
4.082000000000000073e-01
4.101333333333333497e-01
4.119999999999999774e-01
4.144666666666666499e-01
4.161333333333333551e-01
4.182666666666666755e-01
4.203999999999999959e-01
4.223999999999999977e-01
4.241333333333333067e-01
4.250666666666666482e-01
4.282000000000000250e-01
4.303333333333333455e-01
4.324000000000000066e-01
4.335999999999999854e-01
4.348666666666666791e-01
4.370666666666666589e-01
4.388666666666666827e-01
4.402666666666666395e-01
4.418666666666666853e-01
4.431333333333333235e-01
4.446666666666666545e-01
4.469333333333333491e-01
4.483333333333333059e-01
4.493333333333333068e-01
4.504000000000000226e-01
4.509333333333333527e-01
4.521999999999999909e-01
4.530000000000000138e-01
4.540000000000000147e-01
4.554666666666666863e-01
4.563999999999999724e-01
4.573999999999999733e-01
4.585333333333333483e-01
4.600000000000000200e-01
4.611333333333333395e-01
4.626666666666666705e-01
4.634666666666666934e-01
4.650000000000000244e-01
4.655333333333333545e-01
4.666666666666666741e-01
4.672000000000000042e-01
4.676666666666666750e-01
4.686666666666666758e-01
4.699333333333333140e-01
4.702666666666666662e-01
4.713999999999999857e-01
4.721333333333333493e-01
4.728666666666666574e-01
4.738666666666666583e-01
4.747333333333333405e-01
4.756666666666666821e-01
4.766666666666666829e-01
4.775333333333333097e-01
4.781333333333333546e-01
4.786000000000000254e-01
4.794666666666666521e-01
4.804666666666666530e-01
4.810666666666666424e-01
4.816666666666666874e-01
4.823333333333333361e-01
4.830666666666666442e-01
4.838000000000000078e-01
4.842666666666666786e-01
4.852666666666666795e-01
4.855999999999999761e-01
4.868000000000000105e-01
4.868000000000000105e-01
4.873333333333333406e-01
4.876666666666666927e-01
4.883333333333333415e-01
4.892666666666666830e-01
4.904666666666666619e-01
4.914000000000000035e-01
4.917333333333333556e-01
4.924666666666666637e-01
4.928000000000000158e-01
4.934666666666666646e-01
4.940666666666666540e-01
4.946666666666666434e-01
4.954000000000000070e-01
4.960666666666666558e-01
4.966666666666666452e-01
4.981333333333333169e-01
4.988666666666666805e-01
4.994000000000000106e-01
5.001333333333333186e-01
5.004666666666666153e-01
5.012666666666666382e-01
5.016666666666667052e-01
5.028000000000000247e-01
5.028000000000000247e-01
5.030666666666666620e-01
5.032666666666666400e-01
5.035333333333333883e-01
5.040000000000000036e-01
5.047333333333333671e-01
5.053999999999999604e-01
5.055333333333332790e-01
5.060666666666666647e-01
5.077333333333333698e-01
5.084666666666666224e-01
5.091333333333333266e-01
5.093333333333333046e-01
5.100666666666666682e-01
5.107333333333333725e-01
5.113333333333333064e-01
5.113333333333333064e-01
5.125333333333332853e-01
5.133999999999999675e-01
5.143333333333333091e-01
5.147333333333333760e-01
5.148666666666666947e-01
5.147333333333333760e-01
5.149333333333333540e-01
5.152666666666666506e-01
5.159333333333333549e-01
5.164666666666666295e-01
5.171333333333333337e-01
5.175999999999999490e-01
5.181333333333333346e-01
5.182666666666666533e-01
5.187333333333333796e-01
5.189333333333333576e-01
5.195333333333332915e-01
5.199333333333333584e-01
5.200000000000000178e-01
5.200666666666666771e-01
5.198000000000000398e-01
5.204666666666666330e-01
5.210666666666666780e-01
5.216666666666666119e-01
5.220666666666666789e-01
5.221999999999999975e-01
5.223999999999999755e-01
5.228666666666667018e-01
5.231333333333333391e-01
5.237333333333333840e-01
5.240666666666666806e-01
5.243333333333333179e-01
5.250000000000000222e-01
5.255333333333332968e-01
5.261333333333333417e-01
5.263333333333333197e-01
5.266666666666666163e-01
5.269333333333333647e-01
5.275999999999999579e-01
5.277333333333333876e-01
5.282000000000000028e-01
5.286666666666666181e-01
5.288000000000000478e-01
5.292000000000000037e-01
5.292666666666666631e-01
5.295999999999999597e-01
5.301333333333333453e-01
5.306666666666666199e-01
5.312000000000000055e-01
5.315333333333333021e-01
5.316666666666666208e-01
5.320000000000000284e-01
5.321333333333333471e-01
5.324666666666666437e-01
5.325999999999999623e-01
5.328666666666667107e-01
5.332666666666666666e-01
5.334666666666666446e-01
5.338666666666667115e-01
5.341333333333333488e-01
5.342000000000000082e-01
5.348666666666667124e-01
5.352666666666666684e-01
5.353333333333333277e-01
5.355999999999999650e-01
5.356666666666666243e-01
5.359333333333333727e-01
5.363333333333333286e-01
5.362666666666666693e-01
5.363999999999999879e-01
5.368666666666667142e-01
5.370000000000000329e-01
5.375333333333333075e-01
5.379333333333333744e-01
5.379333333333333744e-01
5.384666666666666490e-01
5.390000000000000346e-01
5.391333333333333533e-01
5.394666666666666499e-01
5.392666666666666719e-01
5.395333333333333092e-01
5.395999999999999686e-01
5.395999999999999686e-01
5.399333333333333762e-01
5.403999999999999915e-01
5.411333333333333551e-01
5.415333333333333110e-01
5.417999999999999483e-01
5.419333333333333780e-01
5.425999999999999712e-01
5.429333333333333789e-01
5.432000000000000162e-01
5.433999999999999941e-01
5.433999999999999941e-01
5.443333333333333357e-01
5.451333333333333586e-01
5.457333333333332925e-01
5.459333333333333815e-01
5.463333333333333375e-01
5.463333333333333375e-01
5.466666666666666341e-01
5.475333333333333163e-01
5.475999999999999757e-01
5.480000000000000426e-01
5.482000000000000206e-01
5.485999999999999766e-01
5.490000000000000435e-01
5.490000000000000435e-01
5.493333333333333401e-01
5.489333333333333842e-01
5.493333333333333401e-01
5.494666666666666588e-01
5.498666666666666147e-01
5.499333333333333851e-01
5.504000000000000004e-01
5.507999999999999563e-01
5.510000000000000453e-01
5.515333333333333199e-01
5.515333333333333199e-01
5.520000000000000462e-01
5.520666666666667055e-01
5.522000000000000242e-01
5.526666666666666394e-01
5.529333333333333877e-01
5.532666666666666844e-01
5.536666666666666403e-01
5.542000000000000259e-01
5.540000000000000480e-01
5.545333333333333226e-01
5.545999999999999819e-01
5.548666666666666192e-01
5.549333333333332785e-01
5.553333333333333455e-01
5.557333333333333014e-01
5.557999999999999607e-01
5.558666666666666201e-01
5.560000000000000497e-01
5.564666666666666650e-01
5.562000000000000277e-01
5.567333333333333023e-01
5.567999999999999616e-01
5.571333333333333693e-01
5.570000000000000506e-01
5.571333333333333693e-01
5.571333333333333693e-01
5.574000000000000066e-01
5.572000000000000286e-01
5.574000000000000066e-01
5.578666666666666218e-01
5.575333333333333252e-01
5.578666666666666218e-01
5.580666666666667108e-01
5.577999999999999625e-01
5.577999999999999625e-01
5.584000000000000075e-01
5.587999999999999634e-01
5.591333333333333711e-01
5.590666666666667117e-01
5.594000000000000083e-01
5.598666666666666236e-01
5.600666666666667126e-01
5.603333333333333499e-01
5.603333333333333499e-01
5.605999999999999872e-01
5.607333333333333059e-01
5.605999999999999872e-01
5.606666666666666465e-01
5.610000000000000542e-01
5.614000000000000101e-01
5.613333333333333508e-01
5.615333333333333288e-01
5.620000000000000551e-01
5.618666666666666254e-01
5.622666666666666924e-01
5.626666666666666483e-01
5.630666666666667153e-01
5.629999999999999449e-01
5.632000000000000339e-01
5.634666666666666712e-01
5.635999999999999899e-01
5.638666666666666272e-01
5.642000000000000348e-01
5.639333333333332865e-01
5.644000000000000128e-01
5.645999999999999908e-01
5.646666666666666501e-01
5.649333333333332874e-01
5.649333333333332874e-01
5.651333333333333764e-01
5.655333333333333323e-01
5.657999999999999696e-01
5.658666666666666289e-01
5.660666666666667179e-01
5.659999999999999476e-01
5.664000000000000146e-01
5.671333333333333782e-01
5.672666666666666968e-01
5.672000000000000375e-01
5.671333333333333782e-01
5.675999999999999934e-01
5.678666666666666307e-01
5.683333333333333570e-01
5.684666666666666757e-01
5.689333333333332909e-01
5.691333333333333799e-01
5.689333333333332909e-01
5.694666666666666766e-01
5.695333333333333359e-01
5.697999999999999732e-01
5.697999999999999732e-01
5.696666666666666545e-01
5.695999999999999952e-01
5.700666666666667215e-01
5.702666666666666995e-01
5.702666666666666995e-01
5.704000000000000181e-01
5.707333333333333147e-01
5.707999999999999741e-01
5.709999999999999520e-01
5.711333333333333817e-01
5.712000000000000410e-01
5.713333333333333597e-01
5.713333333333333597e-01
5.712000000000000410e-01
5.714000000000000190e-01
5.715999999999999970e-01
5.715999999999999970e-01
5.720666666666666123e-01
5.717333333333333156e-01
5.716666666666666563e-01
5.716666666666666563e-01
5.719999999999999529e-01
5.718666666666666343e-01
5.721333333333333826e-01
5.719999999999999529e-01
5.722666666666667012e-01
5.727999999999999758e-01
5.729333333333332945e-01
5.733333333333333615e-01
5.734000000000000208e-01
5.735333333333333394e-01
5.739999999999999547e-01
5.737999999999999767e-01
5.739999999999999547e-01
5.747999999999999776e-01
5.746666666666666590e-01
