3.835333333333333372e-01
3.865333333333333399e-01
3.896000000000000019e-01
3.926666666666666639e-01
3.958666666666666445e-01
3.986666666666666692e-01
4.019333333333333091e-01
4.040666666666666851e-01
4.065333333333333576e-01
4.086666666666666781e-01
4.104666666666666464e-01
4.125333333333333075e-01
4.146666666666666834e-01
4.165333333333333110e-01
4.188666666666666649e-01
4.209333333333333260e-01
4.229999999999999871e-01
4.243333333333333401e-01
4.256666666666666932e-01
4.281333333333333102e-01
4.305333333333333234e-01
4.324666666666666659e-01
4.339999999999999969e-01
4.348666666666666791e-01
4.368000000000000216e-01
4.388000000000000234e-01
4.404666666666666730e-01
4.420000000000000040e-01
4.434000000000000163e-01
4.452666666666666440e-01
4.470000000000000084e-01
4.484666666666666801e-01
4.495999999999999996e-01
4.501999999999999891e-01
4.512666666666666493e-01
4.523333333333333095e-01
4.528666666666666396e-01
4.540666666666666740e-01
4.553333333333333122e-01
4.568666666666666432e-01
4.573999999999999733e-01
4.586000000000000076e-01
4.596000000000000085e-01
4.611333333333333395e-01
4.626666666666666705e-01
4.637333333333333307e-01
4.650666666666666837e-01
4.661333333333333440e-01
4.668666666666666520e-01
4.675333333333333563e-01
4.681333333333333457e-01
4.688666666666666538e-01
4.696666666666666767e-01
4.706666666666666776e-01
4.714666666666666450e-01
4.720666666666666900e-01
4.732000000000000095e-01
4.739999999999999769e-01
4.747333333333333405e-01
4.758666666666666600e-01
4.765333333333333088e-01
4.777333333333333432e-01
4.782000000000000139e-01
4.786000000000000254e-01
4.793333333333333335e-01
4.803999999999999937e-01
4.812000000000000166e-01
4.816666666666666874e-01
4.819999999999999840e-01
4.828666666666666663e-01
4.833999999999999964e-01
4.844666666666666566e-01
4.855333333333333168e-01
4.857333333333333503e-01
4.865333333333333177e-01
4.868666666666666698e-01
4.874666666666666592e-01
4.878666666666666707e-01
4.885999999999999788e-01
4.897333333333333538e-01
4.902666666666666839e-01
4.915999999999999814e-01
4.920666666666666522e-01
4.928000000000000158e-01
4.934666666666666646e-01
4.939333333333333353e-01
4.941999999999999726e-01
4.946666666666666434e-01
4.956666666666666443e-01
4.963333333333333486e-01
4.971333333333333160e-01
4.980666666666666575e-01
4.988666666666666805e-01
4.997333333333333072e-01
5.001999999999999780e-01
5.008666666666666822e-01
5.013999999999999568e-01
5.018000000000000238e-01
5.028000000000000247e-01
5.029333333333333433e-01
5.031999999999999806e-01
5.031333333333333213e-01
5.033333333333332993e-01
5.041999999999999815e-01
5.049333333333333451e-01
5.054666666666666197e-01
5.058000000000000274e-01
5.062666666666666426e-01
5.075333333333332808e-01
5.086666666666667114e-01
5.091999999999999860e-01
5.091333333333333266e-01
5.099333333333333496e-01
5.104666666666666242e-01
5.111999999999999877e-01
5.117333333333333734e-01
5.128666666666666929e-01
5.135333333333332861e-01
5.142666666666666497e-01
5.145333333333332870e-01
5.148000000000000353e-01
5.150666666666666726e-01
5.150666666666666726e-01
5.154666666666666286e-01
5.160666666666666735e-01
5.167333333333333778e-01
5.177333333333333787e-01
5.180666666666666753e-01
5.185333333333332906e-01
5.184666666666666313e-01
5.190000000000000169e-01
5.189333333333333576e-01
5.194666666666666321e-01
5.199333333333333584e-01
5.199333333333333584e-01
5.201333333333333364e-01
5.203999999999999737e-01
5.209333333333333593e-01
5.213999999999999746e-01
5.220666666666666789e-01
5.223333333333333162e-01
5.225333333333332941e-01
5.226666666666666128e-01
5.230666666666666798e-01
5.233333333333333171e-01
5.237333333333333840e-01
5.241333333333333400e-01
5.244666666666666366e-01
5.251333333333333409e-01
5.253999999999999782e-01
5.260000000000000231e-01
5.266666666666666163e-01
5.267333333333333867e-01
5.271333333333333426e-01
5.280000000000000249e-01
5.278666666666667062e-01
5.280666666666666842e-01
5.287333333333333885e-01
5.292666666666666631e-01
5.296666666666666190e-01
5.298666666666667080e-01
5.300000000000000266e-01
5.307333333333332792e-01
5.310666666666666869e-01
5.312000000000000055e-01
5.313999999999999835e-01
5.318000000000000504e-01
5.322666666666666657e-01
5.322000000000000064e-01
5.325999999999999623e-01
5.328000000000000513e-01
5.332000000000000073e-01
5.333999999999999853e-01
5.338666666666667115e-01
5.338666666666667115e-01
5.339333333333333709e-01
5.344666666666666455e-01
5.350000000000000311e-01
5.350000000000000311e-01
5.353999999999999870e-01
5.358000000000000540e-01
5.358000000000000540e-01
5.365999999999999659e-01
5.366666666666666252e-01
5.364666666666666472e-01
5.368000000000000549e-01
5.370666666666666922e-01
5.375333333333333075e-01
5.381333333333333524e-01
5.384666666666666490e-01
5.385999999999999677e-01
5.390000000000000346e-01
5.393999999999999906e-01
5.395999999999999686e-01
5.397999999999999465e-01
5.394666666666666499e-01
5.397333333333332872e-01
5.397333333333332872e-01
5.400000000000000355e-01
5.403333333333333321e-01
5.410000000000000364e-01
5.415999999999999703e-01
5.415999999999999703e-01
5.419333333333333780e-01
5.421333333333333560e-01
5.425333333333333119e-01
5.430666666666666975e-01
5.433333333333333348e-01
5.439333333333333798e-01
5.442000000000000171e-01
5.445333333333333137e-01
5.452000000000000179e-01
5.458666666666666112e-01
5.461333333333333595e-01
5.465999999999999748e-01
5.468666666666666121e-01
5.474666666666666570e-01
5.475333333333333163e-01
5.479333333333333833e-01
5.482000000000000206e-01
5.488666666666666138e-01
5.489333333333333842e-01
5.495999999999999774e-01
5.493999999999999995e-01
5.493333333333333401e-01
5.494666666666666588e-01
5.495333333333333181e-01
5.497999999999999554e-01
5.496666666666666368e-01
5.505999999999999783e-01
5.507999999999999563e-01
5.513333333333333419e-01
5.514000000000000012e-01
5.519333333333333869e-01
5.521333333333333648e-01
5.525999999999999801e-01
5.527333333333332988e-01
5.527999999999999581e-01
5.531333333333333657e-01
5.534666666666666623e-01
5.534666666666666623e-01
5.537333333333332996e-01
5.541333333333333666e-01
5.544000000000000039e-01
5.549333333333332785e-01
5.550666666666667082e-01
5.554666666666666641e-01
5.554000000000000048e-01
5.555333333333333234e-01
5.560000000000000497e-01
5.559333333333332794e-01
5.560000000000000497e-01
5.566666666666666430e-01
5.567333333333333023e-01
5.568666666666666210e-01
5.573333333333333472e-01
5.572666666666666879e-01
5.570666666666667100e-01
5.575999999999999845e-01
5.574000000000000066e-01
5.575999999999999845e-01
5.574666666666666659e-01
5.573333333333333472e-01
5.576666666666666439e-01
5.577999999999999625e-01
5.578666666666666218e-01
5.582666666666666888e-01
5.585999999999999854e-01
5.580000000000000515e-01
5.582000000000000295e-01
5.585999999999999854e-01
5.590000000000000524e-01
5.590666666666667117e-01
5.593333333333333490e-01
5.598666666666666236e-01
5.602666666666666906e-01
5.603333333333333499e-01
5.602000000000000313e-01
5.606666666666666465e-01
5.611333333333333728e-01
5.607999999999999652e-01
5.610000000000000542e-01
5.610000000000000542e-01
5.615333333333333288e-01
5.615999999999999881e-01
5.615333333333333288e-01
5.617999999999999661e-01
5.617999999999999661e-01
5.622666666666666924e-01
5.627999999999999670e-01
5.629333333333332856e-01
5.634000000000000119e-01
5.633333333333333526e-01
5.636666666666666492e-01
5.636666666666666492e-01
5.641333333333333755e-01
5.643333333333333535e-01
5.645333333333333314e-01
5.642000000000000348e-01
5.649333333333332874e-01
5.647999999999999687e-01
5.645333333333333314e-01
5.653333333333333544e-01
5.649999999999999467e-01
5.655333333333333323e-01
5.658666666666666289e-01
5.662000000000000366e-01
5.662000000000000366e-01
5.664000000000000146e-01
5.663333333333333552e-01
5.665999999999999925e-01
5.670666666666667188e-01
5.674000000000000155e-01
5.670666666666667188e-01
5.676666666666666528e-01
5.678666666666666307e-01
5.676666666666666528e-01
5.684000000000000163e-01
5.685999999999999943e-01
5.688666666666666316e-01
5.691333333333333799e-01
5.692000000000000393e-01
5.695333333333333359e-01
5.697333333333333139e-01
5.700666666666667215e-01
5.700666666666667215e-01
5.699333333333332918e-01
5.699999999999999512e-01
5.704666666666666774e-01
5.704666666666666774e-01
5.703333333333333588e-01
5.706666666666666554e-01
5.705333333333333368e-01
5.706666666666666554e-01
5.714666666666666783e-01
5.714666666666666783e-01
5.717333333333333156e-01
5.716666666666666563e-01
5.713333333333333597e-01
5.715333333333333377e-01
5.715999999999999970e-01
5.715999999999999970e-01
5.718666666666666343e-01
5.719999999999999529e-01
5.716666666666666563e-01
5.718666666666666343e-01
5.719999999999999529e-01
5.722666666666667012e-01
5.722000000000000419e-01
5.724000000000000199e-01
5.724000000000000199e-01
5.725333333333333385e-01
5.729333333333332945e-01
5.733333333333333615e-01
5.736666666666666581e-01
5.740666666666666140e-01
5.742000000000000437e-01
5.744666666666666810e-01
5.743333333333333623e-01
5.744666666666666810e-01
5.747333333333333183e-01
5.752666666666667039e-01
5.752666666666667039e-01
