3.925333333333333452e-01
3.955333333333333479e-01
3.981333333333333391e-01
4.016000000000000125e-01
4.036000000000000143e-01
4.057999999999999940e-01
4.077999999999999958e-01
4.097999999999999976e-01
4.116000000000000214e-01
4.139999999999999791e-01
4.156000000000000250e-01
4.171333333333333560e-01
4.192000000000000171e-01
4.219999999999999862e-01
4.237333333333333507e-01
4.248666666666666702e-01
4.269999999999999907e-01
4.297333333333333560e-01
4.311333333333333129e-01
4.331999999999999740e-01
4.340666666666666562e-01
4.357333333333333059e-01
4.373333333333333517e-01
4.395333333333333314e-01
4.405999999999999917e-01
4.423333333333333561e-01
4.437999999999999723e-01
4.452666666666666440e-01
4.470000000000000084e-01
4.486666666666666581e-01
4.496666666666666590e-01
4.501333333333333298e-01
4.515333333333333421e-01
4.526000000000000023e-01
4.527333333333333210e-01
4.545333333333333448e-01
4.558666666666666423e-01
4.570666666666666766e-01
4.577999999999999847e-01
4.587333333333333263e-01
4.597999999999999865e-01
4.616000000000000103e-01
4.627999999999999892e-01
4.641333333333333422e-01
4.654666666666666397e-01
4.663333333333333219e-01
4.672666666666666635e-01
4.677999999999999936e-01
4.680666666666666864e-01
4.687999999999999945e-01
4.697333333333333361e-01
4.707333333333333369e-01
4.714666666666666450e-01
4.724666666666666459e-01
4.736000000000000210e-01
4.743999999999999884e-01
4.751333333333333520e-01
4.759999999999999787e-01
4.768000000000000016e-01
4.777333333333333432e-01
4.786000000000000254e-01
4.785333333333333106e-01
4.798666666666666636e-01
4.804666666666666530e-01
4.814666666666666539e-01
4.818000000000000060e-01
4.826666666666666883e-01
4.838000000000000078e-01
4.840666666666666451e-01
4.845999999999999752e-01
4.854666666666666575e-01
4.858000000000000096e-01
4.864666666666666583e-01
4.872000000000000219e-01
4.874666666666666592e-01
4.880666666666666487e-01
4.894000000000000017e-01
4.902000000000000246e-01
4.908666666666666734e-01
4.916666666666666408e-01
4.923333333333333450e-01
4.926666666666666416e-01
4.932666666666666866e-01
4.939333333333333353e-01
4.945333333333333248e-01
4.948666666666666769e-01
4.954666666666666663e-01
4.967333333333333600e-01
4.975999999999999868e-01
4.981333333333333169e-01
4.990666666666666584e-01
4.998666666666666814e-01
5.003333333333332966e-01
5.014666666666666162e-01
5.019333333333333425e-01
5.023333333333332984e-01
5.028000000000000247e-01
5.030000000000000027e-01
5.029333333333333433e-01
5.035333333333333883e-01
5.040666666666666629e-01
5.043333333333333002e-01
5.051333333333333231e-01
5.055333333333332790e-01
5.063333333333333020e-01
5.068666666666666876e-01
5.080666666666666664e-01
5.086666666666667114e-01
5.091999999999999860e-01
5.094666666666666233e-01
5.098000000000000309e-01
5.107333333333333725e-01
5.114666666666666250e-01
5.120666666666666700e-01
5.130000000000000115e-01
5.135333333333332861e-01
5.140000000000000124e-01
5.148000000000000353e-01
5.150000000000000133e-01
5.153333333333333099e-01
5.160000000000000142e-01
5.161333333333333329e-01
5.165333333333332888e-01
5.173333333333333117e-01
5.179333333333333567e-01
5.184666666666666313e-01
5.185333333333332906e-01
5.186666666666667203e-01
5.192666666666666542e-01
5.195333333333332915e-01
5.198000000000000398e-01
5.200000000000000178e-01
5.204666666666666330e-01
5.207333333333333814e-01
5.211999999999999966e-01
5.216666666666666119e-01
5.219333333333333602e-01
5.224666666666666348e-01
5.229333333333333611e-01
5.230666666666666798e-01
5.229333333333333611e-01
5.238666666666667027e-01
5.238666666666667027e-01
5.242666666666666586e-01
5.245999999999999552e-01
5.250000000000000222e-01
5.252666666666666595e-01
5.260000000000000231e-01
5.263333333333333197e-01
5.270000000000000240e-01
5.275999999999999579e-01
5.280666666666666842e-01
5.280666666666666842e-01
5.285333333333332995e-01
5.290000000000000258e-01
5.291333333333333444e-01
5.298000000000000487e-01
5.297333333333332783e-01
5.299333333333333673e-01
5.306666666666666199e-01
5.308666666666667089e-01
5.313999999999999835e-01
5.317333333333332801e-01
5.320000000000000284e-01
5.323333333333333250e-01
5.320000000000000284e-01
5.325999999999999623e-01
5.329333333333333700e-01
5.331333333333333480e-01
5.334666666666666446e-01
5.334666666666666446e-01
5.338000000000000522e-01
5.340000000000000302e-01
5.344666666666666455e-01
5.349333333333333718e-01
5.355333333333333057e-01
5.353999999999999870e-01
5.362666666666666693e-01
5.364666666666666472e-01
5.363999999999999879e-01
5.365999999999999659e-01
5.369333333333333735e-01
5.371333333333333515e-01
5.372000000000000108e-01
5.374666666666666481e-01
5.381333333333333524e-01
5.390000000000000346e-01
5.392666666666666719e-01
5.393333333333333313e-01
5.395999999999999686e-01
5.397333333333332872e-01
5.402666666666666728e-01
5.400000000000000355e-01
5.403999999999999915e-01
5.401333333333333542e-01
5.406666666666666288e-01
5.407999999999999474e-01
5.413333333333333330e-01
5.417999999999999483e-01
5.419333333333333780e-01
5.421333333333333560e-01
5.427333333333332899e-01
5.427333333333332899e-01
5.431333333333333568e-01
5.436666666666666314e-01
5.445333333333333137e-01
5.446666666666666323e-01
5.449333333333333806e-01
5.450000000000000400e-01
5.456666666666666332e-01
5.459333333333333815e-01
5.463333333333333375e-01
5.470666666666667011e-01
5.472666666666666790e-01
5.479333333333333833e-01
5.482000000000000206e-01
5.483333333333333393e-01
5.490000000000000435e-01
5.489333333333333842e-01
5.492000000000000215e-01
5.494666666666666588e-01
5.494666666666666588e-01
5.497333333333332961e-01
5.497999999999999554e-01
5.500000000000000444e-01
5.504666666666666597e-01
5.505333333333333190e-01
5.507999999999999563e-01
5.512000000000000233e-01
5.513333333333333419e-01
5.518666666666666165e-01
5.518666666666666165e-01
5.522666666666666835e-01
5.527999999999999581e-01
5.530666666666667064e-01
5.532000000000000250e-01
5.534000000000000030e-01
5.535999999999999810e-01
5.539333333333333886e-01
5.541333333333333666e-01
5.546666666666666412e-01
5.550000000000000488e-01
5.554000000000000048e-01
5.555333333333333234e-01
5.558666666666666201e-01
5.560000000000000497e-01
5.558666666666666201e-01
5.562666666666666870e-01
5.565333333333333243e-01
5.565333333333333243e-01
5.567333333333333023e-01
5.568666666666666210e-01
5.570666666666667100e-01
5.570666666666667100e-01
5.568666666666666210e-01
5.572666666666666879e-01
5.574000000000000066e-01
5.578666666666666218e-01
5.577999999999999625e-01
5.577333333333333032e-01
5.581333333333333702e-01
5.583333333333333481e-01
5.587999999999999634e-01
5.582666666666666888e-01
5.584666666666666668e-01
5.585333333333333261e-01
5.588666666666666227e-01
5.589333333333332821e-01
5.592000000000000304e-01
5.599333333333332829e-01
5.602000000000000313e-01
5.605999999999999872e-01
5.609333333333332838e-01
5.610000000000000542e-01
5.611333333333333728e-01
5.610000000000000542e-01
5.614000000000000101e-01
5.614000000000000101e-01
5.613333333333333508e-01
5.615999999999999881e-01
5.615333333333333288e-01
5.622000000000000330e-01
5.624666666666666703e-01
5.624000000000000110e-01
5.624000000000000110e-01
5.629333333333332856e-01
5.634000000000000119e-01
5.631333333333333746e-01
5.634666666666666712e-01
5.635333333333333306e-01
5.638666666666666272e-01
5.639999999999999458e-01
5.644000000000000128e-01
5.645333333333333314e-01
5.645999999999999908e-01
5.646666666666666501e-01
5.647333333333333094e-01
5.648666666666666281e-01
5.652000000000000357e-01
5.655333333333333323e-01
5.658666666666666289e-01
5.661333333333333773e-01
5.661333333333333773e-01
5.664000000000000146e-01
5.663333333333333552e-01
5.664000000000000146e-01
5.663333333333333552e-01
5.666666666666666519e-01
5.671333333333333782e-01
5.676666666666666528e-01
5.679999999999999494e-01
5.679999999999999494e-01
5.679333333333332900e-01
5.678666666666666307e-01
5.682000000000000384e-01
5.688666666666666316e-01
5.691333333333333799e-01
5.694666666666666766e-01
5.694000000000000172e-01
5.699333333333332918e-01
5.702666666666666995e-01
5.703333333333333588e-01
5.704666666666666774e-01
5.705333333333333368e-01
5.705333333333333368e-01
5.709333333333332927e-01
5.711333333333333817e-01
5.712666666666667004e-01
5.706666666666666554e-01
5.706666666666666554e-01
5.707333333333333147e-01
5.708666666666666334e-01
5.716666666666666563e-01
5.719999999999999529e-01
5.722000000000000419e-01
5.721333333333333826e-01
5.716666666666666563e-01
5.716666666666666563e-01
5.717999999999999750e-01
5.720666666666666123e-01
5.719999999999999529e-01
5.719999999999999529e-01
5.722000000000000419e-01
5.719333333333332936e-01
5.722666666666667012e-01
5.721333333333333826e-01
5.727333333333333165e-01
5.728666666666666352e-01
5.731333333333333835e-01
5.737333333333333174e-01
5.739999999999999547e-01
5.742000000000000437e-01
5.744666666666666810e-01
5.745333333333333403e-01
5.747999999999999776e-01
5.751333333333333853e-01
5.752666666666667039e-01
5.754000000000000226e-01
5.759333333333332972e-01
5.763333333333333641e-01
5.763333333333333641e-01
5.764666666666666828e-01
5.766666666666666607e-01
