3.903333333333333099e-01
3.939333333333333576e-01
3.964666666666666894e-01
3.990666666666666806e-01
4.023333333333333206e-01
4.041333333333333444e-01
4.065333333333333576e-01
4.086666666666666781e-01
4.106000000000000205e-01
4.126000000000000223e-01
4.148666666666666614e-01
4.159999999999999809e-01
4.182000000000000162e-01
4.204666666666666552e-01
4.229333333333333278e-01
4.244666666666666588e-01
4.255333333333333190e-01
4.275999999999999801e-01
4.303333333333333455e-01
4.323333333333333472e-01
4.337333333333333596e-01
4.347333333333333605e-01
4.365999999999999881e-01
4.380000000000000004e-01
4.396666666666666501e-01
4.413333333333333552e-01
4.430000000000000049e-01
4.443333333333333579e-01
4.461999999999999855e-01
4.477999999999999758e-01
4.493333333333333068e-01
4.497999999999999776e-01
4.507999999999999785e-01
4.519333333333333536e-01
4.527999999999999803e-01
4.537999999999999812e-01
4.550000000000000155e-01
4.564666666666666872e-01
4.573999999999999733e-01
4.581333333333333369e-01
4.595333333333333492e-01
4.607999999999999874e-01
4.623999999999999777e-01
4.636666666666666714e-01
4.647999999999999909e-01
4.661333333333333440e-01
4.667999999999999927e-01
4.673999999999999821e-01
4.677999999999999936e-01
4.680666666666666864e-01
4.689333333333333131e-01
4.701333333333333475e-01
4.709333333333333149e-01
4.718666666666666565e-01
4.728666666666666574e-01
4.739999999999999769e-01
4.747999999999999998e-01
4.756666666666666821e-01
4.763999999999999901e-01
4.772000000000000131e-01
4.782000000000000139e-01
4.784666666666666512e-01
4.794666666666666521e-01
4.801333333333333564e-01
4.808666666666666645e-01
4.816666666666666874e-01
4.819333333333333247e-01
4.829999999999999849e-01
4.836666666666666892e-01
4.844666666666666566e-01
4.852666666666666795e-01
4.858000000000000096e-01
4.865333333333333177e-01
4.868000000000000105e-01
4.874666666666666592e-01
4.880666666666666487e-01
4.889333333333333309e-01
4.897333333333333538e-01
4.905333333333333212e-01
4.914000000000000035e-01
4.917333333333333556e-01
4.924000000000000044e-01
4.930666666666666531e-01
4.936666666666666425e-01
4.941333333333333133e-01
4.945999999999999841e-01
4.952666666666666884e-01
4.961999999999999744e-01
4.968666666666666787e-01
4.978000000000000203e-01
4.986666666666666470e-01
4.995333333333333292e-01
5.001999999999999780e-01
5.008000000000000229e-01
5.015333333333333865e-01
5.019333333333333425e-01
5.026000000000000467e-01
5.028666666666666840e-01
5.031333333333333213e-01
5.031333333333333213e-01
5.035333333333333883e-01
5.040000000000000036e-01
5.043333333333333002e-01
5.053999999999999604e-01
5.057333333333333680e-01
5.066666666666667096e-01
5.068666666666666876e-01
5.081999999999999851e-01
5.090000000000000080e-01
5.092666666666666453e-01
5.097333333333333716e-01
5.103999999999999648e-01
5.109333333333333504e-01
5.116666666666667140e-01
5.123333333333333073e-01
5.131333333333333302e-01
5.139333333333333531e-01
5.143999999999999684e-01
5.150000000000000133e-01
5.150000000000000133e-01
5.155333333333332879e-01
5.160666666666666735e-01
5.163333333333333108e-01
5.165333333333332888e-01
5.176666666666667194e-01
5.182666666666666533e-01
5.184666666666666313e-01
5.188000000000000389e-01
5.190000000000000169e-01
5.190666666666666762e-01
5.197333333333333805e-01
5.197333333333333805e-01
5.201333333333333364e-01
5.205999999999999517e-01
5.205999999999999517e-01
5.211999999999999966e-01
5.218000000000000416e-01
5.220000000000000195e-01
5.223333333333333162e-01
5.228666666666667018e-01
5.231333333333333391e-01
5.230666666666666798e-01
5.235333333333332950e-01
5.238666666666667027e-01
5.241333333333333400e-01
5.247333333333333849e-01
5.253999999999999782e-01
5.260000000000000231e-01
5.258000000000000451e-01
5.267333333333333867e-01
5.269333333333333647e-01
5.275999999999999579e-01
5.277333333333333876e-01
5.282000000000000028e-01
5.286666666666666181e-01
5.292666666666666631e-01
5.294666666666666410e-01
5.296666666666666190e-01
5.299333333333333673e-01
5.300666666666666860e-01
5.305999999999999606e-01
5.309333333333333682e-01
5.314666666666666428e-01
5.318000000000000504e-01
5.322000000000000064e-01
5.321333333333333471e-01
5.324666666666666437e-01
5.330000000000000293e-01
5.331333333333333480e-01
5.333333333333333259e-01
5.335333333333333039e-01
5.338000000000000522e-01
5.340000000000000302e-01
5.340666666666666895e-01
5.343999999999999861e-01
5.352666666666666684e-01
5.354666666666666464e-01
5.355999999999999650e-01
5.360000000000000320e-01
5.360666666666666913e-01
5.363999999999999879e-01
5.368000000000000549e-01
5.368666666666667142e-01
5.368666666666667142e-01
5.372000000000000108e-01
5.378666666666667151e-01
5.384666666666666490e-01
5.387999999999999456e-01
5.392000000000000126e-01
5.393999999999999906e-01
5.396666666666666279e-01
5.399333333333333762e-01
5.402000000000000135e-01
5.398666666666667169e-01
5.402000000000000135e-01
5.402666666666666728e-01
5.403333333333333321e-01
5.407333333333332881e-01
5.413999999999999924e-01
5.417999999999999483e-01
5.421333333333333560e-01
5.422666666666666746e-01
5.427333333333332899e-01
5.428666666666667195e-01
5.431333333333333568e-01
5.437333333333332908e-01
5.443999999999999950e-01
5.443333333333333357e-01
5.446666666666666323e-01
5.452666666666666773e-01
5.455999999999999739e-01
5.462000000000000188e-01
5.463333333333333375e-01
5.472000000000000197e-01
5.473999999999999977e-01
5.480000000000000426e-01
5.483333333333333393e-01
5.486666666666666359e-01
5.487333333333332952e-01
5.490000000000000435e-01
5.495333333333333181e-01
5.494666666666666588e-01
5.491333333333333622e-01
5.500666666666667037e-01
5.495999999999999774e-01
5.499333333333333851e-01
5.500666666666667037e-01
5.503333333333333410e-01
5.504666666666666597e-01
5.511333333333333639e-01
5.515999999999999792e-01
5.516666666666666385e-01
5.523333333333333428e-01
5.524666666666666615e-01
5.530666666666667064e-01
5.530000000000000471e-01
5.530666666666667064e-01
5.535333333333333217e-01
5.536666666666666403e-01
5.540000000000000480e-01
5.543333333333333446e-01
5.548666666666666192e-01
5.552000000000000268e-01
5.556666666666666421e-01
5.557333333333333014e-01
5.559333333333332794e-01
5.560666666666667091e-01
5.560000000000000497e-01
5.561333333333333684e-01
5.563333333333333464e-01
5.567999999999999616e-01
5.565999999999999837e-01
5.565999999999999837e-01
5.572666666666666879e-01
5.572666666666666879e-01
5.574666666666666659e-01
5.575999999999999845e-01
5.575333333333333252e-01
5.580666666666667108e-01
5.580000000000000515e-01
5.575333333333333252e-01
5.582666666666666888e-01
5.583333333333333481e-01
5.585333333333333261e-01
5.580000000000000515e-01
5.585999999999999854e-01
5.587333333333333041e-01
5.584666666666666668e-01
5.590000000000000524e-01
5.594666666666666677e-01
5.598666666666666236e-01
5.605333333333333279e-01
5.607999999999999652e-01
5.610666666666667135e-01
5.608666666666666245e-01
5.607333333333333059e-01
5.610000000000000542e-01
5.612666666666666915e-01
5.615999999999999881e-01
5.613333333333333508e-01
5.614666666666666694e-01
5.617999999999999661e-01
5.620666666666667144e-01
5.625333333333333297e-01
5.622666666666666924e-01
5.626666666666666483e-01
5.629333333333332856e-01
5.632000000000000339e-01
5.632000000000000339e-01
5.632000000000000339e-01
5.639333333333332865e-01
5.637333333333333085e-01
5.642000000000000348e-01
5.644000000000000128e-01
5.645999999999999908e-01
5.645999999999999908e-01
5.644666666666666721e-01
5.645999999999999908e-01
5.651333333333333764e-01
5.647999999999999687e-01
5.654000000000000137e-01
5.658666666666666289e-01
5.657333333333333103e-01
5.661333333333333773e-01
5.662000000000000366e-01
5.662666666666666959e-01
5.664666666666666739e-01
5.664000000000000146e-01
5.668666666666666298e-01
5.672000000000000375e-01
5.675333333333333341e-01
5.677999999999999714e-01
5.675999999999999934e-01
5.676666666666666528e-01
5.679333333333332900e-01
5.684000000000000163e-01
5.687999999999999723e-01
5.689333333333332909e-01
5.694000000000000172e-01
5.694666666666666766e-01
5.700666666666667215e-01
5.703333333333333588e-01
5.704666666666666774e-01
5.703333333333333588e-01
5.704666666666666774e-01
5.705999999999999961e-01
5.709999999999999520e-01
5.712000000000000410e-01
5.707333333333333147e-01
5.707999999999999741e-01
5.709999999999999520e-01
5.706666666666666554e-01
5.714000000000000190e-01
5.716666666666666563e-01
5.721333333333333826e-01
5.718666666666666343e-01
5.719999999999999529e-01
5.715999999999999970e-01
5.715999999999999970e-01
5.716666666666666563e-01
5.716666666666666563e-01
5.717333333333333156e-01
5.719333333333332936e-01
5.717999999999999750e-01
5.716666666666666563e-01
5.717999999999999750e-01
5.723333333333333606e-01
5.724666666666666792e-01
5.730666666666666131e-01
5.732000000000000428e-01
5.737999999999999767e-01
5.741333333333333844e-01
5.741333333333333844e-01
5.744666666666666810e-01
5.742666666666667030e-01
5.747333333333333183e-01
5.749333333333332963e-01
5.751333333333333853e-01
5.752000000000000446e-01
5.756666666666666599e-01
5.762666666666667048e-01
5.759333333333332972e-01
5.762666666666667048e-01
