3.909333333333333549e-01
3.943999999999999728e-01
3.975333333333333496e-01
3.998666666666666480e-01
4.028666666666666507e-01
4.046666666666666745e-01
4.069333333333333136e-01
4.091333333333333488e-01
4.112000000000000099e-01
4.128000000000000003e-01
4.149333333333333207e-01
4.167333333333333445e-01
4.188000000000000056e-01
4.209333333333333260e-01
4.232666666666666799e-01
4.244666666666666588e-01
4.260666666666666491e-01
4.282666666666666844e-01
4.304666666666666641e-01
4.325999999999999845e-01
4.338000000000000189e-01
4.349999999999999978e-01
4.368666666666666809e-01
4.380000000000000004e-01
4.403333333333333544e-01
4.418666666666666853e-01
4.430666666666666642e-01
4.447333333333333139e-01
4.464000000000000190e-01
4.481999999999999873e-01
4.494000000000000217e-01
4.497999999999999776e-01
4.507999999999999785e-01
4.521999999999999909e-01
4.531333333333333324e-01
4.540666666666666740e-01
4.552666666666666528e-01
4.568666666666666432e-01
4.576666666666666661e-01
4.581999999999999962e-01
4.594666666666666899e-01
4.608666666666666467e-01
4.627333333333333298e-01
4.638666666666666494e-01
4.652666666666666617e-01
4.661333333333333440e-01
4.670000000000000262e-01
4.676666666666666750e-01
4.679333333333333123e-01
4.683999999999999830e-01
4.692666666666666653e-01
4.702666666666666662e-01
4.713333333333333264e-01
4.722000000000000086e-01
4.732000000000000095e-01
4.740666666666666917e-01
4.747333333333333405e-01
4.758000000000000007e-01
4.764666666666666495e-01
4.772000000000000131e-01
4.786000000000000254e-01
4.784666666666666512e-01
4.794666666666666521e-01
4.802000000000000157e-01
4.807333333333333458e-01
4.816666666666666874e-01
4.823333333333333361e-01
4.836666666666666892e-01
4.840666666666666451e-01
4.844666666666666566e-01
4.853333333333333388e-01
4.859333333333333282e-01
4.866666666666666918e-01
4.869333333333333291e-01
4.874666666666666592e-01
4.878000000000000114e-01
4.890666666666666496e-01
4.898000000000000131e-01
4.907333333333333547e-01
4.915999999999999814e-01
4.919333333333333336e-01
4.925333333333333230e-01
4.931333333333333124e-01
4.938666666666666760e-01
4.941999999999999726e-01
4.948000000000000176e-01
4.954666666666666663e-01
4.964666666666666672e-01
4.970666666666666567e-01
4.979333333333333389e-01
4.988666666666666805e-01
4.998666666666666814e-01
5.006000000000000449e-01
5.008000000000000229e-01
5.016666666666667052e-01
5.021999999999999797e-01
5.026666666666667060e-01
5.026666666666667060e-01
5.031999999999999806e-01
5.032666666666666400e-01
5.038000000000000256e-01
5.040666666666666629e-01
5.048000000000000265e-01
5.055333333333332790e-01
5.060666666666666647e-01
5.066666666666667096e-01
5.074666666666666215e-01
5.083999999999999631e-01
5.090666666666666673e-01
5.095333333333332826e-01
5.094666666666666233e-01
5.101999999999999869e-01
5.111999999999999877e-01
5.116000000000000547e-01
5.124666666666666259e-01
5.132666666666666488e-01
5.138666666666666938e-01
5.147333333333333760e-01
5.150000000000000133e-01
5.149333333333333540e-01
5.156666666666667176e-01
5.163333333333333108e-01
5.163333333333333108e-01
5.169333333333333558e-01
5.179333333333333567e-01
5.183999999999999719e-01
5.185999999999999499e-01
5.189333333333333576e-01
5.189333333333333576e-01
5.191999999999999948e-01
5.200666666666666771e-01
5.198666666666666991e-01
5.201999999999999957e-01
5.205333333333332924e-01
5.207333333333333814e-01
5.215333333333332932e-01
5.219333333333333602e-01
5.221999999999999975e-01
5.226666666666666128e-01
5.230000000000000204e-01
5.230000000000000204e-01
5.233333333333333171e-01
5.235999999999999543e-01
5.241999999999999993e-01
5.243333333333333179e-01
5.248000000000000442e-01
5.255333333333332968e-01
5.259333333333333638e-01
5.259333333333333638e-01
5.266666666666666163e-01
5.272000000000000020e-01
5.278000000000000469e-01
5.280666666666666842e-01
5.280666666666666842e-01
5.286666666666666181e-01
5.292666666666666631e-01
5.297333333333332783e-01
5.295333333333333004e-01
5.300000000000000266e-01
5.301333333333333453e-01
5.306666666666666199e-01
5.310000000000000275e-01
5.318000000000000504e-01
5.321333333333333471e-01
5.322666666666666657e-01
5.322666666666666657e-01
5.325333333333333030e-01
5.329333333333333700e-01
5.331333333333333480e-01
5.332666666666666666e-01
5.335333333333333039e-01
5.338000000000000522e-01
5.342000000000000082e-01
5.342666666666666675e-01
5.346666666666666234e-01
5.353999999999999870e-01
5.355999999999999650e-01
5.358666666666667133e-01
5.362000000000000099e-01
5.363333333333333286e-01
5.365333333333333066e-01
5.367333333333332845e-01
5.368666666666667142e-01
5.370000000000000329e-01
5.370000000000000329e-01
5.379333333333333744e-01
5.383999999999999897e-01
5.387999999999999456e-01
5.391333333333333533e-01
5.395333333333333092e-01
5.396666666666666279e-01
5.400666666666666949e-01
5.400000000000000355e-01
5.402666666666666728e-01
5.401333333333333542e-01
5.403999999999999915e-01
5.406666666666666288e-01
5.412666666666666737e-01
5.413333333333333330e-01
5.418666666666667187e-01
5.419333333333333780e-01
5.425333333333333119e-01
5.426666666666666305e-01
5.430000000000000382e-01
5.434666666666666535e-01
5.439333333333333798e-01
5.445333333333333137e-01
5.445333333333333137e-01
5.446666666666666323e-01
5.453333333333333366e-01
5.457333333333332925e-01
5.463333333333333375e-01
5.465999999999999748e-01
5.472666666666666790e-01
5.476666666666666350e-01
5.480000000000000426e-01
5.483333333333333393e-01
5.488666666666666138e-01
5.486666666666666359e-01
5.492000000000000215e-01
5.494666666666666588e-01
5.495333333333333181e-01
5.495333333333333181e-01
5.499333333333333851e-01
5.496666666666666368e-01
5.502000000000000224e-01
5.502000000000000224e-01
5.505999999999999783e-01
5.510666666666667046e-01
5.511333333333333639e-01
5.517999999999999572e-01
5.515999999999999792e-01
5.522000000000000242e-01
5.523333333333333428e-01
5.531333333333333657e-01
5.531333333333333657e-01
5.532000000000000250e-01
5.534000000000000030e-01
5.536666666666666403e-01
5.541333333333333666e-01
5.545999999999999819e-01
5.547333333333333005e-01
5.552666666666666861e-01
5.555333333333333234e-01
5.554666666666666641e-01
5.560000000000000497e-01
5.560000000000000497e-01
5.561333333333333684e-01
5.562000000000000277e-01
5.564666666666666650e-01
5.569333333333332803e-01
5.567333333333333023e-01
5.569333333333332803e-01
5.571333333333333693e-01
5.575999999999999845e-01
5.573333333333333472e-01
5.576666666666666439e-01
5.576666666666666439e-01
5.580000000000000515e-01
5.581333333333333702e-01
5.578666666666666218e-01
5.580666666666667108e-01
5.586666666666666448e-01
5.585333333333333261e-01
5.582666666666666888e-01
5.587333333333333041e-01
5.586666666666666448e-01
5.585999999999999854e-01
5.590666666666667117e-01
5.596666666666666456e-01
5.598666666666666236e-01
5.606666666666666465e-01
5.607333333333333059e-01
5.609333333333332838e-01
5.610000000000000542e-01
5.609333333333332838e-01
5.610000000000000542e-01
5.614000000000000101e-01
5.613333333333333508e-01
5.614000000000000101e-01
5.614666666666666694e-01
5.618666666666666254e-01
5.624000000000000110e-01
5.624000000000000110e-01
5.622000000000000330e-01
5.626666666666666483e-01
5.631333333333333746e-01
5.628666666666666263e-01
5.632666666666666933e-01
5.635333333333333306e-01
5.639333333333332865e-01
5.639999999999999458e-01
5.642666666666666941e-01
5.644666666666666721e-01
5.647999999999999687e-01
5.644666666666666721e-01
5.642666666666666941e-01
5.647333333333333094e-01
5.651333333333333764e-01
5.648666666666666281e-01
5.656666666666666510e-01
5.659333333333332883e-01
5.661333333333333773e-01
5.662666666666666959e-01
5.663333333333333552e-01
5.664666666666666739e-01
5.663333333333333552e-01
5.667999999999999705e-01
5.669333333333332892e-01
5.672000000000000375e-01
5.677999999999999714e-01
5.677999999999999714e-01
5.675999999999999934e-01
5.677333333333333121e-01
5.681333333333333790e-01
5.685333333333333350e-01
5.689333333333332909e-01
5.692666666666666986e-01
5.696666666666666545e-01
5.697333333333333139e-01
5.702666666666666995e-01
5.705999999999999961e-01
5.703333333333333588e-01
5.705333333333333368e-01
5.707333333333333147e-01
5.707999999999999741e-01
5.710666666666666114e-01
5.712000000000000410e-01
5.707999999999999741e-01
5.707999999999999741e-01
5.709333333333332927e-01
5.710666666666666114e-01
5.715333333333333377e-01
5.720666666666666123e-01
5.720666666666666123e-01
5.719999999999999529e-01
5.719999999999999529e-01
5.716666666666666563e-01
5.716666666666666563e-01
5.719333333333332936e-01
5.717333333333333156e-01
5.717333333333333156e-01
5.721333333333333826e-01
5.717999999999999750e-01
5.717999999999999750e-01
5.719999999999999529e-01
5.724666666666666792e-01
5.728666666666666352e-01
5.729333333333332945e-01
5.734000000000000208e-01
5.740666666666666140e-01
5.738666666666666361e-01
5.741333333333333844e-01
5.744666666666666810e-01
5.744000000000000217e-01
5.748666666666666369e-01
5.750666666666666149e-01
5.753333333333333632e-01
5.754000000000000226e-01
5.759999999999999565e-01
5.762666666666667048e-01
5.762000000000000455e-01
5.764000000000000234e-01
