3.931999999999999940e-01
3.963333333333333153e-01
3.986000000000000099e-01
4.020000000000000240e-01
4.040666666666666851e-01
4.064666666666666428e-01
4.085333333333333594e-01
4.099999999999999756e-01
4.121333333333333515e-01
4.143999999999999906e-01
4.158666666666666623e-01
4.173999999999999932e-01
4.188666666666666649e-01
4.220666666666666456e-01
4.239999999999999880e-01
4.253333333333333410e-01
4.271333333333333093e-01
4.298000000000000154e-01
4.312666666666666870e-01
4.332666666666666888e-01
4.344000000000000083e-01
4.358666666666666800e-01
4.375333333333333297e-01
4.395999999999999908e-01
4.407333333333333103e-01
4.424666666666666748e-01
4.441999999999999837e-01
4.450666666666666660e-01
4.469333333333333491e-01
4.487999999999999767e-01
4.496666666666666590e-01
4.506000000000000005e-01
4.515333333333333421e-01
4.527333333333333210e-01
4.533333333333333104e-01
4.549333333333333562e-01
4.561333333333333351e-01
4.571333333333333360e-01
4.580000000000000182e-01
4.587999999999999856e-01
4.601999999999999980e-01
4.617333333333333290e-01
4.626666666666666705e-01
4.642000000000000015e-01
4.656000000000000139e-01
4.665333333333333554e-01
4.674666666666666415e-01
4.676000000000000156e-01
4.681333333333333457e-01
4.691333333333333466e-01
4.699333333333333140e-01
4.709333333333333149e-01
4.716666666666666785e-01
4.725333333333333607e-01
4.737999999999999989e-01
4.746000000000000218e-01
4.754666666666666486e-01
4.762000000000000122e-01
4.766666666666666829e-01
4.778666666666666618e-01
4.784666666666666512e-01
4.789333333333333220e-01
4.799333333333333229e-01
4.806000000000000272e-01
4.816666666666666874e-01
4.821333333333333582e-01
4.830666666666666442e-01
4.838000000000000078e-01
4.842000000000000193e-01
4.848000000000000087e-01
4.858000000000000096e-01
4.862000000000000210e-01
4.865333333333333177e-01
4.874666666666666592e-01
4.878666666666666707e-01
4.886666666666666936e-01
4.897333333333333538e-01
4.905333333333333212e-01
4.913333333333333441e-01
4.919999999999999929e-01
4.927333333333333565e-01
4.929333333333333345e-01
4.932666666666666866e-01
4.939999999999999947e-01
4.945999999999999841e-01
4.950666666666666549e-01
4.959999999999999964e-01
4.966666666666666452e-01
4.976666666666666461e-01
4.985333333333333283e-01
4.994000000000000106e-01
5.000000000000000000e-01
5.003333333333332966e-01
5.016000000000000458e-01
5.019333333333333425e-01
5.024666666666666170e-01
5.031333333333333213e-01
5.029333333333333433e-01
5.031999999999999806e-01
5.039333333333333442e-01
5.040666666666666629e-01
5.045333333333332781e-01
5.051999999999999824e-01
5.057333333333333680e-01
5.066000000000000503e-01
5.070666666666666655e-01
5.081999999999999851e-01
5.088000000000000300e-01
5.094666666666666233e-01
5.097333333333333716e-01
5.102666666666666462e-01
5.109333333333333504e-01
5.116666666666667140e-01
5.122666666666666480e-01
5.131333333333333302e-01
5.138000000000000345e-01
5.142666666666666497e-01
5.148000000000000353e-01
5.150000000000000133e-01
5.153999999999999693e-01
5.160666666666666735e-01
5.163333333333333108e-01
5.166666666666667185e-01
5.174666666666666304e-01
5.182666666666666533e-01
5.186666666666667203e-01
5.187333333333333796e-01
5.187333333333333796e-01
5.193333333333333135e-01
5.196666666666667211e-01
5.200666666666666771e-01
5.201333333333333364e-01
5.205333333333332924e-01
5.205999999999999517e-01
5.213333333333333153e-01
5.218666666666667009e-01
5.221333333333333382e-01
5.226666666666666128e-01
5.230000000000000204e-01
5.232666666666666577e-01
5.231999999999999984e-01
5.240000000000000213e-01
5.238666666666667027e-01
5.242666666666666586e-01
5.245999999999999552e-01
5.253333333333333188e-01
5.255999999999999561e-01
5.258000000000000451e-01
5.263999999999999790e-01
5.272666666666666613e-01
5.278666666666667062e-01
5.280000000000000249e-01
5.282666666666666622e-01
5.287333333333333885e-01
5.292666666666666631e-01
5.295999999999999597e-01
5.298666666666667080e-01
5.298000000000000487e-01
5.297333333333332783e-01
5.303333333333333233e-01
5.311333333333333462e-01
5.313999999999999835e-01
5.318000000000000504e-01
5.319333333333333691e-01
5.322000000000000064e-01
5.323333333333333250e-01
5.327333333333332810e-01
5.330666666666666886e-01
5.335333333333333039e-01
5.335999999999999632e-01
5.338666666666667115e-01
5.340666666666666895e-01
5.342000000000000082e-01
5.345999999999999641e-01
5.350666666666666904e-01
5.355333333333333057e-01
5.358000000000000540e-01
5.360000000000000320e-01
5.363999999999999879e-01
5.365999999999999659e-01
5.368000000000000549e-01
5.370666666666666922e-01
5.371333333333333515e-01
5.372666666666666702e-01
5.377333333333332854e-01
5.385333333333333083e-01
5.390666666666666940e-01
5.392666666666666719e-01
5.393999999999999906e-01
5.395999999999999686e-01
5.401333333333333542e-01
5.402666666666666728e-01
5.400000000000000355e-01
5.403999999999999915e-01
5.403999999999999915e-01
5.407999999999999474e-01
5.410666666666666957e-01
5.413999999999999924e-01
5.417999999999999483e-01
5.421333333333333560e-01
5.423999999999999932e-01
5.427999999999999492e-01
5.427999999999999492e-01
5.432000000000000162e-01
5.440000000000000391e-01
5.446666666666666323e-01
5.448666666666667213e-01
5.447999999999999510e-01
5.453999999999999959e-01
5.457999999999999519e-01
5.462000000000000188e-01
5.464666666666666561e-01
5.471333333333333604e-01
5.476666666666666350e-01
5.481333333333333613e-01
5.482000000000000206e-01
5.485999999999999766e-01
5.492000000000000215e-01
5.490666666666667028e-01
5.493333333333333401e-01
5.494666666666666588e-01
5.496666666666666368e-01
5.500000000000000444e-01
5.499333333333333851e-01
5.502666666666666817e-01
5.504666666666666597e-01
5.506666666666666377e-01
5.508666666666666156e-01
5.511333333333333639e-01
5.516666666666666385e-01
5.518666666666666165e-01
5.520000000000000462e-01
5.523333333333333428e-01
5.530000000000000471e-01
5.532666666666666844e-01
5.533333333333333437e-01
5.535333333333333217e-01
5.535999999999999810e-01
5.540666666666667073e-01
5.544666666666666632e-01
5.547999999999999599e-01
5.552666666666666861e-01
5.555333333333333234e-01
5.557333333333333014e-01
5.562000000000000277e-01
5.560666666666667091e-01
5.561333333333333684e-01
5.564000000000000057e-01
5.564000000000000057e-01
5.566666666666666430e-01
5.567333333333333023e-01
5.567999999999999616e-01
5.571333333333333693e-01
5.572666666666666879e-01
5.573333333333333472e-01
5.576666666666666439e-01
5.574666666666666659e-01
5.578666666666666218e-01
5.580666666666667108e-01
5.579333333333332812e-01
5.583333333333333481e-01
5.584666666666666668e-01
5.587333333333333041e-01
5.584000000000000075e-01
5.588666666666666227e-01
5.590000000000000524e-01
5.587999999999999634e-01
5.590000000000000524e-01
5.594000000000000083e-01
5.600000000000000533e-01
5.603333333333333499e-01
5.607999999999999652e-01
5.610000000000000542e-01
5.610666666666667135e-01
5.613333333333333508e-01
5.613333333333333508e-01
5.615333333333333288e-01
5.614000000000000101e-01
5.616666666666666474e-01
5.617333333333333067e-01
5.619333333333332847e-01
5.620000000000000551e-01
5.625999999999999890e-01
5.624000000000000110e-01
5.625999999999999890e-01
5.632000000000000339e-01
5.633333333333333526e-01
5.631333333333333746e-01
5.634000000000000119e-01
5.637999999999999678e-01
5.639999999999999458e-01
5.640666666666667162e-01
5.643333333333333535e-01
5.647999999999999687e-01
5.648666666666666281e-01
5.649333333333332874e-01
5.647999999999999687e-01
5.649333333333332874e-01
5.650666666666667171e-01
5.655333333333333323e-01
5.660666666666667179e-01
5.661333333333333773e-01
5.662666666666666959e-01
5.664666666666666739e-01
5.664666666666666739e-01
5.664000000000000146e-01
5.663333333333333552e-01
5.665999999999999925e-01
5.674000000000000155e-01
5.677999999999999714e-01
5.681333333333333790e-01
5.679333333333332900e-01
5.679999999999999494e-01
5.678666666666666307e-01
5.682000000000000384e-01
5.689999999999999503e-01
5.693333333333333579e-01
5.694666666666666766e-01
5.697333333333333139e-01
5.701333333333333808e-01
5.703333333333333588e-01
5.705999999999999961e-01
5.705999999999999961e-01
5.707333333333333147e-01
5.706666666666666554e-01
5.710666666666666114e-01
5.713333333333333597e-01
5.712000000000000410e-01
5.708666666666666334e-01
5.708666666666666334e-01
5.709999999999999520e-01
5.709333333333332927e-01
5.717333333333333156e-01
5.721333333333333826e-01
5.723333333333333606e-01
5.722666666666667012e-01
5.715999999999999970e-01
5.718666666666666343e-01
5.720666666666666123e-01
5.719999999999999529e-01
5.720666666666666123e-01
5.720666666666666123e-01
5.722666666666667012e-01
5.722666666666667012e-01
5.719999999999999529e-01
5.725999999999999979e-01
5.727999999999999758e-01
5.731333333333333835e-01
5.733333333333333615e-01
5.740666666666666140e-01
5.740666666666666140e-01
5.742666666666667030e-01
5.747333333333333183e-01
5.748666666666666369e-01
5.752666666666667039e-01
5.752000000000000446e-01
5.756000000000000005e-01
5.757333333333333192e-01
5.758666666666666378e-01
5.763333333333333641e-01
5.764000000000000234e-01
5.765333333333333421e-01
5.767999999999999794e-01
